ini,data_size,alphabet_size,tier_size,language_class,factor_width,threshold,index,split,accuracy,precision,recall,f1,brier_score,model_path,data_path,last_modified
0.1.1.1.0.0.searchglobal.0,Small,4,3,TcoSL,2,1,0,TestSR,1.0,1.0,1.0,1.0,0.0,/gpfs/projects/HeinzGroup/caffeine_underground/mlrt/FlexFringe/FlexFringe/models-ps-small/0.1.1.1.0.0.searchglobal.0.ini/0.1.1.1.0.0.searchglobal.0_04.03.TcoSL.2.1.0_Small.final.json,/gpfs/projects/HeinzGroup/asoubki/FlexFringe/data/MLRegTest/Large/04.03.TcoSL.2.1.0_TestSR.txt,2025-12-29 23:21:40.904726
0.1.1.1.0.0.searchglobal.0,Small,4,3,TcoSL,2,1,0,TestLR,1.0,1.0,1.0,1.0,0.0,/gpfs/projects/HeinzGroup/caffeine_underground/mlrt/FlexFringe/FlexFringe/models-ps-small/0.1.1.1.0.0.searchglobal.0.ini/0.1.1.1.0.0.searchglobal.0_04.03.TcoSL.2.1.0_Small.final.json,/gpfs/projects/HeinzGroup/asoubki/FlexFringe/data/MLRegTest/Large/04.03.TcoSL.2.1.0_TestLR.txt,2025-12-29 23:21:40.904726
0.1.1.1.0.0.searchglobal.0,Small,4,3,TcoSL,2,1,0,TestSA,1.0,1.0,1.0,1.0,0.0,/gpfs/projects/HeinzGroup/caffeine_underground/mlrt/FlexFringe/FlexFringe/models-ps-small/0.1.1.1.0.0.searchglobal.0.ini/0.1.1.1.0.0.searchglobal.0_04.03.TcoSL.2.1.0_Small.final.json,/gpfs/projects/HeinzGroup/asoubki/FlexFringe/data/MLRegTest/Large/04.03.TcoSL.2.1.0_TestSA.txt,2025-12-29 23:21:40.904726
0.1.1.1.0.0.searchglobal.0,Small,4,3,TcoSL,2,1,0,TestLA,1.0,1.0,1.0,1.0,0.0,/gpfs/projects/HeinzGroup/caffeine_underground/mlrt/FlexFringe/FlexFringe/models-ps-small/0.1.1.1.0.0.searchglobal.0.ini/0.1.1.1.0.0.searchglobal.0_04.03.TcoSL.2.1.0_Small.final.json,/gpfs/projects/HeinzGroup/asoubki/FlexFringe/data/MLRegTest/Large/04.03.TcoSL.2.1.0_TestLA.txt,2025-12-29 23:21:40.904726
0.1.1.1.0.0.searchglobal.0,Small,4,3,TcoSL,2,1,0,Dev,1.0,1.0,1.0,1.0,0.0,/gpfs/projects/HeinzGroup/caffeine_underground/mlrt/FlexFringe/FlexFringe/models-ps-small/0.1.1.1.0.0.searchglobal.0.ini/0.1.1.1.0.0.searchglobal.0_04.03.TcoSL.2.1.0_Small.final.json,/gpfs/projects/HeinzGroup/asoubki/FlexFringe/data/MLRegTest/Large/04.03.TcoSL.2.1.0_Dev.txt,2025-12-29 23:21:40.904726
0.1.1.1.0.0.searchglobal.0,Small,4,3,TcoSL,2,1,0,Train,1.0,1.0,1.0,1.0,0.0,/gpfs/projects/HeinzGroup/caffeine_underground/mlrt/FlexFringe/FlexFringe/models-ps-small/0.1.1.1.0.0.searchglobal.0.ini/0.1.1.1.0.0.searchglobal.0_04.03.TcoSL.2.1.0_Small.final.json,/gpfs/projects/HeinzGroup/asoubki/FlexFringe/data/MLRegTest/Small/04.03.TcoSL.2.1.0_Train.txt,2025-12-29 23:21:40.904726
0.1.1.1.0.0.searchglobal.0,Small,4,3,TcoSL,2,1,1,TestLA,0.51674,0.5090810458934577,0.93844,0.6600829992262784,0.48326,/gpfs/projects/HeinzGroup/caffeine_underground/mlrt/FlexFringe/FlexFringe/models-ps-small/0.1.1.1.0.0.searchglobal.0.ini/0.1.1.1.0.0.searchglobal.0_04.03.TcoSL.2.1.1_Small.final.json,/gpfs/projects/HeinzGroup/asoubki/FlexFringe/data/MLRegTest/Large/04.03.TcoSL.2.1.1_TestLA.txt,2025-12-29 22:50:12.596481
0.1.1.1.0.0.searchglobal.0,Small,4,3,TcoSL,2,1,1,TestLR,0.54257,0.5227615411760932,0.9777,0.6812623246674517,0.45743,/gpfs/projects/HeinzGroup/caffeine_underground/mlrt/FlexFringe/FlexFringe/models-ps-small/0.1.1.1.0.0.searchglobal.0.ini/0.1.1.1.0.0.searchglobal.0_04.03.TcoSL.2.1.1_Small.final.json,/gpfs/projects/HeinzGroup/asoubki/FlexFringe/data/MLRegTest/Large/04.03.TcoSL.2.1.1_TestLR.txt,2025-12-29 22:50:12.596481
0.1.1.1.0.0.searchglobal.0,Small,4,3,TcoSL,2,1,1,TestSR,0.5836,0.5504148977228869,0.91272,0.6867100036114121,0.4164,/gpfs/projects/HeinzGroup/caffeine_underground/mlrt/FlexFringe/FlexFringe/models-ps-small/0.1.1.1.0.0.searchglobal.0.ini/0.1.1.1.0.0.searchglobal.0_04.03.TcoSL.2.1.1_Small.final.json,/gpfs/projects/HeinzGroup/asoubki/FlexFringe/data/MLRegTest/Large/04.03.TcoSL.2.1.1_TestSR.txt,2025-12-29 22:50:12.596481
0.1.1.1.0.0.searchglobal.0,Small,4,3,TcoSL,2,1,1,TestSA,0.5398,0.5244694193738779,0.85306,0.649574341714512,0.4602,/gpfs/projects/HeinzGroup/caffeine_underground/mlrt/FlexFringe/FlexFringe/models-ps-small/0.1.1.1.0.0.searchglobal.0.ini/0.1.1.1.0.0.searchglobal.0_04.03.TcoSL.2.1.1_Small.final.json,/gpfs/projects/HeinzGroup/asoubki/FlexFringe/data/MLRegTest/Large/04.03.TcoSL.2.1.1_TestSA.txt,2025-12-29 22:50:12.596481
0.1.1.1.0.0.searchglobal.0,Small,4,3,TcoSL,2,1,1,Dev,0.58327,0.5501765549489618,0.91304,0.6866149785301218,0.41673,/gpfs/projects/HeinzGroup/caffeine_underground/mlrt/FlexFringe/FlexFringe/models-ps-small/0.1.1.1.0.0.searchglobal.0.ini/0.1.1.1.0.0.searchglobal.0_04.03.TcoSL.2.1.1_Small.final.json,/gpfs/projects/HeinzGroup/asoubki/FlexFringe/data/MLRegTest/Large/04.03.TcoSL.2.1.1_Dev.txt,2025-12-29 22:50:12.596481
0.1.1.1.0.0.searchglobal.0,Small,4,3,TcoSL,2,1,1,Train,0.597,0.55980271270037,0.908,0.6926010678871091,0.403,/gpfs/projects/HeinzGroup/caffeine_underground/mlrt/FlexFringe/FlexFringe/models-ps-small/0.1.1.1.0.0.searchglobal.0.ini/0.1.1.1.0.0.searchglobal.0_04.03.TcoSL.2.1.1_Small.final.json,/gpfs/projects/HeinzGroup/asoubki/FlexFringe/data/MLRegTest/Small/04.03.TcoSL.2.1.1_Train.txt,2025-12-29 22:50:12.596481
0.1.1.1.0.0.searchglobal.0,Small,4,3,TcoSL,2,1,2,TestLR,1.0,1.0,1.0,1.0,0.0,/gpfs/projects/HeinzGroup/caffeine_underground/mlrt/FlexFringe/FlexFringe/models-ps-small/0.1.1.1.0.0.searchglobal.0.ini/0.1.1.1.0.0.searchglobal.0_04.03.TcoSL.2.1.2_Small.final.json,/gpfs/projects/HeinzGroup/asoubki/FlexFringe/data/MLRegTest/Large/04.03.TcoSL.2.1.2_TestLR.txt,2025-12-29 23:20:51.826873
0.1.1.1.0.0.searchglobal.0,Small,4,3,TcoSL,2,1,2,TestSA,1.0,1.0,1.0,1.0,0.0,/gpfs/projects/HeinzGroup/caffeine_underground/mlrt/FlexFringe/FlexFringe/models-ps-small/0.1.1.1.0.0.searchglobal.0.ini/0.1.1.1.0.0.searchglobal.0_04.03.TcoSL.2.1.2_Small.final.json,/gpfs/projects/HeinzGroup/asoubki/FlexFringe/data/MLRegTest/Large/04.03.TcoSL.2.1.2_TestSA.txt,2025-12-29 23:20:51.826873
0.1.1.1.0.0.searchglobal.0,Small,4,3,TcoSL,2,1,2,TestSR,1.0,1.0,1.0,1.0,0.0,/gpfs/projects/HeinzGroup/caffeine_underground/mlrt/FlexFringe/FlexFringe/models-ps-small/0.1.1.1.0.0.searchglobal.0.ini/0.1.1.1.0.0.searchglobal.0_04.03.TcoSL.2.1.2_Small.final.json,/gpfs/projects/HeinzGroup/asoubki/FlexFringe/data/MLRegTest/Large/04.03.TcoSL.2.1.2_TestSR.txt,2025-12-29 23:20:51.826873
0.1.1.1.0.0.searchglobal.0,Small,4,3,TcoSL,2,1,2,TestLA,1.0,1.0,1.0,1.0,0.0,/gpfs/projects/HeinzGroup/caffeine_underground/mlrt/FlexFringe/FlexFringe/models-ps-small/0.1.1.1.0.0.searchglobal.0.ini/0.1.1.1.0.0.searchglobal.0_04.03.TcoSL.2.1.2_Small.final.json,/gpfs/projects/HeinzGroup/asoubki/FlexFringe/data/MLRegTest/Large/04.03.TcoSL.2.1.2_TestLA.txt,2025-12-29 23:20:51.826873
0.1.1.1.0.0.searchglobal.0,Small,4,3,TcoSL,2,1,2,Dev,1.0,1.0,1.0,1.0,0.0,/gpfs/projects/HeinzGroup/caffeine_underground/mlrt/FlexFringe/FlexFringe/models-ps-small/0.1.1.1.0.0.searchglobal.0.ini/0.1.1.1.0.0.searchglobal.0_04.03.TcoSL.2.1.2_Small.final.json,/gpfs/projects/HeinzGroup/asoubki/FlexFringe/data/MLRegTest/Large/04.03.TcoSL.2.1.2_Dev.txt,2025-12-29 23:20:51.826873
0.1.1.1.0.0.searchglobal.0,Small,4,3,TcoSL,2,1,2,Train,1.0,1.0,1.0,1.0,0.0,/gpfs/projects/HeinzGroup/caffeine_underground/mlrt/FlexFringe/FlexFringe/models-ps-small/0.1.1.1.0.0.searchglobal.0.ini/0.1.1.1.0.0.searchglobal.0_04.03.TcoSL.2.1.2_Small.final.json,/gpfs/projects/HeinzGroup/asoubki/FlexFringe/data/MLRegTest/Small/04.03.TcoSL.2.1.2_Train.txt,2025-12-29 23:20:51.826873
0.1.1.1.0.0.searchglobal.0,Small,4,3,TcoSL,2,1,3,TestLA,1.0,1.0,1.0,1.0,0.0,/gpfs/projects/HeinzGroup/caffeine_underground/mlrt/FlexFringe/FlexFringe/models-ps-small/0.1.1.1.0.0.searchglobal.0.ini/0.1.1.1.0.0.searchglobal.0_04.03.TcoSL.2.1.3_Small.final.json,/gpfs/projects/HeinzGroup/asoubki/FlexFringe/data/MLRegTest/Large/04.03.TcoSL.2.1.3_TestLA.txt,2025-12-29 23:29:13.067223
0.1.1.1.0.0.searchglobal.0,Small,4,3,TcoSL,2,1,3,TestSR,1.0,1.0,1.0,1.0,0.0,/gpfs/projects/HeinzGroup/caffeine_underground/mlrt/FlexFringe/FlexFringe/models-ps-small/0.1.1.1.0.0.searchglobal.0.ini/0.1.1.1.0.0.searchglobal.0_04.03.TcoSL.2.1.3_Small.final.json,/gpfs/projects/HeinzGroup/asoubki/FlexFringe/data/MLRegTest/Large/04.03.TcoSL.2.1.3_TestSR.txt,2025-12-29 23:29:13.067223
0.1.1.1.0.0.searchglobal.0,Small,4,3,TcoSL,2,1,3,TestLR,1.0,1.0,1.0,1.0,0.0,/gpfs/projects/HeinzGroup/caffeine_underground/mlrt/FlexFringe/FlexFringe/models-ps-small/0.1.1.1.0.0.searchglobal.0.ini/0.1.1.1.0.0.searchglobal.0_04.03.TcoSL.2.1.3_Small.final.json,/gpfs/projects/HeinzGroup/asoubki/FlexFringe/data/MLRegTest/Large/04.03.TcoSL.2.1.3_TestLR.txt,2025-12-29 23:29:13.067223
0.1.1.1.0.0.searchglobal.0,Small,4,3,TcoSL,2,1,3,TestSA,1.0,1.0,1.0,1.0,0.0,/gpfs/projects/HeinzGroup/caffeine_underground/mlrt/FlexFringe/FlexFringe/models-ps-small/0.1.1.1.0.0.searchglobal.0.ini/0.1.1.1.0.0.searchglobal.0_04.03.TcoSL.2.1.3_Small.final.json,/gpfs/projects/HeinzGroup/asoubki/FlexFringe/data/MLRegTest/Large/04.03.TcoSL.2.1.3_TestSA.txt,2025-12-29 23:29:13.067223
0.1.1.1.0.0.searchglobal.0,Small,4,3,TcoSL,2,1,3,Dev,1.0,1.0,1.0,1.0,0.0,/gpfs/projects/HeinzGroup/caffeine_underground/mlrt/FlexFringe/FlexFringe/models-ps-small/0.1.1.1.0.0.searchglobal.0.ini/0.1.1.1.0.0.searchglobal.0_04.03.TcoSL.2.1.3_Small.final.json,/gpfs/projects/HeinzGroup/asoubki/FlexFringe/data/MLRegTest/Large/04.03.TcoSL.2.1.3_Dev.txt,2025-12-29 23:29:13.067223
0.1.1.1.0.0.searchglobal.0,Small,4,3,TcoSL,2,1,3,Train,1.0,1.0,1.0,1.0,0.0,/gpfs/projects/HeinzGroup/caffeine_underground/mlrt/FlexFringe/FlexFringe/models-ps-small/0.1.1.1.0.0.searchglobal.0.ini/0.1.1.1.0.0.searchglobal.0_04.03.TcoSL.2.1.3_Small.final.json,/gpfs/projects/HeinzGroup/asoubki/FlexFringe/data/MLRegTest/Small/04.03.TcoSL.2.1.3_Train.txt,2025-12-29 23:29:13.067223
0.1.1.1.0.0.searchglobal.0,Small,4,3,TcoSL,2,1,4,TestSR,0.61523,0.568273116164429,0.95912,0.7136893644569124,0.38477,/gpfs/projects/HeinzGroup/caffeine_underground/mlrt/FlexFringe/FlexFringe/models-ps-small/0.1.1.1.0.0.searchglobal.0.ini/0.1.1.1.0.0.searchglobal.0_04.03.TcoSL.2.1.4_Small.final.json,/gpfs/projects/HeinzGroup/asoubki/FlexFringe/data/MLRegTest/Large/04.03.TcoSL.2.1.4_TestSR.txt,2025-12-29 23:25:38.897149
0.1.1.1.0.0.searchglobal.0,Small,4,3,TcoSL,2,1,4,TestLA,0.61939,0.5713926926986784,0.95554,0.7151442577554915,0.38061,/gpfs/projects/HeinzGroup/caffeine_underground/mlrt/FlexFringe/FlexFringe/models-ps-small/0.1.1.1.0.0.searchglobal.0.ini/0.1.1.1.0.0.searchglobal.0_04.03.TcoSL.2.1.4_Small.final.json,/gpfs/projects/HeinzGroup/asoubki/FlexFringe/data/MLRegTest/Large/04.03.TcoSL.2.1.4_TestLA.txt,2025-12-29 23:25:38.897149
0.1.1.1.0.0.searchglobal.0,Small,4,3,TcoSL,2,1,4,TestLR,0.62705,0.5739118293832245,0.98652,0.7256651489183285,0.37295,/gpfs/projects/HeinzGroup/caffeine_underground/mlrt/FlexFringe/FlexFringe/models-ps-small/0.1.1.1.0.0.searchglobal.0.ini/0.1.1.1.0.0.searchglobal.0_04.03.TcoSL.2.1.4_Small.final.json,/gpfs/projects/HeinzGroup/asoubki/FlexFringe/data/MLRegTest/Large/04.03.TcoSL.2.1.4_TestLR.txt,2025-12-29 23:25:38.897149
0.1.1.1.0.0.searchglobal.0,Small,4,3,TcoSL,2,1,4,TestSA,0.61379,0.5693241217969807,0.9345,0.707573956432525,0.38621,/gpfs/projects/HeinzGroup/caffeine_underground/mlrt/FlexFringe/FlexFringe/models-ps-small/0.1.1.1.0.0.searchglobal.0.ini/0.1.1.1.0.0.searchglobal.0_04.03.TcoSL.2.1.4_Small.final.json,/gpfs/projects/HeinzGroup/asoubki/FlexFringe/data/MLRegTest/Large/04.03.TcoSL.2.1.4_TestSA.txt,2025-12-29 23:25:38.897149
0.1.1.1.0.0.searchglobal.0,Small,4,3,TcoSL,2,1,4,Dev,0.61273,0.5666402619973753,0.95854,0.7122402122142055,0.38727,/gpfs/projects/HeinzGroup/caffeine_underground/mlrt/FlexFringe/FlexFringe/models-ps-small/0.1.1.1.0.0.searchglobal.0.ini/0.1.1.1.0.0.searchglobal.0_04.03.TcoSL.2.1.4_Small.final.json,/gpfs/projects/HeinzGroup/asoubki/FlexFringe/data/MLRegTest/Large/04.03.TcoSL.2.1.4_Dev.txt,2025-12-29 23:25:38.897149
0.1.1.1.0.0.searchglobal.0,Small,4,3,TcoSL,2,1,4,Train,0.607,0.5625730994152047,0.962,0.7099630996309964,0.393,/gpfs/projects/HeinzGroup/caffeine_underground/mlrt/FlexFringe/FlexFringe/models-ps-small/0.1.1.1.0.0.searchglobal.0.ini/0.1.1.1.0.0.searchglobal.0_04.03.TcoSL.2.1.4_Small.final.json,/gpfs/projects/HeinzGroup/asoubki/FlexFringe/data/MLRegTest/Small/04.03.TcoSL.2.1.4_Train.txt,2025-12-29 23:25:38.897149
0.1.1.1.0.0.searchglobal.0,Small,4,3,TcoSL,2,1,5,TestSR,0.53315,0.5175796786339291,0.976,0.676438992272239,0.46685,/gpfs/projects/HeinzGroup/caffeine_underground/mlrt/FlexFringe/FlexFringe/models-ps-small/0.1.1.1.0.0.searchglobal.0.ini/0.1.1.1.0.0.searchglobal.0_04.03.TcoSL.2.1.5_Small.final.json,/gpfs/projects/HeinzGroup/asoubki/FlexFringe/data/MLRegTest/Large/04.03.TcoSL.2.1.5_TestSR.txt,2025-12-29 22:27:35.559647
0.1.1.1.0.0.searchglobal.0,Small,4,3,TcoSL,2,1,5,TestSA,0.51797,0.5096574481120415,0.94834,0.6630032788719002,0.48203,/gpfs/projects/HeinzGroup/caffeine_underground/mlrt/FlexFringe/FlexFringe/models-ps-small/0.1.1.1.0.0.searchglobal.0.ini/0.1.1.1.0.0.searchglobal.0_04.03.TcoSL.2.1.5_Small.final.json,/gpfs/projects/HeinzGroup/asoubki/FlexFringe/data/MLRegTest/Large/04.03.TcoSL.2.1.5_TestSA.txt,2025-12-29 22:27:35.559647
0.1.1.1.0.0.searchglobal.0,Small,4,3,TcoSL,2,1,5,TestLR,0.51679,0.5085841078969703,0.99476,0.673058316474624,0.48321,/gpfs/projects/HeinzGroup/caffeine_underground/mlrt/FlexFringe/FlexFringe/models-ps-small/0.1.1.1.0.0.searchglobal.0.ini/0.1.1.1.0.0.searchglobal.0_04.03.TcoSL.2.1.5_Small.final.json,/gpfs/projects/HeinzGroup/asoubki/FlexFringe/data/MLRegTest/Large/04.03.TcoSL.2.1.5_TestLR.txt,2025-12-29 22:27:35.559647
0.1.1.1.0.0.searchglobal.0,Small,4,3,TcoSL,2,1,5,TestLA,0.50709,0.5036468567078503,0.97916,0.6651585862085363,0.49291,/gpfs/projects/HeinzGroup/caffeine_underground/mlrt/FlexFringe/FlexFringe/models-ps-small/0.1.1.1.0.0.searchglobal.0.ini/0.1.1.1.0.0.searchglobal.0_04.03.TcoSL.2.1.5_Small.final.json,/gpfs/projects/HeinzGroup/asoubki/FlexFringe/data/MLRegTest/Large/04.03.TcoSL.2.1.5_TestLA.txt,2025-12-29 22:27:35.559647
0.1.1.1.0.0.searchglobal.0,Small,4,3,TcoSL,2,1,5,Dev,0.534,0.5180199279202883,0.9774,0.6771511708466121,0.466,/gpfs/projects/HeinzGroup/caffeine_underground/mlrt/FlexFringe/FlexFringe/models-ps-small/0.1.1.1.0.0.searchglobal.0.ini/0.1.1.1.0.0.searchglobal.0_04.03.TcoSL.2.1.5_Small.final.json,/gpfs/projects/HeinzGroup/asoubki/FlexFringe/data/MLRegTest/Large/04.03.TcoSL.2.1.5_Dev.txt,2025-12-29 22:27:35.559647
0.1.1.1.0.0.searchglobal.0,Small,4,3,TcoSL,2,1,5,Train,0.544,0.5236559139784946,0.974,0.6811188811188811,0.456,/gpfs/projects/HeinzGroup/caffeine_underground/mlrt/FlexFringe/FlexFringe/models-ps-small/0.1.1.1.0.0.searchglobal.0.ini/0.1.1.1.0.0.searchglobal.0_04.03.TcoSL.2.1.5_Small.final.json,/gpfs/projects/HeinzGroup/asoubki/FlexFringe/data/MLRegTest/Small/04.03.TcoSL.2.1.5_Train.txt,2025-12-29 22:27:35.559647
0.1.1.1.0.0.searchglobal.0,Small,4,3,TcoSL,2,1,6,TestSA,0.63566,0.5811674325100517,0.97134,0.7272250838524198,0.36434,/gpfs/projects/HeinzGroup/caffeine_underground/mlrt/FlexFringe/FlexFringe/models-ps-small/0.1.1.1.0.0.searchglobal.0.ini/0.1.1.1.0.0.searchglobal.0_04.03.TcoSL.2.1.6_Small.final.json,/gpfs/projects/HeinzGroup/asoubki/FlexFringe/data/MLRegTest/Large/04.03.TcoSL.2.1.6_TestSA.txt,2025-12-29 23:19:15.430810
0.1.1.1.0.0.searchglobal.0,Small,4,3,TcoSL,2,1,6,TestLA,0.63886,0.582286432160804,0.98262,0.731246651187712,0.36114,/gpfs/projects/HeinzGroup/caffeine_underground/mlrt/FlexFringe/FlexFringe/models-ps-small/0.1.1.1.0.0.searchglobal.0.ini/0.1.1.1.0.0.searchglobal.0_04.03.TcoSL.2.1.6_Small.final.json,/gpfs/projects/HeinzGroup/asoubki/FlexFringe/data/MLRegTest/Large/04.03.TcoSL.2.1.6_TestLA.txt,2025-12-29 23:19:15.430810
0.1.1.1.0.0.searchglobal.0,Small,4,3,TcoSL,2,1,6,TestLR,0.64482,0.5847396138092452,0.99932,0.7377777777777778,0.35518,/gpfs/projects/HeinzGroup/caffeine_underground/mlrt/FlexFringe/FlexFringe/models-ps-small/0.1.1.1.0.0.searchglobal.0.ini/0.1.1.1.0.0.searchglobal.0_04.03.TcoSL.2.1.6_Small.final.json,/gpfs/projects/HeinzGroup/asoubki/FlexFringe/data/MLRegTest/Large/04.03.TcoSL.2.1.6_TestLR.txt,2025-12-29 23:19:15.430810
0.1.1.1.0.0.searchglobal.0,Small,4,3,TcoSL,2,1,6,TestSR,0.64278,0.5839151797258857,0.99352,0.7355375571908731,0.35722,/gpfs/projects/HeinzGroup/caffeine_underground/mlrt/FlexFringe/FlexFringe/models-ps-small/0.1.1.1.0.0.searchglobal.0.ini/0.1.1.1.0.0.searchglobal.0_04.03.TcoSL.2.1.6_Small.final.json,/gpfs/projects/HeinzGroup/asoubki/FlexFringe/data/MLRegTest/Large/04.03.TcoSL.2.1.6_TestSR.txt,2025-12-29 23:19:15.430810
0.1.1.1.0.0.searchglobal.0,Small,4,3,TcoSL,2,1,6,Dev,0.64535,0.5855876014273432,0.99448,0.7371268891804348,0.35465,/gpfs/projects/HeinzGroup/caffeine_underground/mlrt/FlexFringe/FlexFringe/models-ps-small/0.1.1.1.0.0.searchglobal.0.ini/0.1.1.1.0.0.searchglobal.0_04.03.TcoSL.2.1.6_Small.final.json,/gpfs/projects/HeinzGroup/asoubki/FlexFringe/data/MLRegTest/Large/04.03.TcoSL.2.1.6_Dev.txt,2025-12-29 23:19:15.430810
0.1.1.1.0.0.searchglobal.0,Small,4,3,TcoSL,2,1,6,Train,0.645,0.5851938895417156,0.996,0.7372316802368616,0.355,/gpfs/projects/HeinzGroup/caffeine_underground/mlrt/FlexFringe/FlexFringe/models-ps-small/0.1.1.1.0.0.searchglobal.0.ini/0.1.1.1.0.0.searchglobal.0_04.03.TcoSL.2.1.6_Small.final.json,/gpfs/projects/HeinzGroup/asoubki/FlexFringe/data/MLRegTest/Small/04.03.TcoSL.2.1.6_Train.txt,2025-12-29 23:19:15.430810
0.1.1.1.0.0.searchglobal.0,Small,4,3,TcoSL,2,1,7,TestSA,0.63226,0.5795845668760681,0.9632,0.7236990397763986,0.36774,/gpfs/projects/HeinzGroup/caffeine_underground/mlrt/FlexFringe/FlexFringe/models-ps-small/0.1.1.1.0.0.searchglobal.0.ini/0.1.1.1.0.0.searchglobal.0_04.03.TcoSL.2.1.7_Small.final.json,/gpfs/projects/HeinzGroup/asoubki/FlexFringe/data/MLRegTest/Large/04.03.TcoSL.2.1.7_TestSA.txt,2025-12-29 23:28:01.123336
0.1.1.1.0.0.searchglobal.0,Small,4,3,TcoSL,2,1,7,TestSR,0.64406,0.5847172563041023,0.9943,0.7363876051664889,0.35594,/gpfs/projects/HeinzGroup/caffeine_underground/mlrt/FlexFringe/FlexFringe/models-ps-small/0.1.1.1.0.0.searchglobal.0.ini/0.1.1.1.0.0.searchglobal.0_04.03.TcoSL.2.1.7_Small.final.json,/gpfs/projects/HeinzGroup/asoubki/FlexFringe/data/MLRegTest/Large/04.03.TcoSL.2.1.7_TestSR.txt,2025-12-29 23:28:01.123336
0.1.1.1.0.0.searchglobal.0,Small,4,3,TcoSL,2,1,7,TestLA,0.63668,0.581308744794765,0.97718,0.7289668034315554,0.36332,/gpfs/projects/HeinzGroup/caffeine_underground/mlrt/FlexFringe/FlexFringe/models-ps-small/0.1.1.1.0.0.searchglobal.0.ini/0.1.1.1.0.0.searchglobal.0_04.03.TcoSL.2.1.7_Small.final.json,/gpfs/projects/HeinzGroup/asoubki/FlexFringe/data/MLRegTest/Large/04.03.TcoSL.2.1.7_TestLA.txt,2025-12-29 23:28:01.123336
0.1.1.1.0.0.searchglobal.0,Small,4,3,TcoSL,2,1,7,TestLR,0.64728,0.5864156965828013,0.99944,0.7391432966512839,0.35272,/gpfs/projects/HeinzGroup/caffeine_underground/mlrt/FlexFringe/FlexFringe/models-ps-small/0.1.1.1.0.0.searchglobal.0.ini/0.1.1.1.0.0.searchglobal.0_04.03.TcoSL.2.1.7_Small.final.json,/gpfs/projects/HeinzGroup/asoubki/FlexFringe/data/MLRegTest/Large/04.03.TcoSL.2.1.7_TestLR.txt,2025-12-29 23:28:01.123336
0.1.1.1.0.0.searchglobal.0,Small,4,3,TcoSL,2,1,7,Dev,0.64516,0.5855230598826385,0.99382,0.736894398884819,0.35484,/gpfs/projects/HeinzGroup/caffeine_underground/mlrt/FlexFringe/FlexFringe/models-ps-small/0.1.1.1.0.0.searchglobal.0.ini/0.1.1.1.0.0.searchglobal.0_04.03.TcoSL.2.1.7_Small.final.json,/gpfs/projects/HeinzGroup/asoubki/FlexFringe/data/MLRegTest/Large/04.03.TcoSL.2.1.7_Dev.txt,2025-12-29 23:28:01.123336
0.1.1.1.0.0.searchglobal.0,Small,4,3,TcoSL,2,1,7,Train,0.67,0.6034063260340633,0.992,0.7503782148260212,0.33,/gpfs/projects/HeinzGroup/caffeine_underground/mlrt/FlexFringe/FlexFringe/models-ps-small/0.1.1.1.0.0.searchglobal.0.ini/0.1.1.1.0.0.searchglobal.0_04.03.TcoSL.2.1.7_Small.final.json,/gpfs/projects/HeinzGroup/asoubki/FlexFringe/data/MLRegTest/Small/04.03.TcoSL.2.1.7_Train.txt,2025-12-29 23:28:01.123336
0.1.1.1.0.0.searchglobal.0,Small,4,3,TcoSL,2,1,8,TestSA,0.5,0.5,1.0,0.6666666666666666,0.5,/gpfs/projects/HeinzGroup/caffeine_underground/mlrt/FlexFringe/FlexFringe/models-ps-small/0.1.1.1.0.0.searchglobal.0.ini/0.1.1.1.0.0.searchglobal.0_04.03.TcoSL.2.1.8_Small.final.json,/gpfs/projects/HeinzGroup/asoubki/FlexFringe/data/MLRegTest/Large/04.03.TcoSL.2.1.8_TestSA.txt,2025-12-29 23:26:32.690125
0.1.1.1.0.0.searchglobal.0,Small,4,3,TcoSL,2,1,8,TestSR,0.35841,0.41752775480248366,0.71682,0.5276904616426558,0.64159,/gpfs/projects/HeinzGroup/caffeine_underground/mlrt/FlexFringe/FlexFringe/models-ps-small/0.1.1.1.0.0.searchglobal.0.ini/0.1.1.1.0.0.searchglobal.0_04.03.TcoSL.2.1.8_Small.final.json,/gpfs/projects/HeinzGroup/asoubki/FlexFringe/data/MLRegTest/Large/04.03.TcoSL.2.1.8_TestSR.txt,2025-12-29 23:26:32.690125
0.1.1.1.0.0.searchglobal.0,Small,4,3,TcoSL,2,1,8,TestLA,0.5,0.5,1.0,0.6666666666666666,0.5,/gpfs/projects/HeinzGroup/caffeine_underground/mlrt/FlexFringe/FlexFringe/models-ps-small/0.1.1.1.0.0.searchglobal.0.ini/0.1.1.1.0.0.searchglobal.0_04.03.TcoSL.2.1.8_Small.final.json,/gpfs/projects/HeinzGroup/asoubki/FlexFringe/data/MLRegTest/Large/04.03.TcoSL.2.1.8_TestLA.txt,2025-12-29 23:26:32.690125
0.1.1.1.0.0.searchglobal.0,Small,4,3,TcoSL,2,1,8,TestLR,0.35695,0.41653538712877064,0.7139,0.526106341427466,0.64305,/gpfs/projects/HeinzGroup/caffeine_underground/mlrt/FlexFringe/FlexFringe/models-ps-small/0.1.1.1.0.0.searchglobal.0.ini/0.1.1.1.0.0.searchglobal.0_04.03.TcoSL.2.1.8_Small.final.json,/gpfs/projects/HeinzGroup/asoubki/FlexFringe/data/MLRegTest/Large/04.03.TcoSL.2.1.8_TestLR.txt,2025-12-29 23:26:32.690125
0.1.1.1.0.0.searchglobal.0,Small,4,3,TcoSL,2,1,8,Dev,0.35726,0.41674637799500736,0.71452,0.5264429807111386,0.64274,/gpfs/projects/HeinzGroup/caffeine_underground/mlrt/FlexFringe/FlexFringe/models-ps-small/0.1.1.1.0.0.searchglobal.0.ini/0.1.1.1.0.0.searchglobal.0_04.03.TcoSL.2.1.8_Small.final.json,/gpfs/projects/HeinzGroup/asoubki/FlexFringe/data/MLRegTest/Large/04.03.TcoSL.2.1.8_Dev.txt,2025-12-29 23:26:32.690125
0.1.1.1.0.0.searchglobal.0,Small,4,3,TcoSL,2,1,8,Train,0.375,0.42857142857142855,0.75,0.5454545454545454,0.625,/gpfs/projects/HeinzGroup/caffeine_underground/mlrt/FlexFringe/FlexFringe/models-ps-small/0.1.1.1.0.0.searchglobal.0.ini/0.1.1.1.0.0.searchglobal.0_04.03.TcoSL.2.1.8_Small.final.json,/gpfs/projects/HeinzGroup/asoubki/FlexFringe/data/MLRegTest/Small/04.03.TcoSL.2.1.8_Train.txt,2025-12-29 23:26:32.690125
0.1.1.1.0.0.searchglobal.0,Small,4,3,TcoSL,2,1,9,TestLA,0.5,0.5,1.0,0.6666666666666666,0.5,/gpfs/projects/HeinzGroup/caffeine_underground/mlrt/FlexFringe/FlexFringe/models-ps-small/0.1.1.1.0.0.searchglobal.0.ini/0.1.1.1.0.0.searchglobal.0_04.03.TcoSL.2.1.9_Small.final.json,/gpfs/projects/HeinzGroup/asoubki/FlexFringe/data/MLRegTest/Large/04.03.TcoSL.2.1.9_TestLA.txt,2025-12-29 22:26:54.396416
0.1.1.1.0.0.searchglobal.0,Small,4,3,TcoSL,2,1,9,TestSR,0.43854,0.4672576555074904,0.87708,0.6097015029126753,0.56146,/gpfs/projects/HeinzGroup/caffeine_underground/mlrt/FlexFringe/FlexFringe/models-ps-small/0.1.1.1.0.0.searchglobal.0.ini/0.1.1.1.0.0.searchglobal.0_04.03.TcoSL.2.1.9_Small.final.json,/gpfs/projects/HeinzGroup/asoubki/FlexFringe/data/MLRegTest/Large/04.03.TcoSL.2.1.9_TestSR.txt,2025-12-29 22:26:54.396416
0.1.1.1.0.0.searchglobal.0,Small,4,3,TcoSL,2,1,9,TestSA,0.5,0.5,1.0,0.6666666666666666,0.5,/gpfs/projects/HeinzGroup/caffeine_underground/mlrt/FlexFringe/FlexFringe/models-ps-small/0.1.1.1.0.0.searchglobal.0.ini/0.1.1.1.0.0.searchglobal.0_04.03.TcoSL.2.1.9_Small.final.json,/gpfs/projects/HeinzGroup/asoubki/FlexFringe/data/MLRegTest/Large/04.03.TcoSL.2.1.9_TestSA.txt,2025-12-29 22:26:54.396416
0.1.1.1.0.0.searchglobal.0,Small,4,3,TcoSL,2,1,9,TestLR,0.43703,0.46639915477626115,0.87406,0.6082406073637989,0.56297,/gpfs/projects/HeinzGroup/caffeine_underground/mlrt/FlexFringe/FlexFringe/models-ps-small/0.1.1.1.0.0.searchglobal.0.ini/0.1.1.1.0.0.searchglobal.0_04.03.TcoSL.2.1.9_Small.final.json,/gpfs/projects/HeinzGroup/asoubki/FlexFringe/data/MLRegTest/Large/04.03.TcoSL.2.1.9_TestLR.txt,2025-12-29 22:26:54.396416
0.1.1.1.0.0.searchglobal.0,Small,4,3,TcoSL,2,1,9,Dev,0.43622,0.4659374933242187,0.87244,0.6074556822770885,0.56378,/gpfs/projects/HeinzGroup/caffeine_underground/mlrt/FlexFringe/FlexFringe/models-ps-small/0.1.1.1.0.0.searchglobal.0.ini/0.1.1.1.0.0.searchglobal.0_04.03.TcoSL.2.1.9_Small.final.json,/gpfs/projects/HeinzGroup/asoubki/FlexFringe/data/MLRegTest/Large/04.03.TcoSL.2.1.9_Dev.txt,2025-12-29 22:26:54.396416
0.1.1.1.0.0.searchglobal.0,Small,4,3,TcoSL,2,1,9,Train,0.443,0.46977730646871685,0.886,0.613998613998614,0.557,/gpfs/projects/HeinzGroup/caffeine_underground/mlrt/FlexFringe/FlexFringe/models-ps-small/0.1.1.1.0.0.searchglobal.0.ini/0.1.1.1.0.0.searchglobal.0_04.03.TcoSL.2.1.9_Small.final.json,/gpfs/projects/HeinzGroup/asoubki/FlexFringe/data/MLRegTest/Small/04.03.TcoSL.2.1.9_Train.txt,2025-12-29 22:26:54.396416
0.1.1.1.0.0.searchglobal.0,Small,4,3,TcoSL,4,1,0,TestSR,1.0,1.0,1.0,1.0,0.0,/gpfs/projects/HeinzGroup/caffeine_underground/mlrt/FlexFringe/FlexFringe/models-ps-small/0.1.1.1.0.0.searchglobal.0.ini/0.1.1.1.0.0.searchglobal.0_04.03.TcoSL.4.1.0_Small.final.json,/gpfs/projects/HeinzGroup/asoubki/FlexFringe/data/MLRegTest/Large/04.03.TcoSL.4.1.0_TestSR.txt,2025-12-29 22:06:00.940294
0.1.1.1.0.0.searchglobal.0,Small,4,3,TcoSL,4,1,0,TestLR,1.0,1.0,1.0,1.0,0.0,/gpfs/projects/HeinzGroup/caffeine_underground/mlrt/FlexFringe/FlexFringe/models-ps-small/0.1.1.1.0.0.searchglobal.0.ini/0.1.1.1.0.0.searchglobal.0_04.03.TcoSL.4.1.0_Small.final.json,/gpfs/projects/HeinzGroup/asoubki/FlexFringe/data/MLRegTest/Large/04.03.TcoSL.4.1.0_TestLR.txt,2025-12-29 22:06:00.940294
0.1.1.1.0.0.searchglobal.0,Small,4,3,TcoSL,4,1,0,TestLA,1.0,1.0,1.0,1.0,0.0,/gpfs/projects/HeinzGroup/caffeine_underground/mlrt/FlexFringe/FlexFringe/models-ps-small/0.1.1.1.0.0.searchglobal.0.ini/0.1.1.1.0.0.searchglobal.0_04.03.TcoSL.4.1.0_Small.final.json,/gpfs/projects/HeinzGroup/asoubki/FlexFringe/data/MLRegTest/Large/04.03.TcoSL.4.1.0_TestLA.txt,2025-12-29 22:06:00.940294
0.1.1.1.0.0.searchglobal.0,Small,4,3,TcoSL,4,1,0,TestSA,1.0,1.0,1.0,1.0,0.0,/gpfs/projects/HeinzGroup/caffeine_underground/mlrt/FlexFringe/FlexFringe/models-ps-small/0.1.1.1.0.0.searchglobal.0.ini/0.1.1.1.0.0.searchglobal.0_04.03.TcoSL.4.1.0_Small.final.json,/gpfs/projects/HeinzGroup/asoubki/FlexFringe/data/MLRegTest/Large/04.03.TcoSL.4.1.0_TestSA.txt,2025-12-29 22:06:00.940294
0.1.1.1.0.0.searchglobal.0,Small,4,3,TcoSL,4,1,0,Dev,1.0,1.0,1.0,1.0,0.0,/gpfs/projects/HeinzGroup/caffeine_underground/mlrt/FlexFringe/FlexFringe/models-ps-small/0.1.1.1.0.0.searchglobal.0.ini/0.1.1.1.0.0.searchglobal.0_04.03.TcoSL.4.1.0_Small.final.json,/gpfs/projects/HeinzGroup/asoubki/FlexFringe/data/MLRegTest/Large/04.03.TcoSL.4.1.0_Dev.txt,2025-12-29 22:06:00.940294
0.1.1.1.0.0.searchglobal.0,Small,4,3,TcoSL,4,1,0,Train,1.0,1.0,1.0,1.0,0.0,/gpfs/projects/HeinzGroup/caffeine_underground/mlrt/FlexFringe/FlexFringe/models-ps-small/0.1.1.1.0.0.searchglobal.0.ini/0.1.1.1.0.0.searchglobal.0_04.03.TcoSL.4.1.0_Small.final.json,/gpfs/projects/HeinzGroup/asoubki/FlexFringe/data/MLRegTest/Small/04.03.TcoSL.4.1.0_Train.txt,2025-12-29 22:06:00.940294
0.1.1.1.0.0.searchglobal.0,Small,4,3,TcoSL,4,1,1,TestLA,0.65495,0.6969720082373579,0.54828,0.6137485587632789,0.34505,/gpfs/projects/HeinzGroup/caffeine_underground/mlrt/FlexFringe/FlexFringe/models-ps-small/0.1.1.1.0.0.searchglobal.0.ini/0.1.1.1.0.0.searchglobal.0_04.03.TcoSL.4.1.1_Small.final.json,/gpfs/projects/HeinzGroup/asoubki/FlexFringe/data/MLRegTest/Large/04.03.TcoSL.4.1.1_TestLA.txt,2025-12-29 23:21:34.255983
0.1.1.1.0.0.searchglobal.0,Small,4,3,TcoSL,4,1,1,TestSA,0.66189,0.7349705361548956,0.50638,0.5996281779535577,0.33811,/gpfs/projects/HeinzGroup/caffeine_underground/mlrt/FlexFringe/FlexFringe/models-ps-small/0.1.1.1.0.0.searchglobal.0.ini/0.1.1.1.0.0.searchglobal.0_04.03.TcoSL.4.1.1_Small.final.json,/gpfs/projects/HeinzGroup/asoubki/FlexFringe/data/MLRegTest/Large/04.03.TcoSL.4.1.1_TestSA.txt,2025-12-29 23:21:34.255983
0.1.1.1.0.0.searchglobal.0,Small,4,3,TcoSL,4,1,1,TestSR,0.71632,0.8505769480098535,0.52484,0.6491366942066986,0.28368,/gpfs/projects/HeinzGroup/caffeine_underground/mlrt/FlexFringe/FlexFringe/models-ps-small/0.1.1.1.0.0.searchglobal.0.ini/0.1.1.1.0.0.searchglobal.0_04.03.TcoSL.4.1.1_Small.final.json,/gpfs/projects/HeinzGroup/asoubki/FlexFringe/data/MLRegTest/Large/04.03.TcoSL.4.1.1_TestSR.txt,2025-12-29 23:21:34.255983
0.1.1.1.0.0.searchglobal.0,Small,4,3,TcoSL,4,1,1,TestLR,0.71149,0.7847736514690437,0.58282,0.6688854968840737,0.28851,/gpfs/projects/HeinzGroup/caffeine_underground/mlrt/FlexFringe/FlexFringe/models-ps-small/0.1.1.1.0.0.searchglobal.0.ini/0.1.1.1.0.0.searchglobal.0_04.03.TcoSL.4.1.1_Small.final.json,/gpfs/projects/HeinzGroup/asoubki/FlexFringe/data/MLRegTest/Large/04.03.TcoSL.4.1.1_TestLR.txt,2025-12-29 23:21:34.255983
0.1.1.1.0.0.searchglobal.0,Small,4,3,TcoSL,4,1,1,Dev,0.71558,0.8477769890946635,0.52552,0.6488381855446083,0.28442,/gpfs/projects/HeinzGroup/caffeine_underground/mlrt/FlexFringe/FlexFringe/models-ps-small/0.1.1.1.0.0.searchglobal.0.ini/0.1.1.1.0.0.searchglobal.0_04.03.TcoSL.4.1.1_Small.final.json,/gpfs/projects/HeinzGroup/asoubki/FlexFringe/data/MLRegTest/Large/04.03.TcoSL.4.1.1_Dev.txt,2025-12-29 23:21:34.255983
0.1.1.1.0.0.searchglobal.0,Small,4,3,TcoSL,4,1,1,Train,0.712,0.8486842105263158,0.516,0.6417910447761194,0.288,/gpfs/projects/HeinzGroup/caffeine_underground/mlrt/FlexFringe/FlexFringe/models-ps-small/0.1.1.1.0.0.searchglobal.0.ini/0.1.1.1.0.0.searchglobal.0_04.03.TcoSL.4.1.1_Small.final.json,/gpfs/projects/HeinzGroup/asoubki/FlexFringe/data/MLRegTest/Small/04.03.TcoSL.4.1.1_Train.txt,2025-12-29 23:21:34.255983
0.1.1.1.0.0.searchglobal.0,Small,4,3,TcoSL,4,1,2,TestLA,0.69178,0.673650851140891,0.74398,0.7070708990686181,0.30822,/gpfs/projects/HeinzGroup/caffeine_underground/mlrt/FlexFringe/FlexFringe/models-ps-small/0.1.1.1.0.0.searchglobal.0.ini/0.1.1.1.0.0.searchglobal.0_04.03.TcoSL.4.1.2_Small.final.json,/gpfs/projects/HeinzGroup/asoubki/FlexFringe/data/MLRegTest/Large/04.03.TcoSL.4.1.2_TestLA.txt,2025-12-29 23:25:55.828406
0.1.1.1.0.0.searchglobal.0,Small,4,3,TcoSL,4,1,2,TestSA,0.75317,0.7335387340184123,0.7952,0.7631258217133864,0.24683,/gpfs/projects/HeinzGroup/caffeine_underground/mlrt/FlexFringe/FlexFringe/models-ps-small/0.1.1.1.0.0.searchglobal.0.ini/0.1.1.1.0.0.searchglobal.0_04.03.TcoSL.4.1.2_Small.final.json,/gpfs/projects/HeinzGroup/asoubki/FlexFringe/data/MLRegTest/Large/04.03.TcoSL.4.1.2_TestSA.txt,2025-12-29 23:25:55.828406
0.1.1.1.0.0.searchglobal.0,Small,4,3,TcoSL,4,1,2,TestSR,0.80429,0.806120601195147,0.8013,0.8037030721858357,0.19571,/gpfs/projects/HeinzGroup/caffeine_underground/mlrt/FlexFringe/FlexFringe/models-ps-small/0.1.1.1.0.0.searchglobal.0.ini/0.1.1.1.0.0.searchglobal.0_04.03.TcoSL.4.1.2_Small.final.json,/gpfs/projects/HeinzGroup/asoubki/FlexFringe/data/MLRegTest/Large/04.03.TcoSL.4.1.2_TestSR.txt,2025-12-29 23:25:55.828406
0.1.1.1.0.0.searchglobal.0,Small,4,3,TcoSL,4,1,2,TestLR,0.73525,0.7275805359388604,0.7521,0.7396371146186753,0.26475,/gpfs/projects/HeinzGroup/caffeine_underground/mlrt/FlexFringe/FlexFringe/models-ps-small/0.1.1.1.0.0.searchglobal.0.ini/0.1.1.1.0.0.searchglobal.0_04.03.TcoSL.4.1.2_Small.final.json,/gpfs/projects/HeinzGroup/asoubki/FlexFringe/data/MLRegTest/Large/04.03.TcoSL.4.1.2_TestLR.txt,2025-12-29 23:25:55.828406
0.1.1.1.0.0.searchglobal.0,Small,4,3,TcoSL,4,1,2,Dev,0.80502,0.8069970610733121,0.8018,0.8043901362386886,0.19498,/gpfs/projects/HeinzGroup/caffeine_underground/mlrt/FlexFringe/FlexFringe/models-ps-small/0.1.1.1.0.0.searchglobal.0.ini/0.1.1.1.0.0.searchglobal.0_04.03.TcoSL.4.1.2_Small.final.json,/gpfs/projects/HeinzGroup/asoubki/FlexFringe/data/MLRegTest/Large/04.03.TcoSL.4.1.2_Dev.txt,2025-12-29 23:25:55.828406
0.1.1.1.0.0.searchglobal.0,Small,4,3,TcoSL,4,1,2,Train,0.824,0.8333333333333334,0.81,0.821501014198783,0.176,/gpfs/projects/HeinzGroup/caffeine_underground/mlrt/FlexFringe/FlexFringe/models-ps-small/0.1.1.1.0.0.searchglobal.0.ini/0.1.1.1.0.0.searchglobal.0_04.03.TcoSL.4.1.2_Small.final.json,/gpfs/projects/HeinzGroup/asoubki/FlexFringe/data/MLRegTest/Small/04.03.TcoSL.4.1.2_Train.txt,2025-12-29 23:25:55.828406
0.1.1.1.0.0.searchglobal.0,Small,4,3,TcoSL,4,1,3,TestSA,0.76099,0.7354273033971387,0.81528,0.7732976695216686,0.23901,/gpfs/projects/HeinzGroup/caffeine_underground/mlrt/FlexFringe/FlexFringe/models-ps-small/0.1.1.1.0.0.searchglobal.0.ini/0.1.1.1.0.0.searchglobal.0_04.03.TcoSL.4.1.3_Small.final.json,/gpfs/projects/HeinzGroup/asoubki/FlexFringe/data/MLRegTest/Large/04.03.TcoSL.4.1.3_TestSA.txt,2025-12-29 23:15:34.794433
0.1.1.1.0.0.searchglobal.0,Small,4,3,TcoSL,4,1,3,TestLR,0.7743,0.7614971018913972,0.79878,0.7796931126034671,0.2257,/gpfs/projects/HeinzGroup/caffeine_underground/mlrt/FlexFringe/FlexFringe/models-ps-small/0.1.1.1.0.0.searchglobal.0.ini/0.1.1.1.0.0.searchglobal.0_04.03.TcoSL.4.1.3_Small.final.json,/gpfs/projects/HeinzGroup/asoubki/FlexFringe/data/MLRegTest/Large/04.03.TcoSL.4.1.3_TestLR.txt,2025-12-29 23:15:34.794433
0.1.1.1.0.0.searchglobal.0,Small,4,3,TcoSL,4,1,3,TestSR,0.83198,0.8350896317829457,0.82734,0.831196752933612,0.16802,/gpfs/projects/HeinzGroup/caffeine_underground/mlrt/FlexFringe/FlexFringe/models-ps-small/0.1.1.1.0.0.searchglobal.0.ini/0.1.1.1.0.0.searchglobal.0_04.03.TcoSL.4.1.3_Small.final.json,/gpfs/projects/HeinzGroup/asoubki/FlexFringe/data/MLRegTest/Large/04.03.TcoSL.4.1.3_TestSR.txt,2025-12-29 23:15:34.794433
0.1.1.1.0.0.searchglobal.0,Small,4,3,TcoSL,4,1,3,TestLA,0.7093,0.6847699424414704,0.77568,0.7273954875372757,0.2907,/gpfs/projects/HeinzGroup/caffeine_underground/mlrt/FlexFringe/FlexFringe/models-ps-small/0.1.1.1.0.0.searchglobal.0.ini/0.1.1.1.0.0.searchglobal.0_04.03.TcoSL.4.1.3_Small.final.json,/gpfs/projects/HeinzGroup/asoubki/FlexFringe/data/MLRegTest/Large/04.03.TcoSL.4.1.3_TestLA.txt,2025-12-29 23:15:34.794433
0.1.1.1.0.0.searchglobal.0,Small,4,3,TcoSL,4,1,3,Dev,0.83182,0.8347929614981031,0.82738,0.8310699505805778,0.16818,/gpfs/projects/HeinzGroup/caffeine_underground/mlrt/FlexFringe/FlexFringe/models-ps-small/0.1.1.1.0.0.searchglobal.0.ini/0.1.1.1.0.0.searchglobal.0_04.03.TcoSL.4.1.3_Small.final.json,/gpfs/projects/HeinzGroup/asoubki/FlexFringe/data/MLRegTest/Large/04.03.TcoSL.4.1.3_Dev.txt,2025-12-29 23:15:34.794433
0.1.1.1.0.0.searchglobal.0,Small,4,3,TcoSL,4,1,3,Train,0.845,0.8484848484848485,0.84,0.8442211055276382,0.155,/gpfs/projects/HeinzGroup/caffeine_underground/mlrt/FlexFringe/FlexFringe/models-ps-small/0.1.1.1.0.0.searchglobal.0.ini/0.1.1.1.0.0.searchglobal.0_04.03.TcoSL.4.1.3_Small.final.json,/gpfs/projects/HeinzGroup/asoubki/FlexFringe/data/MLRegTest/Small/04.03.TcoSL.4.1.3_Train.txt,2025-12-29 23:15:34.794433
0.1.1.1.0.0.searchglobal.0,Small,4,3,TcoSL,4,1,4,TestSR,0.50012,0.5000615776185883,0.9745,0.6609557915869722,0.49988,/gpfs/projects/HeinzGroup/caffeine_underground/mlrt/FlexFringe/FlexFringe/models-ps-small/0.1.1.1.0.0.searchglobal.0.ini/0.1.1.1.0.0.searchglobal.0_04.03.TcoSL.4.1.4_Small.final.json,/gpfs/projects/HeinzGroup/asoubki/FlexFringe/data/MLRegTest/Large/04.03.TcoSL.4.1.4_TestSR.txt,2025-12-29 22:45:40.066276
0.1.1.1.0.0.searchglobal.0,Small,4,3,TcoSL,4,1,4,TestLA,0.50225,0.5011578481520743,0.97388,0.6617696024136501,0.49775,/gpfs/projects/HeinzGroup/caffeine_underground/mlrt/FlexFringe/FlexFringe/models-ps-small/0.1.1.1.0.0.searchglobal.0.ini/0.1.1.1.0.0.searchglobal.0_04.03.TcoSL.4.1.4_Small.final.json,/gpfs/projects/HeinzGroup/asoubki/FlexFringe/data/MLRegTest/Large/04.03.TcoSL.4.1.4_TestLA.txt,2025-12-29 22:45:40.066276
0.1.1.1.0.0.searchglobal.0,Small,4,3,TcoSL,4,1,4,TestSA,0.5031,0.5015951753663758,0.97478,0.6623586649271581,0.4969,/gpfs/projects/HeinzGroup/caffeine_underground/mlrt/FlexFringe/FlexFringe/models-ps-small/0.1.1.1.0.0.searchglobal.0.ini/0.1.1.1.0.0.searchglobal.0_04.03.TcoSL.4.1.4_Small.final.json,/gpfs/projects/HeinzGroup/asoubki/FlexFringe/data/MLRegTest/Large/04.03.TcoSL.4.1.4_TestSA.txt,2025-12-29 22:45:40.066276
0.1.1.1.0.0.searchglobal.0,Small,4,3,TcoSL,4,1,4,TestLR,0.5001,0.5000513399733032,0.974,0.6608318067711514,0.4999,/gpfs/projects/HeinzGroup/caffeine_underground/mlrt/FlexFringe/FlexFringe/models-ps-small/0.1.1.1.0.0.searchglobal.0.ini/0.1.1.1.0.0.searchglobal.0_04.03.TcoSL.4.1.4_Small.final.json,/gpfs/projects/HeinzGroup/asoubki/FlexFringe/data/MLRegTest/Large/04.03.TcoSL.4.1.4_TestLR.txt,2025-12-29 22:45:40.066276
0.1.1.1.0.0.searchglobal.0,Small,4,3,TcoSL,4,1,4,Dev,0.49993,0.4999640668151905,0.97396,0.6607463891508314,0.50007,/gpfs/projects/HeinzGroup/caffeine_underground/mlrt/FlexFringe/FlexFringe/models-ps-small/0.1.1.1.0.0.searchglobal.0.ini/0.1.1.1.0.0.searchglobal.0_04.03.TcoSL.4.1.4_Small.final.json,/gpfs/projects/HeinzGroup/asoubki/FlexFringe/data/MLRegTest/Large/04.03.TcoSL.4.1.4_Dev.txt,2025-12-29 22:45:40.066276
0.1.1.1.0.0.searchglobal.0,Small,4,3,TcoSL,4,1,4,Train,0.501,0.5005138746145941,0.974,0.6612355736591989,0.499,/gpfs/projects/HeinzGroup/caffeine_underground/mlrt/FlexFringe/FlexFringe/models-ps-small/0.1.1.1.0.0.searchglobal.0.ini/0.1.1.1.0.0.searchglobal.0_04.03.TcoSL.4.1.4_Small.final.json,/gpfs/projects/HeinzGroup/asoubki/FlexFringe/data/MLRegTest/Small/04.03.TcoSL.4.1.4_Train.txt,2025-12-29 22:45:40.066276
0.1.1.1.0.0.searchglobal.0,Small,4,3,TcoSL,4,1,5,TestSR,0.50059,0.500309324833017,0.95428,0.6564535767598318,0.49941,/gpfs/projects/HeinzGroup/caffeine_underground/mlrt/FlexFringe/FlexFringe/models-ps-small/0.1.1.1.0.0.searchglobal.0.ini/0.1.1.1.0.0.searchglobal.0_04.03.TcoSL.4.1.5_Small.final.json,/gpfs/projects/HeinzGroup/asoubki/FlexFringe/data/MLRegTest/Large/04.03.TcoSL.4.1.5_TestSR.txt,2025-12-29 22:32:33.898661
0.1.1.1.0.0.searchglobal.0,Small,4,3,TcoSL,4,1,5,TestSA,0.50058,0.5003036267694112,0.9557,0.6567843201935235,0.49942,/gpfs/projects/HeinzGroup/caffeine_underground/mlrt/FlexFringe/FlexFringe/models-ps-small/0.1.1.1.0.0.searchglobal.0.ini/0.1.1.1.0.0.searchglobal.0_04.03.TcoSL.4.1.5_Small.final.json,/gpfs/projects/HeinzGroup/asoubki/FlexFringe/data/MLRegTest/Large/04.03.TcoSL.4.1.5_TestSA.txt,2025-12-29 22:32:33.898661
0.1.1.1.0.0.searchglobal.0,Small,4,3,TcoSL,4,1,5,TestLA,0.50048,0.5002515090543259,0.95472,0.6565078666519969,0.49952,/gpfs/projects/HeinzGroup/caffeine_underground/mlrt/FlexFringe/FlexFringe/models-ps-small/0.1.1.1.0.0.searchglobal.0.ini/0.1.1.1.0.0.searchglobal.0_04.03.TcoSL.4.1.5_Small.final.json,/gpfs/projects/HeinzGroup/asoubki/FlexFringe/data/MLRegTest/Large/04.03.TcoSL.4.1.5_TestLA.txt,2025-12-29 22:32:33.898661
0.1.1.1.0.0.searchglobal.0,Small,4,3,TcoSL,4,1,5,TestLR,0.50067,0.5003512819168459,0.95432,0.6564991572937089,0.49933,/gpfs/projects/HeinzGroup/caffeine_underground/mlrt/FlexFringe/FlexFringe/models-ps-small/0.1.1.1.0.0.searchglobal.0.ini/0.1.1.1.0.0.searchglobal.0_04.03.TcoSL.4.1.5_Small.final.json,/gpfs/projects/HeinzGroup/asoubki/FlexFringe/data/MLRegTest/Large/04.03.TcoSL.4.1.5_TestLR.txt,2025-12-29 22:32:33.898661
0.1.1.1.0.0.searchglobal.0,Small,4,3,TcoSL,4,1,5,Dev,0.50062,0.5003250225418859,0.9544,0.656495480746743,0.49938,/gpfs/projects/HeinzGroup/caffeine_underground/mlrt/FlexFringe/FlexFringe/models-ps-small/0.1.1.1.0.0.searchglobal.0.ini/0.1.1.1.0.0.searchglobal.0_04.03.TcoSL.4.1.5_Small.final.json,/gpfs/projects/HeinzGroup/asoubki/FlexFringe/data/MLRegTest/Large/04.03.TcoSL.4.1.5_Dev.txt,2025-12-29 22:32:33.898661
0.1.1.1.0.0.searchglobal.0,Small,4,3,TcoSL,4,1,5,Train,0.505,0.5026399155227033,0.952,0.6579129232895646,0.495,/gpfs/projects/HeinzGroup/caffeine_underground/mlrt/FlexFringe/FlexFringe/models-ps-small/0.1.1.1.0.0.searchglobal.0.ini/0.1.1.1.0.0.searchglobal.0_04.03.TcoSL.4.1.5_Small.final.json,/gpfs/projects/HeinzGroup/asoubki/FlexFringe/data/MLRegTest/Small/04.03.TcoSL.4.1.5_Train.txt,2025-12-29 22:32:33.898661
0.1.1.1.0.0.searchglobal.0,Small,4,3,TcoSL,4,1,6,TestSR,0.50337,0.5017719495651626,0.9543,0.6577160855451332,0.49663,/gpfs/projects/HeinzGroup/caffeine_underground/mlrt/FlexFringe/FlexFringe/models-ps-small/0.1.1.1.0.0.searchglobal.0.ini/0.1.1.1.0.0.searchglobal.0_04.03.TcoSL.4.1.6_Small.final.json,/gpfs/projects/HeinzGroup/asoubki/FlexFringe/data/MLRegTest/Large/04.03.TcoSL.4.1.6_TestSR.txt,2025-12-29 22:42:02.100175
0.1.1.1.0.0.searchglobal.0,Small,4,3,TcoSL,4,1,6,TestLA,0.50169,0.5008925459212236,0.94842,0.6555611620689417,0.49831,/gpfs/projects/HeinzGroup/caffeine_underground/mlrt/FlexFringe/FlexFringe/models-ps-small/0.1.1.1.0.0.searchglobal.0.ini/0.1.1.1.0.0.searchglobal.0_04.03.TcoSL.4.1.6_Small.final.json,/gpfs/projects/HeinzGroup/asoubki/FlexFringe/data/MLRegTest/Large/04.03.TcoSL.4.1.6_TestLA.txt,2025-12-29 22:42:02.100175
0.1.1.1.0.0.searchglobal.0,Small,4,3,TcoSL,4,1,6,TestSA,0.50144,0.5007583896859003,0.95082,0.6560184354689591,0.49856,/gpfs/projects/HeinzGroup/caffeine_underground/mlrt/FlexFringe/FlexFringe/models-ps-small/0.1.1.1.0.0.searchglobal.0.ini/0.1.1.1.0.0.searchglobal.0_04.03.TcoSL.4.1.6_Small.final.json,/gpfs/projects/HeinzGroup/asoubki/FlexFringe/data/MLRegTest/Large/04.03.TcoSL.4.1.6_TestSA.txt,2025-12-29 22:42:02.100175
0.1.1.1.0.0.searchglobal.0,Small,4,3,TcoSL,4,1,6,TestLR,0.5018,0.5009484266655426,0.95074,0.6561624359876875,0.4982,/gpfs/projects/HeinzGroup/caffeine_underground/mlrt/FlexFringe/FlexFringe/models-ps-small/0.1.1.1.0.0.searchglobal.0.ini/0.1.1.1.0.0.searchglobal.0_04.03.TcoSL.4.1.6_Small.final.json,/gpfs/projects/HeinzGroup/asoubki/FlexFringe/data/MLRegTest/Large/04.03.TcoSL.4.1.6_TestLR.txt,2025-12-29 22:42:02.100175
0.1.1.1.0.0.searchglobal.0,Small,4,3,TcoSL,4,1,6,Dev,0.5034,0.5017881560955085,0.9541,0.6576824981043634,0.4966,/gpfs/projects/HeinzGroup/caffeine_underground/mlrt/FlexFringe/FlexFringe/models-ps-small/0.1.1.1.0.0.searchglobal.0.ini/0.1.1.1.0.0.searchglobal.0_04.03.TcoSL.4.1.6_Small.final.json,/gpfs/projects/HeinzGroup/asoubki/FlexFringe/data/MLRegTest/Large/04.03.TcoSL.4.1.6_Dev.txt,2025-12-29 22:42:02.100175
0.1.1.1.0.0.searchglobal.0,Small,4,3,TcoSL,4,1,6,Train,0.505,0.5026014568158168,0.966,0.6611909650924025,0.495,/gpfs/projects/HeinzGroup/caffeine_underground/mlrt/FlexFringe/FlexFringe/models-ps-small/0.1.1.1.0.0.searchglobal.0.ini/0.1.1.1.0.0.searchglobal.0_04.03.TcoSL.4.1.6_Small.final.json,/gpfs/projects/HeinzGroup/asoubki/FlexFringe/data/MLRegTest/Small/04.03.TcoSL.4.1.6_Train.txt,2025-12-29 22:42:02.100175
0.1.1.1.0.0.searchglobal.0,Small,4,3,TcoSL,4,1,7,TestLR,0.49999,0.49999487069009735,0.97478,0.6609618996602906,0.50001,/gpfs/projects/HeinzGroup/caffeine_underground/mlrt/FlexFringe/FlexFringe/models-ps-small/0.1.1.1.0.0.searchglobal.0.ini/0.1.1.1.0.0.searchglobal.0_04.03.TcoSL.4.1.7_Small.final.json,/gpfs/projects/HeinzGroup/asoubki/FlexFringe/data/MLRegTest/Large/04.03.TcoSL.4.1.7_TestLR.txt,2025-12-29 22:37:09.475078
0.1.1.1.0.0.searchglobal.0,Small,4,3,TcoSL,4,1,7,TestSA,0.50297,0.5015261605500344,0.976,0.6625798524130534,0.49703,/gpfs/projects/HeinzGroup/caffeine_underground/mlrt/FlexFringe/FlexFringe/models-ps-small/0.1.1.1.0.0.searchglobal.0.ini/0.1.1.1.0.0.searchglobal.0_04.03.TcoSL.4.1.7_Small.final.json,/gpfs/projects/HeinzGroup/asoubki/FlexFringe/data/MLRegTest/Large/04.03.TcoSL.4.1.7_TestSA.txt,2025-12-29 22:37:09.475078
0.1.1.1.0.0.searchglobal.0,Small,4,3,TcoSL,4,1,7,TestLA,0.50269,0.501384214805438,0.97436,0.6620777755882773,0.49731,/gpfs/projects/HeinzGroup/caffeine_underground/mlrt/FlexFringe/FlexFringe/models-ps-small/0.1.1.1.0.0.searchglobal.0.ini/0.1.1.1.0.0.searchglobal.0_04.03.TcoSL.4.1.7_Small.final.json,/gpfs/projects/HeinzGroup/asoubki/FlexFringe/data/MLRegTest/Large/04.03.TcoSL.4.1.7_TestLA.txt,2025-12-29 22:37:09.475078
0.1.1.1.0.0.searchglobal.0,Small,4,3,TcoSL,4,1,7,TestSR,0.50039,0.5002000677152267,0.97506,0.6612055578536215,0.49961,/gpfs/projects/HeinzGroup/caffeine_underground/mlrt/FlexFringe/FlexFringe/models-ps-small/0.1.1.1.0.0.searchglobal.0.ini/0.1.1.1.0.0.searchglobal.0_04.03.TcoSL.4.1.7_Small.final.json,/gpfs/projects/HeinzGroup/asoubki/FlexFringe/data/MLRegTest/Large/04.03.TcoSL.4.1.7_TestSR.txt,2025-12-29 22:37:09.475078
0.1.1.1.0.0.searchglobal.0,Small,4,3,TcoSL,4,1,7,Dev,0.50044,0.5002257058437295,0.97516,0.6612509493327547,0.49956,/gpfs/projects/HeinzGroup/caffeine_underground/mlrt/FlexFringe/FlexFringe/models-ps-small/0.1.1.1.0.0.searchglobal.0.ini/0.1.1.1.0.0.searchglobal.0_04.03.TcoSL.4.1.7_Small.final.json,/gpfs/projects/HeinzGroup/asoubki/FlexFringe/data/MLRegTest/Large/04.03.TcoSL.4.1.7_Dev.txt,2025-12-29 22:37:09.475078
0.1.1.1.0.0.searchglobal.0,Small,4,3,TcoSL,4,1,7,Train,0.498,0.4989754098360656,0.974,0.6598915989159891,0.502,/gpfs/projects/HeinzGroup/caffeine_underground/mlrt/FlexFringe/FlexFringe/models-ps-small/0.1.1.1.0.0.searchglobal.0.ini/0.1.1.1.0.0.searchglobal.0_04.03.TcoSL.4.1.7_Small.final.json,/gpfs/projects/HeinzGroup/asoubki/FlexFringe/data/MLRegTest/Small/04.03.TcoSL.4.1.7_Train.txt,2025-12-29 22:37:09.475078
0.1.1.1.0.0.searchglobal.0,Small,4,3,TcoSL,4,1,8,TestLA,0.48387,0.49138271842378006,0.91978,0.6405554665682389,0.51613,/gpfs/projects/HeinzGroup/caffeine_underground/mlrt/FlexFringe/FlexFringe/models-ps-small/0.1.1.1.0.0.searchglobal.0.ini/0.1.1.1.0.0.searchglobal.0_04.03.TcoSL.4.1.8_Small.final.json,/gpfs/projects/HeinzGroup/asoubki/FlexFringe/data/MLRegTest/Large/04.03.TcoSL.4.1.8_TestLA.txt,2025-12-29 22:03:11.433530
0.1.1.1.0.0.searchglobal.0,Small,4,3,TcoSL,4,1,8,TestSR,0.48058,0.48973941712281,0.92692,0.6408728238173597,0.51942,/gpfs/projects/HeinzGroup/caffeine_underground/mlrt/FlexFringe/FlexFringe/models-ps-small/0.1.1.1.0.0.searchglobal.0.ini/0.1.1.1.0.0.searchglobal.0_04.03.TcoSL.4.1.8_Small.final.json,/gpfs/projects/HeinzGroup/asoubki/FlexFringe/data/MLRegTest/Large/04.03.TcoSL.4.1.8_TestSR.txt,2025-12-29 22:03:11.433530
0.1.1.1.0.0.searchglobal.0,Small,4,3,TcoSL,4,1,8,TestSA,0.48448,0.49180362499471886,0.93124,0.6436727584395476,0.51552,/gpfs/projects/HeinzGroup/caffeine_underground/mlrt/FlexFringe/FlexFringe/models-ps-small/0.1.1.1.0.0.searchglobal.0.ini/0.1.1.1.0.0.searchglobal.0_04.03.TcoSL.4.1.8_Small.final.json,/gpfs/projects/HeinzGroup/asoubki/FlexFringe/data/MLRegTest/Large/04.03.TcoSL.4.1.8_TestSA.txt,2025-12-29 22:03:11.433530
0.1.1.1.0.0.searchglobal.0,Small,4,3,TcoSL,4,1,8,TestLR,0.48054,0.48961712480792213,0.91766,0.63854097083055,0.51946,/gpfs/projects/HeinzGroup/caffeine_underground/mlrt/FlexFringe/FlexFringe/models-ps-small/0.1.1.1.0.0.searchglobal.0.ini/0.1.1.1.0.0.searchglobal.0_04.03.TcoSL.4.1.8_Small.final.json,/gpfs/projects/HeinzGroup/asoubki/FlexFringe/data/MLRegTest/Large/04.03.TcoSL.4.1.8_TestLR.txt,2025-12-29 22:03:11.433530
0.1.1.1.0.0.searchglobal.0,Small,4,3,TcoSL,4,1,8,Dev,0.4803,0.48959191867960017,0.92668,0.6406891688214715,0.5197,/gpfs/projects/HeinzGroup/caffeine_underground/mlrt/FlexFringe/FlexFringe/models-ps-small/0.1.1.1.0.0.searchglobal.0.ini/0.1.1.1.0.0.searchglobal.0_04.03.TcoSL.4.1.8_Small.final.json,/gpfs/projects/HeinzGroup/asoubki/FlexFringe/data/MLRegTest/Large/04.03.TcoSL.4.1.8_Dev.txt,2025-12-29 22:03:11.433530
0.1.1.1.0.0.searchglobal.0,Small,4,3,TcoSL,4,1,8,Train,0.47,0.4838709677419355,0.9,0.6293706293706294,0.53,/gpfs/projects/HeinzGroup/caffeine_underground/mlrt/FlexFringe/FlexFringe/models-ps-small/0.1.1.1.0.0.searchglobal.0.ini/0.1.1.1.0.0.searchglobal.0_04.03.TcoSL.4.1.8_Small.final.json,/gpfs/projects/HeinzGroup/asoubki/FlexFringe/data/MLRegTest/Small/04.03.TcoSL.4.1.8_Train.txt,2025-12-29 22:03:11.433530
0.1.1.1.0.0.searchglobal.0,Small,4,3,TcoSL,4,1,9,TestSR,0.49327,0.49661015241721823,0.98594,0.6605210796760168,0.50673,/gpfs/projects/HeinzGroup/caffeine_underground/mlrt/FlexFringe/FlexFringe/models-ps-small/0.1.1.1.0.0.searchglobal.0.ini/0.1.1.1.0.0.searchglobal.0_04.03.TcoSL.4.1.9_Small.final.json,/gpfs/projects/HeinzGroup/asoubki/FlexFringe/data/MLRegTest/Large/04.03.TcoSL.4.1.9_TestSR.txt,2025-12-29 22:36:38.900277
0.1.1.1.0.0.searchglobal.0,Small,4,3,TcoSL,4,1,9,TestLA,0.49871,0.49935253315130645,0.9949,0.6649556540278976,0.50129,/gpfs/projects/HeinzGroup/caffeine_underground/mlrt/FlexFringe/FlexFringe/models-ps-small/0.1.1.1.0.0.searchglobal.0.ini/0.1.1.1.0.0.searchglobal.0_04.03.TcoSL.4.1.9_Small.final.json,/gpfs/projects/HeinzGroup/asoubki/FlexFringe/data/MLRegTest/Large/04.03.TcoSL.4.1.9_TestLA.txt,2025-12-29 22:36:38.900277
0.1.1.1.0.0.searchglobal.0,Small,4,3,TcoSL,4,1,9,TestSA,0.49941,0.4997046721861266,0.9983,0.6660261927159431,0.50059,/gpfs/projects/HeinzGroup/caffeine_underground/mlrt/FlexFringe/FlexFringe/models-ps-small/0.1.1.1.0.0.searchglobal.0.ini/0.1.1.1.0.0.searchglobal.0_04.03.TcoSL.4.1.9_Small.final.json,/gpfs/projects/HeinzGroup/asoubki/FlexFringe/data/MLRegTest/Large/04.03.TcoSL.4.1.9_TestSA.txt,2025-12-29 22:36:38.900277
0.1.1.1.0.0.searchglobal.0,Small,4,3,TcoSL,4,1,9,TestLR,0.48906,0.49445615599789194,0.97574,0.6563214679688971,0.51094,/gpfs/projects/HeinzGroup/caffeine_underground/mlrt/FlexFringe/FlexFringe/models-ps-small/0.1.1.1.0.0.searchglobal.0.ini/0.1.1.1.0.0.searchglobal.0_04.03.TcoSL.4.1.9_Small.final.json,/gpfs/projects/HeinzGroup/asoubki/FlexFringe/data/MLRegTest/Large/04.03.TcoSL.4.1.9_TestLR.txt,2025-12-29 22:36:38.900277
0.1.1.1.0.0.searchglobal.0,Small,4,3,TcoSL,4,1,9,Dev,0.49308,0.4965144860377967,0.98576,0.6603960661360774,0.50692,/gpfs/projects/HeinzGroup/caffeine_underground/mlrt/FlexFringe/FlexFringe/models-ps-small/0.1.1.1.0.0.searchglobal.0.ini/0.1.1.1.0.0.searchglobal.0_04.03.TcoSL.4.1.9_Small.final.json,/gpfs/projects/HeinzGroup/asoubki/FlexFringe/data/MLRegTest/Large/04.03.TcoSL.4.1.9_Dev.txt,2025-12-29 22:36:38.900277
0.1.1.1.0.0.searchglobal.0,Small,4,3,TcoSL,4,1,9,Train,0.487,0.49341438703140833,0.974,0.6550100874243443,0.513,/gpfs/projects/HeinzGroup/caffeine_underground/mlrt/FlexFringe/FlexFringe/models-ps-small/0.1.1.1.0.0.searchglobal.0.ini/0.1.1.1.0.0.searchglobal.0_04.03.TcoSL.4.1.9_Small.final.json,/gpfs/projects/HeinzGroup/asoubki/FlexFringe/data/MLRegTest/Small/04.03.TcoSL.4.1.9_Train.txt,2025-12-29 22:36:38.900277
0.1.1.1.0.0.searchglobal.0,Small,4,3,TcoSL,6,1,0,TestSA,1.0,1.0,1.0,1.0,0.0,/gpfs/projects/HeinzGroup/caffeine_underground/mlrt/FlexFringe/FlexFringe/models-ps-small/0.1.1.1.0.0.searchglobal.0.ini/0.1.1.1.0.0.searchglobal.0_04.03.TcoSL.6.1.0_Small.final.json,/gpfs/projects/HeinzGroup/asoubki/FlexFringe/data/MLRegTest/Large/04.03.TcoSL.6.1.0_TestSA.txt,2025-12-29 22:51:20.021242
0.1.1.1.0.0.searchglobal.0,Small,4,3,TcoSL,6,1,0,TestSR,1.0,1.0,1.0,1.0,0.0,/gpfs/projects/HeinzGroup/caffeine_underground/mlrt/FlexFringe/FlexFringe/models-ps-small/0.1.1.1.0.0.searchglobal.0.ini/0.1.1.1.0.0.searchglobal.0_04.03.TcoSL.6.1.0_Small.final.json,/gpfs/projects/HeinzGroup/asoubki/FlexFringe/data/MLRegTest/Large/04.03.TcoSL.6.1.0_TestSR.txt,2025-12-29 22:51:20.021242
0.1.1.1.0.0.searchglobal.0,Small,4,3,TcoSL,6,1,0,TestLR,1.0,1.0,1.0,1.0,0.0,/gpfs/projects/HeinzGroup/caffeine_underground/mlrt/FlexFringe/FlexFringe/models-ps-small/0.1.1.1.0.0.searchglobal.0.ini/0.1.1.1.0.0.searchglobal.0_04.03.TcoSL.6.1.0_Small.final.json,/gpfs/projects/HeinzGroup/asoubki/FlexFringe/data/MLRegTest/Large/04.03.TcoSL.6.1.0_TestLR.txt,2025-12-29 22:51:20.021242
0.1.1.1.0.0.searchglobal.0,Small,4,3,TcoSL,6,1,0,TestLA,1.0,1.0,1.0,1.0,0.0,/gpfs/projects/HeinzGroup/caffeine_underground/mlrt/FlexFringe/FlexFringe/models-ps-small/0.1.1.1.0.0.searchglobal.0.ini/0.1.1.1.0.0.searchglobal.0_04.03.TcoSL.6.1.0_Small.final.json,/gpfs/projects/HeinzGroup/asoubki/FlexFringe/data/MLRegTest/Large/04.03.TcoSL.6.1.0_TestLA.txt,2025-12-29 22:51:20.021242
0.1.1.1.0.0.searchglobal.0,Small,4,3,TcoSL,6,1,0,Dev,1.0,1.0,1.0,1.0,0.0,/gpfs/projects/HeinzGroup/caffeine_underground/mlrt/FlexFringe/FlexFringe/models-ps-small/0.1.1.1.0.0.searchglobal.0.ini/0.1.1.1.0.0.searchglobal.0_04.03.TcoSL.6.1.0_Small.final.json,/gpfs/projects/HeinzGroup/asoubki/FlexFringe/data/MLRegTest/Large/04.03.TcoSL.6.1.0_Dev.txt,2025-12-29 22:51:20.021242
0.1.1.1.0.0.searchglobal.0,Small,4,3,TcoSL,6,1,0,Train,1.0,1.0,1.0,1.0,0.0,/gpfs/projects/HeinzGroup/caffeine_underground/mlrt/FlexFringe/FlexFringe/models-ps-small/0.1.1.1.0.0.searchglobal.0.ini/0.1.1.1.0.0.searchglobal.0_04.03.TcoSL.6.1.0_Small.final.json,/gpfs/projects/HeinzGroup/asoubki/FlexFringe/data/MLRegTest/Small/04.03.TcoSL.6.1.0_Train.txt,2025-12-29 22:51:20.021242
0.1.1.1.0.0.searchglobal.0,Small,4,3,TcoSL,6,1,1,TestLA,0.698,0.8458152857342462,0.48428,0.6159129063437961,0.302,/gpfs/projects/HeinzGroup/caffeine_underground/mlrt/FlexFringe/FlexFringe/models-ps-small/0.1.1.1.0.0.searchglobal.0.ini/0.1.1.1.0.0.searchglobal.0_04.03.TcoSL.6.1.1_Small.final.json,/gpfs/projects/HeinzGroup/asoubki/FlexFringe/data/MLRegTest/Large/04.03.TcoSL.6.1.1_TestLA.txt,2025-12-29 22:47:40.771847
0.1.1.1.0.0.searchglobal.0,Small,4,3,TcoSL,6,1,1,TestSA,0.69488,0.8527112140736987,0.47114,0.6069358204725221,0.30512,/gpfs/projects/HeinzGroup/caffeine_underground/mlrt/FlexFringe/FlexFringe/models-ps-small/0.1.1.1.0.0.searchglobal.0.ini/0.1.1.1.0.0.searchglobal.0_04.03.TcoSL.6.1.1_Small.final.json,/gpfs/projects/HeinzGroup/asoubki/FlexFringe/data/MLRegTest/Large/04.03.TcoSL.6.1.1_TestSA.txt,2025-12-29 22:47:40.771847
0.1.1.1.0.0.searchglobal.0,Small,4,3,TcoSL,6,1,1,TestSR,0.73301,0.9825622333595659,0.47444,0.6398985743765426,0.26699,/gpfs/projects/HeinzGroup/caffeine_underground/mlrt/FlexFringe/FlexFringe/models-ps-small/0.1.1.1.0.0.searchglobal.0.ini/0.1.1.1.0.0.searchglobal.0_04.03.TcoSL.6.1.1_Small.final.json,/gpfs/projects/HeinzGroup/asoubki/FlexFringe/data/MLRegTest/Large/04.03.TcoSL.6.1.1_TestSR.txt,2025-12-29 22:47:40.771847
0.1.1.1.0.0.searchglobal.0,Small,4,3,TcoSL,6,1,1,TestLR,0.73837,0.9677406695184647,0.49318,0.6533829705488798,0.26163,/gpfs/projects/HeinzGroup/caffeine_underground/mlrt/FlexFringe/FlexFringe/models-ps-small/0.1.1.1.0.0.searchglobal.0.ini/0.1.1.1.0.0.searchglobal.0_04.03.TcoSL.6.1.1_Small.final.json,/gpfs/projects/HeinzGroup/asoubki/FlexFringe/data/MLRegTest/Large/04.03.TcoSL.6.1.1_TestLR.txt,2025-12-29 22:47:40.771847
0.1.1.1.0.0.searchglobal.0,Small,4,3,TcoSL,6,1,1,Dev,0.73155,0.9819339799358948,0.47178,0.6373424476176324,0.26845,/gpfs/projects/HeinzGroup/caffeine_underground/mlrt/FlexFringe/FlexFringe/models-ps-small/0.1.1.1.0.0.searchglobal.0.ini/0.1.1.1.0.0.searchglobal.0_04.03.TcoSL.6.1.1_Small.final.json,/gpfs/projects/HeinzGroup/asoubki/FlexFringe/data/MLRegTest/Large/04.03.TcoSL.6.1.1_Dev.txt,2025-12-29 22:47:40.771847
0.1.1.1.0.0.searchglobal.0,Small,4,3,TcoSL,6,1,1,Train,0.726,0.9788135593220338,0.462,0.6277173913043478,0.274,/gpfs/projects/HeinzGroup/caffeine_underground/mlrt/FlexFringe/FlexFringe/models-ps-small/0.1.1.1.0.0.searchglobal.0.ini/0.1.1.1.0.0.searchglobal.0_04.03.TcoSL.6.1.1_Small.final.json,/gpfs/projects/HeinzGroup/asoubki/FlexFringe/data/MLRegTest/Small/04.03.TcoSL.6.1.1_Train.txt,2025-12-29 22:47:40.771847
0.1.1.1.0.0.searchglobal.0,Small,4,3,TcoSL,6,1,2,TestSR,0.86291,0.8805444288320785,0.83974,0.8596582824032841,0.13709,/gpfs/projects/HeinzGroup/caffeine_underground/mlrt/FlexFringe/FlexFringe/models-ps-small/0.1.1.1.0.0.searchglobal.0.ini/0.1.1.1.0.0.searchglobal.0_04.03.TcoSL.6.1.2_Small.final.json,/gpfs/projects/HeinzGroup/asoubki/FlexFringe/data/MLRegTest/Large/04.03.TcoSL.6.1.2_TestSR.txt,2025-12-29 22:23:15.999561
0.1.1.1.0.0.searchglobal.0,Small,4,3,TcoSL,6,1,2,TestLR,0.80465,0.8176415389427588,0.7842,0.80057169108264,0.19535,/gpfs/projects/HeinzGroup/caffeine_underground/mlrt/FlexFringe/FlexFringe/models-ps-small/0.1.1.1.0.0.searchglobal.0.ini/0.1.1.1.0.0.searchglobal.0_04.03.TcoSL.6.1.2_Small.final.json,/gpfs/projects/HeinzGroup/asoubki/FlexFringe/data/MLRegTest/Large/04.03.TcoSL.6.1.2_TestLR.txt,2025-12-29 22:23:15.999561
0.1.1.1.0.0.searchglobal.0,Small,4,3,TcoSL,6,1,2,TestLA,0.70999,0.6859207054698706,0.77472,0.72762108703615,0.29001,/gpfs/projects/HeinzGroup/caffeine_underground/mlrt/FlexFringe/FlexFringe/models-ps-small/0.1.1.1.0.0.searchglobal.0.ini/0.1.1.1.0.0.searchglobal.0_04.03.TcoSL.6.1.2_Small.final.json,/gpfs/projects/HeinzGroup/asoubki/FlexFringe/data/MLRegTest/Large/04.03.TcoSL.6.1.2_TestLA.txt,2025-12-29 22:23:15.999561
0.1.1.1.0.0.searchglobal.0,Small,4,3,TcoSL,6,1,2,TestSA,0.75086,0.7160574637406553,0.8314,0.7694300997649324,0.24914,/gpfs/projects/HeinzGroup/caffeine_underground/mlrt/FlexFringe/FlexFringe/models-ps-small/0.1.1.1.0.0.searchglobal.0.ini/0.1.1.1.0.0.searchglobal.0_04.03.TcoSL.6.1.2_Small.final.json,/gpfs/projects/HeinzGroup/asoubki/FlexFringe/data/MLRegTest/Large/04.03.TcoSL.6.1.2_TestSA.txt,2025-12-29 22:23:15.999561
0.1.1.1.0.0.searchglobal.0,Small,4,3,TcoSL,6,1,2,Dev,0.86166,0.8813691580900962,0.83582,0.8579904738441324,0.13834,/gpfs/projects/HeinzGroup/caffeine_underground/mlrt/FlexFringe/FlexFringe/models-ps-small/0.1.1.1.0.0.searchglobal.0.ini/0.1.1.1.0.0.searchglobal.0_04.03.TcoSL.6.1.2_Small.final.json,/gpfs/projects/HeinzGroup/asoubki/FlexFringe/data/MLRegTest/Large/04.03.TcoSL.6.1.2_Dev.txt,2025-12-29 22:23:15.999561
0.1.1.1.0.0.searchglobal.0,Small,4,3,TcoSL,6,1,2,Train,0.874,0.9047619047619048,0.836,0.8690228690228691,0.126,/gpfs/projects/HeinzGroup/caffeine_underground/mlrt/FlexFringe/FlexFringe/models-ps-small/0.1.1.1.0.0.searchglobal.0.ini/0.1.1.1.0.0.searchglobal.0_04.03.TcoSL.6.1.2_Small.final.json,/gpfs/projects/HeinzGroup/asoubki/FlexFringe/data/MLRegTest/Small/04.03.TcoSL.6.1.2_Train.txt,2025-12-29 22:23:15.999561
0.1.1.1.0.0.searchglobal.0,Small,4,3,TcoSL,6,1,3,TestLA,0.56775,0.5589366181255111,0.64252,0.597820929129023,0.43225,/gpfs/projects/HeinzGroup/caffeine_underground/mlrt/FlexFringe/FlexFringe/models-ps-small/0.1.1.1.0.0.searchglobal.0.ini/0.1.1.1.0.0.searchglobal.0_04.03.TcoSL.6.1.3_Small.final.json,/gpfs/projects/HeinzGroup/asoubki/FlexFringe/data/MLRegTest/Large/04.03.TcoSL.6.1.3_TestLA.txt,2025-12-29 22:25:59.344948
0.1.1.1.0.0.searchglobal.0,Small,4,3,TcoSL,6,1,3,TestSR,0.76673,0.7784063628582761,0.74576,0.7617335525979796,0.23327,/gpfs/projects/HeinzGroup/caffeine_underground/mlrt/FlexFringe/FlexFringe/models-ps-small/0.1.1.1.0.0.searchglobal.0.ini/0.1.1.1.0.0.searchglobal.0_04.03.TcoSL.6.1.3_Small.final.json,/gpfs/projects/HeinzGroup/asoubki/FlexFringe/data/MLRegTest/Large/04.03.TcoSL.6.1.3_TestSR.txt,2025-12-29 22:25:59.344948
0.1.1.1.0.0.searchglobal.0,Small,4,3,TcoSL,6,1,3,TestLR,0.68307,0.6913877098709934,0.66134,0.6760301348298527,0.31693,/gpfs/projects/HeinzGroup/caffeine_underground/mlrt/FlexFringe/FlexFringe/models-ps-small/0.1.1.1.0.0.searchglobal.0.ini/0.1.1.1.0.0.searchglobal.0_04.03.TcoSL.6.1.3_Small.final.json,/gpfs/projects/HeinzGroup/asoubki/FlexFringe/data/MLRegTest/Large/04.03.TcoSL.6.1.3_TestLR.txt,2025-12-29 22:25:59.344948
0.1.1.1.0.0.searchglobal.0,Small,4,3,TcoSL,6,1,3,TestSA,0.59579,0.5766970390891476,0.72026,0.6405328732647381,0.40421,/gpfs/projects/HeinzGroup/caffeine_underground/mlrt/FlexFringe/FlexFringe/models-ps-small/0.1.1.1.0.0.searchglobal.0.ini/0.1.1.1.0.0.searchglobal.0_04.03.TcoSL.6.1.3_Small.final.json,/gpfs/projects/HeinzGroup/asoubki/FlexFringe/data/MLRegTest/Large/04.03.TcoSL.6.1.3_TestSA.txt,2025-12-29 22:25:59.344948
0.1.1.1.0.0.searchglobal.0,Small,4,3,TcoSL,6,1,3,Dev,0.76533,0.7775824911597933,0.74326,0.760033949260172,0.23467,/gpfs/projects/HeinzGroup/caffeine_underground/mlrt/FlexFringe/FlexFringe/models-ps-small/0.1.1.1.0.0.searchglobal.0.ini/0.1.1.1.0.0.searchglobal.0_04.03.TcoSL.6.1.3_Small.final.json,/gpfs/projects/HeinzGroup/asoubki/FlexFringe/data/MLRegTest/Large/04.03.TcoSL.6.1.3_Dev.txt,2025-12-29 22:25:59.344948
0.1.1.1.0.0.searchglobal.0,Small,4,3,TcoSL,6,1,3,Train,0.768,0.771255060728745,0.762,0.7665995975855131,0.232,/gpfs/projects/HeinzGroup/caffeine_underground/mlrt/FlexFringe/FlexFringe/models-ps-small/0.1.1.1.0.0.searchglobal.0.ini/0.1.1.1.0.0.searchglobal.0_04.03.TcoSL.6.1.3_Small.final.json,/gpfs/projects/HeinzGroup/asoubki/FlexFringe/data/MLRegTest/Small/04.03.TcoSL.6.1.3_Train.txt,2025-12-29 22:25:59.344948
0.1.1.1.0.0.searchglobal.0,Small,4,3,TcoSL,6,1,4,TestLR,0.5001,0.5000501403931007,0.9973,0.6661100721346513,0.4999,/gpfs/projects/HeinzGroup/caffeine_underground/mlrt/FlexFringe/FlexFringe/models-ps-small/0.1.1.1.0.0.searchglobal.0.ini/0.1.1.1.0.0.searchglobal.0_04.03.TcoSL.6.1.4_Small.final.json,/gpfs/projects/HeinzGroup/asoubki/FlexFringe/data/MLRegTest/Large/04.03.TcoSL.6.1.4_TestLR.txt,2025-12-29 23:21:58.811034
0.1.1.1.0.0.searchglobal.0,Small,4,3,TcoSL,6,1,4,TestLA,0.50031,0.500155430542603,0.99754,0.6662570212993327,0.49969,/gpfs/projects/HeinzGroup/caffeine_underground/mlrt/FlexFringe/FlexFringe/models-ps-small/0.1.1.1.0.0.searchglobal.0.ini/0.1.1.1.0.0.searchglobal.0_04.03.TcoSL.6.1.4_Small.final.json,/gpfs/projects/HeinzGroup/asoubki/FlexFringe/data/MLRegTest/Large/04.03.TcoSL.6.1.4_TestLA.txt,2025-12-29 23:21:58.811034
0.1.1.1.0.0.searchglobal.0,Small,4,3,TcoSL,6,1,4,TestSR,0.49991,0.4999548912880041,0.9975,0.666070152712024,0.50009,/gpfs/projects/HeinzGroup/caffeine_underground/mlrt/FlexFringe/FlexFringe/models-ps-small/0.1.1.1.0.0.searchglobal.0.ini/0.1.1.1.0.0.searchglobal.0_04.03.TcoSL.6.1.4_Small.final.json,/gpfs/projects/HeinzGroup/asoubki/FlexFringe/data/MLRegTest/Large/04.03.TcoSL.6.1.4_TestSR.txt,2025-12-29 23:21:58.811034
0.1.1.1.0.0.searchglobal.0,Small,4,3,TcoSL,6,1,4,TestSA,0.50024,0.5001203369434416,0.99744,0.66620358001603,0.49976,/gpfs/projects/HeinzGroup/caffeine_underground/mlrt/FlexFringe/FlexFringe/models-ps-small/0.1.1.1.0.0.searchglobal.0.ini/0.1.1.1.0.0.searchglobal.0_04.03.TcoSL.6.1.4_Small.final.json,/gpfs/projects/HeinzGroup/asoubki/FlexFringe/data/MLRegTest/Large/04.03.TcoSL.6.1.4_TestSA.txt,2025-12-29 23:21:58.811034
0.1.1.1.0.0.searchglobal.0,Small,4,3,TcoSL,6,1,4,Dev,0.50003,0.5000150386493287,0.99746,0.6661146096979491,0.49997,/gpfs/projects/HeinzGroup/caffeine_underground/mlrt/FlexFringe/FlexFringe/models-ps-small/0.1.1.1.0.0.searchglobal.0.ini/0.1.1.1.0.0.searchglobal.0_04.03.TcoSL.6.1.4_Small.final.json,/gpfs/projects/HeinzGroup/asoubki/FlexFringe/data/MLRegTest/Large/04.03.TcoSL.6.1.4_Dev.txt,2025-12-29 23:21:58.811034
0.1.1.1.0.0.searchglobal.0,Small,4,3,TcoSL,6,1,4,Train,0.5,0.5,0.998,0.6662216288384513,0.5,/gpfs/projects/HeinzGroup/caffeine_underground/mlrt/FlexFringe/FlexFringe/models-ps-small/0.1.1.1.0.0.searchglobal.0.ini/0.1.1.1.0.0.searchglobal.0_04.03.TcoSL.6.1.4_Small.final.json,/gpfs/projects/HeinzGroup/asoubki/FlexFringe/data/MLRegTest/Small/04.03.TcoSL.6.1.4_Train.txt,2025-12-29 23:21:58.811034
0.1.1.1.0.0.searchglobal.0,Small,4,3,TcoSL,6,1,5,TestLR,0.49923,0.4996114211891521,0.99002,0.6640908511594523,0.50077,/gpfs/projects/HeinzGroup/caffeine_underground/mlrt/FlexFringe/FlexFringe/models-ps-small/0.1.1.1.0.0.searchglobal.0.ini/0.1.1.1.0.0.searchglobal.0_04.03.TcoSL.6.1.5_Small.final.json,/gpfs/projects/HeinzGroup/asoubki/FlexFringe/data/MLRegTest/Large/04.03.TcoSL.6.1.5_TestLR.txt,2025-12-29 22:34:09.008803
0.1.1.1.0.0.searchglobal.0,Small,4,3,TcoSL,6,1,5,TestSA,0.49927,0.4996320749962199,0.99132,0.6644013270332764,0.50073,/gpfs/projects/HeinzGroup/caffeine_underground/mlrt/FlexFringe/FlexFringe/models-ps-small/0.1.1.1.0.0.searchglobal.0.ini/0.1.1.1.0.0.searchglobal.0_04.03.TcoSL.6.1.5_Small.final.json,/gpfs/projects/HeinzGroup/asoubki/FlexFringe/data/MLRegTest/Large/04.03.TcoSL.6.1.5_TestSA.txt,2025-12-29 22:34:09.008803
0.1.1.1.0.0.searchglobal.0,Small,4,3,TcoSL,6,1,5,TestLA,0.49935,0.49967187294920595,0.98982,0.6640992438626742,0.50065,/gpfs/projects/HeinzGroup/caffeine_underground/mlrt/FlexFringe/FlexFringe/models-ps-small/0.1.1.1.0.0.searchglobal.0.ini/0.1.1.1.0.0.searchglobal.0_04.03.TcoSL.6.1.5_Small.final.json,/gpfs/projects/HeinzGroup/asoubki/FlexFringe/data/MLRegTest/Large/04.03.TcoSL.6.1.5_TestLA.txt,2025-12-29 22:34:09.008803
0.1.1.1.0.0.searchglobal.0,Small,4,3,TcoSL,6,1,5,TestSR,0.49951,0.4997532157498716,0.99228,0.6647239695331498,0.50049,/gpfs/projects/HeinzGroup/caffeine_underground/mlrt/FlexFringe/FlexFringe/models-ps-small/0.1.1.1.0.0.searchglobal.0.ini/0.1.1.1.0.0.searchglobal.0_04.03.TcoSL.6.1.5_Small.final.json,/gpfs/projects/HeinzGroup/asoubki/FlexFringe/data/MLRegTest/Large/04.03.TcoSL.6.1.5_TestSR.txt,2025-12-29 22:34:09.008803
0.1.1.1.0.0.searchglobal.0,Small,4,3,TcoSL,6,1,5,Dev,0.49932,0.499657416923604,0.99178,0.6645270224997655,0.50068,/gpfs/projects/HeinzGroup/caffeine_underground/mlrt/FlexFringe/FlexFringe/models-ps-small/0.1.1.1.0.0.searchglobal.0.ini/0.1.1.1.0.0.searchglobal.0_04.03.TcoSL.6.1.5_Small.final.json,/gpfs/projects/HeinzGroup/asoubki/FlexFringe/data/MLRegTest/Large/04.03.TcoSL.6.1.5_Dev.txt,2025-12-29 22:34:09.008803
0.1.1.1.0.0.searchglobal.0,Small,4,3,TcoSL,6,1,5,Train,0.5,0.5,0.996,0.6657754010695187,0.5,/gpfs/projects/HeinzGroup/caffeine_underground/mlrt/FlexFringe/FlexFringe/models-ps-small/0.1.1.1.0.0.searchglobal.0.ini/0.1.1.1.0.0.searchglobal.0_04.03.TcoSL.6.1.5_Small.final.json,/gpfs/projects/HeinzGroup/asoubki/FlexFringe/data/MLRegTest/Small/04.03.TcoSL.6.1.5_Train.txt,2025-12-29 22:34:09.008803
0.1.1.1.0.0.searchglobal.0,Small,4,3,TcoSL,6,1,6,TestLR,0.49983,0.4999146492082459,0.99572,0.6656371792043533,0.50017,/gpfs/projects/HeinzGroup/caffeine_underground/mlrt/FlexFringe/FlexFringe/models-ps-small/0.1.1.1.0.0.searchglobal.0.ini/0.1.1.1.0.0.searchglobal.0_04.03.TcoSL.6.1.6_Small.final.json,/gpfs/projects/HeinzGroup/asoubki/FlexFringe/data/MLRegTest/Large/04.03.TcoSL.6.1.6_TestLR.txt,2025-12-29 23:31:56.989625
0.1.1.1.0.0.searchglobal.0,Small,4,3,TcoSL,6,1,6,TestSR,0.49977,0.49988456712672524,0.99602,0.6656775271512113,0.50023,/gpfs/projects/HeinzGroup/caffeine_underground/mlrt/FlexFringe/FlexFringe/models-ps-small/0.1.1.1.0.0.searchglobal.0.ini/0.1.1.1.0.0.searchglobal.0_04.03.TcoSL.6.1.6_Small.final.json,/gpfs/projects/HeinzGroup/asoubki/FlexFringe/data/MLRegTest/Large/04.03.TcoSL.6.1.6_TestSR.txt,2025-12-29 23:31:56.989625
0.1.1.1.0.0.searchglobal.0,Small,4,3,TcoSL,6,1,6,TestSA,0.50001,0.5000050199291186,0.99604,0.6657887876580015,0.49999,/gpfs/projects/HeinzGroup/caffeine_underground/mlrt/FlexFringe/FlexFringe/models-ps-small/0.1.1.1.0.0.searchglobal.0.ini/0.1.1.1.0.0.searchglobal.0_04.03.TcoSL.6.1.6_Small.final.json,/gpfs/projects/HeinzGroup/asoubki/FlexFringe/data/MLRegTest/Large/04.03.TcoSL.6.1.6_TestSA.txt,2025-12-29 23:31:56.989625
0.1.1.1.0.0.searchglobal.0,Small,4,3,TcoSL,6,1,6,TestLA,0.5,0.5,0.9964,0.6658647420475808,0.5,/gpfs/projects/HeinzGroup/caffeine_underground/mlrt/FlexFringe/FlexFringe/models-ps-small/0.1.1.1.0.0.searchglobal.0.ini/0.1.1.1.0.0.searchglobal.0_04.03.TcoSL.6.1.6_Small.final.json,/gpfs/projects/HeinzGroup/asoubki/FlexFringe/data/MLRegTest/Large/04.03.TcoSL.6.1.6_TestLA.txt,2025-12-29 23:31:56.989625
0.1.1.1.0.0.searchglobal.0,Small,4,3,TcoSL,6,1,6,Dev,0.49976,0.49987948177161795,0.99546,0.6655479039914421,0.50024,/gpfs/projects/HeinzGroup/caffeine_underground/mlrt/FlexFringe/FlexFringe/models-ps-small/0.1.1.1.0.0.searchglobal.0.ini/0.1.1.1.0.0.searchglobal.0_04.03.TcoSL.6.1.6_Small.final.json,/gpfs/projects/HeinzGroup/asoubki/FlexFringe/data/MLRegTest/Large/04.03.TcoSL.6.1.6_Dev.txt,2025-12-29 23:31:56.989625
0.1.1.1.0.0.searchglobal.0,Small,4,3,TcoSL,6,1,6,Train,0.499,0.49949849548645936,0.996,0.6653306613226453,0.501,/gpfs/projects/HeinzGroup/caffeine_underground/mlrt/FlexFringe/FlexFringe/models-ps-small/0.1.1.1.0.0.searchglobal.0.ini/0.1.1.1.0.0.searchglobal.0_04.03.TcoSL.6.1.6_Small.final.json,/gpfs/projects/HeinzGroup/asoubki/FlexFringe/data/MLRegTest/Small/04.03.TcoSL.6.1.6_Train.txt,2025-12-29 23:31:56.989625
0.1.1.1.0.0.searchglobal.0,Small,4,3,TcoSL,6,1,7,TestLR,0.52466,0.5127420788293409,0.99232,0.6761238979055094,0.47534,/gpfs/projects/HeinzGroup/caffeine_underground/mlrt/FlexFringe/FlexFringe/models-ps-small/0.1.1.1.0.0.searchglobal.0.ini/0.1.1.1.0.0.searchglobal.0_04.03.TcoSL.6.1.7_Small.final.json,/gpfs/projects/HeinzGroup/asoubki/FlexFringe/data/MLRegTest/Large/04.03.TcoSL.6.1.7_TestLR.txt,2025-12-29 22:53:11.106106
0.1.1.1.0.0.searchglobal.0,Small,4,3,TcoSL,6,1,7,TestLA,0.51572,0.5082478121261726,0.9687,0.6666987845668901,0.48428,/gpfs/projects/HeinzGroup/caffeine_underground/mlrt/FlexFringe/FlexFringe/models-ps-small/0.1.1.1.0.0.searchglobal.0.ini/0.1.1.1.0.0.searchglobal.0_04.03.TcoSL.6.1.7_Small.final.json,/gpfs/projects/HeinzGroup/asoubki/FlexFringe/data/MLRegTest/Large/04.03.TcoSL.6.1.7_TestLA.txt,2025-12-29 22:53:11.106106
0.1.1.1.0.0.searchglobal.0,Small,4,3,TcoSL,6,1,7,TestSA,0.51477,0.5077267543446645,0.97054,0.6666849845786079,0.48523,/gpfs/projects/HeinzGroup/caffeine_underground/mlrt/FlexFringe/FlexFringe/models-ps-small/0.1.1.1.0.0.searchglobal.0.ini/0.1.1.1.0.0.searchglobal.0_04.03.TcoSL.6.1.7_Small.final.json,/gpfs/projects/HeinzGroup/asoubki/FlexFringe/data/MLRegTest/Large/04.03.TcoSL.6.1.7_TestSA.txt,2025-12-29 22:53:11.106106
0.1.1.1.0.0.searchglobal.0,Small,4,3,TcoSL,6,1,7,TestSR,0.52522,0.5130077778465474,0.99464,0.676892923738618,0.47478,/gpfs/projects/HeinzGroup/caffeine_underground/mlrt/FlexFringe/FlexFringe/models-ps-small/0.1.1.1.0.0.searchglobal.0.ini/0.1.1.1.0.0.searchglobal.0_04.03.TcoSL.6.1.7_Small.final.json,/gpfs/projects/HeinzGroup/asoubki/FlexFringe/data/MLRegTest/Large/04.03.TcoSL.6.1.7_TestSR.txt,2025-12-29 22:53:11.106106
0.1.1.1.0.0.searchglobal.0,Small,4,3,TcoSL,6,1,7,Dev,0.52462,0.5126983144560665,0.99404,0.6764845993657361,0.47538,/gpfs/projects/HeinzGroup/caffeine_underground/mlrt/FlexFringe/FlexFringe/models-ps-small/0.1.1.1.0.0.searchglobal.0.ini/0.1.1.1.0.0.searchglobal.0_04.03.TcoSL.6.1.7_Small.final.json,/gpfs/projects/HeinzGroup/asoubki/FlexFringe/data/MLRegTest/Large/04.03.TcoSL.6.1.7_Dev.txt,2025-12-29 22:53:11.106106
0.1.1.1.0.0.searchglobal.0,Small,4,3,TcoSL,6,1,7,Train,0.526,0.5133744855967078,0.998,0.6779891304347826,0.474,/gpfs/projects/HeinzGroup/caffeine_underground/mlrt/FlexFringe/FlexFringe/models-ps-small/0.1.1.1.0.0.searchglobal.0.ini/0.1.1.1.0.0.searchglobal.0_04.03.TcoSL.6.1.7_Small.final.json,/gpfs/projects/HeinzGroup/asoubki/FlexFringe/data/MLRegTest/Small/04.03.TcoSL.6.1.7_Train.txt,2025-12-29 22:53:11.106106
0.1.1.1.0.0.searchglobal.0,Small,4,3,TcoSL,6,1,8,TestSA,0.49774,0.49886744041533865,0.99548,0.6646547464847036,0.50226,/gpfs/projects/HeinzGroup/caffeine_underground/mlrt/FlexFringe/FlexFringe/models-ps-small/0.1.1.1.0.0.searchglobal.0.ini/0.1.1.1.0.0.searchglobal.0_04.03.TcoSL.6.1.8_Small.final.json,/gpfs/projects/HeinzGroup/asoubki/FlexFringe/data/MLRegTest/Large/04.03.TcoSL.6.1.8_TestSA.txt,2025-12-29 22:25:50.173952
0.1.1.1.0.0.searchglobal.0,Small,4,3,TcoSL,6,1,8,TestLR,0.4979,0.4989477903597555,0.9958,0.6647973830028707,0.5021,/gpfs/projects/HeinzGroup/caffeine_underground/mlrt/FlexFringe/FlexFringe/models-ps-small/0.1.1.1.0.0.searchglobal.0.ini/0.1.1.1.0.0.searchglobal.0_04.03.TcoSL.6.1.8_Small.final.json,/gpfs/projects/HeinzGroup/asoubki/FlexFringe/data/MLRegTest/Large/04.03.TcoSL.6.1.8_TestLR.txt,2025-12-29 22:25:50.173952
0.1.1.1.0.0.searchglobal.0,Small,4,3,TcoSL,6,1,8,TestSR,0.49799,0.49899297588152186,0.99598,0.6648776026542234,0.50201,/gpfs/projects/HeinzGroup/caffeine_underground/mlrt/FlexFringe/FlexFringe/models-ps-small/0.1.1.1.0.0.searchglobal.0.ini/0.1.1.1.0.0.searchglobal.0_04.03.TcoSL.6.1.8_Small.final.json,/gpfs/projects/HeinzGroup/asoubki/FlexFringe/data/MLRegTest/Large/04.03.TcoSL.6.1.8_TestSR.txt,2025-12-29 22:25:50.173952
0.1.1.1.0.0.searchglobal.0,Small,4,3,TcoSL,6,1,8,TestLA,0.49799,0.49899297588152186,0.99598,0.6648776026542234,0.50201,/gpfs/projects/HeinzGroup/caffeine_underground/mlrt/FlexFringe/FlexFringe/models-ps-small/0.1.1.1.0.0.searchglobal.0.ini/0.1.1.1.0.0.searchglobal.0_04.03.TcoSL.6.1.8_Small.final.json,/gpfs/projects/HeinzGroup/asoubki/FlexFringe/data/MLRegTest/Large/04.03.TcoSL.6.1.8_TestLA.txt,2025-12-29 22:25:50.173952
0.1.1.1.0.0.searchglobal.0,Small,4,3,TcoSL,6,1,8,Dev,0.49765,0.4988222322457776,0.9953,0.6645745000500785,0.50235,/gpfs/projects/HeinzGroup/caffeine_underground/mlrt/FlexFringe/FlexFringe/models-ps-small/0.1.1.1.0.0.searchglobal.0.ini/0.1.1.1.0.0.searchglobal.0_04.03.TcoSL.6.1.8_Small.final.json,/gpfs/projects/HeinzGroup/asoubki/FlexFringe/data/MLRegTest/Large/04.03.TcoSL.6.1.8_Dev.txt,2025-12-29 22:25:50.173952
0.1.1.1.0.0.searchglobal.0,Small,4,3,TcoSL,6,1,8,Train,0.498,0.49899799599198397,0.996,0.664886515353805,0.502,/gpfs/projects/HeinzGroup/caffeine_underground/mlrt/FlexFringe/FlexFringe/models-ps-small/0.1.1.1.0.0.searchglobal.0.ini/0.1.1.1.0.0.searchglobal.0_04.03.TcoSL.6.1.8_Small.final.json,/gpfs/projects/HeinzGroup/asoubki/FlexFringe/data/MLRegTest/Small/04.03.TcoSL.6.1.8_Train.txt,2025-12-29 22:25:50.173952
0.1.1.1.0.0.searchglobal.0,Small,4,3,TcoSL,6,1,9,TestLR,0.49352,0.49668338622172176,0.97042,0.6570654749813799,0.50648,/gpfs/projects/HeinzGroup/caffeine_underground/mlrt/FlexFringe/FlexFringe/models-ps-small/0.1.1.1.0.0.searchglobal.0.ini/0.1.1.1.0.0.searchglobal.0_04.03.TcoSL.6.1.9_Small.final.json,/gpfs/projects/HeinzGroup/asoubki/FlexFringe/data/MLRegTest/Large/04.03.TcoSL.6.1.9_TestLR.txt,2025-12-29 23:28:09.597029
0.1.1.1.0.0.searchglobal.0,Small,4,3,TcoSL,6,1,9,TestSA,0.49969,0.49984327128224315,0.98866,0.6639892005883261,0.50031,/gpfs/projects/HeinzGroup/caffeine_underground/mlrt/FlexFringe/FlexFringe/models-ps-small/0.1.1.1.0.0.searchglobal.0.ini/0.1.1.1.0.0.searchglobal.0_04.03.TcoSL.6.1.9_Small.final.json,/gpfs/projects/HeinzGroup/asoubki/FlexFringe/data/MLRegTest/Large/04.03.TcoSL.6.1.9_TestSA.txt,2025-12-29 23:28:09.597029
0.1.1.1.0.0.searchglobal.0,Small,4,3,TcoSL,6,1,9,TestSR,0.49453,0.49721999166505726,0.97834,0.6593431773609829,0.50547,/gpfs/projects/HeinzGroup/caffeine_underground/mlrt/FlexFringe/FlexFringe/models-ps-small/0.1.1.1.0.0.searchglobal.0.ini/0.1.1.1.0.0.searchglobal.0_04.03.TcoSL.6.1.9_Small.final.json,/gpfs/projects/HeinzGroup/asoubki/FlexFringe/data/MLRegTest/Large/04.03.TcoSL.6.1.9_TestSR.txt,2025-12-29 23:28:09.597029
0.1.1.1.0.0.searchglobal.0,Small,4,3,TcoSL,6,1,9,TestLA,0.49974,0.4998675847457627,0.9815,0.6623879710614404,0.50026,/gpfs/projects/HeinzGroup/caffeine_underground/mlrt/FlexFringe/FlexFringe/models-ps-small/0.1.1.1.0.0.searchglobal.0.ini/0.1.1.1.0.0.searchglobal.0_04.03.TcoSL.6.1.9_Small.final.json,/gpfs/projects/HeinzGroup/asoubki/FlexFringe/data/MLRegTest/Large/04.03.TcoSL.6.1.9_TestLA.txt,2025-12-29 23:28:09.597029
0.1.1.1.0.0.searchglobal.0,Small,4,3,TcoSL,6,1,9,Dev,0.49458,0.4972433576107743,0.97766,0.6592092132588937,0.50542,/gpfs/projects/HeinzGroup/caffeine_underground/mlrt/FlexFringe/FlexFringe/models-ps-small/0.1.1.1.0.0.searchglobal.0.ini/0.1.1.1.0.0.searchglobal.0_04.03.TcoSL.6.1.9_Small.final.json,/gpfs/projects/HeinzGroup/asoubki/FlexFringe/data/MLRegTest/Large/04.03.TcoSL.6.1.9_Dev.txt,2025-12-29 23:28:09.597029
0.1.1.1.0.0.searchglobal.0,Small,4,3,TcoSL,6,1,9,Train,0.487,0.4933875890132248,0.97,0.6540795684423466,0.513,/gpfs/projects/HeinzGroup/caffeine_underground/mlrt/FlexFringe/FlexFringe/models-ps-small/0.1.1.1.0.0.searchglobal.0.ini/0.1.1.1.0.0.searchglobal.0_04.03.TcoSL.6.1.9_Small.final.json,/gpfs/projects/HeinzGroup/asoubki/FlexFringe/data/MLRegTest/Small/04.03.TcoSL.6.1.9_Train.txt,2025-12-29 23:28:09.597029
0.1.1.1.0.0.searchglobal.0,Small,4,3,TLT,2,1,0,TestSR,1.0,1.0,1.0,1.0,0.0,/gpfs/projects/HeinzGroup/caffeine_underground/mlrt/FlexFringe/FlexFringe/models-ps-small/0.1.1.1.0.0.searchglobal.0.ini/0.1.1.1.0.0.searchglobal.0_04.03.TLT.2.1.0_Small.final.json,/gpfs/projects/HeinzGroup/asoubki/FlexFringe/data/MLRegTest/Large/04.03.TLT.2.1.0_TestSR.txt,2025-12-29 23:34:57.147719
0.1.1.1.0.0.searchglobal.0,Small,4,3,TLT,2,1,0,TestSA,1.0,1.0,1.0,1.0,0.0,/gpfs/projects/HeinzGroup/caffeine_underground/mlrt/FlexFringe/FlexFringe/models-ps-small/0.1.1.1.0.0.searchglobal.0.ini/0.1.1.1.0.0.searchglobal.0_04.03.TLT.2.1.0_Small.final.json,/gpfs/projects/HeinzGroup/asoubki/FlexFringe/data/MLRegTest/Large/04.03.TLT.2.1.0_TestSA.txt,2025-12-29 23:34:57.147719
0.1.1.1.0.0.searchglobal.0,Small,4,3,TLT,2,1,0,TestLR,1.0,1.0,1.0,1.0,0.0,/gpfs/projects/HeinzGroup/caffeine_underground/mlrt/FlexFringe/FlexFringe/models-ps-small/0.1.1.1.0.0.searchglobal.0.ini/0.1.1.1.0.0.searchglobal.0_04.03.TLT.2.1.0_Small.final.json,/gpfs/projects/HeinzGroup/asoubki/FlexFringe/data/MLRegTest/Large/04.03.TLT.2.1.0_TestLR.txt,2025-12-29 23:34:57.147719
0.1.1.1.0.0.searchglobal.0,Small,4,3,TLT,2,1,0,TestLA,1.0,1.0,1.0,1.0,0.0,/gpfs/projects/HeinzGroup/caffeine_underground/mlrt/FlexFringe/FlexFringe/models-ps-small/0.1.1.1.0.0.searchglobal.0.ini/0.1.1.1.0.0.searchglobal.0_04.03.TLT.2.1.0_Small.final.json,/gpfs/projects/HeinzGroup/asoubki/FlexFringe/data/MLRegTest/Large/04.03.TLT.2.1.0_TestLA.txt,2025-12-29 23:34:57.147719
0.1.1.1.0.0.searchglobal.0,Small,4,3,TLT,2,1,0,Dev,1.0,1.0,1.0,1.0,0.0,/gpfs/projects/HeinzGroup/caffeine_underground/mlrt/FlexFringe/FlexFringe/models-ps-small/0.1.1.1.0.0.searchglobal.0.ini/0.1.1.1.0.0.searchglobal.0_04.03.TLT.2.1.0_Small.final.json,/gpfs/projects/HeinzGroup/asoubki/FlexFringe/data/MLRegTest/Large/04.03.TLT.2.1.0_Dev.txt,2025-12-29 23:34:57.147719
0.1.1.1.0.0.searchglobal.0,Small,4,3,TLT,2,1,0,Train,1.0,1.0,1.0,1.0,0.0,/gpfs/projects/HeinzGroup/caffeine_underground/mlrt/FlexFringe/FlexFringe/models-ps-small/0.1.1.1.0.0.searchglobal.0.ini/0.1.1.1.0.0.searchglobal.0_04.03.TLT.2.1.0_Small.final.json,/gpfs/projects/HeinzGroup/asoubki/FlexFringe/data/MLRegTest/Small/04.03.TLT.2.1.0_Train.txt,2025-12-29 23:34:57.147719
0.1.1.1.0.0.searchglobal.0,Small,4,3,TLT,2,1,1,TestLR,0.61017,0.6138708010335917,0.59392,0.603730622617535,0.38983,/gpfs/projects/HeinzGroup/caffeine_underground/mlrt/FlexFringe/FlexFringe/models-ps-small/0.1.1.1.0.0.searchglobal.0.ini/0.1.1.1.0.0.searchglobal.0_04.03.TLT.2.1.1_Small.final.json,/gpfs/projects/HeinzGroup/asoubki/FlexFringe/data/MLRegTest/Large/04.03.TLT.2.1.1_TestLR.txt,2025-12-29 23:23:53.870042
0.1.1.1.0.0.searchglobal.0,Small,4,3,TLT,2,1,1,TestSR,0.6237,0.6292689044016219,0.60216,0.6154160619749403,0.3763,/gpfs/projects/HeinzGroup/caffeine_underground/mlrt/FlexFringe/FlexFringe/models-ps-small/0.1.1.1.0.0.searchglobal.0.ini/0.1.1.1.0.0.searchglobal.0_04.03.TLT.2.1.1_Small.final.json,/gpfs/projects/HeinzGroup/asoubki/FlexFringe/data/MLRegTest/Large/04.03.TLT.2.1.1_TestSR.txt,2025-12-29 23:23:53.870042
0.1.1.1.0.0.searchglobal.0,Small,4,3,TLT,2,1,1,TestSA,0.53357,0.5409041062507616,0.44392,0.48763662327676166,0.46643,/gpfs/projects/HeinzGroup/caffeine_underground/mlrt/FlexFringe/FlexFringe/models-ps-small/0.1.1.1.0.0.searchglobal.0.ini/0.1.1.1.0.0.searchglobal.0_04.03.TLT.2.1.1_Small.final.json,/gpfs/projects/HeinzGroup/asoubki/FlexFringe/data/MLRegTest/Large/04.03.TLT.2.1.1_TestSA.txt,2025-12-29 23:23:53.870042
0.1.1.1.0.0.searchglobal.0,Small,4,3,TLT,2,1,1,TestLA,0.5138,0.5172336280533493,0.41418,0.4600057753393012,0.4862,/gpfs/projects/HeinzGroup/caffeine_underground/mlrt/FlexFringe/FlexFringe/models-ps-small/0.1.1.1.0.0.searchglobal.0.ini/0.1.1.1.0.0.searchglobal.0_04.03.TLT.2.1.1_Small.final.json,/gpfs/projects/HeinzGroup/asoubki/FlexFringe/data/MLRegTest/Large/04.03.TLT.2.1.1_TestLA.txt,2025-12-29 23:23:53.870042
0.1.1.1.0.0.searchglobal.0,Small,4,3,TLT,2,1,1,Dev,0.62013,0.624505109549572,0.60256,0.6133363191270624,0.37987,/gpfs/projects/HeinzGroup/caffeine_underground/mlrt/FlexFringe/FlexFringe/models-ps-small/0.1.1.1.0.0.searchglobal.0.ini/0.1.1.1.0.0.searchglobal.0_04.03.TLT.2.1.1_Small.final.json,/gpfs/projects/HeinzGroup/asoubki/FlexFringe/data/MLRegTest/Large/04.03.TLT.2.1.1_Dev.txt,2025-12-29 23:23:53.870042
0.1.1.1.0.0.searchglobal.0,Small,4,3,TLT,2,1,1,Train,0.612,0.6196581196581197,0.58,0.5991735537190083,0.388,/gpfs/projects/HeinzGroup/caffeine_underground/mlrt/FlexFringe/FlexFringe/models-ps-small/0.1.1.1.0.0.searchglobal.0.ini/0.1.1.1.0.0.searchglobal.0_04.03.TLT.2.1.1_Small.final.json,/gpfs/projects/HeinzGroup/asoubki/FlexFringe/data/MLRegTest/Small/04.03.TLT.2.1.1_Train.txt,2025-12-29 23:23:53.870042
0.1.1.1.0.0.searchglobal.0,Small,4,3,TLT,2,1,2,TestLR,0.73515,0.7456490399682427,0.71378,0.7293665634611651,0.26485,/gpfs/projects/HeinzGroup/caffeine_underground/mlrt/FlexFringe/FlexFringe/models-ps-small/0.1.1.1.0.0.searchglobal.0.ini/0.1.1.1.0.0.searchglobal.0_04.03.TLT.2.1.2_Small.final.json,/gpfs/projects/HeinzGroup/asoubki/FlexFringe/data/MLRegTest/Large/04.03.TLT.2.1.2_TestLR.txt,2025-12-29 22:37:02.557815
0.1.1.1.0.0.searchglobal.0,Small,4,3,TLT,2,1,2,TestSA,0.66042,0.6302914135343232,0.77604,0.6956132016277944,0.33958,/gpfs/projects/HeinzGroup/caffeine_underground/mlrt/FlexFringe/FlexFringe/models-ps-small/0.1.1.1.0.0.searchglobal.0.ini/0.1.1.1.0.0.searchglobal.0_04.03.TLT.2.1.2_Small.final.json,/gpfs/projects/HeinzGroup/asoubki/FlexFringe/data/MLRegTest/Large/04.03.TLT.2.1.2_TestSA.txt,2025-12-29 22:37:02.557815
0.1.1.1.0.0.searchglobal.0,Small,4,3,TLT,2,1,2,TestLA,0.60933,0.5928429490989996,0.69812,0.6411888426602008,0.39067,/gpfs/projects/HeinzGroup/caffeine_underground/mlrt/FlexFringe/FlexFringe/models-ps-small/0.1.1.1.0.0.searchglobal.0.ini/0.1.1.1.0.0.searchglobal.0_04.03.TLT.2.1.2_Small.final.json,/gpfs/projects/HeinzGroup/asoubki/FlexFringe/data/MLRegTest/Large/04.03.TLT.2.1.2_TestLA.txt,2025-12-29 22:37:02.557815
0.1.1.1.0.0.searchglobal.0,Small,4,3,TLT,2,1,2,TestSR,0.77038,0.7583116783858147,0.79374,0.7756214821763602,0.22962,/gpfs/projects/HeinzGroup/caffeine_underground/mlrt/FlexFringe/FlexFringe/models-ps-small/0.1.1.1.0.0.searchglobal.0.ini/0.1.1.1.0.0.searchglobal.0_04.03.TLT.2.1.2_Small.final.json,/gpfs/projects/HeinzGroup/asoubki/FlexFringe/data/MLRegTest/Large/04.03.TLT.2.1.2_TestSR.txt,2025-12-29 22:37:02.557815
0.1.1.1.0.0.searchglobal.0,Small,4,3,TLT,2,1,2,Dev,0.76733,0.7536674700624372,0.79426,0.7734314899749739,0.23267,/gpfs/projects/HeinzGroup/caffeine_underground/mlrt/FlexFringe/FlexFringe/models-ps-small/0.1.1.1.0.0.searchglobal.0.ini/0.1.1.1.0.0.searchglobal.0_04.03.TLT.2.1.2_Small.final.json,/gpfs/projects/HeinzGroup/asoubki/FlexFringe/data/MLRegTest/Large/04.03.TLT.2.1.2_Dev.txt,2025-12-29 22:37:02.557815
0.1.1.1.0.0.searchglobal.0,Small,4,3,TLT,2,1,2,Train,0.762,0.755859375,0.774,0.7648221343873518,0.238,/gpfs/projects/HeinzGroup/caffeine_underground/mlrt/FlexFringe/FlexFringe/models-ps-small/0.1.1.1.0.0.searchglobal.0.ini/0.1.1.1.0.0.searchglobal.0_04.03.TLT.2.1.2_Small.final.json,/gpfs/projects/HeinzGroup/asoubki/FlexFringe/data/MLRegTest/Small/04.03.TLT.2.1.2_Train.txt,2025-12-29 22:37:02.557815
0.1.1.1.0.0.searchglobal.0,Small,4,3,TLT,2,1,3,TestLA,1.0,1.0,1.0,1.0,0.0,/gpfs/projects/HeinzGroup/caffeine_underground/mlrt/FlexFringe/FlexFringe/models-ps-small/0.1.1.1.0.0.searchglobal.0.ini/0.1.1.1.0.0.searchglobal.0_04.03.TLT.2.1.3_Small.final.json,/gpfs/projects/HeinzGroup/asoubki/FlexFringe/data/MLRegTest/Large/04.03.TLT.2.1.3_TestLA.txt,2025-12-29 23:18:53.689871
0.1.1.1.0.0.searchglobal.0,Small,4,3,TLT,2,1,3,TestSR,1.0,1.0,1.0,1.0,0.0,/gpfs/projects/HeinzGroup/caffeine_underground/mlrt/FlexFringe/FlexFringe/models-ps-small/0.1.1.1.0.0.searchglobal.0.ini/0.1.1.1.0.0.searchglobal.0_04.03.TLT.2.1.3_Small.final.json,/gpfs/projects/HeinzGroup/asoubki/FlexFringe/data/MLRegTest/Large/04.03.TLT.2.1.3_TestSR.txt,2025-12-29 23:18:53.689871
0.1.1.1.0.0.searchglobal.0,Small,4,3,TLT,2,1,3,TestLR,1.0,1.0,1.0,1.0,0.0,/gpfs/projects/HeinzGroup/caffeine_underground/mlrt/FlexFringe/FlexFringe/models-ps-small/0.1.1.1.0.0.searchglobal.0.ini/0.1.1.1.0.0.searchglobal.0_04.03.TLT.2.1.3_Small.final.json,/gpfs/projects/HeinzGroup/asoubki/FlexFringe/data/MLRegTest/Large/04.03.TLT.2.1.3_TestLR.txt,2025-12-29 23:18:53.689871
0.1.1.1.0.0.searchglobal.0,Small,4,3,TLT,2,1,3,TestSA,1.0,1.0,1.0,1.0,0.0,/gpfs/projects/HeinzGroup/caffeine_underground/mlrt/FlexFringe/FlexFringe/models-ps-small/0.1.1.1.0.0.searchglobal.0.ini/0.1.1.1.0.0.searchglobal.0_04.03.TLT.2.1.3_Small.final.json,/gpfs/projects/HeinzGroup/asoubki/FlexFringe/data/MLRegTest/Large/04.03.TLT.2.1.3_TestSA.txt,2025-12-29 23:18:53.689871
0.1.1.1.0.0.searchglobal.0,Small,4,3,TLT,2,1,3,Dev,1.0,1.0,1.0,1.0,0.0,/gpfs/projects/HeinzGroup/caffeine_underground/mlrt/FlexFringe/FlexFringe/models-ps-small/0.1.1.1.0.0.searchglobal.0.ini/0.1.1.1.0.0.searchglobal.0_04.03.TLT.2.1.3_Small.final.json,/gpfs/projects/HeinzGroup/asoubki/FlexFringe/data/MLRegTest/Large/04.03.TLT.2.1.3_Dev.txt,2025-12-29 23:18:53.689871
0.1.1.1.0.0.searchglobal.0,Small,4,3,TLT,2,1,3,Train,1.0,1.0,1.0,1.0,0.0,/gpfs/projects/HeinzGroup/caffeine_underground/mlrt/FlexFringe/FlexFringe/models-ps-small/0.1.1.1.0.0.searchglobal.0.ini/0.1.1.1.0.0.searchglobal.0_04.03.TLT.2.1.3_Small.final.json,/gpfs/projects/HeinzGroup/asoubki/FlexFringe/data/MLRegTest/Small/04.03.TLT.2.1.3_Train.txt,2025-12-29 23:18:53.689871
0.1.1.1.0.0.searchglobal.0,Small,4,3,TLT,2,1,4,TestSR,0.97255,0.9736583605637191,0.97138,0.9725178458796793,0.02745,/gpfs/projects/HeinzGroup/caffeine_underground/mlrt/FlexFringe/FlexFringe/models-ps-small/0.1.1.1.0.0.searchglobal.0.ini/0.1.1.1.0.0.searchglobal.0_04.03.TLT.2.1.4_Small.final.json,/gpfs/projects/HeinzGroup/asoubki/FlexFringe/data/MLRegTest/Large/04.03.TLT.2.1.4_TestSR.txt,2025-12-29 22:28:31.122118
0.1.1.1.0.0.searchglobal.0,Small,4,3,TLT,2,1,4,TestLR,0.98745,0.9891031687102406,0.98576,0.987428754595266,0.01255,/gpfs/projects/HeinzGroup/caffeine_underground/mlrt/FlexFringe/FlexFringe/models-ps-small/0.1.1.1.0.0.searchglobal.0.ini/0.1.1.1.0.0.searchglobal.0_04.03.TLT.2.1.4_Small.final.json,/gpfs/projects/HeinzGroup/asoubki/FlexFringe/data/MLRegTest/Large/04.03.TLT.2.1.4_TestLR.txt,2025-12-29 22:28:31.122118
0.1.1.1.0.0.searchglobal.0,Small,4,3,TLT,2,1,4,TestLA,0.97174,0.9721554968372168,0.9713,0.9717275601264557,0.02826,/gpfs/projects/HeinzGroup/caffeine_underground/mlrt/FlexFringe/FlexFringe/models-ps-small/0.1.1.1.0.0.searchglobal.0.ini/0.1.1.1.0.0.searchglobal.0_04.03.TLT.2.1.4_Small.final.json,/gpfs/projects/HeinzGroup/asoubki/FlexFringe/data/MLRegTest/Large/04.03.TLT.2.1.4_TestLA.txt,2025-12-29 22:28:31.122118
0.1.1.1.0.0.searchglobal.0,Small,4,3,TLT,2,1,4,TestSA,0.95062,0.9540160399790433,0.94688,0.9504346254993676,0.04938,/gpfs/projects/HeinzGroup/caffeine_underground/mlrt/FlexFringe/FlexFringe/models-ps-small/0.1.1.1.0.0.searchglobal.0.ini/0.1.1.1.0.0.searchglobal.0_04.03.TLT.2.1.4_Small.final.json,/gpfs/projects/HeinzGroup/asoubki/FlexFringe/data/MLRegTest/Large/04.03.TLT.2.1.4_TestSA.txt,2025-12-29 22:28:31.122118
0.1.1.1.0.0.searchglobal.0,Small,4,3,TLT,2,1,4,Dev,0.97233,0.9724717415224567,0.97218,0.9723258488773316,0.02767,/gpfs/projects/HeinzGroup/caffeine_underground/mlrt/FlexFringe/FlexFringe/models-ps-small/0.1.1.1.0.0.searchglobal.0.ini/0.1.1.1.0.0.searchglobal.0_04.03.TLT.2.1.4_Small.final.json,/gpfs/projects/HeinzGroup/asoubki/FlexFringe/data/MLRegTest/Large/04.03.TLT.2.1.4_Dev.txt,2025-12-29 22:28:31.122118
0.1.1.1.0.0.searchglobal.0,Small,4,3,TLT,2,1,4,Train,0.965,0.9696969696969697,0.96,0.964824120603015,0.035,/gpfs/projects/HeinzGroup/caffeine_underground/mlrt/FlexFringe/FlexFringe/models-ps-small/0.1.1.1.0.0.searchglobal.0.ini/0.1.1.1.0.0.searchglobal.0_04.03.TLT.2.1.4_Small.final.json,/gpfs/projects/HeinzGroup/asoubki/FlexFringe/data/MLRegTest/Small/04.03.TLT.2.1.4_Train.txt,2025-12-29 22:28:31.122118
0.1.1.1.0.0.searchglobal.0,Small,4,3,TLT,2,1,5,TestLR,0.5154,0.5245269796776454,0.32934,0.40462441949038014,0.4846,/gpfs/projects/HeinzGroup/caffeine_underground/mlrt/FlexFringe/FlexFringe/models-ps-small/0.1.1.1.0.0.searchglobal.0.ini/0.1.1.1.0.0.searchglobal.0_04.03.TLT.2.1.5_Small.final.json,/gpfs/projects/HeinzGroup/asoubki/FlexFringe/data/MLRegTest/Large/04.03.TLT.2.1.5_TestLR.txt,2025-12-29 22:54:52.368840
0.1.1.1.0.0.searchglobal.0,Small,4,3,TLT,2,1,5,TestSA,0.56924,0.6308587843967342,0.3338,0.43659098043319033,0.43076,/gpfs/projects/HeinzGroup/caffeine_underground/mlrt/FlexFringe/FlexFringe/models-ps-small/0.1.1.1.0.0.searchglobal.0.ini/0.1.1.1.0.0.searchglobal.0_04.03.TLT.2.1.5_Small.final.json,/gpfs/projects/HeinzGroup/asoubki/FlexFringe/data/MLRegTest/Large/04.03.TLT.2.1.5_TestSA.txt,2025-12-29 22:54:52.368840
0.1.1.1.0.0.searchglobal.0,Small,4,3,TLT,2,1,5,TestSR,0.53657,0.5639626403610033,0.32244,0.4102968684388003,0.46343,/gpfs/projects/HeinzGroup/caffeine_underground/mlrt/FlexFringe/FlexFringe/models-ps-small/0.1.1.1.0.0.searchglobal.0.ini/0.1.1.1.0.0.searchglobal.0_04.03.TLT.2.1.5_Small.final.json,/gpfs/projects/HeinzGroup/asoubki/FlexFringe/data/MLRegTest/Large/04.03.TLT.2.1.5_TestSR.txt,2025-12-29 22:54:52.368840
0.1.1.1.0.0.searchglobal.0,Small,4,3,TLT,2,1,5,TestLA,0.54166,0.5694842884782173,0.34144,0.4269174022856285,0.45834,/gpfs/projects/HeinzGroup/caffeine_underground/mlrt/FlexFringe/FlexFringe/models-ps-small/0.1.1.1.0.0.searchglobal.0.ini/0.1.1.1.0.0.searchglobal.0_04.03.TLT.2.1.5_Small.final.json,/gpfs/projects/HeinzGroup/asoubki/FlexFringe/data/MLRegTest/Large/04.03.TLT.2.1.5_TestLA.txt,2025-12-29 22:54:52.368840
0.1.1.1.0.0.searchglobal.0,Small,4,3,TLT,2,1,5,Dev,0.53955,0.5693591946967836,0.32466,0.4135216721223778,0.46045,/gpfs/projects/HeinzGroup/caffeine_underground/mlrt/FlexFringe/FlexFringe/models-ps-small/0.1.1.1.0.0.searchglobal.0.ini/0.1.1.1.0.0.searchglobal.0_04.03.TLT.2.1.5_Small.final.json,/gpfs/projects/HeinzGroup/asoubki/FlexFringe/data/MLRegTest/Large/04.03.TLT.2.1.5_Dev.txt,2025-12-29 22:54:52.368840
0.1.1.1.0.0.searchglobal.0,Small,4,3,TLT,2,1,5,Train,0.537,0.5618729096989966,0.336,0.42052565707133915,0.463,/gpfs/projects/HeinzGroup/caffeine_underground/mlrt/FlexFringe/FlexFringe/models-ps-small/0.1.1.1.0.0.searchglobal.0.ini/0.1.1.1.0.0.searchglobal.0_04.03.TLT.2.1.5_Small.final.json,/gpfs/projects/HeinzGroup/asoubki/FlexFringe/data/MLRegTest/Small/04.03.TLT.2.1.5_Train.txt,2025-12-29 22:54:52.368840
0.1.1.1.0.0.searchglobal.0,Small,4,3,TLT,2,1,6,TestSR,0.49933,0.49890383168090047,0.30494,0.3785206241233351,0.50067,/gpfs/projects/HeinzGroup/caffeine_underground/mlrt/FlexFringe/FlexFringe/models-ps-small/0.1.1.1.0.0.searchglobal.0.ini/0.1.1.1.0.0.searchglobal.0_04.03.TLT.2.1.6_Small.final.json,/gpfs/projects/HeinzGroup/asoubki/FlexFringe/data/MLRegTest/Large/04.03.TLT.2.1.6_TestSR.txt,2025-12-29 22:25:30.528157
0.1.1.1.0.0.searchglobal.0,Small,4,3,TLT,2,1,6,TestSA,0.50014,0.5002252542154717,0.3109,0.38346736395480785,0.49986,/gpfs/projects/HeinzGroup/caffeine_underground/mlrt/FlexFringe/FlexFringe/models-ps-small/0.1.1.1.0.0.searchglobal.0.ini/0.1.1.1.0.0.searchglobal.0_04.03.TLT.2.1.6_Small.final.json,/gpfs/projects/HeinzGroup/asoubki/FlexFringe/data/MLRegTest/Large/04.03.TLT.2.1.6_TestSA.txt,2025-12-29 22:25:30.528157
0.1.1.1.0.0.searchglobal.0,Small,4,3,TLT,2,1,6,TestLR,0.49943,0.49906695040104765,0.30488,0.3785213234837668,0.50057,/gpfs/projects/HeinzGroup/caffeine_underground/mlrt/FlexFringe/FlexFringe/models-ps-small/0.1.1.1.0.0.searchglobal.0.ini/0.1.1.1.0.0.searchglobal.0_04.03.TLT.2.1.6_Small.final.json,/gpfs/projects/HeinzGroup/asoubki/FlexFringe/data/MLRegTest/Large/04.03.TLT.2.1.6_TestLR.txt,2025-12-29 22:25:30.528157
0.1.1.1.0.0.searchglobal.0,Small,4,3,TLT,2,1,6,TestLA,0.50015,0.5002437359851809,0.30786,0.381151650963836,0.49985,/gpfs/projects/HeinzGroup/caffeine_underground/mlrt/FlexFringe/FlexFringe/models-ps-small/0.1.1.1.0.0.searchglobal.0.ini/0.1.1.1.0.0.searchglobal.0_04.03.TLT.2.1.6_Small.final.json,/gpfs/projects/HeinzGroup/asoubki/FlexFringe/data/MLRegTest/Large/04.03.TLT.2.1.6_TestLA.txt,2025-12-29 22:25:30.528157
0.1.1.1.0.0.searchglobal.0,Small,4,3,TLT,2,1,6,Dev,0.49806,0.49684388624975595,0.3054,0.3782792875368494,0.50194,/gpfs/projects/HeinzGroup/caffeine_underground/mlrt/FlexFringe/FlexFringe/models-ps-small/0.1.1.1.0.0.searchglobal.0.ini/0.1.1.1.0.0.searchglobal.0_04.03.TLT.2.1.6_Small.final.json,/gpfs/projects/HeinzGroup/asoubki/FlexFringe/data/MLRegTest/Large/04.03.TLT.2.1.6_Dev.txt,2025-12-29 22:25:30.528157
0.1.1.1.0.0.searchglobal.0,Small,4,3,TLT,2,1,6,Train,0.474,0.45454545454545453,0.26,0.33078880407124683,0.526,/gpfs/projects/HeinzGroup/caffeine_underground/mlrt/FlexFringe/FlexFringe/models-ps-small/0.1.1.1.0.0.searchglobal.0.ini/0.1.1.1.0.0.searchglobal.0_04.03.TLT.2.1.6_Small.final.json,/gpfs/projects/HeinzGroup/asoubki/FlexFringe/data/MLRegTest/Small/04.03.TLT.2.1.6_Train.txt,2025-12-29 22:25:30.528157
0.1.1.1.0.0.searchglobal.0,Small,4,3,TLT,2,1,7,TestLA,0.50341,0.5056050494756567,0.3076,0.38249667367164475,0.49659,/gpfs/projects/HeinzGroup/caffeine_underground/mlrt/FlexFringe/FlexFringe/models-ps-small/0.1.1.1.0.0.searchglobal.0.ini/0.1.1.1.0.0.searchglobal.0_04.03.TLT.2.1.7_Small.final.json,/gpfs/projects/HeinzGroup/asoubki/FlexFringe/data/MLRegTest/Large/04.03.TLT.2.1.7_TestLA.txt,2025-12-29 22:56:29.296581
0.1.1.1.0.0.searchglobal.0,Small,4,3,TLT,2,1,7,TestSA,0.50503,0.5081967213114754,0.31186,0.3865250424500824,0.49497,/gpfs/projects/HeinzGroup/caffeine_underground/mlrt/FlexFringe/FlexFringe/models-ps-small/0.1.1.1.0.0.searchglobal.0.ini/0.1.1.1.0.0.searchglobal.0_04.03.TLT.2.1.7_Small.final.json,/gpfs/projects/HeinzGroup/asoubki/FlexFringe/data/MLRegTest/Large/04.03.TLT.2.1.7_TestSA.txt,2025-12-29 22:56:29.296581
0.1.1.1.0.0.searchglobal.0,Small,4,3,TLT,2,1,7,TestSR,0.50389,0.5064028705928828,0.30766,0.3827711907635269,0.49611,/gpfs/projects/HeinzGroup/caffeine_underground/mlrt/FlexFringe/FlexFringe/models-ps-small/0.1.1.1.0.0.searchglobal.0.ini/0.1.1.1.0.0.searchglobal.0_04.03.TLT.2.1.7_Small.final.json,/gpfs/projects/HeinzGroup/asoubki/FlexFringe/data/MLRegTest/Large/04.03.TLT.2.1.7_TestSR.txt,2025-12-29 22:56:29.296581
0.1.1.1.0.0.searchglobal.0,Small,4,3,TLT,2,1,7,TestLR,0.50136,0.5022408225136756,0.30482,0.3793841634928932,0.49864,/gpfs/projects/HeinzGroup/caffeine_underground/mlrt/FlexFringe/FlexFringe/models-ps-small/0.1.1.1.0.0.searchglobal.0.ini/0.1.1.1.0.0.searchglobal.0_04.03.TLT.2.1.7_Small.final.json,/gpfs/projects/HeinzGroup/asoubki/FlexFringe/data/MLRegTest/Large/04.03.TLT.2.1.7_TestLR.txt,2025-12-29 22:56:29.296581
0.1.1.1.0.0.searchglobal.0,Small,4,3,TLT,2,1,7,Dev,0.50315,0.5051314632000782,0.31008,0.3842712502943254,0.49685,/gpfs/projects/HeinzGroup/caffeine_underground/mlrt/FlexFringe/FlexFringe/models-ps-small/0.1.1.1.0.0.searchglobal.0.ini/0.1.1.1.0.0.searchglobal.0_04.03.TLT.2.1.7_Small.final.json,/gpfs/projects/HeinzGroup/asoubki/FlexFringe/data/MLRegTest/Large/04.03.TLT.2.1.7_Dev.txt,2025-12-29 22:56:29.296581
0.1.1.1.0.0.searchglobal.0,Small,4,3,TLT,2,1,7,Train,0.525,0.5401929260450161,0.336,0.41430332922318125,0.475,/gpfs/projects/HeinzGroup/caffeine_underground/mlrt/FlexFringe/FlexFringe/models-ps-small/0.1.1.1.0.0.searchglobal.0.ini/0.1.1.1.0.0.searchglobal.0_04.03.TLT.2.1.7_Small.final.json,/gpfs/projects/HeinzGroup/asoubki/FlexFringe/data/MLRegTest/Small/04.03.TLT.2.1.7_Train.txt,2025-12-29 22:56:29.296581
0.1.1.1.0.0.searchglobal.0,Small,4,3,TLT,2,1,8,TestSR,0.50175,0.5028744127985283,0.30616,0.38060193185067315,0.49825,/gpfs/projects/HeinzGroup/caffeine_underground/mlrt/FlexFringe/FlexFringe/models-ps-small/0.1.1.1.0.0.searchglobal.0.ini/0.1.1.1.0.0.searchglobal.0_04.03.TLT.2.1.8_Small.final.json,/gpfs/projects/HeinzGroup/asoubki/FlexFringe/data/MLRegTest/Large/04.03.TLT.2.1.8_TestSR.txt,2025-12-29 23:30:35.179600
0.1.1.1.0.0.searchglobal.0,Small,4,3,TLT,2,1,8,TestSA,0.50142,0.5023691938067272,0.3011,0.37652561024409764,0.49858,/gpfs/projects/HeinzGroup/caffeine_underground/mlrt/FlexFringe/FlexFringe/models-ps-small/0.1.1.1.0.0.searchglobal.0.ini/0.1.1.1.0.0.searchglobal.0_04.03.TLT.2.1.8_Small.final.json,/gpfs/projects/HeinzGroup/asoubki/FlexFringe/data/MLRegTest/Large/04.03.TLT.2.1.8_TestSA.txt,2025-12-29 23:30:35.179600
0.1.1.1.0.0.searchglobal.0,Small,4,3,TLT,2,1,8,TestLA,0.50029,0.500488989309682,0.29682,0.37264133177658093,0.49971,/gpfs/projects/HeinzGroup/caffeine_underground/mlrt/FlexFringe/FlexFringe/models-ps-small/0.1.1.1.0.0.searchglobal.0.ini/0.1.1.1.0.0.searchglobal.0_04.03.TLT.2.1.8_Small.final.json,/gpfs/projects/HeinzGroup/asoubki/FlexFringe/data/MLRegTest/Large/04.03.TLT.2.1.8_TestLA.txt,2025-12-29 23:30:35.179600
0.1.1.1.0.0.searchglobal.0,Small,4,3,TLT,2,1,8,TestLR,0.4999,0.4998340304056297,0.30116,0.37585802361280984,0.5001,/gpfs/projects/HeinzGroup/caffeine_underground/mlrt/FlexFringe/FlexFringe/models-ps-small/0.1.1.1.0.0.searchglobal.0.ini/0.1.1.1.0.0.searchglobal.0_04.03.TLT.2.1.8_Small.final.json,/gpfs/projects/HeinzGroup/asoubki/FlexFringe/data/MLRegTest/Large/04.03.TLT.2.1.8_TestLR.txt,2025-12-29 23:30:35.179600
0.1.1.1.0.0.searchglobal.0,Small,4,3,TLT,2,1,8,Dev,0.50048,0.5007905659134331,0.30406,0.37838174170586625,0.49952,/gpfs/projects/HeinzGroup/caffeine_underground/mlrt/FlexFringe/FlexFringe/models-ps-small/0.1.1.1.0.0.searchglobal.0.ini/0.1.1.1.0.0.searchglobal.0_04.03.TLT.2.1.8_Small.final.json,/gpfs/projects/HeinzGroup/asoubki/FlexFringe/data/MLRegTest/Large/04.03.TLT.2.1.8_Dev.txt,2025-12-29 23:30:35.179600
0.1.1.1.0.0.searchglobal.0,Small,4,3,TLT,2,1,8,Train,0.513,0.5203761755485894,0.332,0.4053724053724054,0.487,/gpfs/projects/HeinzGroup/caffeine_underground/mlrt/FlexFringe/FlexFringe/models-ps-small/0.1.1.1.0.0.searchglobal.0.ini/0.1.1.1.0.0.searchglobal.0_04.03.TLT.2.1.8_Small.final.json,/gpfs/projects/HeinzGroup/asoubki/FlexFringe/data/MLRegTest/Small/04.03.TLT.2.1.8_Train.txt,2025-12-29 23:30:35.179600
0.1.1.1.0.0.searchglobal.0,Small,4,3,TLT,2,1,9,TestSR,0.61454,0.8604607250755287,0.27342,0.4149769305488101,0.38546,/gpfs/projects/HeinzGroup/caffeine_underground/mlrt/FlexFringe/FlexFringe/models-ps-small/0.1.1.1.0.0.searchglobal.0.ini/0.1.1.1.0.0.searchglobal.0_04.03.TLT.2.1.9_Small.final.json,/gpfs/projects/HeinzGroup/asoubki/FlexFringe/data/MLRegTest/Large/04.03.TLT.2.1.9_TestSR.txt,2025-12-29 22:42:40.272396
0.1.1.1.0.0.searchglobal.0,Small,4,3,TLT,2,1,9,TestLA,0.62141,0.8714434314385364,0.28484,0.4293444673891744,0.37859,/gpfs/projects/HeinzGroup/caffeine_underground/mlrt/FlexFringe/FlexFringe/models-ps-small/0.1.1.1.0.0.searchglobal.0.ini/0.1.1.1.0.0.searchglobal.0_04.03.TLT.2.1.9_Small.final.json,/gpfs/projects/HeinzGroup/asoubki/FlexFringe/data/MLRegTest/Large/04.03.TLT.2.1.9_TestLA.txt,2025-12-29 22:42:40.272396
0.1.1.1.0.0.searchglobal.0,Small,4,3,TLT,2,1,9,TestSA,0.61984,0.8370457869276634,0.29762,0.43911003570480095,0.38016,/gpfs/projects/HeinzGroup/caffeine_underground/mlrt/FlexFringe/FlexFringe/models-ps-small/0.1.1.1.0.0.searchglobal.0.ini/0.1.1.1.0.0.searchglobal.0_04.03.TLT.2.1.9_Small.final.json,/gpfs/projects/HeinzGroup/asoubki/FlexFringe/data/MLRegTest/Large/04.03.TLT.2.1.9_TestSA.txt,2025-12-29 22:42:40.272396
0.1.1.1.0.0.searchglobal.0,Small,4,3,TLT,2,1,9,TestLR,0.62717,0.9500955616903801,0.26844,0.41860682707751806,0.37283,/gpfs/projects/HeinzGroup/caffeine_underground/mlrt/FlexFringe/FlexFringe/models-ps-small/0.1.1.1.0.0.searchglobal.0.ini/0.1.1.1.0.0.searchglobal.0_04.03.TLT.2.1.9_Small.final.json,/gpfs/projects/HeinzGroup/asoubki/FlexFringe/data/MLRegTest/Large/04.03.TLT.2.1.9_TestLR.txt,2025-12-29 22:42:40.272396
0.1.1.1.0.0.searchglobal.0,Small,4,3,TLT,2,1,9,Dev,0.61549,0.8609288080505032,0.27548,0.4174002636403582,0.38451,/gpfs/projects/HeinzGroup/caffeine_underground/mlrt/FlexFringe/FlexFringe/models-ps-small/0.1.1.1.0.0.searchglobal.0.ini/0.1.1.1.0.0.searchglobal.0_04.03.TLT.2.1.9_Small.final.json,/gpfs/projects/HeinzGroup/asoubki/FlexFringe/data/MLRegTest/Large/04.03.TLT.2.1.9_Dev.txt,2025-12-29 22:42:40.272396
0.1.1.1.0.0.searchglobal.0,Small,4,3,TLT,2,1,9,Train,0.628,0.872093023255814,0.3,0.44642857142857145,0.372,/gpfs/projects/HeinzGroup/caffeine_underground/mlrt/FlexFringe/FlexFringe/models-ps-small/0.1.1.1.0.0.searchglobal.0.ini/0.1.1.1.0.0.searchglobal.0_04.03.TLT.2.1.9_Small.final.json,/gpfs/projects/HeinzGroup/asoubki/FlexFringe/data/MLRegTest/Small/04.03.TLT.2.1.9_Train.txt,2025-12-29 22:42:40.272396
0.1.1.1.0.0.searchglobal.0,Small,4,3,TLT,4,1,0,TestLA,0.65122,0.7139986414581683,0.50454,0.5912670510476726,0.34878,/gpfs/projects/HeinzGroup/caffeine_underground/mlrt/FlexFringe/FlexFringe/models-ps-small/0.1.1.1.0.0.searchglobal.0.ini/0.1.1.1.0.0.searchglobal.0_04.03.TLT.4.1.0_Small.final.json,/gpfs/projects/HeinzGroup/asoubki/FlexFringe/data/MLRegTest/Large/04.03.TLT.4.1.0_TestLA.txt,2025-12-29 22:52:03.993977
0.1.1.1.0.0.searchglobal.0,Small,4,3,TLT,4,1,0,TestLR,0.75942,0.7846140343178127,0.71516,0.7482788205997447,0.24058,/gpfs/projects/HeinzGroup/caffeine_underground/mlrt/FlexFringe/FlexFringe/models-ps-small/0.1.1.1.0.0.searchglobal.0.ini/0.1.1.1.0.0.searchglobal.0_04.03.TLT.4.1.0_Small.final.json,/gpfs/projects/HeinzGroup/asoubki/FlexFringe/data/MLRegTest/Large/04.03.TLT.4.1.0_TestLR.txt,2025-12-29 22:52:03.993977
0.1.1.1.0.0.searchglobal.0,Small,4,3,TLT,4,1,0,TestSA,0.71005,0.7831396759496401,0.58098,0.6670800179118873,0.28995,/gpfs/projects/HeinzGroup/caffeine_underground/mlrt/FlexFringe/FlexFringe/models-ps-small/0.1.1.1.0.0.searchglobal.0.ini/0.1.1.1.0.0.searchglobal.0_04.03.TLT.4.1.0_Small.final.json,/gpfs/projects/HeinzGroup/asoubki/FlexFringe/data/MLRegTest/Large/04.03.TLT.4.1.0_TestSA.txt,2025-12-29 22:52:03.993977
0.1.1.1.0.0.searchglobal.0,Small,4,3,TLT,4,1,0,TestSR,0.83031,0.8358105772554442,0.82212,0.8289087627670623,0.16969,/gpfs/projects/HeinzGroup/caffeine_underground/mlrt/FlexFringe/FlexFringe/models-ps-small/0.1.1.1.0.0.searchglobal.0.ini/0.1.1.1.0.0.searchglobal.0_04.03.TLT.4.1.0_Small.final.json,/gpfs/projects/HeinzGroup/asoubki/FlexFringe/data/MLRegTest/Large/04.03.TLT.4.1.0_TestSR.txt,2025-12-29 22:52:03.993977
0.1.1.1.0.0.searchglobal.0,Small,4,3,TLT,4,1,0,Dev,0.83322,0.8394108539765319,0.8241,0.8316849668981108,0.16678,/gpfs/projects/HeinzGroup/caffeine_underground/mlrt/FlexFringe/FlexFringe/models-ps-small/0.1.1.1.0.0.searchglobal.0.ini/0.1.1.1.0.0.searchglobal.0_04.03.TLT.4.1.0_Small.final.json,/gpfs/projects/HeinzGroup/asoubki/FlexFringe/data/MLRegTest/Large/04.03.TLT.4.1.0_Dev.txt,2025-12-29 22:52:03.993977
0.1.1.1.0.0.searchglobal.0,Small,4,3,TLT,4,1,0,Train,0.826,0.8286290322580645,0.822,0.8253012048192772,0.174,/gpfs/projects/HeinzGroup/caffeine_underground/mlrt/FlexFringe/FlexFringe/models-ps-small/0.1.1.1.0.0.searchglobal.0.ini/0.1.1.1.0.0.searchglobal.0_04.03.TLT.4.1.0_Small.final.json,/gpfs/projects/HeinzGroup/asoubki/FlexFringe/data/MLRegTest/Small/04.03.TLT.4.1.0_Train.txt,2025-12-29 22:52:03.993977
0.1.1.1.0.0.searchglobal.0,Small,4,3,TLT,4,1,1,TestLR,0.83831,0.8817621702137264,0.7814,0.828552948287014,0.16169,/gpfs/projects/HeinzGroup/caffeine_underground/mlrt/FlexFringe/FlexFringe/models-ps-small/0.1.1.1.0.0.searchglobal.0.ini/0.1.1.1.0.0.searchglobal.0_04.03.TLT.4.1.1_Small.final.json,/gpfs/projects/HeinzGroup/asoubki/FlexFringe/data/MLRegTest/Large/04.03.TLT.4.1.1_TestLR.txt,2025-12-29 22:23:17.265749
0.1.1.1.0.0.searchglobal.0,Small,4,3,TLT,4,1,1,TestSR,0.89406,0.905078125,0.88046,0.8925993511759935,0.10594,/gpfs/projects/HeinzGroup/caffeine_underground/mlrt/FlexFringe/FlexFringe/models-ps-small/0.1.1.1.0.0.searchglobal.0.ini/0.1.1.1.0.0.searchglobal.0_04.03.TLT.4.1.1_Small.final.json,/gpfs/projects/HeinzGroup/asoubki/FlexFringe/data/MLRegTest/Large/04.03.TLT.4.1.1_TestSR.txt,2025-12-29 22:23:17.265749
0.1.1.1.0.0.searchglobal.0,Small,4,3,TLT,4,1,1,TestSA,0.75448,0.8554984354045597,0.6124,0.7138194703468855,0.24552,/gpfs/projects/HeinzGroup/caffeine_underground/mlrt/FlexFringe/FlexFringe/models-ps-small/0.1.1.1.0.0.searchglobal.0.ini/0.1.1.1.0.0.searchglobal.0_04.03.TLT.4.1.1_Small.final.json,/gpfs/projects/HeinzGroup/asoubki/FlexFringe/data/MLRegTest/Large/04.03.TLT.4.1.1_TestSA.txt,2025-12-29 22:23:17.265749
0.1.1.1.0.0.searchglobal.0,Small,4,3,TLT,4,1,1,TestLA,0.68738,0.8058166862514688,0.49374,0.6123071580931594,0.31262,/gpfs/projects/HeinzGroup/caffeine_underground/mlrt/FlexFringe/FlexFringe/models-ps-small/0.1.1.1.0.0.searchglobal.0.ini/0.1.1.1.0.0.searchglobal.0_04.03.TLT.4.1.1_Small.final.json,/gpfs/projects/HeinzGroup/asoubki/FlexFringe/data/MLRegTest/Large/04.03.TLT.4.1.1_TestLA.txt,2025-12-29 22:23:17.265749
0.1.1.1.0.0.searchglobal.0,Small,4,3,TLT,4,1,1,Dev,0.89415,0.9052956298200514,0.8804,0.8926742712294043,0.10585,/gpfs/projects/HeinzGroup/caffeine_underground/mlrt/FlexFringe/FlexFringe/models-ps-small/0.1.1.1.0.0.searchglobal.0.ini/0.1.1.1.0.0.searchglobal.0_04.03.TLT.4.1.1_Small.final.json,/gpfs/projects/HeinzGroup/asoubki/FlexFringe/data/MLRegTest/Large/04.03.TLT.4.1.1_Dev.txt,2025-12-29 22:23:17.265749
0.1.1.1.0.0.searchglobal.0,Small,4,3,TLT,4,1,1,Train,0.888,0.9024896265560166,0.87,0.8859470468431772,0.112,/gpfs/projects/HeinzGroup/caffeine_underground/mlrt/FlexFringe/FlexFringe/models-ps-small/0.1.1.1.0.0.searchglobal.0.ini/0.1.1.1.0.0.searchglobal.0_04.03.TLT.4.1.1_Small.final.json,/gpfs/projects/HeinzGroup/asoubki/FlexFringe/data/MLRegTest/Small/04.03.TLT.4.1.1_Train.txt,2025-12-29 22:23:17.265749
0.1.1.1.0.0.searchglobal.0,Small,4,3,TLT,4,1,2,TestSR,0.5755,0.5625642215519242,0.67888,0.6152730700212076,0.4245,/gpfs/projects/HeinzGroup/caffeine_underground/mlrt/FlexFringe/FlexFringe/models-ps-small/0.1.1.1.0.0.searchglobal.0.ini/0.1.1.1.0.0.searchglobal.0_04.03.TLT.4.1.2_Small.final.json,/gpfs/projects/HeinzGroup/asoubki/FlexFringe/data/MLRegTest/Large/04.03.TLT.4.1.2_TestSR.txt,2025-12-29 23:34:50.574161
0.1.1.1.0.0.searchglobal.0,Small,4,3,TLT,4,1,2,TestLA,0.51033,0.5085927232194846,0.61142,0.5552861255664842,0.48967,/gpfs/projects/HeinzGroup/caffeine_underground/mlrt/FlexFringe/FlexFringe/models-ps-small/0.1.1.1.0.0.searchglobal.0.ini/0.1.1.1.0.0.searchglobal.0_04.03.TLT.4.1.2_Small.final.json,/gpfs/projects/HeinzGroup/asoubki/FlexFringe/data/MLRegTest/Large/04.03.TLT.4.1.2_TestLA.txt,2025-12-29 23:34:50.574161
0.1.1.1.0.0.searchglobal.0,Small,4,3,TLT,4,1,2,TestLR,0.53992,0.5319820541579875,0.66402,0.5907125700560448,0.46008,/gpfs/projects/HeinzGroup/caffeine_underground/mlrt/FlexFringe/FlexFringe/models-ps-small/0.1.1.1.0.0.searchglobal.0.ini/0.1.1.1.0.0.searchglobal.0_04.03.TLT.4.1.2_Small.final.json,/gpfs/projects/HeinzGroup/asoubki/FlexFringe/data/MLRegTest/Large/04.03.TLT.4.1.2_TestLR.txt,2025-12-29 23:34:50.574161
0.1.1.1.0.0.searchglobal.0,Small,4,3,TLT,4,1,2,TestSA,0.51873,0.5168329289116563,0.57508,0.54440289676717,0.48127,/gpfs/projects/HeinzGroup/caffeine_underground/mlrt/FlexFringe/FlexFringe/models-ps-small/0.1.1.1.0.0.searchglobal.0.ini/0.1.1.1.0.0.searchglobal.0_04.03.TLT.4.1.2_Small.final.json,/gpfs/projects/HeinzGroup/asoubki/FlexFringe/data/MLRegTest/Large/04.03.TLT.4.1.2_TestSA.txt,2025-12-29 23:34:50.574161
0.1.1.1.0.0.searchglobal.0,Small,4,3,TLT,4,1,2,Dev,0.57701,0.5638504269961031,0.68006,0.6165269026789357,0.42299,/gpfs/projects/HeinzGroup/caffeine_underground/mlrt/FlexFringe/FlexFringe/models-ps-small/0.1.1.1.0.0.searchglobal.0.ini/0.1.1.1.0.0.searchglobal.0_04.03.TLT.4.1.2_Small.final.json,/gpfs/projects/HeinzGroup/asoubki/FlexFringe/data/MLRegTest/Large/04.03.TLT.4.1.2_Dev.txt,2025-12-29 23:34:50.574161
0.1.1.1.0.0.searchglobal.0,Small,4,3,TLT,4,1,2,Train,0.596,0.5771704180064309,0.718,0.6399286987522281,0.404,/gpfs/projects/HeinzGroup/caffeine_underground/mlrt/FlexFringe/FlexFringe/models-ps-small/0.1.1.1.0.0.searchglobal.0.ini/0.1.1.1.0.0.searchglobal.0_04.03.TLT.4.1.2_Small.final.json,/gpfs/projects/HeinzGroup/asoubki/FlexFringe/data/MLRegTest/Small/04.03.TLT.4.1.2_Train.txt,2025-12-29 23:34:50.574161
0.1.1.1.0.0.searchglobal.0,Small,4,3,TLT,4,1,3,TestSR,0.65133,0.6458771134974648,0.67002,0.65772708085875,0.34867,/gpfs/projects/HeinzGroup/caffeine_underground/mlrt/FlexFringe/FlexFringe/models-ps-small/0.1.1.1.0.0.searchglobal.0.ini/0.1.1.1.0.0.searchglobal.0_04.03.TLT.4.1.3_Small.final.json,/gpfs/projects/HeinzGroup/asoubki/FlexFringe/data/MLRegTest/Large/04.03.TLT.4.1.3_TestSR.txt,2025-12-29 23:22:41.635832
0.1.1.1.0.0.searchglobal.0,Small,4,3,TLT,4,1,3,TestLR,0.58355,0.583195586800231,0.58568,0.5844351531238462,0.41645,/gpfs/projects/HeinzGroup/caffeine_underground/mlrt/FlexFringe/FlexFringe/models-ps-small/0.1.1.1.0.0.searchglobal.0.ini/0.1.1.1.0.0.searchglobal.0_04.03.TLT.4.1.3_Small.final.json,/gpfs/projects/HeinzGroup/asoubki/FlexFringe/data/MLRegTest/Large/04.03.TLT.4.1.3_TestLR.txt,2025-12-29 23:22:41.635832
0.1.1.1.0.0.searchglobal.0,Small,4,3,TLT,4,1,3,TestSA,0.57732,0.5848179025888548,0.53312,0.5577735928018414,0.42268,/gpfs/projects/HeinzGroup/caffeine_underground/mlrt/FlexFringe/FlexFringe/models-ps-small/0.1.1.1.0.0.searchglobal.0.ini/0.1.1.1.0.0.searchglobal.0_04.03.TLT.4.1.3_Small.final.json,/gpfs/projects/HeinzGroup/asoubki/FlexFringe/data/MLRegTest/Large/04.03.TLT.4.1.3_TestSA.txt,2025-12-29 23:22:41.635832
0.1.1.1.0.0.searchglobal.0,Small,4,3,TLT,4,1,3,TestLA,0.53401,0.5362974663279899,0.5025,0.5188489297772821,0.46599,/gpfs/projects/HeinzGroup/caffeine_underground/mlrt/FlexFringe/FlexFringe/models-ps-small/0.1.1.1.0.0.searchglobal.0.ini/0.1.1.1.0.0.searchglobal.0_04.03.TLT.4.1.3_Small.final.json,/gpfs/projects/HeinzGroup/asoubki/FlexFringe/data/MLRegTest/Large/04.03.TLT.4.1.3_TestLA.txt,2025-12-29 23:22:41.635832
0.1.1.1.0.0.searchglobal.0,Small,4,3,TLT,4,1,3,Dev,0.65072,0.6460182135245107,0.66682,0.6562543056785749,0.34928,/gpfs/projects/HeinzGroup/caffeine_underground/mlrt/FlexFringe/FlexFringe/models-ps-small/0.1.1.1.0.0.searchglobal.0.ini/0.1.1.1.0.0.searchglobal.0_04.03.TLT.4.1.3_Small.final.json,/gpfs/projects/HeinzGroup/asoubki/FlexFringe/data/MLRegTest/Large/04.03.TLT.4.1.3_Dev.txt,2025-12-29 23:22:41.635832
0.1.1.1.0.0.searchglobal.0,Small,4,3,TLT,4,1,3,Train,0.635,0.6369168356997972,0.628,0.6324269889224572,0.365,/gpfs/projects/HeinzGroup/caffeine_underground/mlrt/FlexFringe/FlexFringe/models-ps-small/0.1.1.1.0.0.searchglobal.0.ini/0.1.1.1.0.0.searchglobal.0_04.03.TLT.4.1.3_Small.final.json,/gpfs/projects/HeinzGroup/asoubki/FlexFringe/data/MLRegTest/Small/04.03.TLT.4.1.3_Train.txt,2025-12-29 23:22:41.635832
0.1.1.1.0.0.searchglobal.0,Small,4,3,TLT,4,1,4,TestLA,0.81355,0.7809638165558522,0.87154,0.8237696008468889,0.18645,/gpfs/projects/HeinzGroup/caffeine_underground/mlrt/FlexFringe/FlexFringe/models-ps-small/0.1.1.1.0.0.searchglobal.0.ini/0.1.1.1.0.0.searchglobal.0_04.03.TLT.4.1.4_Small.final.json,/gpfs/projects/HeinzGroup/asoubki/FlexFringe/data/MLRegTest/Large/04.03.TLT.4.1.4_TestLA.txt,2025-12-29 22:18:54.841541
0.1.1.1.0.0.searchglobal.0,Small,4,3,TLT,4,1,4,TestSR,0.93972,0.9572414940520755,0.92056,0.9385424737979691,0.06028,/gpfs/projects/HeinzGroup/caffeine_underground/mlrt/FlexFringe/FlexFringe/models-ps-small/0.1.1.1.0.0.searchglobal.0.ini/0.1.1.1.0.0.searchglobal.0_04.03.TLT.4.1.4_Small.final.json,/gpfs/projects/HeinzGroup/asoubki/FlexFringe/data/MLRegTest/Large/04.03.TLT.4.1.4_TestSR.txt,2025-12-29 22:18:54.841541
0.1.1.1.0.0.searchglobal.0,Small,4,3,TLT,4,1,4,TestLR,0.87694,0.8803325664931186,0.87248,0.876388693573337,0.12306,/gpfs/projects/HeinzGroup/caffeine_underground/mlrt/FlexFringe/FlexFringe/models-ps-small/0.1.1.1.0.0.searchglobal.0.ini/0.1.1.1.0.0.searchglobal.0_04.03.TLT.4.1.4_Small.final.json,/gpfs/projects/HeinzGroup/asoubki/FlexFringe/data/MLRegTest/Large/04.03.TLT.4.1.4_TestLR.txt,2025-12-29 22:18:54.841541
0.1.1.1.0.0.searchglobal.0,Small,4,3,TLT,4,1,4,TestSA,0.88401,0.8570392546999647,0.92178,0.8882314963816645,0.11599,/gpfs/projects/HeinzGroup/caffeine_underground/mlrt/FlexFringe/FlexFringe/models-ps-small/0.1.1.1.0.0.searchglobal.0.ini/0.1.1.1.0.0.searchglobal.0_04.03.TLT.4.1.4_Small.final.json,/gpfs/projects/HeinzGroup/asoubki/FlexFringe/data/MLRegTest/Large/04.03.TLT.4.1.4_TestSA.txt,2025-12-29 22:18:54.841541
0.1.1.1.0.0.searchglobal.0,Small,4,3,TLT,4,1,4,Dev,0.93993,0.9581554227156277,0.92004,0.93871096101458,0.06007,/gpfs/projects/HeinzGroup/caffeine_underground/mlrt/FlexFringe/FlexFringe/models-ps-small/0.1.1.1.0.0.searchglobal.0.ini/0.1.1.1.0.0.searchglobal.0_04.03.TLT.4.1.4_Small.final.json,/gpfs/projects/HeinzGroup/asoubki/FlexFringe/data/MLRegTest/Large/04.03.TLT.4.1.4_Dev.txt,2025-12-29 22:18:54.841541
0.1.1.1.0.0.searchglobal.0,Small,4,3,TLT,4,1,4,Train,0.939,0.9434343434343434,0.934,0.9386934673366835,0.061,/gpfs/projects/HeinzGroup/caffeine_underground/mlrt/FlexFringe/FlexFringe/models-ps-small/0.1.1.1.0.0.searchglobal.0.ini/0.1.1.1.0.0.searchglobal.0_04.03.TLT.4.1.4_Small.final.json,/gpfs/projects/HeinzGroup/asoubki/FlexFringe/data/MLRegTest/Small/04.03.TLT.4.1.4_Train.txt,2025-12-29 22:18:54.841541
0.1.1.1.0.0.searchglobal.0,Small,4,3,TLT,4,1,5,TestSR,0.49667,0.44532019704433495,0.02712,0.05112640211141484,0.50333,/gpfs/projects/HeinzGroup/caffeine_underground/mlrt/FlexFringe/FlexFringe/models-ps-small/0.1.1.1.0.0.searchglobal.0.ini/0.1.1.1.0.0.searchglobal.0_04.03.TLT.4.1.5_Small.final.json,/gpfs/projects/HeinzGroup/asoubki/FlexFringe/data/MLRegTest/Large/04.03.TLT.4.1.5_TestSR.txt,2025-12-29 23:10:12.181567
0.1.1.1.0.0.searchglobal.0,Small,4,3,TLT,4,1,5,TestLA,0.49924,0.48848484848484847,0.03224,0.06048780487804878,0.50076,/gpfs/projects/HeinzGroup/caffeine_underground/mlrt/FlexFringe/FlexFringe/models-ps-small/0.1.1.1.0.0.searchglobal.0.ini/0.1.1.1.0.0.searchglobal.0_04.03.TLT.4.1.5_Small.final.json,/gpfs/projects/HeinzGroup/asoubki/FlexFringe/data/MLRegTest/Large/04.03.TLT.4.1.5_TestLA.txt,2025-12-29 23:10:12.181567
0.1.1.1.0.0.searchglobal.0,Small,4,3,TLT,4,1,5,TestLR,0.49582,0.43301282051282053,0.02702,0.050865963855421685,0.50418,/gpfs/projects/HeinzGroup/caffeine_underground/mlrt/FlexFringe/FlexFringe/models-ps-small/0.1.1.1.0.0.searchglobal.0.ini/0.1.1.1.0.0.searchglobal.0_04.03.TLT.4.1.5_Small.final.json,/gpfs/projects/HeinzGroup/asoubki/FlexFringe/data/MLRegTest/Large/04.03.TLT.4.1.5_TestLR.txt,2025-12-29 23:10:12.181567
0.1.1.1.0.0.searchglobal.0,Small,4,3,TLT,4,1,5,TestSA,0.49906,0.4861438679245283,0.03298,0.06176955349115972,0.50094,/gpfs/projects/HeinzGroup/caffeine_underground/mlrt/FlexFringe/FlexFringe/models-ps-small/0.1.1.1.0.0.searchglobal.0.ini/0.1.1.1.0.0.searchglobal.0_04.03.TLT.4.1.5_Small.final.json,/gpfs/projects/HeinzGroup/asoubki/FlexFringe/data/MLRegTest/Large/04.03.TLT.4.1.5_TestSA.txt,2025-12-29 23:10:12.181567
0.1.1.1.0.0.searchglobal.0,Small,4,3,TLT,4,1,5,Dev,0.49571,0.42890288365926416,0.02588,0.048814531188109474,0.50429,/gpfs/projects/HeinzGroup/caffeine_underground/mlrt/FlexFringe/FlexFringe/models-ps-small/0.1.1.1.0.0.searchglobal.0.ini/0.1.1.1.0.0.searchglobal.0_04.03.TLT.4.1.5_Small.final.json,/gpfs/projects/HeinzGroup/asoubki/FlexFringe/data/MLRegTest/Large/04.03.TLT.4.1.5_Dev.txt,2025-12-29 23:10:12.181567
0.1.1.1.0.0.searchglobal.0,Small,4,3,TLT,4,1,5,Train,0.507,0.6521739130434783,0.03,0.05736137667304015,0.493,/gpfs/projects/HeinzGroup/caffeine_underground/mlrt/FlexFringe/FlexFringe/models-ps-small/0.1.1.1.0.0.searchglobal.0.ini/0.1.1.1.0.0.searchglobal.0_04.03.TLT.4.1.5_Small.final.json,/gpfs/projects/HeinzGroup/asoubki/FlexFringe/data/MLRegTest/Small/04.03.TLT.4.1.5_Train.txt,2025-12-29 23:10:12.181567
0.1.1.1.0.0.searchglobal.0,Small,4,3,TLT,4,1,6,TestSR,0.49684,0.46227316141356256,0.03872,0.07145493467188307,0.50316,/gpfs/projects/HeinzGroup/caffeine_underground/mlrt/FlexFringe/FlexFringe/models-ps-small/0.1.1.1.0.0.searchglobal.0.ini/0.1.1.1.0.0.searchglobal.0_04.03.TLT.4.1.6_Small.final.json,/gpfs/projects/HeinzGroup/asoubki/FlexFringe/data/MLRegTest/Large/04.03.TLT.4.1.6_TestSR.txt,2025-12-29 23:06:29.782423
0.1.1.1.0.0.searchglobal.0,Small,4,3,TLT,4,1,6,TestSA,0.4998,0.4976392823418319,0.04216,0.07773434619072203,0.5002,/gpfs/projects/HeinzGroup/caffeine_underground/mlrt/FlexFringe/FlexFringe/models-ps-small/0.1.1.1.0.0.searchglobal.0.ini/0.1.1.1.0.0.searchglobal.0_04.03.TLT.4.1.6_Small.final.json,/gpfs/projects/HeinzGroup/asoubki/FlexFringe/data/MLRegTest/Large/04.03.TLT.4.1.6_TestSA.txt,2025-12-29 23:06:29.782423
0.1.1.1.0.0.searchglobal.0,Small,4,3,TLT,4,1,6,TestLR,0.49681,0.46205091601237214,0.03884,0.07165655037544047,0.50319,/gpfs/projects/HeinzGroup/caffeine_underground/mlrt/FlexFringe/FlexFringe/models-ps-small/0.1.1.1.0.0.searchglobal.0.ini/0.1.1.1.0.0.searchglobal.0_04.03.TLT.4.1.6_Small.final.json,/gpfs/projects/HeinzGroup/asoubki/FlexFringe/data/MLRegTest/Large/04.03.TLT.4.1.6_TestLR.txt,2025-12-29 23:06:29.782423
0.1.1.1.0.0.searchglobal.0,Small,4,3,TLT,4,1,6,TestLA,0.49969,0.49654711517041655,0.04458,0.08181467819192864,0.50031,/gpfs/projects/HeinzGroup/caffeine_underground/mlrt/FlexFringe/FlexFringe/models-ps-small/0.1.1.1.0.0.searchglobal.0.ini/0.1.1.1.0.0.searchglobal.0_04.03.TLT.4.1.6_Small.final.json,/gpfs/projects/HeinzGroup/asoubki/FlexFringe/data/MLRegTest/Large/04.03.TLT.4.1.6_TestLA.txt,2025-12-29 23:06:29.782423
0.1.1.1.0.0.searchglobal.0,Small,4,3,TLT,4,1,6,Dev,0.49513,0.4404791004644341,0.03604,0.06662845944796732,0.50487,/gpfs/projects/HeinzGroup/caffeine_underground/mlrt/FlexFringe/FlexFringe/models-ps-small/0.1.1.1.0.0.searchglobal.0.ini/0.1.1.1.0.0.searchglobal.0_04.03.TLT.4.1.6_Small.final.json,/gpfs/projects/HeinzGroup/asoubki/FlexFringe/data/MLRegTest/Large/04.03.TLT.4.1.6_Dev.txt,2025-12-29 23:06:29.782423
0.1.1.1.0.0.searchglobal.0,Small,4,3,TLT,4,1,6,Train,0.485,0.38095238095238093,0.048,0.0852575488454707,0.515,/gpfs/projects/HeinzGroup/caffeine_underground/mlrt/FlexFringe/FlexFringe/models-ps-small/0.1.1.1.0.0.searchglobal.0.ini/0.1.1.1.0.0.searchglobal.0_04.03.TLT.4.1.6_Small.final.json,/gpfs/projects/HeinzGroup/asoubki/FlexFringe/data/MLRegTest/Small/04.03.TLT.4.1.6_Train.txt,2025-12-29 23:06:29.782423
0.1.1.1.0.0.searchglobal.0,Small,4,3,TLT,4,1,7,TestLA,0.50019,0.50184287099903,0.05174,0.09380835826307678,0.49981,/gpfs/projects/HeinzGroup/caffeine_underground/mlrt/FlexFringe/FlexFringe/models-ps-small/0.1.1.1.0.0.searchglobal.0.ini/0.1.1.1.0.0.searchglobal.0_04.03.TLT.4.1.7_Small.final.json,/gpfs/projects/HeinzGroup/asoubki/FlexFringe/data/MLRegTest/Large/04.03.TLT.4.1.7_TestLA.txt,2025-12-29 23:23:36.336598
0.1.1.1.0.0.searchglobal.0,Small,4,3,TLT,4,1,7,TestLR,0.49966,0.49675696299122474,0.05208,0.09427609427609428,0.50034,/gpfs/projects/HeinzGroup/caffeine_underground/mlrt/FlexFringe/FlexFringe/models-ps-small/0.1.1.1.0.0.searchglobal.0.ini/0.1.1.1.0.0.searchglobal.0_04.03.TLT.4.1.7_Small.final.json,/gpfs/projects/HeinzGroup/asoubki/FlexFringe/data/MLRegTest/Large/04.03.TLT.4.1.7_TestLR.txt,2025-12-29 23:23:36.336598
0.1.1.1.0.0.searchglobal.0,Small,4,3,TLT,4,1,7,TestSA,0.50039,0.503663347736239,0.05362,0.09692171429604324,0.49961,/gpfs/projects/HeinzGroup/caffeine_underground/mlrt/FlexFringe/FlexFringe/models-ps-small/0.1.1.1.0.0.searchglobal.0.ini/0.1.1.1.0.0.searchglobal.0_04.03.TLT.4.1.7_Small.final.json,/gpfs/projects/HeinzGroup/asoubki/FlexFringe/data/MLRegTest/Large/04.03.TLT.4.1.7_TestSA.txt,2025-12-29 23:23:36.336598
0.1.1.1.0.0.searchglobal.0,Small,4,3,TLT,4,1,7,TestSR,0.49843,0.4846589798710182,0.0496,0.08999038409202242,0.50157,/gpfs/projects/HeinzGroup/caffeine_underground/mlrt/FlexFringe/FlexFringe/models-ps-small/0.1.1.1.0.0.searchglobal.0.ini/0.1.1.1.0.0.searchglobal.0_04.03.TLT.4.1.7_Small.final.json,/gpfs/projects/HeinzGroup/asoubki/FlexFringe/data/MLRegTest/Large/04.03.TLT.4.1.7_TestSR.txt,2025-12-29 23:23:36.336598
0.1.1.1.0.0.searchglobal.0,Small,4,3,TLT,4,1,7,Dev,0.50061,0.5058039961941009,0.05316,0.09620848791964529,0.49939,/gpfs/projects/HeinzGroup/caffeine_underground/mlrt/FlexFringe/FlexFringe/models-ps-small/0.1.1.1.0.0.searchglobal.0.ini/0.1.1.1.0.0.searchglobal.0_04.03.TLT.4.1.7_Small.final.json,/gpfs/projects/HeinzGroup/asoubki/FlexFringe/data/MLRegTest/Large/04.03.TLT.4.1.7_Dev.txt,2025-12-29 23:23:36.336598
0.1.1.1.0.0.searchglobal.0,Small,4,3,TLT,4,1,7,Train,0.507,0.5636363636363636,0.062,0.11171171171171171,0.493,/gpfs/projects/HeinzGroup/caffeine_underground/mlrt/FlexFringe/FlexFringe/models-ps-small/0.1.1.1.0.0.searchglobal.0.ini/0.1.1.1.0.0.searchglobal.0_04.03.TLT.4.1.7_Small.final.json,/gpfs/projects/HeinzGroup/asoubki/FlexFringe/data/MLRegTest/Small/04.03.TLT.4.1.7_Train.txt,2025-12-29 23:23:36.336598
0.1.1.1.0.0.searchglobal.0,Small,4,3,TLT,4,1,8,TestLA,0.49933,0.49185509360564067,0.04046,0.07476946389961747,0.50067,/gpfs/projects/HeinzGroup/caffeine_underground/mlrt/FlexFringe/FlexFringe/models-ps-small/0.1.1.1.0.0.searchglobal.0.ini/0.1.1.1.0.0.searchglobal.0_04.03.TLT.4.1.8_Small.final.json,/gpfs/projects/HeinzGroup/asoubki/FlexFringe/data/MLRegTest/Large/04.03.TLT.4.1.8_TestLA.txt,2025-12-29 22:36:47.397189
0.1.1.1.0.0.searchglobal.0,Small,4,3,TLT,4,1,8,TestLR,0.49667,0.45836459114778694,0.03666,0.06789014611381693,0.50333,/gpfs/projects/HeinzGroup/caffeine_underground/mlrt/FlexFringe/FlexFringe/models-ps-small/0.1.1.1.0.0.searchglobal.0.ini/0.1.1.1.0.0.searchglobal.0_04.03.TLT.4.1.8_Small.final.json,/gpfs/projects/HeinzGroup/asoubki/FlexFringe/data/MLRegTest/Large/04.03.TLT.4.1.8_TestLR.txt,2025-12-29 22:36:47.397189
0.1.1.1.0.0.searchglobal.0,Small,4,3,TLT,4,1,8,TestSA,0.49898,0.4873574615765989,0.03932,0.07276899729799756,0.50102,/gpfs/projects/HeinzGroup/caffeine_underground/mlrt/FlexFringe/FlexFringe/models-ps-small/0.1.1.1.0.0.searchglobal.0.ini/0.1.1.1.0.0.searchglobal.0_04.03.TLT.4.1.8_Small.final.json,/gpfs/projects/HeinzGroup/asoubki/FlexFringe/data/MLRegTest/Large/04.03.TLT.4.1.8_TestSA.txt,2025-12-29 22:36:47.397189
0.1.1.1.0.0.searchglobal.0,Small,4,3,TLT,4,1,8,TestSR,0.49554,0.44287909836065575,0.03458,0.06415108340753933,0.50446,/gpfs/projects/HeinzGroup/caffeine_underground/mlrt/FlexFringe/FlexFringe/models-ps-small/0.1.1.1.0.0.searchglobal.0.ini/0.1.1.1.0.0.searchglobal.0_04.03.TLT.4.1.8_Small.final.json,/gpfs/projects/HeinzGroup/asoubki/FlexFringe/data/MLRegTest/Large/04.03.TLT.4.1.8_TestSR.txt,2025-12-29 22:36:47.397189
0.1.1.1.0.0.searchglobal.0,Small,4,3,TLT,4,1,8,Dev,0.49556,0.4434826883910387,0.03484,0.06460465806260199,0.50444,/gpfs/projects/HeinzGroup/caffeine_underground/mlrt/FlexFringe/FlexFringe/models-ps-small/0.1.1.1.0.0.searchglobal.0.ini/0.1.1.1.0.0.searchglobal.0_04.03.TLT.4.1.8_Small.final.json,/gpfs/projects/HeinzGroup/asoubki/FlexFringe/data/MLRegTest/Large/04.03.TLT.4.1.8_Dev.txt,2025-12-29 22:36:47.397189
0.1.1.1.0.0.searchglobal.0,Small,4,3,TLT,4,1,8,Train,0.496,0.4411764705882353,0.03,0.056179775280898875,0.504,/gpfs/projects/HeinzGroup/caffeine_underground/mlrt/FlexFringe/FlexFringe/models-ps-small/0.1.1.1.0.0.searchglobal.0.ini/0.1.1.1.0.0.searchglobal.0_04.03.TLT.4.1.8_Small.final.json,/gpfs/projects/HeinzGroup/asoubki/FlexFringe/data/MLRegTest/Small/04.03.TLT.4.1.8_Train.txt,2025-12-29 22:36:47.397189
0.1.1.1.0.0.searchglobal.0,Small,4,3,TLT,4,1,9,TestLR,0.5033,0.5216876971608833,0.07938,0.13779336203305095,0.4967,/gpfs/projects/HeinzGroup/caffeine_underground/mlrt/FlexFringe/FlexFringe/models-ps-small/0.1.1.1.0.0.searchglobal.0.ini/0.1.1.1.0.0.searchglobal.0_04.03.TLT.4.1.9_Small.final.json,/gpfs/projects/HeinzGroup/asoubki/FlexFringe/data/MLRegTest/Large/04.03.TLT.4.1.9_TestLR.txt,2025-12-29 22:17:45.388269
0.1.1.1.0.0.searchglobal.0,Small,4,3,TLT,4,1,9,TestSR,0.50964,0.5598757763975155,0.09014,0.15527993109388458,0.49036,/gpfs/projects/HeinzGroup/caffeine_underground/mlrt/FlexFringe/FlexFringe/models-ps-small/0.1.1.1.0.0.searchglobal.0.ini/0.1.1.1.0.0.searchglobal.0_04.03.TLT.4.1.9_Small.final.json,/gpfs/projects/HeinzGroup/asoubki/FlexFringe/data/MLRegTest/Large/04.03.TLT.4.1.9_TestSR.txt,2025-12-29 22:17:45.388269
0.1.1.1.0.0.searchglobal.0,Small,4,3,TLT,4,1,9,TestSA,0.50276,0.5148642826367945,0.0956,0.1612576749207206,0.49724,/gpfs/projects/HeinzGroup/caffeine_underground/mlrt/FlexFringe/FlexFringe/models-ps-small/0.1.1.1.0.0.searchglobal.0.ini/0.1.1.1.0.0.searchglobal.0_04.03.TLT.4.1.9_Small.final.json,/gpfs/projects/HeinzGroup/asoubki/FlexFringe/data/MLRegTest/Large/04.03.TLT.4.1.9_TestSA.txt,2025-12-29 22:17:45.388269
0.1.1.1.0.0.searchglobal.0,Small,4,3,TLT,4,1,9,TestLA,0.50079,0.504825901038485,0.08264,0.14202973274899028,0.49921,/gpfs/projects/HeinzGroup/caffeine_underground/mlrt/FlexFringe/FlexFringe/models-ps-small/0.1.1.1.0.0.searchglobal.0.ini/0.1.1.1.0.0.searchglobal.0_04.03.TLT.4.1.9_Small.final.json,/gpfs/projects/HeinzGroup/asoubki/FlexFringe/data/MLRegTest/Large/04.03.TLT.4.1.9_TestLA.txt,2025-12-29 22:17:45.388269
0.1.1.1.0.0.searchglobal.0,Small,4,3,TLT,4,1,9,Dev,0.50889,0.553690059185892,0.09168,0.15731223940012698,0.49111,/gpfs/projects/HeinzGroup/caffeine_underground/mlrt/FlexFringe/FlexFringe/models-ps-small/0.1.1.1.0.0.searchglobal.0.ini/0.1.1.1.0.0.searchglobal.0_04.03.TLT.4.1.9_Small.final.json,/gpfs/projects/HeinzGroup/asoubki/FlexFringe/data/MLRegTest/Large/04.03.TLT.4.1.9_Dev.txt,2025-12-29 22:17:45.388269
0.1.1.1.0.0.searchglobal.0,Small,4,3,TLT,4,1,9,Train,0.51,0.5581395348837209,0.096,0.16382252559726962,0.49,/gpfs/projects/HeinzGroup/caffeine_underground/mlrt/FlexFringe/FlexFringe/models-ps-small/0.1.1.1.0.0.searchglobal.0.ini/0.1.1.1.0.0.searchglobal.0_04.03.TLT.4.1.9_Small.final.json,/gpfs/projects/HeinzGroup/asoubki/FlexFringe/data/MLRegTest/Small/04.03.TLT.4.1.9_Train.txt,2025-12-29 22:17:45.388269
0.1.1.1.0.0.searchglobal.0,Small,4,3,TLT,6,1,0,TestLR,0.9998,1.0,0.9996,0.9997999599919984,0.0002,/gpfs/projects/HeinzGroup/caffeine_underground/mlrt/FlexFringe/FlexFringe/models-ps-small/0.1.1.1.0.0.searchglobal.0.ini/0.1.1.1.0.0.searchglobal.0_04.03.TLT.6.1.0_Small.final.json,/gpfs/projects/HeinzGroup/asoubki/FlexFringe/data/MLRegTest/Large/04.03.TLT.6.1.0_TestLR.txt,2025-12-29 23:11:52.293529
0.1.1.1.0.0.searchglobal.0,Small,4,3,TLT,6,1,0,TestLA,0.99306,1.0,0.98612,0.9930114998086722,0.00694,/gpfs/projects/HeinzGroup/caffeine_underground/mlrt/FlexFringe/FlexFringe/models-ps-small/0.1.1.1.0.0.searchglobal.0.ini/0.1.1.1.0.0.searchglobal.0_04.03.TLT.6.1.0_Small.final.json,/gpfs/projects/HeinzGroup/asoubki/FlexFringe/data/MLRegTest/Large/04.03.TLT.6.1.0_TestLA.txt,2025-12-29 23:11:52.293529
0.1.1.1.0.0.searchglobal.0,Small,4,3,TLT,6,1,0,TestSA,0.99725,1.0,0.9945,0.9972424166457758,0.00275,/gpfs/projects/HeinzGroup/caffeine_underground/mlrt/FlexFringe/FlexFringe/models-ps-small/0.1.1.1.0.0.searchglobal.0.ini/0.1.1.1.0.0.searchglobal.0_04.03.TLT.6.1.0_Small.final.json,/gpfs/projects/HeinzGroup/asoubki/FlexFringe/data/MLRegTest/Large/04.03.TLT.6.1.0_TestSA.txt,2025-12-29 23:11:52.293529
0.1.1.1.0.0.searchglobal.0,Small,4,3,TLT,6,1,0,TestSR,0.99998,1.0,0.99996,0.999979999599992,2e-05,/gpfs/projects/HeinzGroup/caffeine_underground/mlrt/FlexFringe/FlexFringe/models-ps-small/0.1.1.1.0.0.searchglobal.0.ini/0.1.1.1.0.0.searchglobal.0_04.03.TLT.6.1.0_Small.final.json,/gpfs/projects/HeinzGroup/asoubki/FlexFringe/data/MLRegTest/Large/04.03.TLT.6.1.0_TestSR.txt,2025-12-29 23:11:52.293529
0.1.1.1.0.0.searchglobal.0,Small,4,3,TLT,6,1,0,Dev,1.0,1.0,1.0,1.0,0.0,/gpfs/projects/HeinzGroup/caffeine_underground/mlrt/FlexFringe/FlexFringe/models-ps-small/0.1.1.1.0.0.searchglobal.0.ini/0.1.1.1.0.0.searchglobal.0_04.03.TLT.6.1.0_Small.final.json,/gpfs/projects/HeinzGroup/asoubki/FlexFringe/data/MLRegTest/Large/04.03.TLT.6.1.0_Dev.txt,2025-12-29 23:11:52.293529
0.1.1.1.0.0.searchglobal.0,Small,4,3,TLT,6,1,0,Train,1.0,1.0,1.0,1.0,0.0,/gpfs/projects/HeinzGroup/caffeine_underground/mlrt/FlexFringe/FlexFringe/models-ps-small/0.1.1.1.0.0.searchglobal.0.ini/0.1.1.1.0.0.searchglobal.0_04.03.TLT.6.1.0_Small.final.json,/gpfs/projects/HeinzGroup/asoubki/FlexFringe/data/MLRegTest/Small/04.03.TLT.6.1.0_Train.txt,2025-12-29 23:11:52.293529
0.1.1.1.0.0.searchglobal.0,Small,4,3,TLT,6,1,1,TestLR,0.87863,0.9021732203173793,0.84936,0.8749703831137391,0.12137,/gpfs/projects/HeinzGroup/caffeine_underground/mlrt/FlexFringe/FlexFringe/models-ps-small/0.1.1.1.0.0.searchglobal.0.ini/0.1.1.1.0.0.searchglobal.0_04.03.TLT.6.1.1_Small.final.json,/gpfs/projects/HeinzGroup/asoubki/FlexFringe/data/MLRegTest/Large/04.03.TLT.6.1.1_TestLR.txt,2025-12-29 22:54:56.636437
0.1.1.1.0.0.searchglobal.0,Small,4,3,TLT,6,1,1,TestSA,0.64259,0.7889595914562477,0.38932,0.5213664912351185,0.35741,/gpfs/projects/HeinzGroup/caffeine_underground/mlrt/FlexFringe/FlexFringe/models-ps-small/0.1.1.1.0.0.searchglobal.0.ini/0.1.1.1.0.0.searchglobal.0_04.03.TLT.6.1.1_Small.final.json,/gpfs/projects/HeinzGroup/asoubki/FlexFringe/data/MLRegTest/Large/04.03.TLT.6.1.1_TestSA.txt,2025-12-29 22:54:56.636437
0.1.1.1.0.0.searchglobal.0,Small,4,3,TLT,6,1,1,TestLA,0.63269,0.7801376514799645,0.36952,0.5014996674945374,0.36731,/gpfs/projects/HeinzGroup/caffeine_underground/mlrt/FlexFringe/FlexFringe/models-ps-small/0.1.1.1.0.0.searchglobal.0.ini/0.1.1.1.0.0.searchglobal.0_04.03.TLT.6.1.1_Small.final.json,/gpfs/projects/HeinzGroup/asoubki/FlexFringe/data/MLRegTest/Large/04.03.TLT.6.1.1_TestLA.txt,2025-12-29 22:54:56.636437
0.1.1.1.0.0.searchglobal.0,Small,4,3,TLT,6,1,1,TestSR,0.90884,0.9093475910128559,0.90822,0.9087834457363565,0.09116,/gpfs/projects/HeinzGroup/caffeine_underground/mlrt/FlexFringe/FlexFringe/models-ps-small/0.1.1.1.0.0.searchglobal.0.ini/0.1.1.1.0.0.searchglobal.0_04.03.TLT.6.1.1_Small.final.json,/gpfs/projects/HeinzGroup/asoubki/FlexFringe/data/MLRegTest/Large/04.03.TLT.6.1.1_TestSR.txt,2025-12-29 22:54:56.636437
0.1.1.1.0.0.searchglobal.0,Small,4,3,TLT,6,1,1,Dev,0.90949,0.9098588729856871,0.90904,0.9094492521634736,0.09051,/gpfs/projects/HeinzGroup/caffeine_underground/mlrt/FlexFringe/FlexFringe/models-ps-small/0.1.1.1.0.0.searchglobal.0.ini/0.1.1.1.0.0.searchglobal.0_04.03.TLT.6.1.1_Small.final.json,/gpfs/projects/HeinzGroup/asoubki/FlexFringe/data/MLRegTest/Large/04.03.TLT.6.1.1_Dev.txt,2025-12-29 22:54:56.636437
0.1.1.1.0.0.searchglobal.0,Small,4,3,TLT,6,1,1,Train,0.885,0.8857715430861723,0.884,0.8848848848848849,0.115,/gpfs/projects/HeinzGroup/caffeine_underground/mlrt/FlexFringe/FlexFringe/models-ps-small/0.1.1.1.0.0.searchglobal.0.ini/0.1.1.1.0.0.searchglobal.0_04.03.TLT.6.1.1_Small.final.json,/gpfs/projects/HeinzGroup/asoubki/FlexFringe/data/MLRegTest/Small/04.03.TLT.6.1.1_Train.txt,2025-12-29 22:54:56.636437
0.1.1.1.0.0.searchglobal.0,Small,4,3,TLT,6,1,2,TestSA,0.57642,0.6058742033804378,0.43732,0.5079800209083517,0.42358,/gpfs/projects/HeinzGroup/caffeine_underground/mlrt/FlexFringe/FlexFringe/models-ps-small/0.1.1.1.0.0.searchglobal.0.ini/0.1.1.1.0.0.searchglobal.0_04.03.TLT.6.1.2_Small.final.json,/gpfs/projects/HeinzGroup/asoubki/FlexFringe/data/MLRegTest/Large/04.03.TLT.6.1.2_TestSA.txt,2025-12-29 23:06:32.773660
0.1.1.1.0.0.searchglobal.0,Small,4,3,TLT,6,1,2,TestSR,0.78166,0.7552100322568953,0.83348,0.7924169534711263,0.21834,/gpfs/projects/HeinzGroup/caffeine_underground/mlrt/FlexFringe/FlexFringe/models-ps-small/0.1.1.1.0.0.searchglobal.0.ini/0.1.1.1.0.0.searchglobal.0_04.03.TLT.6.1.2_Small.final.json,/gpfs/projects/HeinzGroup/asoubki/FlexFringe/data/MLRegTest/Large/04.03.TLT.6.1.2_TestSR.txt,2025-12-29 23:06:32.773660
0.1.1.1.0.0.searchglobal.0,Small,4,3,TLT,6,1,2,TestLR,0.69351,0.6700170447556626,0.7626,0.7133169330926302,0.30649,/gpfs/projects/HeinzGroup/caffeine_underground/mlrt/FlexFringe/FlexFringe/models-ps-small/0.1.1.1.0.0.searchglobal.0.ini/0.1.1.1.0.0.searchglobal.0_04.03.TLT.6.1.2_Small.final.json,/gpfs/projects/HeinzGroup/asoubki/FlexFringe/data/MLRegTest/Large/04.03.TLT.6.1.2_TestLR.txt,2025-12-29 23:06:32.773660
0.1.1.1.0.0.searchglobal.0,Small,4,3,TLT,6,1,2,TestLA,0.5536,0.5616829313201989,0.48808,0.5223011728447907,0.4464,/gpfs/projects/HeinzGroup/caffeine_underground/mlrt/FlexFringe/FlexFringe/models-ps-small/0.1.1.1.0.0.searchglobal.0.ini/0.1.1.1.0.0.searchglobal.0_04.03.TLT.6.1.2_Small.final.json,/gpfs/projects/HeinzGroup/asoubki/FlexFringe/data/MLRegTest/Large/04.03.TLT.6.1.2_TestLA.txt,2025-12-29 23:06:32.773660
0.1.1.1.0.0.searchglobal.0,Small,4,3,TLT,6,1,2,Dev,0.78035,0.7538252602987777,0.8326,0.7912568306010929,0.21965,/gpfs/projects/HeinzGroup/caffeine_underground/mlrt/FlexFringe/FlexFringe/models-ps-small/0.1.1.1.0.0.searchglobal.0.ini/0.1.1.1.0.0.searchglobal.0_04.03.TLT.6.1.2_Small.final.json,/gpfs/projects/HeinzGroup/asoubki/FlexFringe/data/MLRegTest/Large/04.03.TLT.6.1.2_Dev.txt,2025-12-29 23:06:32.773660
0.1.1.1.0.0.searchglobal.0,Small,4,3,TLT,6,1,2,Train,0.789,0.7680890538033395,0.828,0.7969201154956689,0.211,/gpfs/projects/HeinzGroup/caffeine_underground/mlrt/FlexFringe/FlexFringe/models-ps-small/0.1.1.1.0.0.searchglobal.0.ini/0.1.1.1.0.0.searchglobal.0_04.03.TLT.6.1.2_Small.final.json,/gpfs/projects/HeinzGroup/asoubki/FlexFringe/data/MLRegTest/Small/04.03.TLT.6.1.2_Train.txt,2025-12-29 23:06:32.773660
0.1.1.1.0.0.searchglobal.0,Small,4,3,TLT,6,1,3,TestLR,0.71157,0.7090736604937051,0.71754,0.7132817082020338,0.28843,/gpfs/projects/HeinzGroup/caffeine_underground/mlrt/FlexFringe/FlexFringe/models-ps-small/0.1.1.1.0.0.searchglobal.0.ini/0.1.1.1.0.0.searchglobal.0_04.03.TLT.6.1.3_Small.final.json,/gpfs/projects/HeinzGroup/asoubki/FlexFringe/data/MLRegTest/Large/04.03.TLT.6.1.3_TestLR.txt,2025-12-29 23:28:32.698038
0.1.1.1.0.0.searchglobal.0,Small,4,3,TLT,6,1,3,TestLA,0.58142,0.6033143843264643,0.47546,0.5318106572412867,0.41858,/gpfs/projects/HeinzGroup/caffeine_underground/mlrt/FlexFringe/FlexFringe/models-ps-small/0.1.1.1.0.0.searchglobal.0.ini/0.1.1.1.0.0.searchglobal.0_04.03.TLT.6.1.3_Small.final.json,/gpfs/projects/HeinzGroup/asoubki/FlexFringe/data/MLRegTest/Large/04.03.TLT.6.1.3_TestLA.txt,2025-12-29 23:28:32.698038
0.1.1.1.0.0.searchglobal.0,Small,4,3,TLT,6,1,3,TestSR,0.78445,0.7740630118508527,0.8034,0.7884587074930075,0.21555,/gpfs/projects/HeinzGroup/caffeine_underground/mlrt/FlexFringe/FlexFringe/models-ps-small/0.1.1.1.0.0.searchglobal.0.ini/0.1.1.1.0.0.searchglobal.0_04.03.TLT.6.1.3_Small.final.json,/gpfs/projects/HeinzGroup/asoubki/FlexFringe/data/MLRegTest/Large/04.03.TLT.6.1.3_TestSR.txt,2025-12-29 23:28:32.698038
0.1.1.1.0.0.searchglobal.0,Small,4,3,TLT,6,1,3,TestSA,0.60962,0.6500410621407062,0.47492,0.5488501097885127,0.39038,/gpfs/projects/HeinzGroup/caffeine_underground/mlrt/FlexFringe/FlexFringe/models-ps-small/0.1.1.1.0.0.searchglobal.0.ini/0.1.1.1.0.0.searchglobal.0_04.03.TLT.6.1.3_Small.final.json,/gpfs/projects/HeinzGroup/asoubki/FlexFringe/data/MLRegTest/Large/04.03.TLT.6.1.3_TestSA.txt,2025-12-29 23:28:32.698038
0.1.1.1.0.0.searchglobal.0,Small,4,3,TLT,6,1,3,Dev,0.78343,0.7727438942242922,0.80302,0.7875910905363921,0.21657,/gpfs/projects/HeinzGroup/caffeine_underground/mlrt/FlexFringe/FlexFringe/models-ps-small/0.1.1.1.0.0.searchglobal.0.ini/0.1.1.1.0.0.searchglobal.0_04.03.TLT.6.1.3_Small.final.json,/gpfs/projects/HeinzGroup/asoubki/FlexFringe/data/MLRegTest/Large/04.03.TLT.6.1.3_Dev.txt,2025-12-29 23:28:32.698038
0.1.1.1.0.0.searchglobal.0,Small,4,3,TLT,6,1,3,Train,0.764,0.7528735632183908,0.786,0.7690802348336595,0.236,/gpfs/projects/HeinzGroup/caffeine_underground/mlrt/FlexFringe/FlexFringe/models-ps-small/0.1.1.1.0.0.searchglobal.0.ini/0.1.1.1.0.0.searchglobal.0_04.03.TLT.6.1.3_Small.final.json,/gpfs/projects/HeinzGroup/asoubki/FlexFringe/data/MLRegTest/Small/04.03.TLT.6.1.3_Train.txt,2025-12-29 23:28:32.698038
0.1.1.1.0.0.searchglobal.0,Small,4,3,TLT,6,1,4,TestLA,0.80494,0.7614907045345407,0.88802,0.8199025002769879,0.19506,/gpfs/projects/HeinzGroup/caffeine_underground/mlrt/FlexFringe/FlexFringe/models-ps-small/0.1.1.1.0.0.searchglobal.0.ini/0.1.1.1.0.0.searchglobal.0_04.03.TLT.6.1.4_Small.final.json,/gpfs/projects/HeinzGroup/asoubki/FlexFringe/data/MLRegTest/Large/04.03.TLT.6.1.4_TestLA.txt,2025-12-29 23:16:05.520181
0.1.1.1.0.0.searchglobal.0,Small,4,3,TLT,6,1,4,TestSA,0.84016,0.7894486044928523,0.92776,0.8530342037513792,0.15984,/gpfs/projects/HeinzGroup/caffeine_underground/mlrt/FlexFringe/FlexFringe/models-ps-small/0.1.1.1.0.0.searchglobal.0.ini/0.1.1.1.0.0.searchglobal.0_04.03.TLT.6.1.4_Small.final.json,/gpfs/projects/HeinzGroup/asoubki/FlexFringe/data/MLRegTest/Large/04.03.TLT.6.1.4_TestSA.txt,2025-12-29 23:16:05.520181
0.1.1.1.0.0.searchglobal.0,Small,4,3,TLT,6,1,4,TestSR,0.93869,0.9443510321495857,0.93232,0.9382969515815747,0.06131,/gpfs/projects/HeinzGroup/caffeine_underground/mlrt/FlexFringe/FlexFringe/models-ps-small/0.1.1.1.0.0.searchglobal.0.ini/0.1.1.1.0.0.searchglobal.0_04.03.TLT.6.1.4_Small.final.json,/gpfs/projects/HeinzGroup/asoubki/FlexFringe/data/MLRegTest/Large/04.03.TLT.6.1.4_TestSR.txt,2025-12-29 23:16:05.520181
0.1.1.1.0.0.searchglobal.0,Small,4,3,TLT,6,1,4,TestLR,0.90142,0.9099301499121768,0.89104,0.9003860067500656,0.09858,/gpfs/projects/HeinzGroup/caffeine_underground/mlrt/FlexFringe/FlexFringe/models-ps-small/0.1.1.1.0.0.searchglobal.0.ini/0.1.1.1.0.0.searchglobal.0_04.03.TLT.6.1.4_Small.final.json,/gpfs/projects/HeinzGroup/asoubki/FlexFringe/data/MLRegTest/Large/04.03.TLT.6.1.4_TestLR.txt,2025-12-29 23:16:05.520181
0.1.1.1.0.0.searchglobal.0,Small,4,3,TLT,6,1,4,Dev,0.9396,0.9453359267363644,0.93316,0.93920850275776,0.0604,/gpfs/projects/HeinzGroup/caffeine_underground/mlrt/FlexFringe/FlexFringe/models-ps-small/0.1.1.1.0.0.searchglobal.0.ini/0.1.1.1.0.0.searchglobal.0_04.03.TLT.6.1.4_Small.final.json,/gpfs/projects/HeinzGroup/asoubki/FlexFringe/data/MLRegTest/Large/04.03.TLT.6.1.4_Dev.txt,2025-12-29 23:16:05.520181
0.1.1.1.0.0.searchglobal.0,Small,4,3,TLT,6,1,4,Train,0.942,0.9437751004016064,0.94,0.9418837675350702,0.058,/gpfs/projects/HeinzGroup/caffeine_underground/mlrt/FlexFringe/FlexFringe/models-ps-small/0.1.1.1.0.0.searchglobal.0.ini/0.1.1.1.0.0.searchglobal.0_04.03.TLT.6.1.4_Small.final.json,/gpfs/projects/HeinzGroup/asoubki/FlexFringe/data/MLRegTest/Small/04.03.TLT.6.1.4_Train.txt,2025-12-29 23:16:05.520181
0.1.1.1.0.0.searchglobal.0,Small,4,3,TLT,6,1,5,TestSA,0.49976,0.4854721549636804,0.00802,0.01577932554204541,0.50024,/gpfs/projects/HeinzGroup/caffeine_underground/mlrt/FlexFringe/FlexFringe/models-ps-small/0.1.1.1.0.0.searchglobal.0.ini/0.1.1.1.0.0.searchglobal.0_04.03.TLT.6.1.5_Small.final.json,/gpfs/projects/HeinzGroup/asoubki/FlexFringe/data/MLRegTest/Large/04.03.TLT.6.1.5_TestSA.txt,2025-12-29 22:32:06.099056
0.1.1.1.0.0.searchglobal.0,Small,4,3,TLT,6,1,5,TestLA,0.49981,0.48891481913652274,0.00838,0.016477574375208918,0.50019,/gpfs/projects/HeinzGroup/caffeine_underground/mlrt/FlexFringe/FlexFringe/models-ps-small/0.1.1.1.0.0.searchglobal.0.ini/0.1.1.1.0.0.searchglobal.0_04.03.TLT.6.1.5_Small.final.json,/gpfs/projects/HeinzGroup/asoubki/FlexFringe/data/MLRegTest/Large/04.03.TLT.6.1.5_TestLA.txt,2025-12-29 22:32:06.099056
0.1.1.1.0.0.searchglobal.0,Small,4,3,TLT,6,1,5,TestLR,0.49911,0.4444444444444444,0.00712,0.014015472136375268,0.50089,/gpfs/projects/HeinzGroup/caffeine_underground/mlrt/FlexFringe/FlexFringe/models-ps-small/0.1.1.1.0.0.searchglobal.0.ini/0.1.1.1.0.0.searchglobal.0_04.03.TLT.6.1.5_Small.final.json,/gpfs/projects/HeinzGroup/asoubki/FlexFringe/data/MLRegTest/Large/04.03.TLT.6.1.5_TestLR.txt,2025-12-29 22:32:06.099056
0.1.1.1.0.0.searchglobal.0,Small,4,3,TLT,6,1,5,TestSR,0.4997,0.4810126582278481,0.0076,0.014963575506989565,0.5003,/gpfs/projects/HeinzGroup/caffeine_underground/mlrt/FlexFringe/FlexFringe/models-ps-small/0.1.1.1.0.0.searchglobal.0.ini/0.1.1.1.0.0.searchglobal.0_04.03.TLT.6.1.5_Small.final.json,/gpfs/projects/HeinzGroup/asoubki/FlexFringe/data/MLRegTest/Large/04.03.TLT.6.1.5_TestSR.txt,2025-12-29 22:32:06.099056
0.1.1.1.0.0.searchglobal.0,Small,4,3,TLT,6,1,5,Dev,0.49931,0.45724907063197023,0.00738,0.014525557501919027,0.50069,/gpfs/projects/HeinzGroup/caffeine_underground/mlrt/FlexFringe/FlexFringe/models-ps-small/0.1.1.1.0.0.searchglobal.0.ini/0.1.1.1.0.0.searchglobal.0_04.03.TLT.6.1.5_Small.final.json,/gpfs/projects/HeinzGroup/asoubki/FlexFringe/data/MLRegTest/Large/04.03.TLT.6.1.5_Dev.txt,2025-12-29 22:32:06.099056
0.1.1.1.0.0.searchglobal.0,Small,4,3,TLT,6,1,5,Train,0.5,0.5,0.008,0.015748031496062992,0.5,/gpfs/projects/HeinzGroup/caffeine_underground/mlrt/FlexFringe/FlexFringe/models-ps-small/0.1.1.1.0.0.searchglobal.0.ini/0.1.1.1.0.0.searchglobal.0_04.03.TLT.6.1.5_Small.final.json,/gpfs/projects/HeinzGroup/asoubki/FlexFringe/data/MLRegTest/Small/04.03.TLT.6.1.5_Train.txt,2025-12-29 22:32:06.099056
0.1.1.1.0.0.searchglobal.0,Small,4,3,TLT,6,1,6,TestSA,0.50001,0.5007898894154819,0.00634,0.012521478087413346,0.49999,/gpfs/projects/HeinzGroup/caffeine_underground/mlrt/FlexFringe/FlexFringe/models-ps-small/0.1.1.1.0.0.searchglobal.0.ini/0.1.1.1.0.0.searchglobal.0_04.03.TLT.6.1.6_Small.final.json,/gpfs/projects/HeinzGroup/asoubki/FlexFringe/data/MLRegTest/Large/04.03.TLT.6.1.6_TestSA.txt,2025-12-29 22:07:46.933022
0.1.1.1.0.0.searchglobal.0,Small,4,3,TLT,6,1,6,TestSR,0.49946,0.4529616724738676,0.0052,0.010281963064024994,0.50054,/gpfs/projects/HeinzGroup/caffeine_underground/mlrt/FlexFringe/FlexFringe/models-ps-small/0.1.1.1.0.0.searchglobal.0.ini/0.1.1.1.0.0.searchglobal.0_04.03.TLT.6.1.6_Small.final.json,/gpfs/projects/HeinzGroup/asoubki/FlexFringe/data/MLRegTest/Large/04.03.TLT.6.1.6_TestSR.txt,2025-12-29 22:07:46.933022
0.1.1.1.0.0.searchglobal.0,Small,4,3,TLT,6,1,6,TestLR,0.49982,0.4838709677419355,0.0054,0.010680802246924324,0.50018,/gpfs/projects/HeinzGroup/caffeine_underground/mlrt/FlexFringe/FlexFringe/models-ps-small/0.1.1.1.0.0.searchglobal.0.ini/0.1.1.1.0.0.searchglobal.0_04.03.TLT.6.1.6_Small.final.json,/gpfs/projects/HeinzGroup/asoubki/FlexFringe/data/MLRegTest/Large/04.03.TLT.6.1.6_TestLR.txt,2025-12-29 22:07:46.933022
0.1.1.1.0.0.searchglobal.0,Small,4,3,TLT,6,1,6,TestLA,0.50014,0.5119047619047619,0.00602,0.011900055349094647,0.49986,/gpfs/projects/HeinzGroup/caffeine_underground/mlrt/FlexFringe/FlexFringe/models-ps-small/0.1.1.1.0.0.searchglobal.0.ini/0.1.1.1.0.0.searchglobal.0_04.03.TLT.6.1.6_Small.final.json,/gpfs/projects/HeinzGroup/asoubki/FlexFringe/data/MLRegTest/Large/04.03.TLT.6.1.6_TestLA.txt,2025-12-29 22:07:46.933022
0.1.1.1.0.0.searchglobal.0,Small,4,3,TLT,6,1,6,Dev,0.49983,0.4853700516351119,0.00564,0.011150431980387893,0.50017,/gpfs/projects/HeinzGroup/caffeine_underground/mlrt/FlexFringe/FlexFringe/models-ps-small/0.1.1.1.0.0.searchglobal.0.ini/0.1.1.1.0.0.searchglobal.0_04.03.TLT.6.1.6_Small.final.json,/gpfs/projects/HeinzGroup/asoubki/FlexFringe/data/MLRegTest/Large/04.03.TLT.6.1.6_Dev.txt,2025-12-29 22:07:46.933022
0.1.1.1.0.0.searchglobal.0,Small,4,3,TLT,6,1,6,Train,0.5,0.5,0.002,0.00398406374501992,0.5,/gpfs/projects/HeinzGroup/caffeine_underground/mlrt/FlexFringe/FlexFringe/models-ps-small/0.1.1.1.0.0.searchglobal.0.ini/0.1.1.1.0.0.searchglobal.0_04.03.TLT.6.1.6_Small.final.json,/gpfs/projects/HeinzGroup/asoubki/FlexFringe/data/MLRegTest/Small/04.03.TLT.6.1.6_Train.txt,2025-12-29 22:07:46.933022
0.1.1.1.0.0.searchglobal.0,Small,4,3,TLT,6,1,7,TestLR,0.50017,0.5203836930455635,0.00434,0.008608207549040998,0.49983,/gpfs/projects/HeinzGroup/caffeine_underground/mlrt/FlexFringe/FlexFringe/models-ps-small/0.1.1.1.0.0.searchglobal.0.ini/0.1.1.1.0.0.searchglobal.0_04.03.TLT.6.1.7_Small.final.json,/gpfs/projects/HeinzGroup/asoubki/FlexFringe/data/MLRegTest/Large/04.03.TLT.6.1.7_TestLR.txt,2025-12-29 23:03:24.561399
0.1.1.1.0.0.searchglobal.0,Small,4,3,TLT,6,1,7,TestSA,0.49999,0.49875311720698257,0.004,0.00793635046923672,0.50001,/gpfs/projects/HeinzGroup/caffeine_underground/mlrt/FlexFringe/FlexFringe/models-ps-small/0.1.1.1.0.0.searchglobal.0.ini/0.1.1.1.0.0.searchglobal.0_04.03.TLT.6.1.7_Small.final.json,/gpfs/projects/HeinzGroup/asoubki/FlexFringe/data/MLRegTest/Large/04.03.TLT.6.1.7_TestSA.txt,2025-12-29 23:03:24.561399
0.1.1.1.0.0.searchglobal.0,Small,4,3,TLT,6,1,7,TestLA,0.49999,0.4988610478359909,0.00438,0.008683756616903586,0.50001,/gpfs/projects/HeinzGroup/caffeine_underground/mlrt/FlexFringe/FlexFringe/models-ps-small/0.1.1.1.0.0.searchglobal.0.ini/0.1.1.1.0.0.searchglobal.0_04.03.TLT.6.1.7_Small.final.json,/gpfs/projects/HeinzGroup/asoubki/FlexFringe/data/MLRegTest/Large/04.03.TLT.6.1.7_TestLA.txt,2025-12-29 23:03:24.561399
0.1.1.1.0.0.searchglobal.0,Small,4,3,TLT,6,1,7,TestSR,0.49992,0.49019607843137253,0.004,0.007935248373274084,0.50008,/gpfs/projects/HeinzGroup/caffeine_underground/mlrt/FlexFringe/FlexFringe/models-ps-small/0.1.1.1.0.0.searchglobal.0.ini/0.1.1.1.0.0.searchglobal.0_04.03.TLT.6.1.7_Small.final.json,/gpfs/projects/HeinzGroup/asoubki/FlexFringe/data/MLRegTest/Large/04.03.TLT.6.1.7_TestSR.txt,2025-12-29 23:03:24.561399
0.1.1.1.0.0.searchglobal.0,Small,4,3,TLT,6,1,7,Dev,0.50023,0.5264367816091954,0.00458,0.009080995340537325,0.49977,/gpfs/projects/HeinzGroup/caffeine_underground/mlrt/FlexFringe/FlexFringe/models-ps-small/0.1.1.1.0.0.searchglobal.0.ini/0.1.1.1.0.0.searchglobal.0_04.03.TLT.6.1.7_Small.final.json,/gpfs/projects/HeinzGroup/asoubki/FlexFringe/data/MLRegTest/Large/04.03.TLT.6.1.7_Dev.txt,2025-12-29 23:03:24.561399
0.1.1.1.0.0.searchglobal.0,Small,4,3,TLT,6,1,7,Train,0.501,0.6666666666666666,0.004,0.007952286282306162,0.499,/gpfs/projects/HeinzGroup/caffeine_underground/mlrt/FlexFringe/FlexFringe/models-ps-small/0.1.1.1.0.0.searchglobal.0.ini/0.1.1.1.0.0.searchglobal.0_04.03.TLT.6.1.7_Small.final.json,/gpfs/projects/HeinzGroup/asoubki/FlexFringe/data/MLRegTest/Small/04.03.TLT.6.1.7_Train.txt,2025-12-29 23:03:24.561399
0.1.1.1.0.0.searchglobal.0,Small,4,3,TLT,6,1,8,TestLA,0.50031,0.5083738519719071,0.01882,0.03629631058224528,0.49969,/gpfs/projects/HeinzGroup/caffeine_underground/mlrt/FlexFringe/FlexFringe/models-ps-small/0.1.1.1.0.0.searchglobal.0.ini/0.1.1.1.0.0.searchglobal.0_04.03.TLT.6.1.8_Small.final.json,/gpfs/projects/HeinzGroup/asoubki/FlexFringe/data/MLRegTest/Large/04.03.TLT.6.1.8_TestLA.txt,2025-12-29 22:08:07.087862
0.1.1.1.0.0.searchglobal.0,Small,4,3,TLT,6,1,8,TestSA,0.5005,0.5137513751375138,0.01868,0.03604924929561156,0.4995,/gpfs/projects/HeinzGroup/caffeine_underground/mlrt/FlexFringe/FlexFringe/models-ps-small/0.1.1.1.0.0.searchglobal.0.ini/0.1.1.1.0.0.searchglobal.0_04.03.TLT.6.1.8_Small.final.json,/gpfs/projects/HeinzGroup/asoubki/FlexFringe/data/MLRegTest/Large/04.03.TLT.6.1.8_TestSA.txt,2025-12-29 22:08:07.087862
0.1.1.1.0.0.searchglobal.0,Small,4,3,TLT,6,1,8,TestLR,0.49932,0.48087739032620924,0.0171,0.03302560933214879,0.50068,/gpfs/projects/HeinzGroup/caffeine_underground/mlrt/FlexFringe/FlexFringe/models-ps-small/0.1.1.1.0.0.searchglobal.0.ini/0.1.1.1.0.0.searchglobal.0_04.03.TLT.6.1.8_Small.final.json,/gpfs/projects/HeinzGroup/asoubki/FlexFringe/data/MLRegTest/Large/04.03.TLT.6.1.8_TestLR.txt,2025-12-29 22:08:07.087862
0.1.1.1.0.0.searchglobal.0,Small,4,3,TLT,6,1,8,TestSR,0.49997,0.4991472427515634,0.01756,0.03392646689464634,0.50003,/gpfs/projects/HeinzGroup/caffeine_underground/mlrt/FlexFringe/FlexFringe/models-ps-small/0.1.1.1.0.0.searchglobal.0.ini/0.1.1.1.0.0.searchglobal.0_04.03.TLT.6.1.8_Small.final.json,/gpfs/projects/HeinzGroup/asoubki/FlexFringe/data/MLRegTest/Large/04.03.TLT.6.1.8_TestSR.txt,2025-12-29 22:08:07.087862
0.1.1.1.0.0.searchglobal.0,Small,4,3,TLT,6,1,8,Dev,0.50057,0.5156851953769951,0.01874,0.036165737113302586,0.49943,/gpfs/projects/HeinzGroup/caffeine_underground/mlrt/FlexFringe/FlexFringe/models-ps-small/0.1.1.1.0.0.searchglobal.0.ini/0.1.1.1.0.0.searchglobal.0_04.03.TLT.6.1.8_Small.final.json,/gpfs/projects/HeinzGroup/asoubki/FlexFringe/data/MLRegTest/Large/04.03.TLT.6.1.8_Dev.txt,2025-12-29 22:08:07.087862
0.1.1.1.0.0.searchglobal.0,Small,4,3,TLT,6,1,8,Train,0.489,0.21052631578947367,0.008,0.015414258188824663,0.511,/gpfs/projects/HeinzGroup/caffeine_underground/mlrt/FlexFringe/FlexFringe/models-ps-small/0.1.1.1.0.0.searchglobal.0.ini/0.1.1.1.0.0.searchglobal.0_04.03.TLT.6.1.8_Small.final.json,/gpfs/projects/HeinzGroup/asoubki/FlexFringe/data/MLRegTest/Small/04.03.TLT.6.1.8_Train.txt,2025-12-29 22:08:07.087862
0.1.1.1.0.0.searchglobal.0,Small,4,3,TLT,6,1,9,TestLR,0.50139,0.5355498721227622,0.02094,0.04030410932537773,0.49861,/gpfs/projects/HeinzGroup/caffeine_underground/mlrt/FlexFringe/FlexFringe/models-ps-small/0.1.1.1.0.0.searchglobal.0.ini/0.1.1.1.0.0.searchglobal.0_04.03.TLT.6.1.9_Small.final.json,/gpfs/projects/HeinzGroup/asoubki/FlexFringe/data/MLRegTest/Large/04.03.TLT.6.1.9_TestLR.txt,2025-12-29 23:27:22.570936
0.1.1.1.0.0.searchglobal.0,Small,4,3,TLT,6,1,9,TestSR,0.50234,0.5574656188605108,0.0227,0.04362364516872934,0.49766,/gpfs/projects/HeinzGroup/caffeine_underground/mlrt/FlexFringe/FlexFringe/models-ps-small/0.1.1.1.0.0.searchglobal.0.ini/0.1.1.1.0.0.searchglobal.0_04.03.TLT.6.1.9_Small.final.json,/gpfs/projects/HeinzGroup/asoubki/FlexFringe/data/MLRegTest/Large/04.03.TLT.6.1.9_TestSR.txt,2025-12-29 23:27:22.570936
0.1.1.1.0.0.searchglobal.0,Small,4,3,TLT,6,1,9,TestLA,0.5006,0.5133809099018734,0.02302,0.04406416293403775,0.4994,/gpfs/projects/HeinzGroup/caffeine_underground/mlrt/FlexFringe/FlexFringe/models-ps-small/0.1.1.1.0.0.searchglobal.0.ini/0.1.1.1.0.0.searchglobal.0_04.03.TLT.6.1.9_Small.final.json,/gpfs/projects/HeinzGroup/asoubki/FlexFringe/data/MLRegTest/Large/04.03.TLT.6.1.9_TestLA.txt,2025-12-29 23:27:22.570936
0.1.1.1.0.0.searchglobal.0,Small,4,3,TLT,6,1,9,TestSA,0.50118,0.5255854293148309,0.02424,0.04634267579245211,0.49882,/gpfs/projects/HeinzGroup/caffeine_underground/mlrt/FlexFringe/FlexFringe/models-ps-small/0.1.1.1.0.0.searchglobal.0.ini/0.1.1.1.0.0.searchglobal.0_04.03.TLT.6.1.9_Small.final.json,/gpfs/projects/HeinzGroup/asoubki/FlexFringe/data/MLRegTest/Large/04.03.TLT.6.1.9_TestSA.txt,2025-12-29 23:27:22.570936
0.1.1.1.0.0.searchglobal.0,Small,4,3,TLT,6,1,9,Dev,0.50175,0.5428711415972562,0.02216,0.0425818104955708,0.49825,/gpfs/projects/HeinzGroup/caffeine_underground/mlrt/FlexFringe/FlexFringe/models-ps-small/0.1.1.1.0.0.searchglobal.0.ini/0.1.1.1.0.0.searchglobal.0_04.03.TLT.6.1.9_Small.final.json,/gpfs/projects/HeinzGroup/asoubki/FlexFringe/data/MLRegTest/Large/04.03.TLT.6.1.9_Dev.txt,2025-12-29 23:27:22.570936
0.1.1.1.0.0.searchglobal.0,Small,4,3,TLT,6,1,9,Train,0.496,0.3888888888888889,0.014,0.02702702702702703,0.504,/gpfs/projects/HeinzGroup/caffeine_underground/mlrt/FlexFringe/FlexFringe/models-ps-small/0.1.1.1.0.0.searchglobal.0.ini/0.1.1.1.0.0.searchglobal.0_04.03.TLT.6.1.9_Small.final.json,/gpfs/projects/HeinzGroup/asoubki/FlexFringe/data/MLRegTest/Small/04.03.TLT.6.1.9_Train.txt,2025-12-29 23:27:22.570936
0.1.1.1.0.0.searchglobal.0,Small,4,3,TLTT,2,2,0,TestLA,1.0,1.0,1.0,1.0,0.0,/gpfs/projects/HeinzGroup/caffeine_underground/mlrt/FlexFringe/FlexFringe/models-ps-small/0.1.1.1.0.0.searchglobal.0.ini/0.1.1.1.0.0.searchglobal.0_04.03.TLTT.2.2.0_Small.final.json,/gpfs/projects/HeinzGroup/asoubki/FlexFringe/data/MLRegTest/Large/04.03.TLTT.2.2.0_TestLA.txt,2025-12-29 22:27:29.076017
0.1.1.1.0.0.searchglobal.0,Small,4,3,TLTT,2,2,0,TestSR,1.0,1.0,1.0,1.0,0.0,/gpfs/projects/HeinzGroup/caffeine_underground/mlrt/FlexFringe/FlexFringe/models-ps-small/0.1.1.1.0.0.searchglobal.0.ini/0.1.1.1.0.0.searchglobal.0_04.03.TLTT.2.2.0_Small.final.json,/gpfs/projects/HeinzGroup/asoubki/FlexFringe/data/MLRegTest/Large/04.03.TLTT.2.2.0_TestSR.txt,2025-12-29 22:27:29.076017
0.1.1.1.0.0.searchglobal.0,Small,4,3,TLTT,2,2,0,TestSA,1.0,1.0,1.0,1.0,0.0,/gpfs/projects/HeinzGroup/caffeine_underground/mlrt/FlexFringe/FlexFringe/models-ps-small/0.1.1.1.0.0.searchglobal.0.ini/0.1.1.1.0.0.searchglobal.0_04.03.TLTT.2.2.0_Small.final.json,/gpfs/projects/HeinzGroup/asoubki/FlexFringe/data/MLRegTest/Large/04.03.TLTT.2.2.0_TestSA.txt,2025-12-29 22:27:29.076017
0.1.1.1.0.0.searchglobal.0,Small,4,3,TLTT,2,2,0,TestLR,1.0,1.0,1.0,1.0,0.0,/gpfs/projects/HeinzGroup/caffeine_underground/mlrt/FlexFringe/FlexFringe/models-ps-small/0.1.1.1.0.0.searchglobal.0.ini/0.1.1.1.0.0.searchglobal.0_04.03.TLTT.2.2.0_Small.final.json,/gpfs/projects/HeinzGroup/asoubki/FlexFringe/data/MLRegTest/Large/04.03.TLTT.2.2.0_TestLR.txt,2025-12-29 22:27:29.076017
0.1.1.1.0.0.searchglobal.0,Small,4,3,TLTT,2,2,0,Dev,1.0,1.0,1.0,1.0,0.0,/gpfs/projects/HeinzGroup/caffeine_underground/mlrt/FlexFringe/FlexFringe/models-ps-small/0.1.1.1.0.0.searchglobal.0.ini/0.1.1.1.0.0.searchglobal.0_04.03.TLTT.2.2.0_Small.final.json,/gpfs/projects/HeinzGroup/asoubki/FlexFringe/data/MLRegTest/Large/04.03.TLTT.2.2.0_Dev.txt,2025-12-29 22:27:29.076017
0.1.1.1.0.0.searchglobal.0,Small,4,3,TLTT,2,2,0,Train,1.0,1.0,1.0,1.0,0.0,/gpfs/projects/HeinzGroup/caffeine_underground/mlrt/FlexFringe/FlexFringe/models-ps-small/0.1.1.1.0.0.searchglobal.0.ini/0.1.1.1.0.0.searchglobal.0_04.03.TLTT.2.2.0_Small.final.json,/gpfs/projects/HeinzGroup/asoubki/FlexFringe/data/MLRegTest/Small/04.03.TLTT.2.2.0_Train.txt,2025-12-29 22:27:29.076017
0.1.1.1.0.0.searchglobal.0,Small,4,3,TLTT,2,2,1,TestLR,0.60459,0.7574966763503865,0.30768,0.43761111664225066,0.39541,/gpfs/projects/HeinzGroup/caffeine_underground/mlrt/FlexFringe/FlexFringe/models-ps-small/0.1.1.1.0.0.searchglobal.0.ini/0.1.1.1.0.0.searchglobal.0_04.03.TLTT.2.2.1_Small.final.json,/gpfs/projects/HeinzGroup/asoubki/FlexFringe/data/MLRegTest/Large/04.03.TLTT.2.2.1_TestLR.txt,2025-12-29 22:54:39.584603
0.1.1.1.0.0.searchglobal.0,Small,4,3,TLTT,2,2,1,TestLA,0.53891,0.5887748117727584,0.25806,0.3588402975735243,0.46109,/gpfs/projects/HeinzGroup/caffeine_underground/mlrt/FlexFringe/FlexFringe/models-ps-small/0.1.1.1.0.0.searchglobal.0.ini/0.1.1.1.0.0.searchglobal.0_04.03.TLTT.2.2.1_Small.final.json,/gpfs/projects/HeinzGroup/asoubki/FlexFringe/data/MLRegTest/Large/04.03.TLTT.2.2.1_TestLA.txt,2025-12-29 22:54:39.584603
0.1.1.1.0.0.searchglobal.0,Small,4,3,TLTT,2,2,1,TestSA,0.57058,0.5841079174412508,0.49016,0.5330259466278083,0.42942,/gpfs/projects/HeinzGroup/caffeine_underground/mlrt/FlexFringe/FlexFringe/models-ps-small/0.1.1.1.0.0.searchglobal.0.ini/0.1.1.1.0.0.searchglobal.0_04.03.TLTT.2.2.1_Small.final.json,/gpfs/projects/HeinzGroup/asoubki/FlexFringe/data/MLRegTest/Large/04.03.TLTT.2.2.1_TestSA.txt,2025-12-29 22:54:39.584603
0.1.1.1.0.0.searchglobal.0,Small,4,3,TLTT,2,2,1,TestSR,0.64995,0.6791731389652288,0.5684,0.6188687462572813,0.35005,/gpfs/projects/HeinzGroup/caffeine_underground/mlrt/FlexFringe/FlexFringe/models-ps-small/0.1.1.1.0.0.searchglobal.0.ini/0.1.1.1.0.0.searchglobal.0_04.03.TLTT.2.2.1_Small.final.json,/gpfs/projects/HeinzGroup/asoubki/FlexFringe/data/MLRegTest/Large/04.03.TLTT.2.2.1_TestSR.txt,2025-12-29 22:54:39.584603
0.1.1.1.0.0.searchglobal.0,Small,4,3,TLTT,2,2,1,Dev,0.6493,0.6775183106629887,0.56982,0.6190196845261374,0.3507,/gpfs/projects/HeinzGroup/caffeine_underground/mlrt/FlexFringe/FlexFringe/models-ps-small/0.1.1.1.0.0.searchglobal.0.ini/0.1.1.1.0.0.searchglobal.0_04.03.TLTT.2.2.1_Small.final.json,/gpfs/projects/HeinzGroup/asoubki/FlexFringe/data/MLRegTest/Large/04.03.TLTT.2.2.1_Dev.txt,2025-12-29 22:54:39.584603
0.1.1.1.0.0.searchglobal.0,Small,4,3,TLTT,2,2,1,Train,0.653,0.6791569086651054,0.58,0.6256742179072277,0.347,/gpfs/projects/HeinzGroup/caffeine_underground/mlrt/FlexFringe/FlexFringe/models-ps-small/0.1.1.1.0.0.searchglobal.0.ini/0.1.1.1.0.0.searchglobal.0_04.03.TLTT.2.2.1_Small.final.json,/gpfs/projects/HeinzGroup/asoubki/FlexFringe/data/MLRegTest/Small/04.03.TLTT.2.2.1_Train.txt,2025-12-29 22:54:39.584603
0.1.1.1.0.0.searchglobal.0,Small,4,3,TLTT,2,2,2,TestLR,1.0,1.0,1.0,1.0,0.0,/gpfs/projects/HeinzGroup/caffeine_underground/mlrt/FlexFringe/FlexFringe/models-ps-small/0.1.1.1.0.0.searchglobal.0.ini/0.1.1.1.0.0.searchglobal.0_04.03.TLTT.2.2.2_Small.final.json,/gpfs/projects/HeinzGroup/asoubki/FlexFringe/data/MLRegTest/Large/04.03.TLTT.2.2.2_TestLR.txt,2025-12-29 22:38:56.219917
0.1.1.1.0.0.searchglobal.0,Small,4,3,TLTT,2,2,2,TestSA,1.0,1.0,1.0,1.0,0.0,/gpfs/projects/HeinzGroup/caffeine_underground/mlrt/FlexFringe/FlexFringe/models-ps-small/0.1.1.1.0.0.searchglobal.0.ini/0.1.1.1.0.0.searchglobal.0_04.03.TLTT.2.2.2_Small.final.json,/gpfs/projects/HeinzGroup/asoubki/FlexFringe/data/MLRegTest/Large/04.03.TLTT.2.2.2_TestSA.txt,2025-12-29 22:38:56.219917
0.1.1.1.0.0.searchglobal.0,Small,4,3,TLTT,2,2,2,TestLA,1.0,1.0,1.0,1.0,0.0,/gpfs/projects/HeinzGroup/caffeine_underground/mlrt/FlexFringe/FlexFringe/models-ps-small/0.1.1.1.0.0.searchglobal.0.ini/0.1.1.1.0.0.searchglobal.0_04.03.TLTT.2.2.2_Small.final.json,/gpfs/projects/HeinzGroup/asoubki/FlexFringe/data/MLRegTest/Large/04.03.TLTT.2.2.2_TestLA.txt,2025-12-29 22:38:56.219917
0.1.1.1.0.0.searchglobal.0,Small,4,3,TLTT,2,2,2,TestSR,1.0,1.0,1.0,1.0,0.0,/gpfs/projects/HeinzGroup/caffeine_underground/mlrt/FlexFringe/FlexFringe/models-ps-small/0.1.1.1.0.0.searchglobal.0.ini/0.1.1.1.0.0.searchglobal.0_04.03.TLTT.2.2.2_Small.final.json,/gpfs/projects/HeinzGroup/asoubki/FlexFringe/data/MLRegTest/Large/04.03.TLTT.2.2.2_TestSR.txt,2025-12-29 22:38:56.219917
0.1.1.1.0.0.searchglobal.0,Small,4,3,TLTT,2,2,2,Dev,1.0,1.0,1.0,1.0,0.0,/gpfs/projects/HeinzGroup/caffeine_underground/mlrt/FlexFringe/FlexFringe/models-ps-small/0.1.1.1.0.0.searchglobal.0.ini/0.1.1.1.0.0.searchglobal.0_04.03.TLTT.2.2.2_Small.final.json,/gpfs/projects/HeinzGroup/asoubki/FlexFringe/data/MLRegTest/Large/04.03.TLTT.2.2.2_Dev.txt,2025-12-29 22:38:56.219917
0.1.1.1.0.0.searchglobal.0,Small,4,3,TLTT,2,2,2,Train,1.0,1.0,1.0,1.0,0.0,/gpfs/projects/HeinzGroup/caffeine_underground/mlrt/FlexFringe/FlexFringe/models-ps-small/0.1.1.1.0.0.searchglobal.0.ini/0.1.1.1.0.0.searchglobal.0_04.03.TLTT.2.2.2_Small.final.json,/gpfs/projects/HeinzGroup/asoubki/FlexFringe/data/MLRegTest/Small/04.03.TLTT.2.2.2_Train.txt,2025-12-29 22:38:56.219917
0.1.1.1.0.0.searchglobal.0,Small,4,3,TLTT,2,2,3,TestLA,0.51021,0.5063361838920677,0.8159,0.6248803314722484,0.48979,/gpfs/projects/HeinzGroup/caffeine_underground/mlrt/FlexFringe/FlexFringe/models-ps-small/0.1.1.1.0.0.searchglobal.0.ini/0.1.1.1.0.0.searchglobal.0_04.03.TLTT.2.2.3_Small.final.json,/gpfs/projects/HeinzGroup/asoubki/FlexFringe/data/MLRegTest/Large/04.03.TLTT.2.2.3_TestLA.txt,2025-12-29 23:35:58.380376
0.1.1.1.0.0.searchglobal.0,Small,4,3,TLTT,2,2,3,TestLR,0.56547,0.5387667128527611,0.90988,0.6767875871200006,0.43453,/gpfs/projects/HeinzGroup/caffeine_underground/mlrt/FlexFringe/FlexFringe/models-ps-small/0.1.1.1.0.0.searchglobal.0.ini/0.1.1.1.0.0.searchglobal.0_04.03.TLTT.2.2.3_Small.final.json,/gpfs/projects/HeinzGroup/asoubki/FlexFringe/data/MLRegTest/Large/04.03.TLTT.2.2.3_TestLR.txt,2025-12-29 23:35:58.380376
0.1.1.1.0.0.searchglobal.0,Small,4,3,TLTT,2,2,3,TestSR,0.56005,0.5435896691395304,0.74886,0.6299240416887476,0.43995,/gpfs/projects/HeinzGroup/caffeine_underground/mlrt/FlexFringe/FlexFringe/models-ps-small/0.1.1.1.0.0.searchglobal.0.ini/0.1.1.1.0.0.searchglobal.0_04.03.TLTT.2.2.3_Small.final.json,/gpfs/projects/HeinzGroup/asoubki/FlexFringe/data/MLRegTest/Large/04.03.TLTT.2.2.3_TestSR.txt,2025-12-29 23:35:58.380376
0.1.1.1.0.0.searchglobal.0,Small,4,3,TLTT,2,2,3,TestSA,0.51071,0.5081357013719026,0.66892,0.57754638623393,0.48929,/gpfs/projects/HeinzGroup/caffeine_underground/mlrt/FlexFringe/FlexFringe/models-ps-small/0.1.1.1.0.0.searchglobal.0.ini/0.1.1.1.0.0.searchglobal.0_04.03.TLTT.2.2.3_Small.final.json,/gpfs/projects/HeinzGroup/asoubki/FlexFringe/data/MLRegTest/Large/04.03.TLTT.2.2.3_TestSA.txt,2025-12-29 23:35:58.380376
0.1.1.1.0.0.searchglobal.0,Small,4,3,TLTT,2,2,3,Dev,0.56312,0.5458401115500814,0.7516,0.6324044157242865,0.43688,/gpfs/projects/HeinzGroup/caffeine_underground/mlrt/FlexFringe/FlexFringe/models-ps-small/0.1.1.1.0.0.searchglobal.0.ini/0.1.1.1.0.0.searchglobal.0_04.03.TLTT.2.2.3_Small.final.json,/gpfs/projects/HeinzGroup/asoubki/FlexFringe/data/MLRegTest/Large/04.03.TLTT.2.2.3_Dev.txt,2025-12-29 23:35:58.380376
0.1.1.1.0.0.searchglobal.0,Small,4,3,TLTT,2,2,3,Train,0.546,0.5332369942196532,0.738,0.6191275167785235,0.454,/gpfs/projects/HeinzGroup/caffeine_underground/mlrt/FlexFringe/FlexFringe/models-ps-small/0.1.1.1.0.0.searchglobal.0.ini/0.1.1.1.0.0.searchglobal.0_04.03.TLTT.2.2.3_Small.final.json,/gpfs/projects/HeinzGroup/asoubki/FlexFringe/data/MLRegTest/Small/04.03.TLTT.2.2.3_Train.txt,2025-12-29 23:35:58.380376
0.1.1.1.0.0.searchglobal.0,Small,4,3,TLTT,2,2,4,TestLR,0.56231,0.5623861110554877,0.5617,0.5620428461361431,0.43769,/gpfs/projects/HeinzGroup/caffeine_underground/mlrt/FlexFringe/FlexFringe/models-ps-small/0.1.1.1.0.0.searchglobal.0.ini/0.1.1.1.0.0.searchglobal.0_04.03.TLTT.2.2.4_Small.final.json,/gpfs/projects/HeinzGroup/asoubki/FlexFringe/data/MLRegTest/Large/04.03.TLTT.2.2.4_TestLR.txt,2025-12-29 23:09:44.522320
0.1.1.1.0.0.searchglobal.0,Small,4,3,TLTT,2,2,4,TestSR,0.64093,0.6461717178003195,0.623,0.6343743317686112,0.35907,/gpfs/projects/HeinzGroup/caffeine_underground/mlrt/FlexFringe/FlexFringe/models-ps-small/0.1.1.1.0.0.searchglobal.0.ini/0.1.1.1.0.0.searchglobal.0_04.03.TLTT.2.2.4_Small.final.json,/gpfs/projects/HeinzGroup/asoubki/FlexFringe/data/MLRegTest/Large/04.03.TLTT.2.2.4_TestSR.txt,2025-12-29 23:09:44.522320
0.1.1.1.0.0.searchglobal.0,Small,4,3,TLTT,2,2,4,TestLA,0.52644,0.5252830477356181,0.54932,0.5370326920068825,0.47356,/gpfs/projects/HeinzGroup/caffeine_underground/mlrt/FlexFringe/FlexFringe/models-ps-small/0.1.1.1.0.0.searchglobal.0.ini/0.1.1.1.0.0.searchglobal.0_04.03.TLTT.2.2.4_Small.final.json,/gpfs/projects/HeinzGroup/asoubki/FlexFringe/data/MLRegTest/Large/04.03.TLTT.2.2.4_TestLA.txt,2025-12-29 23:09:44.522320
0.1.1.1.0.0.searchglobal.0,Small,4,3,TLTT,2,2,4,TestSA,0.56424,0.5599477416946622,0.60004,0.5793010233635837,0.43576,/gpfs/projects/HeinzGroup/caffeine_underground/mlrt/FlexFringe/FlexFringe/models-ps-small/0.1.1.1.0.0.searchglobal.0.ini/0.1.1.1.0.0.searchglobal.0_04.03.TLTT.2.2.4_Small.final.json,/gpfs/projects/HeinzGroup/asoubki/FlexFringe/data/MLRegTest/Large/04.03.TLTT.2.2.4_TestSA.txt,2025-12-29 23:09:44.522320
0.1.1.1.0.0.searchglobal.0,Small,4,3,TLTT,2,2,4,Dev,0.63968,0.6449985466926877,0.62134,0.6329482712955605,0.36032,/gpfs/projects/HeinzGroup/caffeine_underground/mlrt/FlexFringe/FlexFringe/models-ps-small/0.1.1.1.0.0.searchglobal.0.ini/0.1.1.1.0.0.searchglobal.0_04.03.TLTT.2.2.4_Small.final.json,/gpfs/projects/HeinzGroup/asoubki/FlexFringe/data/MLRegTest/Large/04.03.TLTT.2.2.4_Dev.txt,2025-12-29 23:09:44.522320
0.1.1.1.0.0.searchglobal.0,Small,4,3,TLTT,2,2,4,Train,0.61,0.6131687242798354,0.596,0.6044624746450304,0.39,/gpfs/projects/HeinzGroup/caffeine_underground/mlrt/FlexFringe/FlexFringe/models-ps-small/0.1.1.1.0.0.searchglobal.0.ini/0.1.1.1.0.0.searchglobal.0_04.03.TLTT.2.2.4_Small.final.json,/gpfs/projects/HeinzGroup/asoubki/FlexFringe/data/MLRegTest/Small/04.03.TLTT.2.2.4_Train.txt,2025-12-29 23:09:44.522320
0.1.1.1.0.0.searchglobal.0,Small,4,3,TLTT,2,2,5,TestSA,0.59796,0.6957477419870514,0.34818,0.46410386286689237,0.40204,/gpfs/projects/HeinzGroup/caffeine_underground/mlrt/FlexFringe/FlexFringe/models-ps-small/0.1.1.1.0.0.searchglobal.0.ini/0.1.1.1.0.0.searchglobal.0_04.03.TLTT.2.2.5_Small.final.json,/gpfs/projects/HeinzGroup/asoubki/FlexFringe/data/MLRegTest/Large/04.03.TLTT.2.2.5_TestSA.txt,2025-12-29 23:06:01.255828
0.1.1.1.0.0.searchglobal.0,Small,4,3,TLTT,2,2,5,TestLR,0.55024,0.5855236279449816,0.34396,0.43335181172201787,0.44976,/gpfs/projects/HeinzGroup/caffeine_underground/mlrt/FlexFringe/FlexFringe/models-ps-small/0.1.1.1.0.0.searchglobal.0.ini/0.1.1.1.0.0.searchglobal.0_04.03.TLTT.2.2.5_Small.final.json,/gpfs/projects/HeinzGroup/asoubki/FlexFringe/data/MLRegTest/Large/04.03.TLTT.2.2.5_TestLR.txt,2025-12-29 23:06:01.255828
0.1.1.1.0.0.searchglobal.0,Small,4,3,TLTT,2,2,5,TestLA,0.56866,0.6313614448611005,0.33,0.43344629206399243,0.43134,/gpfs/projects/HeinzGroup/caffeine_underground/mlrt/FlexFringe/FlexFringe/models-ps-small/0.1.1.1.0.0.searchglobal.0.ini/0.1.1.1.0.0.searchglobal.0_04.03.TLTT.2.2.5_Small.final.json,/gpfs/projects/HeinzGroup/asoubki/FlexFringe/data/MLRegTest/Large/04.03.TLTT.2.2.5_TestLA.txt,2025-12-29 23:06:01.255828
0.1.1.1.0.0.searchglobal.0,Small,4,3,TLTT,2,2,5,TestSR,0.60507,0.702736078416239,0.3642,0.47975972494829605,0.39493,/gpfs/projects/HeinzGroup/caffeine_underground/mlrt/FlexFringe/FlexFringe/models-ps-small/0.1.1.1.0.0.searchglobal.0.ini/0.1.1.1.0.0.searchglobal.0_04.03.TLTT.2.2.5_Small.final.json,/gpfs/projects/HeinzGroup/asoubki/FlexFringe/data/MLRegTest/Large/04.03.TLTT.2.2.5_TestSR.txt,2025-12-29 23:06:01.255828
0.1.1.1.0.0.searchglobal.0,Small,4,3,TLTT,2,2,5,Dev,0.60361,0.6972246545094606,0.36628,0.4802601387231699,0.39639,/gpfs/projects/HeinzGroup/caffeine_underground/mlrt/FlexFringe/FlexFringe/models-ps-small/0.1.1.1.0.0.searchglobal.0.ini/0.1.1.1.0.0.searchglobal.0_04.03.TLTT.2.2.5_Small.final.json,/gpfs/projects/HeinzGroup/asoubki/FlexFringe/data/MLRegTest/Large/04.03.TLTT.2.2.5_Dev.txt,2025-12-29 23:06:01.255828
0.1.1.1.0.0.searchglobal.0,Small,4,3,TLTT,2,2,5,Train,0.61,0.7131782945736435,0.368,0.48548812664907653,0.39,/gpfs/projects/HeinzGroup/caffeine_underground/mlrt/FlexFringe/FlexFringe/models-ps-small/0.1.1.1.0.0.searchglobal.0.ini/0.1.1.1.0.0.searchglobal.0_04.03.TLTT.2.2.5_Small.final.json,/gpfs/projects/HeinzGroup/asoubki/FlexFringe/data/MLRegTest/Small/04.03.TLTT.2.2.5_Train.txt,2025-12-29 23:06:01.255828
0.1.1.1.0.0.searchglobal.0,Small,4,3,TLTT,2,2,6,TestLA,0.50681,0.5095972265283689,0.3616,0.42302787819230453,0.49319,/gpfs/projects/HeinzGroup/caffeine_underground/mlrt/FlexFringe/FlexFringe/models-ps-small/0.1.1.1.0.0.searchglobal.0.ini/0.1.1.1.0.0.searchglobal.0_04.03.TLTT.2.2.6_Small.final.json,/gpfs/projects/HeinzGroup/asoubki/FlexFringe/data/MLRegTest/Large/04.03.TLTT.2.2.6_TestLA.txt,2025-12-29 22:37:46.468026
0.1.1.1.0.0.searchglobal.0,Small,4,3,TLTT,2,2,6,TestSR,0.51663,0.5241007507028782,0.36164,0.42797126661222945,0.48337,/gpfs/projects/HeinzGroup/caffeine_underground/mlrt/FlexFringe/FlexFringe/models-ps-small/0.1.1.1.0.0.searchglobal.0.ini/0.1.1.1.0.0.searchglobal.0_04.03.TLTT.2.2.6_Small.final.json,/gpfs/projects/HeinzGroup/asoubki/FlexFringe/data/MLRegTest/Large/04.03.TLTT.2.2.6_TestSR.txt,2025-12-29 22:37:46.468026
0.1.1.1.0.0.searchglobal.0,Small,4,3,TLTT,2,2,6,TestSA,0.50915,0.5130822681650511,0.35886,0.4223323251462264,0.49085,/gpfs/projects/HeinzGroup/caffeine_underground/mlrt/FlexFringe/FlexFringe/models-ps-small/0.1.1.1.0.0.searchglobal.0.ini/0.1.1.1.0.0.searchglobal.0_04.03.TLTT.2.2.6_Small.final.json,/gpfs/projects/HeinzGroup/asoubki/FlexFringe/data/MLRegTest/Large/04.03.TLTT.2.2.6_TestSA.txt,2025-12-29 22:37:46.468026
0.1.1.1.0.0.searchglobal.0,Small,4,3,TLTT,2,2,6,TestLR,0.51987,0.5287047470457369,0.36598,0.43254423183746793,0.48013,/gpfs/projects/HeinzGroup/caffeine_underground/mlrt/FlexFringe/FlexFringe/models-ps-small/0.1.1.1.0.0.searchglobal.0.ini/0.1.1.1.0.0.searchglobal.0_04.03.TLTT.2.2.6_Small.final.json,/gpfs/projects/HeinzGroup/asoubki/FlexFringe/data/MLRegTest/Large/04.03.TLTT.2.2.6_TestLR.txt,2025-12-29 22:37:46.468026
0.1.1.1.0.0.searchglobal.0,Small,4,3,TLTT,2,2,6,Dev,0.51348,0.519533967076281,0.35852,0.4242639401685127,0.48652,/gpfs/projects/HeinzGroup/caffeine_underground/mlrt/FlexFringe/FlexFringe/models-ps-small/0.1.1.1.0.0.searchglobal.0.ini/0.1.1.1.0.0.searchglobal.0_04.03.TLTT.2.2.6_Small.final.json,/gpfs/projects/HeinzGroup/asoubki/FlexFringe/data/MLRegTest/Large/04.03.TLTT.2.2.6_Dev.txt,2025-12-29 22:37:46.468026
0.1.1.1.0.0.searchglobal.0,Small,4,3,TLTT,2,2,6,Train,0.509,0.5129682997118156,0.356,0.4203069657615112,0.491,/gpfs/projects/HeinzGroup/caffeine_underground/mlrt/FlexFringe/FlexFringe/models-ps-small/0.1.1.1.0.0.searchglobal.0.ini/0.1.1.1.0.0.searchglobal.0_04.03.TLTT.2.2.6_Small.final.json,/gpfs/projects/HeinzGroup/asoubki/FlexFringe/data/MLRegTest/Small/04.03.TLTT.2.2.6_Train.txt,2025-12-29 22:37:46.468026
0.1.1.1.0.0.searchglobal.0,Small,4,3,TLTT,2,2,7,TestSR,0.53303,0.5568835463093721,0.32336,0.4091455467969076,0.46697,/gpfs/projects/HeinzGroup/caffeine_underground/mlrt/FlexFringe/FlexFringe/models-ps-small/0.1.1.1.0.0.searchglobal.0.ini/0.1.1.1.0.0.searchglobal.0_04.03.TLTT.2.2.7_Small.final.json,/gpfs/projects/HeinzGroup/asoubki/FlexFringe/data/MLRegTest/Large/04.03.TLTT.2.2.7_TestSR.txt,2025-12-29 22:48:42.667472
0.1.1.1.0.0.searchglobal.0,Small,4,3,TLTT,2,2,7,TestSA,0.54705,0.5897523940330396,0.30916,0.4056632244689087,0.45295,/gpfs/projects/HeinzGroup/caffeine_underground/mlrt/FlexFringe/FlexFringe/models-ps-small/0.1.1.1.0.0.searchglobal.0.ini/0.1.1.1.0.0.searchglobal.0_04.03.TLTT.2.2.7_Small.final.json,/gpfs/projects/HeinzGroup/asoubki/FlexFringe/data/MLRegTest/Large/04.03.TLTT.2.2.7_TestSA.txt,2025-12-29 22:48:42.667472
0.1.1.1.0.0.searchglobal.0,Small,4,3,TLTT,2,2,7,TestLA,0.52338,0.5436878690485089,0.29096,0.3790614659058339,0.47662,/gpfs/projects/HeinzGroup/caffeine_underground/mlrt/FlexFringe/FlexFringe/models-ps-small/0.1.1.1.0.0.searchglobal.0.ini/0.1.1.1.0.0.searchglobal.0_04.03.TLTT.2.2.7_Small.final.json,/gpfs/projects/HeinzGroup/asoubki/FlexFringe/data/MLRegTest/Large/04.03.TLTT.2.2.7_TestLA.txt,2025-12-29 22:48:42.667472
0.1.1.1.0.0.searchglobal.0,Small,4,3,TLTT,2,2,7,TestLR,0.5122,0.5204945571831743,0.30984,0.3884459154505792,0.4878,/gpfs/projects/HeinzGroup/caffeine_underground/mlrt/FlexFringe/FlexFringe/models-ps-small/0.1.1.1.0.0.searchglobal.0.ini/0.1.1.1.0.0.searchglobal.0_04.03.TLTT.2.2.7_Small.final.json,/gpfs/projects/HeinzGroup/asoubki/FlexFringe/data/MLRegTest/Large/04.03.TLTT.2.2.7_TestLR.txt,2025-12-29 22:48:42.667472
0.1.1.1.0.0.searchglobal.0,Small,4,3,TLTT,2,2,7,Dev,0.5298,0.5514467232925903,0.31942,0.4045236949418708,0.4702,/gpfs/projects/HeinzGroup/caffeine_underground/mlrt/FlexFringe/FlexFringe/models-ps-small/0.1.1.1.0.0.searchglobal.0.ini/0.1.1.1.0.0.searchglobal.0_04.03.TLTT.2.2.7_Small.final.json,/gpfs/projects/HeinzGroup/asoubki/FlexFringe/data/MLRegTest/Large/04.03.TLTT.2.2.7_Dev.txt,2025-12-29 22:48:42.667472
0.1.1.1.0.0.searchglobal.0,Small,4,3,TLTT,2,2,7,Train,0.539,0.5665529010238908,0.332,0.41866330390920553,0.461,/gpfs/projects/HeinzGroup/caffeine_underground/mlrt/FlexFringe/FlexFringe/models-ps-small/0.1.1.1.0.0.searchglobal.0.ini/0.1.1.1.0.0.searchglobal.0_04.03.TLTT.2.2.7_Small.final.json,/gpfs/projects/HeinzGroup/asoubki/FlexFringe/data/MLRegTest/Small/04.03.TLTT.2.2.7_Train.txt,2025-12-29 22:48:42.667472
0.1.1.1.0.0.searchglobal.0,Small,4,3,TLTT,2,2,8,TestLR,0.49795,0.496632388211716,0.30232,0.375846936111491,0.50205,/gpfs/projects/HeinzGroup/caffeine_underground/mlrt/FlexFringe/FlexFringe/models-ps-small/0.1.1.1.0.0.searchglobal.0.ini/0.1.1.1.0.0.searchglobal.0_04.03.TLTT.2.2.8_Small.final.json,/gpfs/projects/HeinzGroup/asoubki/FlexFringe/data/MLRegTest/Large/04.03.TLTT.2.2.8_TestLR.txt,2025-12-29 23:24:52.430013
0.1.1.1.0.0.searchglobal.0,Small,4,3,TLTT,2,2,8,TestLA,0.49893,0.4982335655561792,0.3018,0.3759014535354416,0.50107,/gpfs/projects/HeinzGroup/caffeine_underground/mlrt/FlexFringe/FlexFringe/models-ps-small/0.1.1.1.0.0.searchglobal.0.ini/0.1.1.1.0.0.searchglobal.0_04.03.TLTT.2.2.8_Small.final.json,/gpfs/projects/HeinzGroup/asoubki/FlexFringe/data/MLRegTest/Large/04.03.TLTT.2.2.8_TestLA.txt,2025-12-29 23:24:52.430013
0.1.1.1.0.0.searchglobal.0,Small,4,3,TLTT,2,2,8,TestSR,0.49793,0.4959173208157469,0.25144,0.3336916563814681,0.50207,/gpfs/projects/HeinzGroup/caffeine_underground/mlrt/FlexFringe/FlexFringe/models-ps-small/0.1.1.1.0.0.searchglobal.0.ini/0.1.1.1.0.0.searchglobal.0_04.03.TLTT.2.2.8_Small.final.json,/gpfs/projects/HeinzGroup/asoubki/FlexFringe/data/MLRegTest/Large/04.03.TLTT.2.2.8_TestSR.txt,2025-12-29 23:24:52.430013
0.1.1.1.0.0.searchglobal.0,Small,4,3,TLTT,2,2,8,TestSA,0.49934,0.4986712836205508,0.2477,0.33099043241220805,0.50066,/gpfs/projects/HeinzGroup/caffeine_underground/mlrt/FlexFringe/FlexFringe/models-ps-small/0.1.1.1.0.0.searchglobal.0.ini/0.1.1.1.0.0.searchglobal.0_04.03.TLTT.2.2.8_Small.final.json,/gpfs/projects/HeinzGroup/asoubki/FlexFringe/data/MLRegTest/Large/04.03.TLTT.2.2.8_TestSA.txt,2025-12-29 23:24:52.430013
0.1.1.1.0.0.searchglobal.0,Small,4,3,TLTT,2,2,8,Dev,0.49814,0.49633829435388616,0.25212,0.3343855274675721,0.50186,/gpfs/projects/HeinzGroup/caffeine_underground/mlrt/FlexFringe/FlexFringe/models-ps-small/0.1.1.1.0.0.searchglobal.0.ini/0.1.1.1.0.0.searchglobal.0_04.03.TLTT.2.2.8_Small.final.json,/gpfs/projects/HeinzGroup/asoubki/FlexFringe/data/MLRegTest/Large/04.03.TLTT.2.2.8_Dev.txt,2025-12-29 23:24:52.430013
0.1.1.1.0.0.searchglobal.0,Small,4,3,TLTT,2,2,8,Train,0.487,0.47161572052401746,0.216,0.2962962962962963,0.513,/gpfs/projects/HeinzGroup/caffeine_underground/mlrt/FlexFringe/FlexFringe/models-ps-small/0.1.1.1.0.0.searchglobal.0.ini/0.1.1.1.0.0.searchglobal.0_04.03.TLTT.2.2.8_Small.final.json,/gpfs/projects/HeinzGroup/asoubki/FlexFringe/data/MLRegTest/Small/04.03.TLTT.2.2.8_Train.txt,2025-12-29 23:24:52.430013
0.1.1.1.0.0.searchglobal.0,Small,4,3,TLTT,2,2,9,TestLR,0.52731,0.5478669330809408,0.31258,0.39805417245024005,0.47269,/gpfs/projects/HeinzGroup/caffeine_underground/mlrt/FlexFringe/FlexFringe/models-ps-small/0.1.1.1.0.0.searchglobal.0.ini/0.1.1.1.0.0.searchglobal.0_04.03.TLTT.2.2.9_Small.final.json,/gpfs/projects/HeinzGroup/asoubki/FlexFringe/data/MLRegTest/Large/04.03.TLTT.2.2.9_TestLR.txt,2025-12-29 22:43:07.321043
0.1.1.1.0.0.searchglobal.0,Small,4,3,TLTT,2,2,9,TestSR,0.55763,0.5988473808788721,0.34914,0.4411062399716997,0.44237,/gpfs/projects/HeinzGroup/caffeine_underground/mlrt/FlexFringe/FlexFringe/models-ps-small/0.1.1.1.0.0.searchglobal.0.ini/0.1.1.1.0.0.searchglobal.0_04.03.TLTT.2.2.9_Small.final.json,/gpfs/projects/HeinzGroup/asoubki/FlexFringe/data/MLRegTest/Large/04.03.TLTT.2.2.9_TestSR.txt,2025-12-29 22:43:07.321043
0.1.1.1.0.0.searchglobal.0,Small,4,3,TLTT,2,2,9,TestLA,0.50985,0.5163964443852582,0.31022,0.3875957369716506,0.49015,/gpfs/projects/HeinzGroup/caffeine_underground/mlrt/FlexFringe/FlexFringe/models-ps-small/0.1.1.1.0.0.searchglobal.0.ini/0.1.1.1.0.0.searchglobal.0_04.03.TLTT.2.2.9_Small.final.json,/gpfs/projects/HeinzGroup/asoubki/FlexFringe/data/MLRegTest/Large/04.03.TLTT.2.2.9_TestLA.txt,2025-12-29 22:43:07.321043
0.1.1.1.0.0.searchglobal.0,Small,4,3,TLTT,2,2,9,TestSA,0.52126,0.53321875,0.34126,0.41617073170731705,0.47874,/gpfs/projects/HeinzGroup/caffeine_underground/mlrt/FlexFringe/FlexFringe/models-ps-small/0.1.1.1.0.0.searchglobal.0.ini/0.1.1.1.0.0.searchglobal.0_04.03.TLTT.2.2.9_Small.final.json,/gpfs/projects/HeinzGroup/asoubki/FlexFringe/data/MLRegTest/Large/04.03.TLTT.2.2.9_TestSA.txt,2025-12-29 22:43:07.321043
0.1.1.1.0.0.searchglobal.0,Small,4,3,TLTT,2,2,9,Dev,0.55972,0.6016406835046634,0.3535,0.4453374990551538,0.44028,/gpfs/projects/HeinzGroup/caffeine_underground/mlrt/FlexFringe/FlexFringe/models-ps-small/0.1.1.1.0.0.searchglobal.0.ini/0.1.1.1.0.0.searchglobal.0_04.03.TLTT.2.2.9_Small.final.json,/gpfs/projects/HeinzGroup/asoubki/FlexFringe/data/MLRegTest/Large/04.03.TLTT.2.2.9_Dev.txt,2025-12-29 22:43:07.321043
0.1.1.1.0.0.searchglobal.0,Small,4,3,TLTT,2,2,9,Train,0.548,0.5895522388059702,0.316,0.4114583333333333,0.452,/gpfs/projects/HeinzGroup/caffeine_underground/mlrt/FlexFringe/FlexFringe/models-ps-small/0.1.1.1.0.0.searchglobal.0.ini/0.1.1.1.0.0.searchglobal.0_04.03.TLTT.2.2.9_Small.final.json,/gpfs/projects/HeinzGroup/asoubki/FlexFringe/data/MLRegTest/Small/04.03.TLTT.2.2.9_Train.txt,2025-12-29 22:43:07.321043
0.1.1.1.0.0.searchglobal.0,Small,4,3,TLTT,2,3,0,TestSR,0.70947,0.7212352928750977,0.68288,0.701533783297891,0.29053,/gpfs/projects/HeinzGroup/caffeine_underground/mlrt/FlexFringe/FlexFringe/models-ps-small/0.1.1.1.0.0.searchglobal.0.ini/0.1.1.1.0.0.searchglobal.0_04.03.TLTT.2.3.0_Small.final.json,/gpfs/projects/HeinzGroup/asoubki/FlexFringe/data/MLRegTest/Large/04.03.TLTT.2.3.0_TestSR.txt,2025-12-29 22:52:24.533810
0.1.1.1.0.0.searchglobal.0,Small,4,3,TLTT,2,3,0,TestSA,0.56354,0.5559942190419119,0.63092,0.5910922070865109,0.43646,/gpfs/projects/HeinzGroup/caffeine_underground/mlrt/FlexFringe/FlexFringe/models-ps-small/0.1.1.1.0.0.searchglobal.0.ini/0.1.1.1.0.0.searchglobal.0_04.03.TLTT.2.3.0_Small.final.json,/gpfs/projects/HeinzGroup/asoubki/FlexFringe/data/MLRegTest/Large/04.03.TLTT.2.3.0_TestSA.txt,2025-12-29 22:52:24.533810
0.1.1.1.0.0.searchglobal.0,Small,4,3,TLTT,2,3,0,TestLR,0.64104,0.6551185605560688,0.59566,0.62397603234795,0.35896,/gpfs/projects/HeinzGroup/caffeine_underground/mlrt/FlexFringe/FlexFringe/models-ps-small/0.1.1.1.0.0.searchglobal.0.ini/0.1.1.1.0.0.searchglobal.0_04.03.TLTT.2.3.0_Small.final.json,/gpfs/projects/HeinzGroup/asoubki/FlexFringe/data/MLRegTest/Large/04.03.TLTT.2.3.0_TestLR.txt,2025-12-29 22:52:24.533810
0.1.1.1.0.0.searchglobal.0,Small,4,3,TLTT,2,3,0,TestLA,0.54507,0.5475954125921388,0.51854,0.5326717823867196,0.45493,/gpfs/projects/HeinzGroup/caffeine_underground/mlrt/FlexFringe/FlexFringe/models-ps-small/0.1.1.1.0.0.searchglobal.0.ini/0.1.1.1.0.0.searchglobal.0_04.03.TLTT.2.3.0_Small.final.json,/gpfs/projects/HeinzGroup/asoubki/FlexFringe/data/MLRegTest/Large/04.03.TLTT.2.3.0_TestLA.txt,2025-12-29 22:52:24.533810
0.1.1.1.0.0.searchglobal.0,Small,4,3,TLTT,2,3,0,Dev,0.70678,0.7176356670736328,0.68184,0.6992800443049658,0.29322,/gpfs/projects/HeinzGroup/caffeine_underground/mlrt/FlexFringe/FlexFringe/models-ps-small/0.1.1.1.0.0.searchglobal.0.ini/0.1.1.1.0.0.searchglobal.0_04.03.TLTT.2.3.0_Small.final.json,/gpfs/projects/HeinzGroup/asoubki/FlexFringe/data/MLRegTest/Large/04.03.TLTT.2.3.0_Dev.txt,2025-12-29 22:52:24.533810
0.1.1.1.0.0.searchglobal.0,Small,4,3,TLTT,2,3,0,Train,0.686,0.6987179487179487,0.654,0.6756198347107438,0.314,/gpfs/projects/HeinzGroup/caffeine_underground/mlrt/FlexFringe/FlexFringe/models-ps-small/0.1.1.1.0.0.searchglobal.0.ini/0.1.1.1.0.0.searchglobal.0_04.03.TLTT.2.3.0_Small.final.json,/gpfs/projects/HeinzGroup/asoubki/FlexFringe/data/MLRegTest/Small/04.03.TLTT.2.3.0_Train.txt,2025-12-29 22:52:24.533810
0.1.1.1.0.0.searchglobal.0,Small,4,3,TLTT,2,3,1,TestLR,0.51961,0.5165835095137421,0.61086,0.5597800687285224,0.48039,/gpfs/projects/HeinzGroup/caffeine_underground/mlrt/FlexFringe/FlexFringe/models-ps-small/0.1.1.1.0.0.searchglobal.0.ini/0.1.1.1.0.0.searchglobal.0_04.03.TLTT.2.3.1_Small.final.json,/gpfs/projects/HeinzGroup/asoubki/FlexFringe/data/MLRegTest/Large/04.03.TLTT.2.3.1_TestLR.txt,2025-12-29 22:13:27.121300
0.1.1.1.0.0.searchglobal.0,Small,4,3,TLTT,2,3,1,TestSR,0.53233,0.5276584823338181,0.61678,0.568749135506478,0.46767,/gpfs/projects/HeinzGroup/caffeine_underground/mlrt/FlexFringe/FlexFringe/models-ps-small/0.1.1.1.0.0.searchglobal.0.ini/0.1.1.1.0.0.searchglobal.0_04.03.TLTT.2.3.1_Small.final.json,/gpfs/projects/HeinzGroup/asoubki/FlexFringe/data/MLRegTest/Large/04.03.TLTT.2.3.1_TestSR.txt,2025-12-29 22:13:27.121300
0.1.1.1.0.0.searchglobal.0,Small,4,3,TLTT,2,3,1,TestLA,0.50401,0.5033638117607583,0.60006,0.5474750239496373,0.49599,/gpfs/projects/HeinzGroup/caffeine_underground/mlrt/FlexFringe/FlexFringe/models-ps-small/0.1.1.1.0.0.searchglobal.0.ini/0.1.1.1.0.0.searchglobal.0_04.03.TLTT.2.3.1_Small.final.json,/gpfs/projects/HeinzGroup/asoubki/FlexFringe/data/MLRegTest/Large/04.03.TLTT.2.3.1_TestLA.txt,2025-12-29 22:13:27.121300
0.1.1.1.0.0.searchglobal.0,Small,4,3,TLTT,2,3,1,TestSA,0.51261,0.5109906392176687,0.58628,0.5460523252023434,0.48739,/gpfs/projects/HeinzGroup/caffeine_underground/mlrt/FlexFringe/FlexFringe/models-ps-small/0.1.1.1.0.0.searchglobal.0.ini/0.1.1.1.0.0.searchglobal.0_04.03.TLTT.2.3.1_Small.final.json,/gpfs/projects/HeinzGroup/asoubki/FlexFringe/data/MLRegTest/Large/04.03.TLTT.2.3.1_TestSA.txt,2025-12-29 22:13:27.121300
0.1.1.1.0.0.searchglobal.0,Small,4,3,TLTT,2,3,1,Dev,0.53772,0.5322923087459763,0.62176,0.5735581712851924,0.46228,/gpfs/projects/HeinzGroup/caffeine_underground/mlrt/FlexFringe/FlexFringe/models-ps-small/0.1.1.1.0.0.searchglobal.0.ini/0.1.1.1.0.0.searchglobal.0_04.03.TLTT.2.3.1_Small.final.json,/gpfs/projects/HeinzGroup/asoubki/FlexFringe/data/MLRegTest/Large/04.03.TLTT.2.3.1_Dev.txt,2025-12-29 22:13:27.121300
0.1.1.1.0.0.searchglobal.0,Small,4,3,TLTT,2,3,1,Train,0.535,0.5306479859894921,0.606,0.5658263305322129,0.465,/gpfs/projects/HeinzGroup/caffeine_underground/mlrt/FlexFringe/FlexFringe/models-ps-small/0.1.1.1.0.0.searchglobal.0.ini/0.1.1.1.0.0.searchglobal.0_04.03.TLTT.2.3.1_Small.final.json,/gpfs/projects/HeinzGroup/asoubki/FlexFringe/data/MLRegTest/Small/04.03.TLTT.2.3.1_Train.txt,2025-12-29 22:13:27.121300
0.1.1.1.0.0.searchglobal.0,Small,4,3,TLTT,2,3,2,TestSR,0.81086,0.8309838160136286,0.78046,0.8049298679867987,0.18914,/gpfs/projects/HeinzGroup/caffeine_underground/mlrt/FlexFringe/FlexFringe/models-ps-small/0.1.1.1.0.0.searchglobal.0.ini/0.1.1.1.0.0.searchglobal.0_04.03.TLTT.2.3.2_Small.final.json,/gpfs/projects/HeinzGroup/asoubki/FlexFringe/data/MLRegTest/Large/04.03.TLTT.2.3.2_TestSR.txt,2025-12-29 23:21:52.120815
0.1.1.1.0.0.searchglobal.0,Small,4,3,TLTT,2,3,2,TestSA,0.80819,0.8180167165411206,0.79274,0.8051800314864659,0.19181,/gpfs/projects/HeinzGroup/caffeine_underground/mlrt/FlexFringe/FlexFringe/models-ps-small/0.1.1.1.0.0.searchglobal.0.ini/0.1.1.1.0.0.searchglobal.0_04.03.TLTT.2.3.2_Small.final.json,/gpfs/projects/HeinzGroup/asoubki/FlexFringe/data/MLRegTest/Large/04.03.TLTT.2.3.2_TestSA.txt,2025-12-29 23:21:52.120815
0.1.1.1.0.0.searchglobal.0,Small,4,3,TLTT,2,3,2,TestLR,0.69432,0.7213413522872244,0.63328,0.6744483258072761,0.30568,/gpfs/projects/HeinzGroup/caffeine_underground/mlrt/FlexFringe/FlexFringe/models-ps-small/0.1.1.1.0.0.searchglobal.0.ini/0.1.1.1.0.0.searchglobal.0_04.03.TLTT.2.3.2_Small.final.json,/gpfs/projects/HeinzGroup/asoubki/FlexFringe/data/MLRegTest/Large/04.03.TLTT.2.3.2_TestLR.txt,2025-12-29 23:21:52.120815
0.1.1.1.0.0.searchglobal.0,Small,4,3,TLTT,2,3,2,TestLA,0.70001,0.7046808162262838,0.6886,0.6965476082096723,0.29999,/gpfs/projects/HeinzGroup/caffeine_underground/mlrt/FlexFringe/FlexFringe/models-ps-small/0.1.1.1.0.0.searchglobal.0.ini/0.1.1.1.0.0.searchglobal.0_04.03.TLTT.2.3.2_Small.final.json,/gpfs/projects/HeinzGroup/asoubki/FlexFringe/data/MLRegTest/Large/04.03.TLTT.2.3.2_TestLA.txt,2025-12-29 23:21:52.120815
0.1.1.1.0.0.searchglobal.0,Small,4,3,TLTT,2,3,2,Dev,0.81317,0.832501645679825,0.7841,0.8075762413356267,0.18683,/gpfs/projects/HeinzGroup/caffeine_underground/mlrt/FlexFringe/FlexFringe/models-ps-small/0.1.1.1.0.0.searchglobal.0.ini/0.1.1.1.0.0.searchglobal.0_04.03.TLTT.2.3.2_Small.final.json,/gpfs/projects/HeinzGroup/asoubki/FlexFringe/data/MLRegTest/Large/04.03.TLTT.2.3.2_Dev.txt,2025-12-29 23:21:52.120815
0.1.1.1.0.0.searchglobal.0,Small,4,3,TLTT,2,3,2,Train,0.793,0.8110403397027601,0.764,0.7868177136972193,0.207,/gpfs/projects/HeinzGroup/caffeine_underground/mlrt/FlexFringe/FlexFringe/models-ps-small/0.1.1.1.0.0.searchglobal.0.ini/0.1.1.1.0.0.searchglobal.0_04.03.TLTT.2.3.2_Small.final.json,/gpfs/projects/HeinzGroup/asoubki/FlexFringe/data/MLRegTest/Small/04.03.TLTT.2.3.2_Train.txt,2025-12-29 23:21:52.120815
0.1.1.1.0.0.searchglobal.0,Small,4,3,TLTT,2,3,3,TestSR,0.58925,0.6054740126214281,0.51234,0.5550271371155575,0.41075,/gpfs/projects/HeinzGroup/caffeine_underground/mlrt/FlexFringe/FlexFringe/models-ps-small/0.1.1.1.0.0.searchglobal.0.ini/0.1.1.1.0.0.searchglobal.0_04.03.TLTT.2.3.3_Small.final.json,/gpfs/projects/HeinzGroup/asoubki/FlexFringe/data/MLRegTest/Large/04.03.TLTT.2.3.3_TestSR.txt,2025-12-29 22:45:03.930929
0.1.1.1.0.0.searchglobal.0,Small,4,3,TLTT,2,3,3,TestLR,0.61829,0.5918443405748715,0.76226,0.6663286624649247,0.38171,/gpfs/projects/HeinzGroup/caffeine_underground/mlrt/FlexFringe/FlexFringe/models-ps-small/0.1.1.1.0.0.searchglobal.0.ini/0.1.1.1.0.0.searchglobal.0_04.03.TLTT.2.3.3_Small.final.json,/gpfs/projects/HeinzGroup/asoubki/FlexFringe/data/MLRegTest/Large/04.03.TLTT.2.3.3_TestLR.txt,2025-12-29 22:45:03.930929
0.1.1.1.0.0.searchglobal.0,Small,4,3,TLTT,2,3,3,TestLA,0.52789,0.5229535989992263,0.63542,0.5737271225158687,0.47211,/gpfs/projects/HeinzGroup/caffeine_underground/mlrt/FlexFringe/FlexFringe/models-ps-small/0.1.1.1.0.0.searchglobal.0.ini/0.1.1.1.0.0.searchglobal.0_04.03.TLTT.2.3.3_Small.final.json,/gpfs/projects/HeinzGroup/asoubki/FlexFringe/data/MLRegTest/Large/04.03.TLTT.2.3.3_TestLA.txt,2025-12-29 22:45:03.930929
0.1.1.1.0.0.searchglobal.0,Small,4,3,TLTT,2,3,3,TestSA,0.53224,0.5409698571646419,0.4257,0.47646229265999596,0.46776,/gpfs/projects/HeinzGroup/caffeine_underground/mlrt/FlexFringe/FlexFringe/models-ps-small/0.1.1.1.0.0.searchglobal.0.ini/0.1.1.1.0.0.searchglobal.0_04.03.TLTT.2.3.3_Small.final.json,/gpfs/projects/HeinzGroup/asoubki/FlexFringe/data/MLRegTest/Large/04.03.TLTT.2.3.3_TestSA.txt,2025-12-29 22:45:03.930929
0.1.1.1.0.0.searchglobal.0,Small,4,3,TLTT,2,3,3,Dev,0.58615,0.602801842438128,0.50516,0.5496784583410409,0.41385,/gpfs/projects/HeinzGroup/caffeine_underground/mlrt/FlexFringe/FlexFringe/models-ps-small/0.1.1.1.0.0.searchglobal.0.ini/0.1.1.1.0.0.searchglobal.0_04.03.TLTT.2.3.3_Small.final.json,/gpfs/projects/HeinzGroup/asoubki/FlexFringe/data/MLRegTest/Large/04.03.TLTT.2.3.3_Dev.txt,2025-12-29 22:45:03.930929
0.1.1.1.0.0.searchglobal.0,Small,4,3,TLTT,2,3,3,Train,0.612,0.6308411214953271,0.54,0.5818965517241379,0.388,/gpfs/projects/HeinzGroup/caffeine_underground/mlrt/FlexFringe/FlexFringe/models-ps-small/0.1.1.1.0.0.searchglobal.0.ini/0.1.1.1.0.0.searchglobal.0_04.03.TLTT.2.3.3_Small.final.json,/gpfs/projects/HeinzGroup/asoubki/FlexFringe/data/MLRegTest/Small/04.03.TLTT.2.3.3_Train.txt,2025-12-29 22:45:03.930929
0.1.1.1.0.0.searchglobal.0,Small,4,3,TLTT,2,3,4,TestSR,0.69934,0.7039993450407303,0.68792,0.6958667988427846,0.30066,/gpfs/projects/HeinzGroup/caffeine_underground/mlrt/FlexFringe/FlexFringe/models-ps-small/0.1.1.1.0.0.searchglobal.0.ini/0.1.1.1.0.0.searchglobal.0_04.03.TLTT.2.3.4_Small.final.json,/gpfs/projects/HeinzGroup/asoubki/FlexFringe/data/MLRegTest/Large/04.03.TLTT.2.3.4_TestSR.txt,2025-12-29 22:41:41.329495
0.1.1.1.0.0.searchglobal.0,Small,4,3,TLTT,2,3,4,TestLA,0.52178,0.5198273978588596,0.57102,0.5442224848461744,0.47822,/gpfs/projects/HeinzGroup/caffeine_underground/mlrt/FlexFringe/FlexFringe/models-ps-small/0.1.1.1.0.0.searchglobal.0.ini/0.1.1.1.0.0.searchglobal.0_04.03.TLTT.2.3.4_Small.final.json,/gpfs/projects/HeinzGroup/asoubki/FlexFringe/data/MLRegTest/Large/04.03.TLTT.2.3.4_TestLA.txt,2025-12-29 22:41:41.329495
0.1.1.1.0.0.searchglobal.0,Small,4,3,TLTT,2,3,4,TestLR,0.59697,0.5994217401111407,0.58464,0.5919386029746778,0.40303,/gpfs/projects/HeinzGroup/caffeine_underground/mlrt/FlexFringe/FlexFringe/models-ps-small/0.1.1.1.0.0.searchglobal.0.ini/0.1.1.1.0.0.searchglobal.0_04.03.TLTT.2.3.4_Small.final.json,/gpfs/projects/HeinzGroup/asoubki/FlexFringe/data/MLRegTest/Large/04.03.TLTT.2.3.4_TestLR.txt,2025-12-29 22:41:41.329495
0.1.1.1.0.0.searchglobal.0,Small,4,3,TLTT,2,3,4,TestSA,0.54611,0.5371333773575789,0.66698,0.5950556264330387,0.45389,/gpfs/projects/HeinzGroup/caffeine_underground/mlrt/FlexFringe/FlexFringe/models-ps-small/0.1.1.1.0.0.searchglobal.0.ini/0.1.1.1.0.0.searchglobal.0_04.03.TLTT.2.3.4_Small.final.json,/gpfs/projects/HeinzGroup/asoubki/FlexFringe/data/MLRegTest/Large/04.03.TLTT.2.3.4_TestSA.txt,2025-12-29 22:41:41.329495
0.1.1.1.0.0.searchglobal.0,Small,4,3,TLTT,2,3,4,Dev,0.69599,0.6995296560991998,0.68712,0.6932692986792852,0.30401,/gpfs/projects/HeinzGroup/caffeine_underground/mlrt/FlexFringe/FlexFringe/models-ps-small/0.1.1.1.0.0.searchglobal.0.ini/0.1.1.1.0.0.searchglobal.0_04.03.TLTT.2.3.4_Small.final.json,/gpfs/projects/HeinzGroup/asoubki/FlexFringe/data/MLRegTest/Large/04.03.TLTT.2.3.4_Dev.txt,2025-12-29 22:41:41.329495
0.1.1.1.0.0.searchglobal.0,Small,4,3,TLTT,2,3,4,Train,0.699,0.7018255578093306,0.692,0.6968781470292045,0.301,/gpfs/projects/HeinzGroup/caffeine_underground/mlrt/FlexFringe/FlexFringe/models-ps-small/0.1.1.1.0.0.searchglobal.0.ini/0.1.1.1.0.0.searchglobal.0_04.03.TLTT.2.3.4_Small.final.json,/gpfs/projects/HeinzGroup/asoubki/FlexFringe/data/MLRegTest/Small/04.03.TLTT.2.3.4_Train.txt,2025-12-29 22:41:41.329495
0.1.1.1.0.0.searchglobal.0,Small,4,3,TLTT,2,3,5,TestLR,0.53082,0.5709092582367017,0.24814,0.34592650421011545,0.46918,/gpfs/projects/HeinzGroup/caffeine_underground/mlrt/FlexFringe/FlexFringe/models-ps-small/0.1.1.1.0.0.searchglobal.0.ini/0.1.1.1.0.0.searchglobal.0_04.03.TLTT.2.3.5_Small.final.json,/gpfs/projects/HeinzGroup/asoubki/FlexFringe/data/MLRegTest/Large/04.03.TLTT.2.3.5_TestLR.txt,2025-12-29 22:17:48.660985
0.1.1.1.0.0.searchglobal.0,Small,4,3,TLTT,2,3,5,TestLA,0.50733,0.516891736184726,0.2243,0.31284433100408665,0.49267,/gpfs/projects/HeinzGroup/caffeine_underground/mlrt/FlexFringe/FlexFringe/models-ps-small/0.1.1.1.0.0.searchglobal.0.ini/0.1.1.1.0.0.searchglobal.0_04.03.TLTT.2.3.5_Small.final.json,/gpfs/projects/HeinzGroup/asoubki/FlexFringe/data/MLRegTest/Large/04.03.TLTT.2.3.5_TestLA.txt,2025-12-29 22:17:48.660985
0.1.1.1.0.0.searchglobal.0,Small,4,3,TLTT,2,3,5,TestSA,0.51348,0.5245358572988715,0.28818,0.3719891570930683,0.48652,/gpfs/projects/HeinzGroup/caffeine_underground/mlrt/FlexFringe/FlexFringe/models-ps-small/0.1.1.1.0.0.searchglobal.0.ini/0.1.1.1.0.0.searchglobal.0_04.03.TLTT.2.3.5_Small.final.json,/gpfs/projects/HeinzGroup/asoubki/FlexFringe/data/MLRegTest/Large/04.03.TLTT.2.3.5_TestSA.txt,2025-12-29 22:17:48.660985
0.1.1.1.0.0.searchglobal.0,Small,4,3,TLTT,2,3,5,TestSR,0.56585,0.6383926694968686,0.30376,0.4116491171010015,0.43415,/gpfs/projects/HeinzGroup/caffeine_underground/mlrt/FlexFringe/FlexFringe/models-ps-small/0.1.1.1.0.0.searchglobal.0.ini/0.1.1.1.0.0.searchglobal.0_04.03.TLTT.2.3.5_Small.final.json,/gpfs/projects/HeinzGroup/asoubki/FlexFringe/data/MLRegTest/Large/04.03.TLTT.2.3.5_TestSR.txt,2025-12-29 22:17:48.660985
0.1.1.1.0.0.searchglobal.0,Small,4,3,TLTT,2,3,5,Dev,0.56551,0.6375971434572569,0.30356,0.41130004742226134,0.43449,/gpfs/projects/HeinzGroup/caffeine_underground/mlrt/FlexFringe/FlexFringe/models-ps-small/0.1.1.1.0.0.searchglobal.0.ini/0.1.1.1.0.0.searchglobal.0_04.03.TLTT.2.3.5_Small.final.json,/gpfs/projects/HeinzGroup/asoubki/FlexFringe/data/MLRegTest/Large/04.03.TLTT.2.3.5_Dev.txt,2025-12-29 22:17:48.660985
0.1.1.1.0.0.searchglobal.0,Small,4,3,TLTT,2,3,5,Train,0.551,0.6094420600858369,0.284,0.3874488403819918,0.449,/gpfs/projects/HeinzGroup/caffeine_underground/mlrt/FlexFringe/FlexFringe/models-ps-small/0.1.1.1.0.0.searchglobal.0.ini/0.1.1.1.0.0.searchglobal.0_04.03.TLTT.2.3.5_Small.final.json,/gpfs/projects/HeinzGroup/asoubki/FlexFringe/data/MLRegTest/Small/04.03.TLTT.2.3.5_Train.txt,2025-12-29 22:17:48.660985
0.1.1.1.0.0.searchglobal.0,Small,4,3,TLTT,2,3,6,TestLR,0.51784,0.5264766993173048,0.35474,0.4238738200501852,0.48216,/gpfs/projects/HeinzGroup/caffeine_underground/mlrt/FlexFringe/FlexFringe/models-ps-small/0.1.1.1.0.0.searchglobal.0.ini/0.1.1.1.0.0.searchglobal.0_04.03.TLTT.2.3.6_Small.final.json,/gpfs/projects/HeinzGroup/asoubki/FlexFringe/data/MLRegTest/Large/04.03.TLTT.2.3.6_TestLR.txt,2025-12-29 22:26:23.713734
0.1.1.1.0.0.searchglobal.0,Small,4,3,TLTT,2,3,6,TestSA,0.50983,0.5148790603336058,0.34016,0.4096684450760541,0.49017,/gpfs/projects/HeinzGroup/caffeine_underground/mlrt/FlexFringe/FlexFringe/models-ps-small/0.1.1.1.0.0.searchglobal.0.ini/0.1.1.1.0.0.searchglobal.0_04.03.TLTT.2.3.6_Small.final.json,/gpfs/projects/HeinzGroup/asoubki/FlexFringe/data/MLRegTest/Large/04.03.TLTT.2.3.6_TestSA.txt,2025-12-29 22:26:23.713734
0.1.1.1.0.0.searchglobal.0,Small,4,3,TLTT,2,3,6,TestLA,0.50842,0.5124394279635976,0.34686,0.4136968656075569,0.49158,/gpfs/projects/HeinzGroup/caffeine_underground/mlrt/FlexFringe/FlexFringe/models-ps-small/0.1.1.1.0.0.searchglobal.0.ini/0.1.1.1.0.0.searchglobal.0_04.03.TLTT.2.3.6_Small.final.json,/gpfs/projects/HeinzGroup/asoubki/FlexFringe/data/MLRegTest/Large/04.03.TLTT.2.3.6_TestLA.txt,2025-12-29 22:26:23.713734
0.1.1.1.0.0.searchglobal.0,Small,4,3,TLTT,2,3,6,TestSR,0.51093,0.5164069770932781,0.34402,0.41294457981730665,0.48907,/gpfs/projects/HeinzGroup/caffeine_underground/mlrt/FlexFringe/FlexFringe/models-ps-small/0.1.1.1.0.0.searchglobal.0.ini/0.1.1.1.0.0.searchglobal.0_04.03.TLTT.2.3.6_Small.final.json,/gpfs/projects/HeinzGroup/asoubki/FlexFringe/data/MLRegTest/Large/04.03.TLTT.2.3.6_TestSR.txt,2025-12-29 22:26:23.713734
0.1.1.1.0.0.searchglobal.0,Small,4,3,TLTT,2,3,6,Dev,0.5155,0.5233251068440378,0.34776,0.41785019104606735,0.4845,/gpfs/projects/HeinzGroup/caffeine_underground/mlrt/FlexFringe/FlexFringe/models-ps-small/0.1.1.1.0.0.searchglobal.0.ini/0.1.1.1.0.0.searchglobal.0_04.03.TLTT.2.3.6_Small.final.json,/gpfs/projects/HeinzGroup/asoubki/FlexFringe/data/MLRegTest/Large/04.03.TLTT.2.3.6_Dev.txt,2025-12-29 22:26:23.713734
0.1.1.1.0.0.searchglobal.0,Small,4,3,TLTT,2,3,6,Train,0.519,0.5285285285285285,0.352,0.4225690276110444,0.481,/gpfs/projects/HeinzGroup/caffeine_underground/mlrt/FlexFringe/FlexFringe/models-ps-small/0.1.1.1.0.0.searchglobal.0.ini/0.1.1.1.0.0.searchglobal.0_04.03.TLTT.2.3.6_Small.final.json,/gpfs/projects/HeinzGroup/asoubki/FlexFringe/data/MLRegTest/Small/04.03.TLTT.2.3.6_Train.txt,2025-12-29 22:26:23.713734
0.1.1.1.0.0.searchglobal.0,Small,4,3,TLTT,2,3,7,TestSA,0.56431,0.6272306413959562,0.31704,0.42118687975768204,0.43569,/gpfs/projects/HeinzGroup/caffeine_underground/mlrt/FlexFringe/FlexFringe/models-ps-small/0.1.1.1.0.0.searchglobal.0.ini/0.1.1.1.0.0.searchglobal.0_04.03.TLTT.2.3.7_Small.final.json,/gpfs/projects/HeinzGroup/asoubki/FlexFringe/data/MLRegTest/Large/04.03.TLTT.2.3.7_TestSA.txt,2025-12-29 23:00:28.751700
0.1.1.1.0.0.searchglobal.0,Small,4,3,TLTT,2,3,7,TestSR,0.56316,0.6218176207375405,0.3224,0.42463516147726676,0.43684,/gpfs/projects/HeinzGroup/caffeine_underground/mlrt/FlexFringe/FlexFringe/models-ps-small/0.1.1.1.0.0.searchglobal.0.ini/0.1.1.1.0.0.searchglobal.0_04.03.TLTT.2.3.7_Small.final.json,/gpfs/projects/HeinzGroup/asoubki/FlexFringe/data/MLRegTest/Large/04.03.TLTT.2.3.7_TestSR.txt,2025-12-29 23:00:28.751700
0.1.1.1.0.0.searchglobal.0,Small,4,3,TLTT,2,3,7,TestLR,0.53203,0.562370993496125,0.2888,0.38162189304544314,0.46797,/gpfs/projects/HeinzGroup/caffeine_underground/mlrt/FlexFringe/FlexFringe/models-ps-small/0.1.1.1.0.0.searchglobal.0.ini/0.1.1.1.0.0.searchglobal.0_04.03.TLTT.2.3.7_Small.final.json,/gpfs/projects/HeinzGroup/asoubki/FlexFringe/data/MLRegTest/Large/04.03.TLTT.2.3.7_TestLR.txt,2025-12-29 23:00:28.751700
0.1.1.1.0.0.searchglobal.0,Small,4,3,TLTT,2,3,7,TestLA,0.53264,0.5673267326732673,0.27504,0.3704741379310345,0.46736,/gpfs/projects/HeinzGroup/caffeine_underground/mlrt/FlexFringe/FlexFringe/models-ps-small/0.1.1.1.0.0.searchglobal.0.ini/0.1.1.1.0.0.searchglobal.0_04.03.TLTT.2.3.7_Small.final.json,/gpfs/projects/HeinzGroup/asoubki/FlexFringe/data/MLRegTest/Large/04.03.TLTT.2.3.7_TestLA.txt,2025-12-29 23:00:28.751700
0.1.1.1.0.0.searchglobal.0,Small,4,3,TLTT,2,3,7,Dev,0.55949,0.6139698839035979,0.32048,0.4211356259609193,0.44051,/gpfs/projects/HeinzGroup/caffeine_underground/mlrt/FlexFringe/FlexFringe/models-ps-small/0.1.1.1.0.0.searchglobal.0.ini/0.1.1.1.0.0.searchglobal.0_04.03.TLTT.2.3.7_Small.final.json,/gpfs/projects/HeinzGroup/asoubki/FlexFringe/data/MLRegTest/Large/04.03.TLTT.2.3.7_Dev.txt,2025-12-29 23:00:28.751700
0.1.1.1.0.0.searchglobal.0,Small,4,3,TLTT,2,3,7,Train,0.538,0.57421875,0.294,0.3888888888888889,0.462,/gpfs/projects/HeinzGroup/caffeine_underground/mlrt/FlexFringe/FlexFringe/models-ps-small/0.1.1.1.0.0.searchglobal.0.ini/0.1.1.1.0.0.searchglobal.0_04.03.TLTT.2.3.7_Small.final.json,/gpfs/projects/HeinzGroup/asoubki/FlexFringe/data/MLRegTest/Small/04.03.TLTT.2.3.7_Train.txt,2025-12-29 23:00:28.751700
0.1.1.1.0.0.searchglobal.0,Small,4,3,TLTT,2,3,8,TestLR,0.50034,0.5008949252474205,0.1903,0.27581309061394865,0.49966,/gpfs/projects/HeinzGroup/caffeine_underground/mlrt/FlexFringe/FlexFringe/models-ps-small/0.1.1.1.0.0.searchglobal.0.ini/0.1.1.1.0.0.searchglobal.0_04.03.TLTT.2.3.8_Small.final.json,/gpfs/projects/HeinzGroup/asoubki/FlexFringe/data/MLRegTest/Large/04.03.TLTT.2.3.8_TestLR.txt,2025-12-29 23:07:44.110968
0.1.1.1.0.0.searchglobal.0,Small,4,3,TLTT,2,3,8,TestSR,0.49976,0.4993420331176664,0.18214,0.266918725636742,0.50024,/gpfs/projects/HeinzGroup/caffeine_underground/mlrt/FlexFringe/FlexFringe/models-ps-small/0.1.1.1.0.0.searchglobal.0.ini/0.1.1.1.0.0.searchglobal.0_04.03.TLTT.2.3.8_Small.final.json,/gpfs/projects/HeinzGroup/asoubki/FlexFringe/data/MLRegTest/Large/04.03.TLTT.2.3.8_TestSR.txt,2025-12-29 23:07:44.110968
0.1.1.1.0.0.searchglobal.0,Small,4,3,TLTT,2,3,8,TestSA,0.50186,0.5050914266944049,0.18452,0.27029560835555033,0.49814,/gpfs/projects/HeinzGroup/caffeine_underground/mlrt/FlexFringe/FlexFringe/models-ps-small/0.1.1.1.0.0.searchglobal.0.ini/0.1.1.1.0.0.searchglobal.0_04.03.TLTT.2.3.8_Small.final.json,/gpfs/projects/HeinzGroup/asoubki/FlexFringe/data/MLRegTest/Large/04.03.TLTT.2.3.8_TestSA.txt,2025-12-29 23:07:44.110968
0.1.1.1.0.0.searchglobal.0,Small,4,3,TLTT,2,3,8,TestLA,0.5001,0.5002615609960243,0.19126,0.27672318999942125,0.4999,/gpfs/projects/HeinzGroup/caffeine_underground/mlrt/FlexFringe/FlexFringe/models-ps-small/0.1.1.1.0.0.searchglobal.0.ini/0.1.1.1.0.0.searchglobal.0_04.03.TLTT.2.3.8_Small.final.json,/gpfs/projects/HeinzGroup/asoubki/FlexFringe/data/MLRegTest/Large/04.03.TLTT.2.3.8_TestLA.txt,2025-12-29 23:07:44.110968
0.1.1.1.0.0.searchglobal.0,Small,4,3,TLTT,2,3,8,Dev,0.50357,0.5097760008762802,0.18616,0.2727259409015661,0.49643,/gpfs/projects/HeinzGroup/caffeine_underground/mlrt/FlexFringe/FlexFringe/models-ps-small/0.1.1.1.0.0.searchglobal.0.ini/0.1.1.1.0.0.searchglobal.0_04.03.TLTT.2.3.8_Small.final.json,/gpfs/projects/HeinzGroup/asoubki/FlexFringe/data/MLRegTest/Large/04.03.TLTT.2.3.8_Dev.txt,2025-12-29 23:07:44.110968
0.1.1.1.0.0.searchglobal.0,Small,4,3,TLTT,2,3,8,Train,0.484,0.4583333333333333,0.176,0.2543352601156069,0.516,/gpfs/projects/HeinzGroup/caffeine_underground/mlrt/FlexFringe/FlexFringe/models-ps-small/0.1.1.1.0.0.searchglobal.0.ini/0.1.1.1.0.0.searchglobal.0_04.03.TLTT.2.3.8_Small.final.json,/gpfs/projects/HeinzGroup/asoubki/FlexFringe/data/MLRegTest/Small/04.03.TLTT.2.3.8_Train.txt,2025-12-29 23:07:44.110968
0.1.1.1.0.0.searchglobal.0,Small,4,3,TLTT,2,3,9,TestSR,0.58363,0.6468584272819864,0.36836,0.46940986071642476,0.41637,/gpfs/projects/HeinzGroup/caffeine_underground/mlrt/FlexFringe/FlexFringe/models-ps-small/0.1.1.1.0.0.searchglobal.0.ini/0.1.1.1.0.0.searchglobal.0_04.03.TLTT.2.3.9_Small.final.json,/gpfs/projects/HeinzGroup/asoubki/FlexFringe/data/MLRegTest/Large/04.03.TLTT.2.3.9_TestSR.txt,2025-12-29 23:37:15.559885
0.1.1.1.0.0.searchglobal.0,Small,4,3,TLTT,2,3,9,TestSA,0.51521,0.5221881838074398,0.35796,0.424752299021062,0.48479,/gpfs/projects/HeinzGroup/caffeine_underground/mlrt/FlexFringe/FlexFringe/models-ps-small/0.1.1.1.0.0.searchglobal.0.ini/0.1.1.1.0.0.searchglobal.0_04.03.TLTT.2.3.9_Small.final.json,/gpfs/projects/HeinzGroup/asoubki/FlexFringe/data/MLRegTest/Large/04.03.TLTT.2.3.9_TestSA.txt,2025-12-29 23:37:15.559885
0.1.1.1.0.0.searchglobal.0,Small,4,3,TLTT,2,3,9,TestLA,0.50771,0.5136262415609204,0.29062,0.37120486390517426,0.49229,/gpfs/projects/HeinzGroup/caffeine_underground/mlrt/FlexFringe/FlexFringe/models-ps-small/0.1.1.1.0.0.searchglobal.0.ini/0.1.1.1.0.0.searchglobal.0_04.03.TLTT.2.3.9_Small.final.json,/gpfs/projects/HeinzGroup/asoubki/FlexFringe/data/MLRegTest/Large/04.03.TLTT.2.3.9_TestLA.txt,2025-12-29 23:37:15.559885
0.1.1.1.0.0.searchglobal.0,Small,4,3,TLTT,2,3,9,TestLR,0.53771,0.5719793853788891,0.29966,0.3932803989763108,0.46229,/gpfs/projects/HeinzGroup/caffeine_underground/mlrt/FlexFringe/FlexFringe/models-ps-small/0.1.1.1.0.0.searchglobal.0.ini/0.1.1.1.0.0.searchglobal.0_04.03.TLTT.2.3.9_Small.final.json,/gpfs/projects/HeinzGroup/asoubki/FlexFringe/data/MLRegTest/Large/04.03.TLTT.2.3.9_TestLR.txt,2025-12-29 23:37:15.559885
0.1.1.1.0.0.searchglobal.0,Small,4,3,TLTT,2,3,9,Dev,0.58293,0.6457110728467512,0.3675,0.4684094472131231,0.41707,/gpfs/projects/HeinzGroup/caffeine_underground/mlrt/FlexFringe/FlexFringe/models-ps-small/0.1.1.1.0.0.searchglobal.0.ini/0.1.1.1.0.0.searchglobal.0_04.03.TLTT.2.3.9_Small.final.json,/gpfs/projects/HeinzGroup/asoubki/FlexFringe/data/MLRegTest/Large/04.03.TLTT.2.3.9_Dev.txt,2025-12-29 23:37:15.559885
0.1.1.1.0.0.searchglobal.0,Small,4,3,TLTT,2,3,9,Train,0.578,0.6402877697841727,0.356,0.45758354755784064,0.422,/gpfs/projects/HeinzGroup/caffeine_underground/mlrt/FlexFringe/FlexFringe/models-ps-small/0.1.1.1.0.0.searchglobal.0.ini/0.1.1.1.0.0.searchglobal.0_04.03.TLTT.2.3.9_Small.final.json,/gpfs/projects/HeinzGroup/asoubki/FlexFringe/data/MLRegTest/Small/04.03.TLTT.2.3.9_Train.txt,2025-12-29 23:37:15.559885
0.1.1.1.0.0.searchglobal.0,Small,4,3,TLTT,2,5,0,TestSR,0.80359,0.8217290858608338,0.7754,0.7978925921733673,0.19641,/gpfs/projects/HeinzGroup/caffeine_underground/mlrt/FlexFringe/FlexFringe/models-ps-small/0.1.1.1.0.0.searchglobal.0.ini/0.1.1.1.0.0.searchglobal.0_04.03.TLTT.2.5.0_Small.final.json,/gpfs/projects/HeinzGroup/asoubki/FlexFringe/data/MLRegTest/Large/04.03.TLTT.2.5.0_TestSR.txt,2025-12-29 23:11:12.524324
0.1.1.1.0.0.searchglobal.0,Small,4,3,TLTT,2,5,0,TestLR,0.69723,0.7171993040107482,0.65126,0.6826410070962129,0.30277,/gpfs/projects/HeinzGroup/caffeine_underground/mlrt/FlexFringe/FlexFringe/models-ps-small/0.1.1.1.0.0.searchglobal.0.ini/0.1.1.1.0.0.searchglobal.0_04.03.TLTT.2.5.0_Small.final.json,/gpfs/projects/HeinzGroup/asoubki/FlexFringe/data/MLRegTest/Large/04.03.TLTT.2.5.0_TestLR.txt,2025-12-29 23:11:12.524324
0.1.1.1.0.0.searchglobal.0,Small,4,3,TLTT,2,5,0,TestSA,0.52198,0.5147683293915287,0.76614,0.6157889660493827,0.47802,/gpfs/projects/HeinzGroup/caffeine_underground/mlrt/FlexFringe/FlexFringe/models-ps-small/0.1.1.1.0.0.searchglobal.0.ini/0.1.1.1.0.0.searchglobal.0_04.03.TLTT.2.5.0_Small.final.json,/gpfs/projects/HeinzGroup/asoubki/FlexFringe/data/MLRegTest/Large/04.03.TLTT.2.5.0_TestSA.txt,2025-12-29 23:11:12.524324
0.1.1.1.0.0.searchglobal.0,Small,4,3,TLTT,2,5,0,TestLA,0.53163,0.5265820657198084,0.62658,0.5722453080049318,0.46837,/gpfs/projects/HeinzGroup/caffeine_underground/mlrt/FlexFringe/FlexFringe/models-ps-small/0.1.1.1.0.0.searchglobal.0.ini/0.1.1.1.0.0.searchglobal.0_04.03.TLTT.2.5.0_Small.final.json,/gpfs/projects/HeinzGroup/asoubki/FlexFringe/data/MLRegTest/Large/04.03.TLTT.2.5.0_TestLA.txt,2025-12-29 23:11:12.524324
0.1.1.1.0.0.searchglobal.0,Small,4,3,TLTT,2,5,0,Dev,0.8011,0.8203055189140888,0.77112,0.7949526813880127,0.1989,/gpfs/projects/HeinzGroup/caffeine_underground/mlrt/FlexFringe/FlexFringe/models-ps-small/0.1.1.1.0.0.searchglobal.0.ini/0.1.1.1.0.0.searchglobal.0_04.03.TLTT.2.5.0_Small.final.json,/gpfs/projects/HeinzGroup/asoubki/FlexFringe/data/MLRegTest/Large/04.03.TLTT.2.5.0_Dev.txt,2025-12-29 23:11:12.524324
0.1.1.1.0.0.searchglobal.0,Small,4,3,TLTT,2,5,0,Train,0.794,0.8154506437768241,0.76,0.7867494824016563,0.206,/gpfs/projects/HeinzGroup/caffeine_underground/mlrt/FlexFringe/FlexFringe/models-ps-small/0.1.1.1.0.0.searchglobal.0.ini/0.1.1.1.0.0.searchglobal.0_04.03.TLTT.2.5.0_Small.final.json,/gpfs/projects/HeinzGroup/asoubki/FlexFringe/data/MLRegTest/Small/04.03.TLTT.2.5.0_Train.txt,2025-12-29 23:11:12.524324
0.1.1.1.0.0.searchglobal.0,Small,4,3,TLTT,2,5,1,TestSA,0.53703,0.536045945682858,0.55068,0.5432644403886944,0.46297,/gpfs/projects/HeinzGroup/caffeine_underground/mlrt/FlexFringe/FlexFringe/models-ps-small/0.1.1.1.0.0.searchglobal.0.ini/0.1.1.1.0.0.searchglobal.0_04.03.TLTT.2.5.1_Small.final.json,/gpfs/projects/HeinzGroup/asoubki/FlexFringe/data/MLRegTest/Large/04.03.TLTT.2.5.1_TestSA.txt,2025-12-29 23:17:07.228534
0.1.1.1.0.0.searchglobal.0,Small,4,3,TLTT,2,5,1,TestLA,0.51851,0.5157373871346222,0.6066,0.5574906487514819,0.48149,/gpfs/projects/HeinzGroup/caffeine_underground/mlrt/FlexFringe/FlexFringe/models-ps-small/0.1.1.1.0.0.searchglobal.0.ini/0.1.1.1.0.0.searchglobal.0_04.03.TLTT.2.5.1_Small.final.json,/gpfs/projects/HeinzGroup/asoubki/FlexFringe/data/MLRegTest/Large/04.03.TLTT.2.5.1_TestLA.txt,2025-12-29 23:17:07.228534
0.1.1.1.0.0.searchglobal.0,Small,4,3,TLTT,2,5,1,TestLR,0.57523,0.5616366526291642,0.6855,0.617417384960415,0.42477,/gpfs/projects/HeinzGroup/caffeine_underground/mlrt/FlexFringe/FlexFringe/models-ps-small/0.1.1.1.0.0.searchglobal.0.ini/0.1.1.1.0.0.searchglobal.0_04.03.TLTT.2.5.1_Small.final.json,/gpfs/projects/HeinzGroup/asoubki/FlexFringe/data/MLRegTest/Large/04.03.TLTT.2.5.1_TestLR.txt,2025-12-29 23:17:07.228534
0.1.1.1.0.0.searchglobal.0,Small,4,3,TLTT,2,5,1,TestSR,0.64947,0.6238626381822099,0.75284,0.6823096513408919,0.35053,/gpfs/projects/HeinzGroup/caffeine_underground/mlrt/FlexFringe/FlexFringe/models-ps-small/0.1.1.1.0.0.searchglobal.0.ini/0.1.1.1.0.0.searchglobal.0_04.03.TLTT.2.5.1_Small.final.json,/gpfs/projects/HeinzGroup/asoubki/FlexFringe/data/MLRegTest/Large/04.03.TLTT.2.5.1_TestSR.txt,2025-12-29 23:17:07.228534
0.1.1.1.0.0.searchglobal.0,Small,4,3,TLTT,2,5,1,Dev,0.64928,0.6239167247733838,0.75162,0.6818404485004627,0.35072,/gpfs/projects/HeinzGroup/caffeine_underground/mlrt/FlexFringe/FlexFringe/models-ps-small/0.1.1.1.0.0.searchglobal.0.ini/0.1.1.1.0.0.searchglobal.0_04.03.TLTT.2.5.1_Small.final.json,/gpfs/projects/HeinzGroup/asoubki/FlexFringe/data/MLRegTest/Large/04.03.TLTT.2.5.1_Dev.txt,2025-12-29 23:17:07.228534
0.1.1.1.0.0.searchglobal.0,Small,4,3,TLTT,2,5,1,Train,0.632,0.611864406779661,0.722,0.6623853211009174,0.368,/gpfs/projects/HeinzGroup/caffeine_underground/mlrt/FlexFringe/FlexFringe/models-ps-small/0.1.1.1.0.0.searchglobal.0.ini/0.1.1.1.0.0.searchglobal.0_04.03.TLTT.2.5.1_Small.final.json,/gpfs/projects/HeinzGroup/asoubki/FlexFringe/data/MLRegTest/Small/04.03.TLTT.2.5.1_Train.txt,2025-12-29 23:17:07.228534
0.1.1.1.0.0.searchglobal.0,Small,4,3,TLTT,2,5,2,TestLA,0.74358,0.9419085631349783,0.51918,0.6693914388860237,0.25642,/gpfs/projects/HeinzGroup/caffeine_underground/mlrt/FlexFringe/FlexFringe/models-ps-small/0.1.1.1.0.0.searchglobal.0.ini/0.1.1.1.0.0.searchglobal.0_04.03.TLTT.2.5.2_Small.final.json,/gpfs/projects/HeinzGroup/asoubki/FlexFringe/data/MLRegTest/Large/04.03.TLTT.2.5.2_TestLA.txt,2025-12-29 23:30:42.100558
0.1.1.1.0.0.searchglobal.0,Small,4,3,TLTT,2,5,2,TestSR,0.97079,0.9803097390275256,0.96088,0.9704976315284469,0.02921,/gpfs/projects/HeinzGroup/caffeine_underground/mlrt/FlexFringe/FlexFringe/models-ps-small/0.1.1.1.0.0.searchglobal.0.ini/0.1.1.1.0.0.searchglobal.0_04.03.TLTT.2.5.2_Small.final.json,/gpfs/projects/HeinzGroup/asoubki/FlexFringe/data/MLRegTest/Large/04.03.TLTT.2.5.2_TestSR.txt,2025-12-29 23:30:42.100558
0.1.1.1.0.0.searchglobal.0,Small,4,3,TLTT,2,5,2,TestSA,0.96134,0.99011983681795,0.93198,0.9601706090826672,0.03866,/gpfs/projects/HeinzGroup/caffeine_underground/mlrt/FlexFringe/FlexFringe/models-ps-small/0.1.1.1.0.0.searchglobal.0.ini/0.1.1.1.0.0.searchglobal.0_04.03.TLTT.2.5.2_Small.final.json,/gpfs/projects/HeinzGroup/asoubki/FlexFringe/data/MLRegTest/Large/04.03.TLTT.2.5.2_TestSA.txt,2025-12-29 23:30:42.100558
0.1.1.1.0.0.searchglobal.0,Small,4,3,TLTT,2,5,2,TestLR,0.74176,0.9552233185207502,0.5073,0.6626694882044047,0.25824,/gpfs/projects/HeinzGroup/caffeine_underground/mlrt/FlexFringe/FlexFringe/models-ps-small/0.1.1.1.0.0.searchglobal.0.ini/0.1.1.1.0.0.searchglobal.0_04.03.TLTT.2.5.2_Small.final.json,/gpfs/projects/HeinzGroup/asoubki/FlexFringe/data/MLRegTest/Large/04.03.TLTT.2.5.2_TestLR.txt,2025-12-29 23:30:42.100558
0.1.1.1.0.0.searchglobal.0,Small,4,3,TLTT,2,5,2,Dev,0.97002,0.9802983854486,0.95932,0.9696957444657839,0.02998,/gpfs/projects/HeinzGroup/caffeine_underground/mlrt/FlexFringe/FlexFringe/models-ps-small/0.1.1.1.0.0.searchglobal.0.ini/0.1.1.1.0.0.searchglobal.0_04.03.TLTT.2.5.2_Small.final.json,/gpfs/projects/HeinzGroup/asoubki/FlexFringe/data/MLRegTest/Large/04.03.TLTT.2.5.2_Dev.txt,2025-12-29 23:30:42.100558
0.1.1.1.0.0.searchglobal.0,Small,4,3,TLTT,2,5,2,Train,0.964,0.9793388429752066,0.948,0.9634146341463414,0.036,/gpfs/projects/HeinzGroup/caffeine_underground/mlrt/FlexFringe/FlexFringe/models-ps-small/0.1.1.1.0.0.searchglobal.0.ini/0.1.1.1.0.0.searchglobal.0_04.03.TLTT.2.5.2_Small.final.json,/gpfs/projects/HeinzGroup/asoubki/FlexFringe/data/MLRegTest/Small/04.03.TLTT.2.5.2_Train.txt,2025-12-29 23:30:42.100558
0.1.1.1.0.0.searchglobal.0,Small,4,3,TLTT,2,5,3,TestLA,0.50612,0.5181430096051227,0.17478,0.2613884485388688,0.49388,/gpfs/projects/HeinzGroup/caffeine_underground/mlrt/FlexFringe/FlexFringe/models-ps-small/0.1.1.1.0.0.searchglobal.0.ini/0.1.1.1.0.0.searchglobal.0_04.03.TLTT.2.5.3_Small.final.json,/gpfs/projects/HeinzGroup/asoubki/FlexFringe/data/MLRegTest/Large/04.03.TLTT.2.5.3_TestLA.txt,2025-12-29 22:33:03.476630
0.1.1.1.0.0.searchglobal.0,Small,4,3,TLTT,2,5,3,TestLR,0.52128,0.5626841051019206,0.19102,0.2852151581210619,0.47872,/gpfs/projects/HeinzGroup/caffeine_underground/mlrt/FlexFringe/FlexFringe/models-ps-small/0.1.1.1.0.0.searchglobal.0.ini/0.1.1.1.0.0.searchglobal.0_04.03.TLTT.2.5.3_Small.final.json,/gpfs/projects/HeinzGroup/asoubki/FlexFringe/data/MLRegTest/Large/04.03.TLTT.2.5.3_TestLR.txt,2025-12-29 22:33:03.476630
0.1.1.1.0.0.searchglobal.0,Small,4,3,TLTT,2,5,3,TestSR,0.55248,0.6181237057711353,0.27462,0.38028637106378266,0.44752,/gpfs/projects/HeinzGroup/caffeine_underground/mlrt/FlexFringe/FlexFringe/models-ps-small/0.1.1.1.0.0.searchglobal.0.ini/0.1.1.1.0.0.searchglobal.0_04.03.TLTT.2.5.3_Small.final.json,/gpfs/projects/HeinzGroup/asoubki/FlexFringe/data/MLRegTest/Large/04.03.TLTT.2.5.3_TestSR.txt,2025-12-29 22:33:03.476630
0.1.1.1.0.0.searchglobal.0,Small,4,3,TLTT,2,5,3,TestSA,0.52907,0.5656474413983108,0.25048,0.34720893805187064,0.47093,/gpfs/projects/HeinzGroup/caffeine_underground/mlrt/FlexFringe/FlexFringe/models-ps-small/0.1.1.1.0.0.searchglobal.0.ini/0.1.1.1.0.0.searchglobal.0_04.03.TLTT.2.5.3_Small.final.json,/gpfs/projects/HeinzGroup/asoubki/FlexFringe/data/MLRegTest/Large/04.03.TLTT.2.5.3_TestSA.txt,2025-12-29 22:33:03.476630
0.1.1.1.0.0.searchglobal.0,Small,4,3,TLTT,2,5,3,Dev,0.54981,0.611897380599362,0.27238,0.3769600177145467,0.45019,/gpfs/projects/HeinzGroup/caffeine_underground/mlrt/FlexFringe/FlexFringe/models-ps-small/0.1.1.1.0.0.searchglobal.0.ini/0.1.1.1.0.0.searchglobal.0_04.03.TLTT.2.5.3_Small.final.json,/gpfs/projects/HeinzGroup/asoubki/FlexFringe/data/MLRegTest/Large/04.03.TLTT.2.5.3_Dev.txt,2025-12-29 22:33:03.476630
0.1.1.1.0.0.searchglobal.0,Small,4,3,TLTT,2,5,3,Train,0.542,0.5867768595041323,0.284,0.38274932614555257,0.458,/gpfs/projects/HeinzGroup/caffeine_underground/mlrt/FlexFringe/FlexFringe/models-ps-small/0.1.1.1.0.0.searchglobal.0.ini/0.1.1.1.0.0.searchglobal.0_04.03.TLTT.2.5.3_Small.final.json,/gpfs/projects/HeinzGroup/asoubki/FlexFringe/data/MLRegTest/Small/04.03.TLTT.2.5.3_Train.txt,2025-12-29 22:33:03.476630
0.1.1.1.0.0.searchglobal.0,Small,4,3,TLTT,2,5,4,TestLR,0.63939,0.6725849986380408,0.54322,0.6010201033380171,0.36061,/gpfs/projects/HeinzGroup/caffeine_underground/mlrt/FlexFringe/FlexFringe/models-ps-small/0.1.1.1.0.0.searchglobal.0.ini/0.1.1.1.0.0.searchglobal.0_04.03.TLTT.2.5.4_Small.final.json,/gpfs/projects/HeinzGroup/asoubki/FlexFringe/data/MLRegTest/Large/04.03.TLTT.2.5.4_TestLR.txt,2025-12-29 22:32:08.973158
0.1.1.1.0.0.searchglobal.0,Small,4,3,TLTT,2,5,4,TestSR,0.74194,0.7654131379174163,0.69772,0.7300006277595262,0.25806,/gpfs/projects/HeinzGroup/caffeine_underground/mlrt/FlexFringe/FlexFringe/models-ps-small/0.1.1.1.0.0.searchglobal.0.ini/0.1.1.1.0.0.searchglobal.0_04.03.TLTT.2.5.4_Small.final.json,/gpfs/projects/HeinzGroup/asoubki/FlexFringe/data/MLRegTest/Large/04.03.TLTT.2.5.4_TestSR.txt,2025-12-29 22:32:08.973158
0.1.1.1.0.0.searchglobal.0,Small,4,3,TLTT,2,5,4,TestSA,0.555,0.5466988180953675,0.64388,0.591323194475057,0.445,/gpfs/projects/HeinzGroup/caffeine_underground/mlrt/FlexFringe/FlexFringe/models-ps-small/0.1.1.1.0.0.searchglobal.0.ini/0.1.1.1.0.0.searchglobal.0_04.03.TLTT.2.5.4_Small.final.json,/gpfs/projects/HeinzGroup/asoubki/FlexFringe/data/MLRegTest/Large/04.03.TLTT.2.5.4_TestSA.txt,2025-12-29 22:32:08.973158
0.1.1.1.0.0.searchglobal.0,Small,4,3,TLTT,2,5,4,TestLA,0.52848,0.5299764230380599,0.50352,0.5164095831965868,0.47152,/gpfs/projects/HeinzGroup/caffeine_underground/mlrt/FlexFringe/FlexFringe/models-ps-small/0.1.1.1.0.0.searchglobal.0.ini/0.1.1.1.0.0.searchglobal.0_04.03.TLTT.2.5.4_Small.final.json,/gpfs/projects/HeinzGroup/asoubki/FlexFringe/data/MLRegTest/Large/04.03.TLTT.2.5.4_TestLA.txt,2025-12-29 22:32:08.973158
0.1.1.1.0.0.searchglobal.0,Small,4,3,TLTT,2,5,4,Dev,0.74036,0.7626425980156475,0.69794,0.7288581632866183,0.25964,/gpfs/projects/HeinzGroup/caffeine_underground/mlrt/FlexFringe/FlexFringe/models-ps-small/0.1.1.1.0.0.searchglobal.0.ini/0.1.1.1.0.0.searchglobal.0_04.03.TLTT.2.5.4_Small.final.json,/gpfs/projects/HeinzGroup/asoubki/FlexFringe/data/MLRegTest/Large/04.03.TLTT.2.5.4_Dev.txt,2025-12-29 22:32:08.973158
0.1.1.1.0.0.searchglobal.0,Small,4,3,TLTT,2,5,4,Train,0.736,0.7554112554112554,0.698,0.7255717255717256,0.264,/gpfs/projects/HeinzGroup/caffeine_underground/mlrt/FlexFringe/FlexFringe/models-ps-small/0.1.1.1.0.0.searchglobal.0.ini/0.1.1.1.0.0.searchglobal.0_04.03.TLTT.2.5.4_Small.final.json,/gpfs/projects/HeinzGroup/asoubki/FlexFringe/data/MLRegTest/Small/04.03.TLTT.2.5.4_Train.txt,2025-12-29 22:32:08.973158
0.1.1.1.0.0.searchglobal.0,Small,4,3,TLTT,2,5,5,TestSR,0.70625,0.8173174559217207,0.53124,0.6439350780009455,0.29375,/gpfs/projects/HeinzGroup/caffeine_underground/mlrt/FlexFringe/FlexFringe/models-ps-small/0.1.1.1.0.0.searchglobal.0.ini/0.1.1.1.0.0.searchglobal.0_04.03.TLTT.2.5.5_Small.final.json,/gpfs/projects/HeinzGroup/asoubki/FlexFringe/data/MLRegTest/Large/04.03.TLTT.2.5.5_TestSR.txt,2025-12-29 23:28:59.365657
0.1.1.1.0.0.searchglobal.0,Small,4,3,TLTT,2,5,5,TestLR,0.60295,0.6883668167014309,0.37622,0.4865312245399408,0.39705,/gpfs/projects/HeinzGroup/caffeine_underground/mlrt/FlexFringe/FlexFringe/models-ps-small/0.1.1.1.0.0.searchglobal.0.ini/0.1.1.1.0.0.searchglobal.0_04.03.TLTT.2.5.5_Small.final.json,/gpfs/projects/HeinzGroup/asoubki/FlexFringe/data/MLRegTest/Large/04.03.TLTT.2.5.5_TestLR.txt,2025-12-29 23:28:59.365657
0.1.1.1.0.0.searchglobal.0,Small,4,3,TLTT,2,5,5,TestSA,0.52407,0.5243008581524483,0.51932,0.5217985430796283,0.47593,/gpfs/projects/HeinzGroup/caffeine_underground/mlrt/FlexFringe/FlexFringe/models-ps-small/0.1.1.1.0.0.searchglobal.0.ini/0.1.1.1.0.0.searchglobal.0_04.03.TLTT.2.5.5_Small.final.json,/gpfs/projects/HeinzGroup/asoubki/FlexFringe/data/MLRegTest/Large/04.03.TLTT.2.5.5_TestSA.txt,2025-12-29 23:28:59.365657
0.1.1.1.0.0.searchglobal.0,Small,4,3,TLTT,2,5,5,TestLA,0.51726,0.525552199917096,0.355,0.423759161553704,0.48274,/gpfs/projects/HeinzGroup/caffeine_underground/mlrt/FlexFringe/FlexFringe/models-ps-small/0.1.1.1.0.0.searchglobal.0.ini/0.1.1.1.0.0.searchglobal.0_04.03.TLTT.2.5.5_Small.final.json,/gpfs/projects/HeinzGroup/asoubki/FlexFringe/data/MLRegTest/Large/04.03.TLTT.2.5.5_TestLA.txt,2025-12-29 23:28:59.365657
0.1.1.1.0.0.searchglobal.0,Small,4,3,TLTT,2,5,5,Dev,0.70348,0.8143422109621208,0.52714,0.6399970861763349,0.29652,/gpfs/projects/HeinzGroup/caffeine_underground/mlrt/FlexFringe/FlexFringe/models-ps-small/0.1.1.1.0.0.searchglobal.0.ini/0.1.1.1.0.0.searchglobal.0_04.03.TLTT.2.5.5_Small.final.json,/gpfs/projects/HeinzGroup/asoubki/FlexFringe/data/MLRegTest/Large/04.03.TLTT.2.5.5_Dev.txt,2025-12-29 23:28:59.365657
0.1.1.1.0.0.searchglobal.0,Small,4,3,TLTT,2,5,5,Train,0.705,0.8041543026706232,0.542,0.6475507765830346,0.295,/gpfs/projects/HeinzGroup/caffeine_underground/mlrt/FlexFringe/FlexFringe/models-ps-small/0.1.1.1.0.0.searchglobal.0.ini/0.1.1.1.0.0.searchglobal.0_04.03.TLTT.2.5.5_Small.final.json,/gpfs/projects/HeinzGroup/asoubki/FlexFringe/data/MLRegTest/Small/04.03.TLTT.2.5.5_Train.txt,2025-12-29 23:28:59.365657
0.1.1.1.0.0.searchglobal.0,Small,4,3,TLTT,2,5,6,TestSR,0.50261,0.5039722399780842,0.33114,0.3996717077233172,0.49739,/gpfs/projects/HeinzGroup/caffeine_underground/mlrt/FlexFringe/FlexFringe/models-ps-small/0.1.1.1.0.0.searchglobal.0.ini/0.1.1.1.0.0.searchglobal.0_04.03.TLTT.2.5.6_Small.final.json,/gpfs/projects/HeinzGroup/asoubki/FlexFringe/data/MLRegTest/Large/04.03.TLTT.2.5.6_TestSR.txt,2025-12-29 23:18:25.805618
0.1.1.1.0.0.searchglobal.0,Small,4,3,TLTT,2,5,6,TestLA,0.50552,0.5085586703051352,0.328,0.39879389164478163,0.49448,/gpfs/projects/HeinzGroup/caffeine_underground/mlrt/FlexFringe/FlexFringe/models-ps-small/0.1.1.1.0.0.searchglobal.0.ini/0.1.1.1.0.0.searchglobal.0_04.03.TLTT.2.5.6_Small.final.json,/gpfs/projects/HeinzGroup/asoubki/FlexFringe/data/MLRegTest/Large/04.03.TLTT.2.5.6_TestLA.txt,2025-12-29 23:18:25.805618
0.1.1.1.0.0.searchglobal.0,Small,4,3,TLTT,2,5,6,TestLR,0.50509,0.5076566683714914,0.33748,0.4054349523660784,0.49491,/gpfs/projects/HeinzGroup/caffeine_underground/mlrt/FlexFringe/FlexFringe/models-ps-small/0.1.1.1.0.0.searchglobal.0.ini/0.1.1.1.0.0.searchglobal.0_04.03.TLTT.2.5.6_Small.final.json,/gpfs/projects/HeinzGroup/asoubki/FlexFringe/data/MLRegTest/Large/04.03.TLTT.2.5.6_TestLR.txt,2025-12-29 23:18:25.805618
0.1.1.1.0.0.searchglobal.0,Small,4,3,TLTT,2,5,6,TestSA,0.50332,0.5052122582265762,0.3218,0.3931678232821816,0.49668,/gpfs/projects/HeinzGroup/caffeine_underground/mlrt/FlexFringe/FlexFringe/models-ps-small/0.1.1.1.0.0.searchglobal.0.ini/0.1.1.1.0.0.searchglobal.0_04.03.TLTT.2.5.6_Small.final.json,/gpfs/projects/HeinzGroup/asoubki/FlexFringe/data/MLRegTest/Large/04.03.TLTT.2.5.6_TestSA.txt,2025-12-29 23:18:25.805618
0.1.1.1.0.0.searchglobal.0,Small,4,3,TLTT,2,5,6,Dev,0.50403,0.5061080966382734,0.33392,0.40236657870320164,0.49597,/gpfs/projects/HeinzGroup/caffeine_underground/mlrt/FlexFringe/FlexFringe/models-ps-small/0.1.1.1.0.0.searchglobal.0.ini/0.1.1.1.0.0.searchglobal.0_04.03.TLTT.2.5.6_Small.final.json,/gpfs/projects/HeinzGroup/asoubki/FlexFringe/data/MLRegTest/Large/04.03.TLTT.2.5.6_Dev.txt,2025-12-29 23:18:25.805618
0.1.1.1.0.0.searchglobal.0,Small,4,3,TLTT,2,5,6,Train,0.514,0.5214723926380368,0.34,0.4116222760290557,0.486,/gpfs/projects/HeinzGroup/caffeine_underground/mlrt/FlexFringe/FlexFringe/models-ps-small/0.1.1.1.0.0.searchglobal.0.ini/0.1.1.1.0.0.searchglobal.0_04.03.TLTT.2.5.6_Small.final.json,/gpfs/projects/HeinzGroup/asoubki/FlexFringe/data/MLRegTest/Small/04.03.TLTT.2.5.6_Train.txt,2025-12-29 23:18:25.805618
0.1.1.1.0.0.searchglobal.0,Small,4,3,TLTT,2,5,7,TestLA,0.53156,0.5759603350341773,0.2393,0.3381185180998672,0.46844,/gpfs/projects/HeinzGroup/caffeine_underground/mlrt/FlexFringe/FlexFringe/models-ps-small/0.1.1.1.0.0.searchglobal.0.ini/0.1.1.1.0.0.searchglobal.0_04.03.TLTT.2.5.7_Small.final.json,/gpfs/projects/HeinzGroup/asoubki/FlexFringe/data/MLRegTest/Large/04.03.TLTT.2.5.7_TestLA.txt,2025-12-29 22:37:43.282089
0.1.1.1.0.0.searchglobal.0,Small,4,3,TLTT,2,5,7,TestSR,0.57319,0.6830024503675551,0.27316,0.3902452962269812,0.42681,/gpfs/projects/HeinzGroup/caffeine_underground/mlrt/FlexFringe/FlexFringe/models-ps-small/0.1.1.1.0.0.searchglobal.0.ini/0.1.1.1.0.0.searchglobal.0_04.03.TLTT.2.5.7_Small.final.json,/gpfs/projects/HeinzGroup/asoubki/FlexFringe/data/MLRegTest/Large/04.03.TLTT.2.5.7_TestSR.txt,2025-12-29 22:37:43.282089
0.1.1.1.0.0.searchglobal.0,Small,4,3,TLTT,2,5,7,TestLR,0.54325,0.609621331170477,0.24052,0.34494528661780943,0.45675,/gpfs/projects/HeinzGroup/caffeine_underground/mlrt/FlexFringe/FlexFringe/models-ps-small/0.1.1.1.0.0.searchglobal.0.ini/0.1.1.1.0.0.searchglobal.0_04.03.TLTT.2.5.7_Small.final.json,/gpfs/projects/HeinzGroup/asoubki/FlexFringe/data/MLRegTest/Large/04.03.TLTT.2.5.7_TestLR.txt,2025-12-29 22:37:43.282089
0.1.1.1.0.0.searchglobal.0,Small,4,3,TLTT,2,5,7,TestSA,0.57276,0.6711194731890875,0.28536,0.40044905978108336,0.42724,/gpfs/projects/HeinzGroup/caffeine_underground/mlrt/FlexFringe/FlexFringe/models-ps-small/0.1.1.1.0.0.searchglobal.0.ini/0.1.1.1.0.0.searchglobal.0_04.03.TLTT.2.5.7_Small.final.json,/gpfs/projects/HeinzGroup/asoubki/FlexFringe/data/MLRegTest/Large/04.03.TLTT.2.5.7_TestSA.txt,2025-12-29 22:37:43.282089
0.1.1.1.0.0.searchglobal.0,Small,4,3,TLTT,2,5,7,Dev,0.5748,0.6885841064945543,0.27312,0.3911100927941345,0.4252,/gpfs/projects/HeinzGroup/caffeine_underground/mlrt/FlexFringe/FlexFringe/models-ps-small/0.1.1.1.0.0.searchglobal.0.ini/0.1.1.1.0.0.searchglobal.0_04.03.TLTT.2.5.7_Small.final.json,/gpfs/projects/HeinzGroup/asoubki/FlexFringe/data/MLRegTest/Large/04.03.TLTT.2.5.7_Dev.txt,2025-12-29 22:37:43.282089
0.1.1.1.0.0.searchglobal.0,Small,4,3,TLTT,2,5,7,Train,0.563,0.6536585365853659,0.268,0.3801418439716312,0.437,/gpfs/projects/HeinzGroup/caffeine_underground/mlrt/FlexFringe/FlexFringe/models-ps-small/0.1.1.1.0.0.searchglobal.0.ini/0.1.1.1.0.0.searchglobal.0_04.03.TLTT.2.5.7_Small.final.json,/gpfs/projects/HeinzGroup/asoubki/FlexFringe/data/MLRegTest/Small/04.03.TLTT.2.5.7_Train.txt,2025-12-29 22:37:43.282089
0.1.1.1.0.0.searchglobal.0,Small,4,3,TLTT,2,5,8,TestLR,0.48567,0.45893747492692993,0.16016,0.2374534833726223,0.51433,/gpfs/projects/HeinzGroup/caffeine_underground/mlrt/FlexFringe/FlexFringe/models-ps-small/0.1.1.1.0.0.searchglobal.0.ini/0.1.1.1.0.0.searchglobal.0_04.03.TLTT.2.5.8_Small.final.json,/gpfs/projects/HeinzGroup/asoubki/FlexFringe/data/MLRegTest/Large/04.03.TLTT.2.5.8_TestLR.txt,2025-12-29 22:52:30.916710
0.1.1.1.0.0.searchglobal.0,Small,4,3,TLTT,2,5,8,TestSR,0.51598,0.5383544546850998,0.2243,0.3166647842782923,0.48402,/gpfs/projects/HeinzGroup/caffeine_underground/mlrt/FlexFringe/FlexFringe/models-ps-small/0.1.1.1.0.0.searchglobal.0.ini/0.1.1.1.0.0.searchglobal.0_04.03.TLTT.2.5.8_Small.final.json,/gpfs/projects/HeinzGroup/asoubki/FlexFringe/data/MLRegTest/Large/04.03.TLTT.2.5.8_TestSR.txt,2025-12-29 22:52:30.916710
0.1.1.1.0.0.searchglobal.0,Small,4,3,TLTT,2,5,8,TestLA,0.49892,0.4969567177637511,0.17636,0.2603330184222957,0.50108,/gpfs/projects/HeinzGroup/caffeine_underground/mlrt/FlexFringe/FlexFringe/models-ps-small/0.1.1.1.0.0.searchglobal.0.ini/0.1.1.1.0.0.searchglobal.0_04.03.TLTT.2.5.8_Small.final.json,/gpfs/projects/HeinzGroup/asoubki/FlexFringe/data/MLRegTest/Large/04.03.TLTT.2.5.8_TestLA.txt,2025-12-29 22:52:30.916710
0.1.1.1.0.0.searchglobal.0,Small,4,3,TLTT,2,5,8,TestSA,0.51017,0.5243732924315775,0.2188,0.3087647996838971,0.48983,/gpfs/projects/HeinzGroup/caffeine_underground/mlrt/FlexFringe/FlexFringe/models-ps-small/0.1.1.1.0.0.searchglobal.0.ini/0.1.1.1.0.0.searchglobal.0_04.03.TLTT.2.5.8_Small.final.json,/gpfs/projects/HeinzGroup/asoubki/FlexFringe/data/MLRegTest/Large/04.03.TLTT.2.5.8_TestSA.txt,2025-12-29 22:52:30.916710
0.1.1.1.0.0.searchglobal.0,Small,4,3,TLTT,2,5,8,Dev,0.51454,0.5352024017044354,0.22106,0.3128856932570911,0.48546,/gpfs/projects/HeinzGroup/caffeine_underground/mlrt/FlexFringe/FlexFringe/models-ps-small/0.1.1.1.0.0.searchglobal.0.ini/0.1.1.1.0.0.searchglobal.0_04.03.TLTT.2.5.8_Small.final.json,/gpfs/projects/HeinzGroup/asoubki/FlexFringe/data/MLRegTest/Large/04.03.TLTT.2.5.8_Dev.txt,2025-12-29 22:52:30.916710
0.1.1.1.0.0.searchglobal.0,Small,4,3,TLTT,2,5,8,Train,0.507,0.5169082125603864,0.214,0.3026874115983027,0.493,/gpfs/projects/HeinzGroup/caffeine_underground/mlrt/FlexFringe/FlexFringe/models-ps-small/0.1.1.1.0.0.searchglobal.0.ini/0.1.1.1.0.0.searchglobal.0_04.03.TLTT.2.5.8_Small.final.json,/gpfs/projects/HeinzGroup/asoubki/FlexFringe/data/MLRegTest/Small/04.03.TLTT.2.5.8_Train.txt,2025-12-29 22:52:30.916710
0.1.1.1.0.0.searchglobal.0,Small,4,3,TLTT,2,5,9,TestSA,0.54526,0.5499382116691677,0.49842,0.5229132569558101,0.45474,/gpfs/projects/HeinzGroup/caffeine_underground/mlrt/FlexFringe/FlexFringe/models-ps-small/0.1.1.1.0.0.searchglobal.0.ini/0.1.1.1.0.0.searchglobal.0_04.03.TLTT.2.5.9_Small.final.json,/gpfs/projects/HeinzGroup/asoubki/FlexFringe/data/MLRegTest/Large/04.03.TLTT.2.5.9_TestSA.txt,2025-12-29 23:30:34.523118
0.1.1.1.0.0.searchglobal.0,Small,4,3,TLTT,2,5,9,TestLA,0.51871,0.5229632538844842,0.4261,0.4695886002711072,0.48129,/gpfs/projects/HeinzGroup/caffeine_underground/mlrt/FlexFringe/FlexFringe/models-ps-small/0.1.1.1.0.0.searchglobal.0.ini/0.1.1.1.0.0.searchglobal.0_04.03.TLTT.2.5.9_Small.final.json,/gpfs/projects/HeinzGroup/asoubki/FlexFringe/data/MLRegTest/Large/04.03.TLTT.2.5.9_TestLA.txt,2025-12-29 23:30:34.523118
0.1.1.1.0.0.searchglobal.0,Small,4,3,TLTT,2,5,9,TestSR,0.69722,0.819084908102511,0.50626,0.6257539800257095,0.30278,/gpfs/projects/HeinzGroup/caffeine_underground/mlrt/FlexFringe/FlexFringe/models-ps-small/0.1.1.1.0.0.searchglobal.0.ini/0.1.1.1.0.0.searchglobal.0_04.03.TLTT.2.5.9_Small.final.json,/gpfs/projects/HeinzGroup/asoubki/FlexFringe/data/MLRegTest/Large/04.03.TLTT.2.5.9_TestSR.txt,2025-12-29 23:30:34.523118
0.1.1.1.0.0.searchglobal.0,Small,4,3,TLTT,2,5,9,TestLR,0.60444,0.6559178311238505,0.43936,0.5262300579696259,0.39556,/gpfs/projects/HeinzGroup/caffeine_underground/mlrt/FlexFringe/FlexFringe/models-ps-small/0.1.1.1.0.0.searchglobal.0.ini/0.1.1.1.0.0.searchglobal.0_04.03.TLTT.2.5.9_Small.final.json,/gpfs/projects/HeinzGroup/asoubki/FlexFringe/data/MLRegTest/Large/04.03.TLTT.2.5.9_TestLR.txt,2025-12-29 23:30:34.523118
0.1.1.1.0.0.searchglobal.0,Small,4,3,TLTT,2,5,9,Dev,0.69838,0.8201536375960234,0.5082,0.6275468622656887,0.30162,/gpfs/projects/HeinzGroup/caffeine_underground/mlrt/FlexFringe/FlexFringe/models-ps-small/0.1.1.1.0.0.searchglobal.0.ini/0.1.1.1.0.0.searchglobal.0_04.03.TLTT.2.5.9_Small.final.json,/gpfs/projects/HeinzGroup/asoubki/FlexFringe/data/MLRegTest/Large/04.03.TLTT.2.5.9_Dev.txt,2025-12-29 23:30:34.523118
0.1.1.1.0.0.searchglobal.0,Small,4,3,TLTT,2,5,9,Train,0.715,0.8478964401294499,0.524,0.6477132262051916,0.285,/gpfs/projects/HeinzGroup/caffeine_underground/mlrt/FlexFringe/FlexFringe/models-ps-small/0.1.1.1.0.0.searchglobal.0.ini/0.1.1.1.0.0.searchglobal.0_04.03.TLTT.2.5.9_Small.final.json,/gpfs/projects/HeinzGroup/asoubki/FlexFringe/data/MLRegTest/Small/04.03.TLTT.2.5.9_Train.txt,2025-12-29 23:30:34.523118
0.1.1.1.0.0.searchglobal.0,Small,4,3,TLTT,4,2,0,TestLA,0.91396,0.9412090723055935,0.88308,0.9112184249628529,0.08604,/gpfs/projects/HeinzGroup/caffeine_underground/mlrt/FlexFringe/FlexFringe/models-ps-small/0.1.1.1.0.0.searchglobal.0.ini/0.1.1.1.0.0.searchglobal.0_04.03.TLTT.4.2.0_Small.final.json,/gpfs/projects/HeinzGroup/asoubki/FlexFringe/data/MLRegTest/Large/04.03.TLTT.4.2.0_TestLA.txt,2025-12-29 23:28:02.330159
0.1.1.1.0.0.searchglobal.0,Small,4,3,TLTT,4,2,0,TestSR,0.98323,0.9907183622072832,0.9756,0.9831010610961637,0.01677,/gpfs/projects/HeinzGroup/caffeine_underground/mlrt/FlexFringe/FlexFringe/models-ps-small/0.1.1.1.0.0.searchglobal.0.ini/0.1.1.1.0.0.searchglobal.0_04.03.TLTT.4.2.0_Small.final.json,/gpfs/projects/HeinzGroup/asoubki/FlexFringe/data/MLRegTest/Large/04.03.TLTT.4.2.0_TestSR.txt,2025-12-29 23:28:02.330159
0.1.1.1.0.0.searchglobal.0,Small,4,3,TLTT,4,2,0,TestLR,0.96289,0.9898617901665714,0.93536,0.9618394397770625,0.03711,/gpfs/projects/HeinzGroup/caffeine_underground/mlrt/FlexFringe/FlexFringe/models-ps-small/0.1.1.1.0.0.searchglobal.0.ini/0.1.1.1.0.0.searchglobal.0_04.03.TLTT.4.2.0_Small.final.json,/gpfs/projects/HeinzGroup/asoubki/FlexFringe/data/MLRegTest/Large/04.03.TLTT.4.2.0_TestLR.txt,2025-12-29 23:28:02.330159
0.1.1.1.0.0.searchglobal.0,Small,4,3,TLTT,4,2,0,TestSA,0.93865,0.9226322381732344,0.9576,0.9397909612836743,0.06135,/gpfs/projects/HeinzGroup/caffeine_underground/mlrt/FlexFringe/FlexFringe/models-ps-small/0.1.1.1.0.0.searchglobal.0.ini/0.1.1.1.0.0.searchglobal.0_04.03.TLTT.4.2.0_Small.final.json,/gpfs/projects/HeinzGroup/asoubki/FlexFringe/data/MLRegTest/Large/04.03.TLTT.4.2.0_TestSA.txt,2025-12-29 23:28:02.330159
0.1.1.1.0.0.searchglobal.0,Small,4,3,TLTT,4,2,0,Dev,0.98364,0.9911047928513403,0.97604,0.9835147118097541,0.01636,/gpfs/projects/HeinzGroup/caffeine_underground/mlrt/FlexFringe/FlexFringe/models-ps-small/0.1.1.1.0.0.searchglobal.0.ini/0.1.1.1.0.0.searchglobal.0_04.03.TLTT.4.2.0_Small.final.json,/gpfs/projects/HeinzGroup/asoubki/FlexFringe/data/MLRegTest/Large/04.03.TLTT.4.2.0_Dev.txt,2025-12-29 23:28:02.330159
0.1.1.1.0.0.searchglobal.0,Small,4,3,TLTT,4,2,0,Train,0.972,0.9777327935222672,0.966,0.971830985915493,0.028,/gpfs/projects/HeinzGroup/caffeine_underground/mlrt/FlexFringe/FlexFringe/models-ps-small/0.1.1.1.0.0.searchglobal.0.ini/0.1.1.1.0.0.searchglobal.0_04.03.TLTT.4.2.0_Small.final.json,/gpfs/projects/HeinzGroup/asoubki/FlexFringe/data/MLRegTest/Small/04.03.TLTT.4.2.0_Train.txt,2025-12-29 23:28:02.330159
0.1.1.1.0.0.searchglobal.0,Small,4,3,TLTT,4,2,1,TestSA,0.68022,0.6824827865532604,0.67402,0.6782249949688066,0.31978,/gpfs/projects/HeinzGroup/caffeine_underground/mlrt/FlexFringe/FlexFringe/models-ps-small/0.1.1.1.0.0.searchglobal.0.ini/0.1.1.1.0.0.searchglobal.0_04.03.TLTT.4.2.1_Small.final.json,/gpfs/projects/HeinzGroup/asoubki/FlexFringe/data/MLRegTest/Large/04.03.TLTT.4.2.1_TestSA.txt,2025-12-29 23:13:24.938838
0.1.1.1.0.0.searchglobal.0,Small,4,3,TLTT,4,2,1,TestLR,0.76284,0.7271109114160301,0.8415,0.78013461146237,0.23716,/gpfs/projects/HeinzGroup/caffeine_underground/mlrt/FlexFringe/FlexFringe/models-ps-small/0.1.1.1.0.0.searchglobal.0.ini/0.1.1.1.0.0.searchglobal.0_04.03.TLTT.4.2.1_Small.final.json,/gpfs/projects/HeinzGroup/asoubki/FlexFringe/data/MLRegTest/Large/04.03.TLTT.4.2.1_TestLR.txt,2025-12-29 23:13:24.938838
0.1.1.1.0.0.searchglobal.0,Small,4,3,TLTT,4,2,1,TestLA,0.6276,0.6417777777777778,0.5776,0.608,0.3724,/gpfs/projects/HeinzGroup/caffeine_underground/mlrt/FlexFringe/FlexFringe/models-ps-small/0.1.1.1.0.0.searchglobal.0.ini/0.1.1.1.0.0.searchglobal.0_04.03.TLTT.4.2.1_Small.final.json,/gpfs/projects/HeinzGroup/asoubki/FlexFringe/data/MLRegTest/Large/04.03.TLTT.4.2.1_TestLA.txt,2025-12-29 23:13:24.938838
0.1.1.1.0.0.searchglobal.0,Small,4,3,TLTT,4,2,1,TestSR,0.8171,0.7540376850605652,0.94122,0.8372949507170053,0.1829,/gpfs/projects/HeinzGroup/caffeine_underground/mlrt/FlexFringe/FlexFringe/models-ps-small/0.1.1.1.0.0.searchglobal.0.ini/0.1.1.1.0.0.searchglobal.0_04.03.TLTT.4.2.1_Small.final.json,/gpfs/projects/HeinzGroup/asoubki/FlexFringe/data/MLRegTest/Large/04.03.TLTT.4.2.1_TestSR.txt,2025-12-29 23:13:24.938838
0.1.1.1.0.0.searchglobal.0,Small,4,3,TLTT,4,2,1,Dev,0.81554,0.752432,0.94054,0.8360355555555555,0.18446,/gpfs/projects/HeinzGroup/caffeine_underground/mlrt/FlexFringe/FlexFringe/models-ps-small/0.1.1.1.0.0.searchglobal.0.ini/0.1.1.1.0.0.searchglobal.0_04.03.TLTT.4.2.1_Small.final.json,/gpfs/projects/HeinzGroup/asoubki/FlexFringe/data/MLRegTest/Large/04.03.TLTT.4.2.1_Dev.txt,2025-12-29 23:13:24.938838
0.1.1.1.0.0.searchglobal.0,Small,4,3,TLTT,4,2,1,Train,0.82,0.7572347266881029,0.942,0.839572192513369,0.18,/gpfs/projects/HeinzGroup/caffeine_underground/mlrt/FlexFringe/FlexFringe/models-ps-small/0.1.1.1.0.0.searchglobal.0.ini/0.1.1.1.0.0.searchglobal.0_04.03.TLTT.4.2.1_Small.final.json,/gpfs/projects/HeinzGroup/asoubki/FlexFringe/data/MLRegTest/Small/04.03.TLTT.4.2.1_Train.txt,2025-12-29 23:13:24.938838
0.1.1.1.0.0.searchglobal.0,Small,4,3,TLTT,4,2,2,TestSR,0.99445,0.9947171472595201,0.99418,0.9944485010952957,0.00555,/gpfs/projects/HeinzGroup/caffeine_underground/mlrt/FlexFringe/FlexFringe/models-ps-small/0.1.1.1.0.0.searchglobal.0.ini/0.1.1.1.0.0.searchglobal.0_04.03.TLTT.4.2.2_Small.final.json,/gpfs/projects/HeinzGroup/asoubki/FlexFringe/data/MLRegTest/Large/04.03.TLTT.4.2.2_TestSR.txt,2025-12-29 22:57:10.731191
0.1.1.1.0.0.searchglobal.0,Small,4,3,TLTT,4,2,2,TestLA,0.95212,0.9861923606331727,0.91708,0.9503813629580501,0.04788,/gpfs/projects/HeinzGroup/caffeine_underground/mlrt/FlexFringe/FlexFringe/models-ps-small/0.1.1.1.0.0.searchglobal.0.ini/0.1.1.1.0.0.searchglobal.0_04.03.TLTT.4.2.2_Small.final.json,/gpfs/projects/HeinzGroup/asoubki/FlexFringe/data/MLRegTest/Large/04.03.TLTT.4.2.2_TestLA.txt,2025-12-29 22:57:10.731191
0.1.1.1.0.0.searchglobal.0,Small,4,3,TLTT,4,2,2,TestLR,0.98403,0.9874715491369066,0.9805,0.9839734261944665,0.01597,/gpfs/projects/HeinzGroup/caffeine_underground/mlrt/FlexFringe/FlexFringe/models-ps-small/0.1.1.1.0.0.searchglobal.0.ini/0.1.1.1.0.0.searchglobal.0_04.03.TLTT.4.2.2_Small.final.json,/gpfs/projects/HeinzGroup/asoubki/FlexFringe/data/MLRegTest/Large/04.03.TLTT.4.2.2_TestLR.txt,2025-12-29 22:57:10.731191
0.1.1.1.0.0.searchglobal.0,Small,4,3,TLTT,4,2,2,TestSA,0.97755,0.9941024314536989,0.9608,0.9771675565725909,0.02245,/gpfs/projects/HeinzGroup/caffeine_underground/mlrt/FlexFringe/FlexFringe/models-ps-small/0.1.1.1.0.0.searchglobal.0.ini/0.1.1.1.0.0.searchglobal.0_04.03.TLTT.4.2.2_Small.final.json,/gpfs/projects/HeinzGroup/asoubki/FlexFringe/data/MLRegTest/Large/04.03.TLTT.4.2.2_TestSA.txt,2025-12-29 22:57:10.731191
0.1.1.1.0.0.searchglobal.0,Small,4,3,TLTT,4,2,2,Dev,0.99494,0.9948410317936413,0.99504,0.9949405059494051,0.00506,/gpfs/projects/HeinzGroup/caffeine_underground/mlrt/FlexFringe/FlexFringe/models-ps-small/0.1.1.1.0.0.searchglobal.0.ini/0.1.1.1.0.0.searchglobal.0_04.03.TLTT.4.2.2_Small.final.json,/gpfs/projects/HeinzGroup/asoubki/FlexFringe/data/MLRegTest/Large/04.03.TLTT.4.2.2_Dev.txt,2025-12-29 22:57:10.731191
0.1.1.1.0.0.searchglobal.0,Small,4,3,TLTT,4,2,2,Train,0.996,0.996,0.996,0.996,0.004,/gpfs/projects/HeinzGroup/caffeine_underground/mlrt/FlexFringe/FlexFringe/models-ps-small/0.1.1.1.0.0.searchglobal.0.ini/0.1.1.1.0.0.searchglobal.0_04.03.TLTT.4.2.2_Small.final.json,/gpfs/projects/HeinzGroup/asoubki/FlexFringe/data/MLRegTest/Small/04.03.TLTT.4.2.2_Train.txt,2025-12-29 22:57:10.731191
0.1.1.1.0.0.searchglobal.0,Small,4,3,TLTT,4,2,3,TestLA,0.61266,0.5952936797942888,0.70378,0.6450069653200381,0.38734,/gpfs/projects/HeinzGroup/caffeine_underground/mlrt/FlexFringe/FlexFringe/models-ps-small/0.1.1.1.0.0.searchglobal.0.ini/0.1.1.1.0.0.searchglobal.0_04.03.TLTT.4.2.3_Small.final.json,/gpfs/projects/HeinzGroup/asoubki/FlexFringe/data/MLRegTest/Large/04.03.TLTT.4.2.3_TestLA.txt,2025-12-29 23:08:45.486927
0.1.1.1.0.0.searchglobal.0,Small,4,3,TLTT,4,2,3,TestSR,0.69762,0.6401958002270147,0.90242,0.7490205843293493,0.30238,/gpfs/projects/HeinzGroup/caffeine_underground/mlrt/FlexFringe/FlexFringe/models-ps-small/0.1.1.1.0.0.searchglobal.0.ini/0.1.1.1.0.0.searchglobal.0_04.03.TLTT.4.2.3_Small.final.json,/gpfs/projects/HeinzGroup/asoubki/FlexFringe/data/MLRegTest/Large/04.03.TLTT.4.2.3_TestSR.txt,2025-12-29 23:08:45.486927
0.1.1.1.0.0.searchglobal.0,Small,4,3,TLTT,4,2,3,TestSA,0.64142,0.6096585093514469,0.78624,0.6867804545692773,0.35858,/gpfs/projects/HeinzGroup/caffeine_underground/mlrt/FlexFringe/FlexFringe/models-ps-small/0.1.1.1.0.0.searchglobal.0.ini/0.1.1.1.0.0.searchglobal.0_04.03.TLTT.4.2.3_Small.final.json,/gpfs/projects/HeinzGroup/asoubki/FlexFringe/data/MLRegTest/Large/04.03.TLTT.4.2.3_TestSA.txt,2025-12-29 23:08:45.486927
0.1.1.1.0.0.searchglobal.0,Small,4,3,TLTT,4,2,3,TestLR,0.67208,0.6310786106032906,0.82848,0.7164303009339329,0.32792,/gpfs/projects/HeinzGroup/caffeine_underground/mlrt/FlexFringe/FlexFringe/models-ps-small/0.1.1.1.0.0.searchglobal.0.ini/0.1.1.1.0.0.searchglobal.0_04.03.TLTT.4.2.3_Small.final.json,/gpfs/projects/HeinzGroup/asoubki/FlexFringe/data/MLRegTest/Large/04.03.TLTT.4.2.3_TestLR.txt,2025-12-29 23:08:45.486927
0.1.1.1.0.0.searchglobal.0,Small,4,3,TLTT,4,2,3,Dev,0.69685,0.6396119093887856,0.90184,0.748421148723226,0.30315,/gpfs/projects/HeinzGroup/caffeine_underground/mlrt/FlexFringe/FlexFringe/models-ps-small/0.1.1.1.0.0.searchglobal.0.ini/0.1.1.1.0.0.searchglobal.0_04.03.TLTT.4.2.3_Small.final.json,/gpfs/projects/HeinzGroup/asoubki/FlexFringe/data/MLRegTest/Large/04.03.TLTT.4.2.3_Dev.txt,2025-12-29 23:08:45.486927
0.1.1.1.0.0.searchglobal.0,Small,4,3,TLTT,4,2,3,Train,0.689,0.6282225237449118,0.926,0.7485852869846402,0.311,/gpfs/projects/HeinzGroup/caffeine_underground/mlrt/FlexFringe/FlexFringe/models-ps-small/0.1.1.1.0.0.searchglobal.0.ini/0.1.1.1.0.0.searchglobal.0_04.03.TLTT.4.2.3_Small.final.json,/gpfs/projects/HeinzGroup/asoubki/FlexFringe/data/MLRegTest/Small/04.03.TLTT.4.2.3_Train.txt,2025-12-29 23:08:45.486927
0.1.1.1.0.0.searchglobal.0,Small,4,3,TLTT,4,2,4,TestSR,0.73961,0.7703730450678161,0.68272,0.723902832119265,0.26039,/gpfs/projects/HeinzGroup/caffeine_underground/mlrt/FlexFringe/FlexFringe/models-ps-small/0.1.1.1.0.0.searchglobal.0.ini/0.1.1.1.0.0.searchglobal.0_04.03.TLTT.4.2.4_Small.final.json,/gpfs/projects/HeinzGroup/asoubki/FlexFringe/data/MLRegTest/Large/04.03.TLTT.4.2.4_TestSR.txt,2025-12-29 22:14:53.024837
0.1.1.1.0.0.searchglobal.0,Small,4,3,TLTT,4,2,4,TestLA,0.5297,0.526743264659271,0.58498,0.5543362898946251,0.4703,/gpfs/projects/HeinzGroup/caffeine_underground/mlrt/FlexFringe/FlexFringe/models-ps-small/0.1.1.1.0.0.searchglobal.0.ini/0.1.1.1.0.0.searchglobal.0_04.03.TLTT.4.2.4_Small.final.json,/gpfs/projects/HeinzGroup/asoubki/FlexFringe/data/MLRegTest/Large/04.03.TLTT.4.2.4_TestLA.txt,2025-12-29 22:14:53.024837
0.1.1.1.0.0.searchglobal.0,Small,4,3,TLTT,4,2,4,TestLR,0.6662,0.6947139041192183,0.59298,0.6398282224476143,0.3338,/gpfs/projects/HeinzGroup/caffeine_underground/mlrt/FlexFringe/FlexFringe/models-ps-small/0.1.1.1.0.0.searchglobal.0.ini/0.1.1.1.0.0.searchglobal.0_04.03.TLTT.4.2.4_Small.final.json,/gpfs/projects/HeinzGroup/asoubki/FlexFringe/data/MLRegTest/Large/04.03.TLTT.4.2.4_TestLR.txt,2025-12-29 22:14:53.024837
0.1.1.1.0.0.searchglobal.0,Small,4,3,TLTT,4,2,4,TestSA,0.53827,0.5299194746305996,0.67782,0.5948137422666843,0.46173,/gpfs/projects/HeinzGroup/caffeine_underground/mlrt/FlexFringe/FlexFringe/models-ps-small/0.1.1.1.0.0.searchglobal.0.ini/0.1.1.1.0.0.searchglobal.0_04.03.TLTT.4.2.4_Small.final.json,/gpfs/projects/HeinzGroup/asoubki/FlexFringe/data/MLRegTest/Large/04.03.TLTT.4.2.4_TestSA.txt,2025-12-29 22:14:53.024837
0.1.1.1.0.0.searchglobal.0,Small,4,3,TLTT,4,2,4,Dev,0.74281,0.7733915824081788,0.68688,0.7275731672439544,0.25719,/gpfs/projects/HeinzGroup/caffeine_underground/mlrt/FlexFringe/FlexFringe/models-ps-small/0.1.1.1.0.0.searchglobal.0.ini/0.1.1.1.0.0.searchglobal.0_04.03.TLTT.4.2.4_Small.final.json,/gpfs/projects/HeinzGroup/asoubki/FlexFringe/data/MLRegTest/Large/04.03.TLTT.4.2.4_Dev.txt,2025-12-29 22:14:53.024837
0.1.1.1.0.0.searchglobal.0,Small,4,3,TLTT,4,2,4,Train,0.736,0.7744186046511627,0.666,0.7161290322580646,0.264,/gpfs/projects/HeinzGroup/caffeine_underground/mlrt/FlexFringe/FlexFringe/models-ps-small/0.1.1.1.0.0.searchglobal.0.ini/0.1.1.1.0.0.searchglobal.0_04.03.TLTT.4.2.4_Small.final.json,/gpfs/projects/HeinzGroup/asoubki/FlexFringe/data/MLRegTest/Small/04.03.TLTT.4.2.4_Train.txt,2025-12-29 22:14:53.024837
0.1.1.1.0.0.searchglobal.0,Small,4,3,TLTT,4,2,5,TestLA,0.50828,0.5260836693548387,0.167,0.2535219820257469,0.49172,/gpfs/projects/HeinzGroup/caffeine_underground/mlrt/FlexFringe/FlexFringe/models-ps-small/0.1.1.1.0.0.searchglobal.0.ini/0.1.1.1.0.0.searchglobal.0_04.03.TLTT.4.2.5_Small.final.json,/gpfs/projects/HeinzGroup/asoubki/FlexFringe/data/MLRegTest/Large/04.03.TLTT.4.2.5_TestLA.txt,2025-12-29 23:35:54.635277
0.1.1.1.0.0.searchglobal.0,Small,4,3,TLTT,4,2,5,TestSR,0.57762,0.7513926674439694,0.232,0.35453406277697974,0.42238,/gpfs/projects/HeinzGroup/caffeine_underground/mlrt/FlexFringe/FlexFringe/models-ps-small/0.1.1.1.0.0.searchglobal.0.ini/0.1.1.1.0.0.searchglobal.0_04.03.TLTT.4.2.5_Small.final.json,/gpfs/projects/HeinzGroup/asoubki/FlexFringe/data/MLRegTest/Large/04.03.TLTT.4.2.5_TestSR.txt,2025-12-29 23:35:54.635277
0.1.1.1.0.0.searchglobal.0,Small,4,3,TLTT,4,2,5,TestSA,0.51466,0.5339477584290478,0.23058,0.3220750921890714,0.48534,/gpfs/projects/HeinzGroup/caffeine_underground/mlrt/FlexFringe/FlexFringe/models-ps-small/0.1.1.1.0.0.searchglobal.0.ini/0.1.1.1.0.0.searchglobal.0_04.03.TLTT.4.2.5_Small.final.json,/gpfs/projects/HeinzGroup/asoubki/FlexFringe/data/MLRegTest/Large/04.03.TLTT.4.2.5_TestSA.txt,2025-12-29 23:35:54.635277
0.1.1.1.0.0.searchglobal.0,Small,4,3,TLTT,4,2,5,TestLR,0.53881,0.6501818744679204,0.16802,0.2670332639341396,0.46119,/gpfs/projects/HeinzGroup/caffeine_underground/mlrt/FlexFringe/FlexFringe/models-ps-small/0.1.1.1.0.0.searchglobal.0.ini/0.1.1.1.0.0.searchglobal.0_04.03.TLTT.4.2.5_Small.final.json,/gpfs/projects/HeinzGroup/asoubki/FlexFringe/data/MLRegTest/Large/04.03.TLTT.4.2.5_TestLR.txt,2025-12-29 23:35:54.635277
0.1.1.1.0.0.searchglobal.0,Small,4,3,TLTT,4,2,5,Dev,0.5763,0.7474059662775616,0.2305,0.3523387343320086,0.4237,/gpfs/projects/HeinzGroup/caffeine_underground/mlrt/FlexFringe/FlexFringe/models-ps-small/0.1.1.1.0.0.searchglobal.0.ini/0.1.1.1.0.0.searchglobal.0_04.03.TLTT.4.2.5_Small.final.json,/gpfs/projects/HeinzGroup/asoubki/FlexFringe/data/MLRegTest/Large/04.03.TLTT.4.2.5_Dev.txt,2025-12-29 23:35:54.635277
0.1.1.1.0.0.searchglobal.0,Small,4,3,TLTT,4,2,5,Train,0.548,0.6739130434782609,0.186,0.29153605015673983,0.452,/gpfs/projects/HeinzGroup/caffeine_underground/mlrt/FlexFringe/FlexFringe/models-ps-small/0.1.1.1.0.0.searchglobal.0.ini/0.1.1.1.0.0.searchglobal.0_04.03.TLTT.4.2.5_Small.final.json,/gpfs/projects/HeinzGroup/asoubki/FlexFringe/data/MLRegTest/Small/04.03.TLTT.4.2.5_Train.txt,2025-12-29 23:35:54.635277
0.1.1.1.0.0.searchglobal.0,Small,4,3,TLTT,4,2,6,TestLA,0.50011,0.5013470487386725,0.04094,0.07569846347281031,0.49989,/gpfs/projects/HeinzGroup/caffeine_underground/mlrt/FlexFringe/FlexFringe/models-ps-small/0.1.1.1.0.0.searchglobal.0.ini/0.1.1.1.0.0.searchglobal.0_04.03.TLTT.4.2.6_Small.final.json,/gpfs/projects/HeinzGroup/asoubki/FlexFringe/data/MLRegTest/Large/04.03.TLTT.4.2.6_TestLA.txt,2025-12-29 23:28:19.114018
0.1.1.1.0.0.searchglobal.0,Small,4,3,TLTT,4,2,6,TestSR,0.49937,0.4921190893169877,0.03934,0.07285589940181862,0.50063,/gpfs/projects/HeinzGroup/caffeine_underground/mlrt/FlexFringe/FlexFringe/models-ps-small/0.1.1.1.0.0.searchglobal.0.ini/0.1.1.1.0.0.searchglobal.0_04.03.TLTT.4.2.6_Small.final.json,/gpfs/projects/HeinzGroup/asoubki/FlexFringe/data/MLRegTest/Large/04.03.TLTT.4.2.6_TestSR.txt,2025-12-29 23:28:19.114018
0.1.1.1.0.0.searchglobal.0,Small,4,3,TLTT,4,2,6,TestSA,0.50006,0.5007274490785645,0.0413,0.07630625969994827,0.49994,/gpfs/projects/HeinzGroup/caffeine_underground/mlrt/FlexFringe/FlexFringe/models-ps-small/0.1.1.1.0.0.searchglobal.0.ini/0.1.1.1.0.0.searchglobal.0_04.03.TLTT.4.2.6_Small.final.json,/gpfs/projects/HeinzGroup/asoubki/FlexFringe/data/MLRegTest/Large/04.03.TLTT.4.2.6_TestSA.txt,2025-12-29 23:28:19.114018
0.1.1.1.0.0.searchglobal.0,Small,4,3,TLTT,4,2,6,TestLR,0.50011,0.5013496932515338,0.04086,0.0755617198335645,0.49989,/gpfs/projects/HeinzGroup/caffeine_underground/mlrt/FlexFringe/FlexFringe/models-ps-small/0.1.1.1.0.0.searchglobal.0.ini/0.1.1.1.0.0.searchglobal.0_04.03.TLTT.4.2.6_Small.final.json,/gpfs/projects/HeinzGroup/asoubki/FlexFringe/data/MLRegTest/Large/04.03.TLTT.4.2.6_TestLR.txt,2025-12-29 23:28:19.114018
0.1.1.1.0.0.searchglobal.0,Small,4,3,TLTT,4,2,6,Dev,0.49943,0.49301983835415136,0.04026,0.07444113677125899,0.50057,/gpfs/projects/HeinzGroup/caffeine_underground/mlrt/FlexFringe/FlexFringe/models-ps-small/0.1.1.1.0.0.searchglobal.0.ini/0.1.1.1.0.0.searchglobal.0_04.03.TLTT.4.2.6_Small.final.json,/gpfs/projects/HeinzGroup/asoubki/FlexFringe/data/MLRegTest/Large/04.03.TLTT.4.2.6_Dev.txt,2025-12-29 23:28:19.114018
0.1.1.1.0.0.searchglobal.0,Small,4,3,TLTT,4,2,6,Train,0.504,0.5666666666666667,0.034,0.06415094339622641,0.496,/gpfs/projects/HeinzGroup/caffeine_underground/mlrt/FlexFringe/FlexFringe/models-ps-small/0.1.1.1.0.0.searchglobal.0.ini/0.1.1.1.0.0.searchglobal.0_04.03.TLTT.4.2.6_Small.final.json,/gpfs/projects/HeinzGroup/asoubki/FlexFringe/data/MLRegTest/Small/04.03.TLTT.4.2.6_Train.txt,2025-12-29 23:28:19.114018
0.1.1.1.0.0.searchglobal.0,Small,4,3,TLTT,4,2,7,TestSA,0.50203,0.527380631238198,0.0391,0.07280242798890275,0.49797,/gpfs/projects/HeinzGroup/caffeine_underground/mlrt/FlexFringe/FlexFringe/models-ps-small/0.1.1.1.0.0.searchglobal.0.ini/0.1.1.1.0.0.searchglobal.0_04.03.TLTT.4.2.7_Small.final.json,/gpfs/projects/HeinzGroup/asoubki/FlexFringe/data/MLRegTest/Large/04.03.TLTT.4.2.7_TestSA.txt,2025-12-29 22:22:20.302167
0.1.1.1.0.0.searchglobal.0,Small,4,3,TLTT,4,2,7,TestLR,0.50078,0.511531638083974,0.0346,0.06481585553182721,0.49922,/gpfs/projects/HeinzGroup/caffeine_underground/mlrt/FlexFringe/FlexFringe/models-ps-small/0.1.1.1.0.0.searchglobal.0.ini/0.1.1.1.0.0.searchglobal.0_04.03.TLTT.4.2.7_Small.final.json,/gpfs/projects/HeinzGroup/asoubki/FlexFringe/data/MLRegTest/Large/04.03.TLTT.4.2.7_TestLR.txt,2025-12-29 22:22:20.302167
0.1.1.1.0.0.searchglobal.0,Small,4,3,TLTT,4,2,7,TestSR,0.50124,0.5184414039262344,0.03486,0.06532738652974027,0.49876,/gpfs/projects/HeinzGroup/caffeine_underground/mlrt/FlexFringe/FlexFringe/models-ps-small/0.1.1.1.0.0.searchglobal.0.ini/0.1.1.1.0.0.searchglobal.0_04.03.TLTT.4.2.7_Small.final.json,/gpfs/projects/HeinzGroup/asoubki/FlexFringe/data/MLRegTest/Large/04.03.TLTT.4.2.7_TestSR.txt,2025-12-29 22:22:20.302167
0.1.1.1.0.0.searchglobal.0,Small,4,3,TLTT,4,2,7,TestLA,0.50281,0.5392129500418643,0.03864,0.07211242371647725,0.49719,/gpfs/projects/HeinzGroup/caffeine_underground/mlrt/FlexFringe/FlexFringe/models-ps-small/0.1.1.1.0.0.searchglobal.0.ini/0.1.1.1.0.0.searchglobal.0_04.03.TLTT.4.2.7_Small.final.json,/gpfs/projects/HeinzGroup/asoubki/FlexFringe/data/MLRegTest/Large/04.03.TLTT.4.2.7_TestLA.txt,2025-12-29 22:22:20.302167
0.1.1.1.0.0.searchglobal.0,Small,4,3,TLTT,4,2,7,Dev,0.50131,0.5194766577460601,0.03494,0.06547607893109458,0.49869,/gpfs/projects/HeinzGroup/caffeine_underground/mlrt/FlexFringe/FlexFringe/models-ps-small/0.1.1.1.0.0.searchglobal.0.ini/0.1.1.1.0.0.searchglobal.0_04.03.TLTT.4.2.7_Small.final.json,/gpfs/projects/HeinzGroup/asoubki/FlexFringe/data/MLRegTest/Large/04.03.TLTT.4.2.7_Dev.txt,2025-12-29 22:22:20.302167
0.1.1.1.0.0.searchglobal.0,Small,4,3,TLTT,4,2,7,Train,0.506,0.59375,0.038,0.07142857142857142,0.494,/gpfs/projects/HeinzGroup/caffeine_underground/mlrt/FlexFringe/FlexFringe/models-ps-small/0.1.1.1.0.0.searchglobal.0.ini/0.1.1.1.0.0.searchglobal.0_04.03.TLTT.4.2.7_Small.final.json,/gpfs/projects/HeinzGroup/asoubki/FlexFringe/data/MLRegTest/Small/04.03.TLTT.4.2.7_Train.txt,2025-12-29 22:22:20.302167
0.1.1.1.0.0.searchglobal.0,Small,4,3,TLTT,4,2,8,TestLA,0.50008,0.5009319664492078,0.043,0.07920135563250572,0.49992,/gpfs/projects/HeinzGroup/caffeine_underground/mlrt/FlexFringe/FlexFringe/models-ps-small/0.1.1.1.0.0.searchglobal.0.ini/0.1.1.1.0.0.searchglobal.0_04.03.TLTT.4.2.8_Small.final.json,/gpfs/projects/HeinzGroup/asoubki/FlexFringe/data/MLRegTest/Large/04.03.TLTT.4.2.8_TestLA.txt,2025-12-29 22:59:37.810898
0.1.1.1.0.0.searchglobal.0,Small,4,3,TLTT,4,2,8,TestSR,0.50008,0.500907029478458,0.04418,0.0811983091343503,0.49992,/gpfs/projects/HeinzGroup/caffeine_underground/mlrt/FlexFringe/FlexFringe/models-ps-small/0.1.1.1.0.0.searchglobal.0.ini/0.1.1.1.0.0.searchglobal.0_04.03.TLTT.4.2.8_Small.final.json,/gpfs/projects/HeinzGroup/asoubki/FlexFringe/data/MLRegTest/Large/04.03.TLTT.4.2.8_TestSR.txt,2025-12-29 22:59:37.810898
0.1.1.1.0.0.searchglobal.0,Small,4,3,TLTT,4,2,8,TestSA,0.5001,0.501139990880073,0.04396,0.0808296252712095,0.4999,/gpfs/projects/HeinzGroup/caffeine_underground/mlrt/FlexFringe/FlexFringe/models-ps-small/0.1.1.1.0.0.searchglobal.0.ini/0.1.1.1.0.0.searchglobal.0_04.03.TLTT.4.2.8_Small.final.json,/gpfs/projects/HeinzGroup/asoubki/FlexFringe/data/MLRegTest/Large/04.03.TLTT.4.2.8_TestSA.txt,2025-12-29 22:59:37.810898
0.1.1.1.0.0.searchglobal.0,Small,4,3,TLTT,4,2,8,TestLR,0.50132,0.5151376146788991,0.04492,0.08263428991905813,0.49868,/gpfs/projects/HeinzGroup/caffeine_underground/mlrt/FlexFringe/FlexFringe/models-ps-small/0.1.1.1.0.0.searchglobal.0.ini/0.1.1.1.0.0.searchglobal.0_04.03.TLTT.4.2.8_Small.final.json,/gpfs/projects/HeinzGroup/asoubki/FlexFringe/data/MLRegTest/Large/04.03.TLTT.4.2.8_TestLR.txt,2025-12-29 22:59:37.810898
0.1.1.1.0.0.searchglobal.0,Small,4,3,TLTT,4,2,8,Dev,0.5008,0.5088613203367301,0.04594,0.08427193014638441,0.4992,/gpfs/projects/HeinzGroup/caffeine_underground/mlrt/FlexFringe/FlexFringe/models-ps-small/0.1.1.1.0.0.searchglobal.0.ini/0.1.1.1.0.0.searchglobal.0_04.03.TLTT.4.2.8_Small.final.json,/gpfs/projects/HeinzGroup/asoubki/FlexFringe/data/MLRegTest/Large/04.03.TLTT.4.2.8_Dev.txt,2025-12-29 22:59:37.810898
0.1.1.1.0.0.searchglobal.0,Small,4,3,TLTT,4,2,8,Train,0.495,0.4444444444444444,0.04,0.07339449541284404,0.505,/gpfs/projects/HeinzGroup/caffeine_underground/mlrt/FlexFringe/FlexFringe/models-ps-small/0.1.1.1.0.0.searchglobal.0.ini/0.1.1.1.0.0.searchglobal.0_04.03.TLTT.4.2.8_Small.final.json,/gpfs/projects/HeinzGroup/asoubki/FlexFringe/data/MLRegTest/Small/04.03.TLTT.4.2.8_Train.txt,2025-12-29 22:59:37.810898
0.1.1.1.0.0.searchglobal.0,Small,4,3,TLTT,4,2,9,TestLR,0.56682,0.8487473903966597,0.16262,0.27294394091977175,0.43318,/gpfs/projects/HeinzGroup/caffeine_underground/mlrt/FlexFringe/FlexFringe/models-ps-small/0.1.1.1.0.0.searchglobal.0.ini/0.1.1.1.0.0.searchglobal.0_04.03.TLTT.4.2.9_Small.final.json,/gpfs/projects/HeinzGroup/asoubki/FlexFringe/data/MLRegTest/Large/04.03.TLTT.4.2.9_TestLR.txt,2025-12-29 23:28:03.766697
0.1.1.1.0.0.searchglobal.0,Small,4,3,TLTT,4,2,9,TestSA,0.53643,0.613354906963719,0.19712,0.2983547503367691,0.46357,/gpfs/projects/HeinzGroup/caffeine_underground/mlrt/FlexFringe/FlexFringe/models-ps-small/0.1.1.1.0.0.searchglobal.0.ini/0.1.1.1.0.0.searchglobal.0_04.03.TLTT.4.2.9_Small.final.json,/gpfs/projects/HeinzGroup/asoubki/FlexFringe/data/MLRegTest/Large/04.03.TLTT.4.2.9_TestSA.txt,2025-12-29 23:28:03.766697
0.1.1.1.0.0.searchglobal.0,Small,4,3,TLTT,4,2,9,TestSR,0.58319,0.9084749091623294,0.18502,0.30742900819168206,0.41681,/gpfs/projects/HeinzGroup/caffeine_underground/mlrt/FlexFringe/FlexFringe/models-ps-small/0.1.1.1.0.0.searchglobal.0.ini/0.1.1.1.0.0.searchglobal.0_04.03.TLTT.4.2.9_Small.final.json,/gpfs/projects/HeinzGroup/asoubki/FlexFringe/data/MLRegTest/Large/04.03.TLTT.4.2.9_TestSR.txt,2025-12-29 23:28:03.766697
0.1.1.1.0.0.searchglobal.0,Small,4,3,TLTT,4,2,9,TestLA,0.52294,0.5799526000278823,0.1664,0.2586019332981071,0.47706,/gpfs/projects/HeinzGroup/caffeine_underground/mlrt/FlexFringe/FlexFringe/models-ps-small/0.1.1.1.0.0.searchglobal.0.ini/0.1.1.1.0.0.searchglobal.0_04.03.TLTT.4.2.9_Small.final.json,/gpfs/projects/HeinzGroup/asoubki/FlexFringe/data/MLRegTest/Large/04.03.TLTT.4.2.9_TestLA.txt,2025-12-29 23:28:03.766697
0.1.1.1.0.0.searchglobal.0,Small,4,3,TLTT,4,2,9,Dev,0.58238,0.9067746395417736,0.18364,0.3054252735921232,0.41762,/gpfs/projects/HeinzGroup/caffeine_underground/mlrt/FlexFringe/FlexFringe/models-ps-small/0.1.1.1.0.0.searchglobal.0.ini/0.1.1.1.0.0.searchglobal.0_04.03.TLTT.4.2.9_Small.final.json,/gpfs/projects/HeinzGroup/asoubki/FlexFringe/data/MLRegTest/Large/04.03.TLTT.4.2.9_Dev.txt,2025-12-29 23:28:03.766697
0.1.1.1.0.0.searchglobal.0,Small,4,3,TLTT,4,2,9,Train,0.581,0.8715596330275229,0.19,0.31198686371100165,0.419,/gpfs/projects/HeinzGroup/caffeine_underground/mlrt/FlexFringe/FlexFringe/models-ps-small/0.1.1.1.0.0.searchglobal.0.ini/0.1.1.1.0.0.searchglobal.0_04.03.TLTT.4.2.9_Small.final.json,/gpfs/projects/HeinzGroup/asoubki/FlexFringe/data/MLRegTest/Small/04.03.TLTT.4.2.9_Train.txt,2025-12-29 23:28:03.766697
0.1.1.1.0.0.searchglobal.0,Small,4,3,TLTT,4,3,0,TestLR,0.94072,0.9615449061662198,0.91816,0.9393517760680963,0.05928,/gpfs/projects/HeinzGroup/caffeine_underground/mlrt/FlexFringe/FlexFringe/models-ps-small/0.1.1.1.0.0.searchglobal.0.ini/0.1.1.1.0.0.searchglobal.0_04.03.TLTT.4.3.0_Small.final.json,/gpfs/projects/HeinzGroup/asoubki/FlexFringe/data/MLRegTest/Large/04.03.TLTT.4.3.0_TestLR.txt,2025-12-29 23:03:57.224580
0.1.1.1.0.0.searchglobal.0,Small,4,3,TLTT,4,3,0,TestLA,0.79841,0.756758617129287,0.87952,0.8135342379591346,0.20159,/gpfs/projects/HeinzGroup/caffeine_underground/mlrt/FlexFringe/FlexFringe/models-ps-small/0.1.1.1.0.0.searchglobal.0.ini/0.1.1.1.0.0.searchglobal.0_04.03.TLTT.4.3.0_Small.final.json,/gpfs/projects/HeinzGroup/asoubki/FlexFringe/data/MLRegTest/Large/04.03.TLTT.4.3.0_TestLA.txt,2025-12-29 23:03:57.224580
0.1.1.1.0.0.searchglobal.0,Small,4,3,TLTT,4,3,0,TestSR,0.97692,0.9827907353417558,0.97084,0.9767788151963941,0.02308,/gpfs/projects/HeinzGroup/caffeine_underground/mlrt/FlexFringe/FlexFringe/models-ps-small/0.1.1.1.0.0.searchglobal.0.ini/0.1.1.1.0.0.searchglobal.0_04.03.TLTT.4.3.0_Small.final.json,/gpfs/projects/HeinzGroup/asoubki/FlexFringe/data/MLRegTest/Large/04.03.TLTT.4.3.0_TestSR.txt,2025-12-29 23:03:57.224580
0.1.1.1.0.0.searchglobal.0,Small,4,3,TLTT,4,3,0,TestSA,0.86742,0.8114890298077249,0.9572,0.8783424177356898,0.13258,/gpfs/projects/HeinzGroup/caffeine_underground/mlrt/FlexFringe/FlexFringe/models-ps-small/0.1.1.1.0.0.searchglobal.0.ini/0.1.1.1.0.0.searchglobal.0_04.03.TLTT.4.3.0_Small.final.json,/gpfs/projects/HeinzGroup/asoubki/FlexFringe/data/MLRegTest/Large/04.03.TLTT.4.3.0_TestSA.txt,2025-12-29 23:03:57.224580
0.1.1.1.0.0.searchglobal.0,Small,4,3,TLTT,4,3,0,Dev,0.97711,0.9834039190257148,0.9706,0.9769600096629055,0.02289,/gpfs/projects/HeinzGroup/caffeine_underground/mlrt/FlexFringe/FlexFringe/models-ps-small/0.1.1.1.0.0.searchglobal.0.ini/0.1.1.1.0.0.searchglobal.0_04.03.TLTT.4.3.0_Small.final.json,/gpfs/projects/HeinzGroup/asoubki/FlexFringe/data/MLRegTest/Large/04.03.TLTT.4.3.0_Dev.txt,2025-12-29 23:03:57.224580
0.1.1.1.0.0.searchglobal.0,Small,4,3,TLTT,4,3,0,Train,0.989,0.9841584158415841,0.994,0.9890547263681592,0.011,/gpfs/projects/HeinzGroup/caffeine_underground/mlrt/FlexFringe/FlexFringe/models-ps-small/0.1.1.1.0.0.searchglobal.0.ini/0.1.1.1.0.0.searchglobal.0_04.03.TLTT.4.3.0_Small.final.json,/gpfs/projects/HeinzGroup/asoubki/FlexFringe/data/MLRegTest/Small/04.03.TLTT.4.3.0_Train.txt,2025-12-29 23:03:57.224580
0.1.1.1.0.0.searchglobal.0,Small,4,3,TLTT,4,3,1,TestLR,0.74088,0.6934903447611092,0.86334,0.7691499028918625,0.25912,/gpfs/projects/HeinzGroup/caffeine_underground/mlrt/FlexFringe/FlexFringe/models-ps-small/0.1.1.1.0.0.searchglobal.0.ini/0.1.1.1.0.0.searchglobal.0_04.03.TLTT.4.3.1_Small.final.json,/gpfs/projects/HeinzGroup/asoubki/FlexFringe/data/MLRegTest/Large/04.03.TLTT.4.3.1_TestLR.txt,2025-12-29 22:51:25.826419
0.1.1.1.0.0.searchglobal.0,Small,4,3,TLTT,4,3,1,TestSR,0.8389,0.7979916994935284,0.90754,0.8492476418625543,0.1611,/gpfs/projects/HeinzGroup/caffeine_underground/mlrt/FlexFringe/FlexFringe/models-ps-small/0.1.1.1.0.0.searchglobal.0.ini/0.1.1.1.0.0.searchglobal.0_04.03.TLTT.4.3.1_Small.final.json,/gpfs/projects/HeinzGroup/asoubki/FlexFringe/data/MLRegTest/Large/04.03.TLTT.4.3.1_TestSR.txt,2025-12-29 22:51:25.826419
0.1.1.1.0.0.searchglobal.0,Small,4,3,TLTT,4,3,1,TestSA,0.57069,0.6119681946336364,0.38636,0.4736719506663234,0.42931,/gpfs/projects/HeinzGroup/caffeine_underground/mlrt/FlexFringe/FlexFringe/models-ps-small/0.1.1.1.0.0.searchglobal.0.ini/0.1.1.1.0.0.searchglobal.0_04.03.TLTT.4.3.1_Small.final.json,/gpfs/projects/HeinzGroup/asoubki/FlexFringe/data/MLRegTest/Large/04.03.TLTT.4.3.1_TestSA.txt,2025-12-29 22:51:25.826419
0.1.1.1.0.0.searchglobal.0,Small,4,3,TLTT,4,3,1,TestLA,0.55279,0.557900278588194,0.50866,0.5321434923159007,0.44721,/gpfs/projects/HeinzGroup/caffeine_underground/mlrt/FlexFringe/FlexFringe/models-ps-small/0.1.1.1.0.0.searchglobal.0.ini/0.1.1.1.0.0.searchglobal.0_04.03.TLTT.4.3.1_Small.final.json,/gpfs/projects/HeinzGroup/asoubki/FlexFringe/data/MLRegTest/Large/04.03.TLTT.4.3.1_TestLA.txt,2025-12-29 22:51:25.826419
0.1.1.1.0.0.searchglobal.0,Small,4,3,TLTT,4,3,1,Dev,0.83976,0.798737382618788,0.90842,0.8500552093275691,0.16024,/gpfs/projects/HeinzGroup/caffeine_underground/mlrt/FlexFringe/FlexFringe/models-ps-small/0.1.1.1.0.0.searchglobal.0.ini/0.1.1.1.0.0.searchglobal.0_04.03.TLTT.4.3.1_Small.final.json,/gpfs/projects/HeinzGroup/asoubki/FlexFringe/data/MLRegTest/Large/04.03.TLTT.4.3.1_Dev.txt,2025-12-29 22:51:25.826419
0.1.1.1.0.0.searchglobal.0,Small,4,3,TLTT,4,3,1,Train,0.852,0.8211678832116789,0.9,0.8587786259541985,0.148,/gpfs/projects/HeinzGroup/caffeine_underground/mlrt/FlexFringe/FlexFringe/models-ps-small/0.1.1.1.0.0.searchglobal.0.ini/0.1.1.1.0.0.searchglobal.0_04.03.TLTT.4.3.1_Small.final.json,/gpfs/projects/HeinzGroup/asoubki/FlexFringe/data/MLRegTest/Small/04.03.TLTT.4.3.1_Train.txt,2025-12-29 22:51:25.826419
0.1.1.1.0.0.searchglobal.0,Small,4,3,TLTT,4,3,2,TestSA,0.99817,0.99869862053777,0.99764,0.9981690295856804,0.00183,/gpfs/projects/HeinzGroup/caffeine_underground/mlrt/FlexFringe/FlexFringe/models-ps-small/0.1.1.1.0.0.searchglobal.0.ini/0.1.1.1.0.0.searchglobal.0_04.03.TLTT.4.3.2_Small.final.json,/gpfs/projects/HeinzGroup/asoubki/FlexFringe/data/MLRegTest/Large/04.03.TLTT.4.3.2_TestSA.txt,2025-12-29 22:05:32.226303
0.1.1.1.0.0.searchglobal.0,Small,4,3,TLTT,4,3,2,TestSR,0.99926,0.9986217641418984,0.9999,0.9992604732970899,0.00074,/gpfs/projects/HeinzGroup/caffeine_underground/mlrt/FlexFringe/FlexFringe/models-ps-small/0.1.1.1.0.0.searchglobal.0.ini/0.1.1.1.0.0.searchglobal.0_04.03.TLTT.4.3.2_Small.final.json,/gpfs/projects/HeinzGroup/asoubki/FlexFringe/data/MLRegTest/Large/04.03.TLTT.4.3.2_TestSR.txt,2025-12-29 22:05:32.226303
0.1.1.1.0.0.searchglobal.0,Small,4,3,TLTT,4,3,2,TestLR,0.998,0.9972640492071734,0.99874,0.9980014789056099,0.002,/gpfs/projects/HeinzGroup/caffeine_underground/mlrt/FlexFringe/FlexFringe/models-ps-small/0.1.1.1.0.0.searchglobal.0.ini/0.1.1.1.0.0.searchglobal.0_04.03.TLTT.4.3.2_Small.final.json,/gpfs/projects/HeinzGroup/asoubki/FlexFringe/data/MLRegTest/Large/04.03.TLTT.4.3.2_TestLR.txt,2025-12-29 22:05:32.226303
0.1.1.1.0.0.searchglobal.0,Small,4,3,TLTT,4,3,2,TestLA,0.99233,0.997232714565617,0.9874,0.9922919995578201,0.00767,/gpfs/projects/HeinzGroup/caffeine_underground/mlrt/FlexFringe/FlexFringe/models-ps-small/0.1.1.1.0.0.searchglobal.0.ini/0.1.1.1.0.0.searchglobal.0_04.03.TLTT.4.3.2_Small.final.json,/gpfs/projects/HeinzGroup/asoubki/FlexFringe/data/MLRegTest/Large/04.03.TLTT.4.3.2_TestLA.txt,2025-12-29 22:05:32.226303
0.1.1.1.0.0.searchglobal.0,Small,4,3,TLTT,4,3,2,Dev,0.99946,0.9990607513988808,0.99986,0.9994602159136345,0.00054,/gpfs/projects/HeinzGroup/caffeine_underground/mlrt/FlexFringe/FlexFringe/models-ps-small/0.1.1.1.0.0.searchglobal.0.ini/0.1.1.1.0.0.searchglobal.0_04.03.TLTT.4.3.2_Small.final.json,/gpfs/projects/HeinzGroup/asoubki/FlexFringe/data/MLRegTest/Large/04.03.TLTT.4.3.2_Dev.txt,2025-12-29 22:05:32.226303
0.1.1.1.0.0.searchglobal.0,Small,4,3,TLTT,4,3,2,Train,0.998,1.0,0.996,0.9979959919839679,0.002,/gpfs/projects/HeinzGroup/caffeine_underground/mlrt/FlexFringe/FlexFringe/models-ps-small/0.1.1.1.0.0.searchglobal.0.ini/0.1.1.1.0.0.searchglobal.0_04.03.TLTT.4.3.2_Small.final.json,/gpfs/projects/HeinzGroup/asoubki/FlexFringe/data/MLRegTest/Small/04.03.TLTT.4.3.2_Train.txt,2025-12-29 22:05:32.226303
0.1.1.1.0.0.searchglobal.0,Small,4,3,TLTT,4,3,3,TestSA,0.66149,0.62334448467073,0.81612,0.7068238310108,0.33851,/gpfs/projects/HeinzGroup/caffeine_underground/mlrt/FlexFringe/FlexFringe/models-ps-small/0.1.1.1.0.0.searchglobal.0.ini/0.1.1.1.0.0.searchglobal.0_04.03.TLTT.4.3.3_Small.final.json,/gpfs/projects/HeinzGroup/asoubki/FlexFringe/data/MLRegTest/Large/04.03.TLTT.4.3.3_TestSA.txt,2025-12-29 22:26:42.802724
0.1.1.1.0.0.searchglobal.0,Small,4,3,TLTT,4,3,3,TestLR,0.70993,0.6662759199708524,0.8412,0.7435890636187648,0.29007,/gpfs/projects/HeinzGroup/caffeine_underground/mlrt/FlexFringe/FlexFringe/models-ps-small/0.1.1.1.0.0.searchglobal.0.ini/0.1.1.1.0.0.searchglobal.0_04.03.TLTT.4.3.3_Small.final.json,/gpfs/projects/HeinzGroup/asoubki/FlexFringe/data/MLRegTest/Large/04.03.TLTT.4.3.3_TestLR.txt,2025-12-29 22:26:42.802724
0.1.1.1.0.0.searchglobal.0,Small,4,3,TLTT,4,3,3,TestSR,0.71634,0.65626534916645,0.90856,0.76207411383805,0.28366,/gpfs/projects/HeinzGroup/caffeine_underground/mlrt/FlexFringe/FlexFringe/models-ps-small/0.1.1.1.0.0.searchglobal.0.ini/0.1.1.1.0.0.searchglobal.0_04.03.TLTT.4.3.3_Small.final.json,/gpfs/projects/HeinzGroup/asoubki/FlexFringe/data/MLRegTest/Large/04.03.TLTT.4.3.3_TestSR.txt,2025-12-29 22:26:42.802724
0.1.1.1.0.0.searchglobal.0,Small,4,3,TLTT,4,3,3,TestLA,0.65077,0.6266315029144479,0.74608,0.6811587587075805,0.34923,/gpfs/projects/HeinzGroup/caffeine_underground/mlrt/FlexFringe/FlexFringe/models-ps-small/0.1.1.1.0.0.searchglobal.0.ini/0.1.1.1.0.0.searchglobal.0_04.03.TLTT.4.3.3_Small.final.json,/gpfs/projects/HeinzGroup/asoubki/FlexFringe/data/MLRegTest/Large/04.03.TLTT.4.3.3_TestLA.txt,2025-12-29 22:26:42.802724
0.1.1.1.0.0.searchglobal.0,Small,4,3,TLTT,4,3,3,Dev,0.71434,0.6549371114645077,0.90604,0.7602920198036418,0.28566,/gpfs/projects/HeinzGroup/caffeine_underground/mlrt/FlexFringe/FlexFringe/models-ps-small/0.1.1.1.0.0.searchglobal.0.ini/0.1.1.1.0.0.searchglobal.0_04.03.TLTT.4.3.3_Small.final.json,/gpfs/projects/HeinzGroup/asoubki/FlexFringe/data/MLRegTest/Large/04.03.TLTT.4.3.3_Dev.txt,2025-12-29 22:26:42.802724
0.1.1.1.0.0.searchglobal.0,Small,4,3,TLTT,4,3,3,Train,0.705,0.6458036984352774,0.908,0.7547797173732336,0.295,/gpfs/projects/HeinzGroup/caffeine_underground/mlrt/FlexFringe/FlexFringe/models-ps-small/0.1.1.1.0.0.searchglobal.0.ini/0.1.1.1.0.0.searchglobal.0_04.03.TLTT.4.3.3_Small.final.json,/gpfs/projects/HeinzGroup/asoubki/FlexFringe/data/MLRegTest/Small/04.03.TLTT.4.3.3_Train.txt,2025-12-29 22:26:42.802724
0.1.1.1.0.0.searchglobal.0,Small,4,3,TLTT,4,3,4,TestLA,0.5781,0.55876245222259,0.74264,0.6377110275301836,0.4219,/gpfs/projects/HeinzGroup/caffeine_underground/mlrt/FlexFringe/FlexFringe/models-ps-small/0.1.1.1.0.0.searchglobal.0.ini/0.1.1.1.0.0.searchglobal.0_04.03.TLTT.4.3.4_Small.final.json,/gpfs/projects/HeinzGroup/asoubki/FlexFringe/data/MLRegTest/Large/04.03.TLTT.4.3.4_TestLA.txt,2025-12-29 22:44:19.314855
0.1.1.1.0.0.searchglobal.0,Small,4,3,TLTT,4,3,4,TestSR,0.83532,0.8411051432291666,0.82684,0.8339115701145716,0.16468,/gpfs/projects/HeinzGroup/caffeine_underground/mlrt/FlexFringe/FlexFringe/models-ps-small/0.1.1.1.0.0.searchglobal.0.ini/0.1.1.1.0.0.searchglobal.0_04.03.TLTT.4.3.4_Small.final.json,/gpfs/projects/HeinzGroup/asoubki/FlexFringe/data/MLRegTest/Large/04.03.TLTT.4.3.4_TestSR.txt,2025-12-29 22:44:19.314855
0.1.1.1.0.0.searchglobal.0,Small,4,3,TLTT,4,3,4,TestLR,0.77043,0.7757632614769645,0.76076,0.7681883816505609,0.22957,/gpfs/projects/HeinzGroup/caffeine_underground/mlrt/FlexFringe/FlexFringe/models-ps-small/0.1.1.1.0.0.searchglobal.0.ini/0.1.1.1.0.0.searchglobal.0_04.03.TLTT.4.3.4_Small.final.json,/gpfs/projects/HeinzGroup/asoubki/FlexFringe/data/MLRegTest/Large/04.03.TLTT.4.3.4_TestLR.txt,2025-12-29 22:44:19.314855
0.1.1.1.0.0.searchglobal.0,Small,4,3,TLTT,4,3,4,TestSA,0.60052,0.5711938353447787,0.80648,0.6687452320143288,0.39948,/gpfs/projects/HeinzGroup/caffeine_underground/mlrt/FlexFringe/FlexFringe/models-ps-small/0.1.1.1.0.0.searchglobal.0.ini/0.1.1.1.0.0.searchglobal.0_04.03.TLTT.4.3.4_Small.final.json,/gpfs/projects/HeinzGroup/asoubki/FlexFringe/data/MLRegTest/Large/04.03.TLTT.4.3.4_TestSA.txt,2025-12-29 22:44:19.314855
0.1.1.1.0.0.searchglobal.0,Small,4,3,TLTT,4,3,4,Dev,0.83597,0.8412733884566158,0.8282,0.8346855063846084,0.16403,/gpfs/projects/HeinzGroup/caffeine_underground/mlrt/FlexFringe/FlexFringe/models-ps-small/0.1.1.1.0.0.searchglobal.0.ini/0.1.1.1.0.0.searchglobal.0_04.03.TLTT.4.3.4_Small.final.json,/gpfs/projects/HeinzGroup/asoubki/FlexFringe/data/MLRegTest/Large/04.03.TLTT.4.3.4_Dev.txt,2025-12-29 22:44:19.314855
0.1.1.1.0.0.searchglobal.0,Small,4,3,TLTT,4,3,4,Train,0.834,0.8353413654618473,0.832,0.8336673346693386,0.166,/gpfs/projects/HeinzGroup/caffeine_underground/mlrt/FlexFringe/FlexFringe/models-ps-small/0.1.1.1.0.0.searchglobal.0.ini/0.1.1.1.0.0.searchglobal.0_04.03.TLTT.4.3.4_Small.final.json,/gpfs/projects/HeinzGroup/asoubki/FlexFringe/data/MLRegTest/Small/04.03.TLTT.4.3.4_Train.txt,2025-12-29 22:44:19.314855
0.1.1.1.0.0.searchglobal.0,Small,4,3,TLTT,4,3,5,TestLA,0.5162,0.5401307966706302,0.21804,0.31066909836999884,0.4838,/gpfs/projects/HeinzGroup/caffeine_underground/mlrt/FlexFringe/FlexFringe/models-ps-small/0.1.1.1.0.0.searchglobal.0.ini/0.1.1.1.0.0.searchglobal.0_04.03.TLTT.4.3.5_Small.final.json,/gpfs/projects/HeinzGroup/asoubki/FlexFringe/data/MLRegTest/Large/04.03.TLTT.4.3.5_TestLA.txt,2025-12-29 22:21:24.677268
0.1.1.1.0.0.searchglobal.0,Small,4,3,TLTT,4,3,5,TestSA,0.52487,0.5353819889031156,0.37632,0.4419754536379118,0.47513,/gpfs/projects/HeinzGroup/caffeine_underground/mlrt/FlexFringe/FlexFringe/models-ps-small/0.1.1.1.0.0.searchglobal.0.ini/0.1.1.1.0.0.searchglobal.0_04.03.TLTT.4.3.5_Small.final.json,/gpfs/projects/HeinzGroup/asoubki/FlexFringe/data/MLRegTest/Large/04.03.TLTT.4.3.5_TestSA.txt,2025-12-29 22:21:24.677268
0.1.1.1.0.0.searchglobal.0,Small,4,3,TLTT,4,3,5,TestLR,0.58597,0.8209512431867393,0.2199,0.34688372533244993,0.41403,/gpfs/projects/HeinzGroup/caffeine_underground/mlrt/FlexFringe/FlexFringe/models-ps-small/0.1.1.1.0.0.searchglobal.0.ini/0.1.1.1.0.0.searchglobal.0_04.03.TLTT.4.3.5_Small.final.json,/gpfs/projects/HeinzGroup/asoubki/FlexFringe/data/MLRegTest/Large/04.03.TLTT.4.3.5_TestLR.txt,2025-12-29 22:21:24.677268
0.1.1.1.0.0.searchglobal.0,Small,4,3,TLTT,4,3,5,TestSR,0.66848,0.8889196675900277,0.38508,0.5373709182249512,0.33152,/gpfs/projects/HeinzGroup/caffeine_underground/mlrt/FlexFringe/FlexFringe/models-ps-small/0.1.1.1.0.0.searchglobal.0.ini/0.1.1.1.0.0.searchglobal.0_04.03.TLTT.4.3.5_Small.final.json,/gpfs/projects/HeinzGroup/asoubki/FlexFringe/data/MLRegTest/Large/04.03.TLTT.4.3.5_TestSR.txt,2025-12-29 22:21:24.677268
0.1.1.1.0.0.searchglobal.0,Small,4,3,TLTT,4,3,5,Dev,0.66341,0.8867326170303403,0.37468,0.5267760484766685,0.33659,/gpfs/projects/HeinzGroup/caffeine_underground/mlrt/FlexFringe/FlexFringe/models-ps-small/0.1.1.1.0.0.searchglobal.0.ini/0.1.1.1.0.0.searchglobal.0_04.03.TLTT.4.3.5_Small.final.json,/gpfs/projects/HeinzGroup/asoubki/FlexFringe/data/MLRegTest/Large/04.03.TLTT.4.3.5_Dev.txt,2025-12-29 22:21:24.677268
0.1.1.1.0.0.searchglobal.0,Small,4,3,TLTT,4,3,5,Train,0.661,0.9214659685863874,0.352,0.5094066570188133,0.339,/gpfs/projects/HeinzGroup/caffeine_underground/mlrt/FlexFringe/FlexFringe/models-ps-small/0.1.1.1.0.0.searchglobal.0.ini/0.1.1.1.0.0.searchglobal.0_04.03.TLTT.4.3.5_Small.final.json,/gpfs/projects/HeinzGroup/asoubki/FlexFringe/data/MLRegTest/Small/04.03.TLTT.4.3.5_Train.txt,2025-12-29 22:21:24.677268
0.1.1.1.0.0.searchglobal.0,Small,4,3,TLTT,4,3,6,TestLA,0.5,0.5,0.03766,0.07004426589294349,0.5,/gpfs/projects/HeinzGroup/caffeine_underground/mlrt/FlexFringe/FlexFringe/models-ps-small/0.1.1.1.0.0.searchglobal.0.ini/0.1.1.1.0.0.searchglobal.0_04.03.TLTT.4.3.6_Small.final.json,/gpfs/projects/HeinzGroup/asoubki/FlexFringe/data/MLRegTest/Large/04.03.TLTT.4.3.6_TestLA.txt,2025-12-29 22:25:46.488473
0.1.1.1.0.0.searchglobal.0,Small,4,3,TLTT,4,3,6,TestLR,0.50078,0.5105805751492133,0.03764,0.07011138844391461,0.49922,/gpfs/projects/HeinzGroup/caffeine_underground/mlrt/FlexFringe/FlexFringe/models-ps-small/0.1.1.1.0.0.searchglobal.0.ini/0.1.1.1.0.0.searchglobal.0_04.03.TLTT.4.3.6_Small.final.json,/gpfs/projects/HeinzGroup/asoubki/FlexFringe/data/MLRegTest/Large/04.03.TLTT.4.3.6_TestLR.txt,2025-12-29 22:25:46.488473
0.1.1.1.0.0.searchglobal.0,Small,4,3,TLTT,4,3,6,TestSA,0.5,0.5,0.03688,0.06869319028460737,0.5,/gpfs/projects/HeinzGroup/caffeine_underground/mlrt/FlexFringe/FlexFringe/models-ps-small/0.1.1.1.0.0.searchglobal.0.ini/0.1.1.1.0.0.searchglobal.0_04.03.TLTT.4.3.6_Small.final.json,/gpfs/projects/HeinzGroup/asoubki/FlexFringe/data/MLRegTest/Large/04.03.TLTT.4.3.6_TestSA.txt,2025-12-29 22:25:46.488473
0.1.1.1.0.0.searchglobal.0,Small,4,3,TLTT,4,3,6,TestSR,0.49956,0.4940184883088635,0.03634,0.0676999888222363,0.50044,/gpfs/projects/HeinzGroup/caffeine_underground/mlrt/FlexFringe/FlexFringe/models-ps-small/0.1.1.1.0.0.searchglobal.0.ini/0.1.1.1.0.0.searchglobal.0_04.03.TLTT.4.3.6_Small.final.json,/gpfs/projects/HeinzGroup/asoubki/FlexFringe/data/MLRegTest/Large/04.03.TLTT.4.3.6_TestSR.txt,2025-12-29 22:25:46.488473
0.1.1.1.0.0.searchglobal.0,Small,4,3,TLTT,4,3,6,Dev,0.50038,0.5051295896328294,0.03742,0.06967823625800686,0.49962,/gpfs/projects/HeinzGroup/caffeine_underground/mlrt/FlexFringe/FlexFringe/models-ps-small/0.1.1.1.0.0.searchglobal.0.ini/0.1.1.1.0.0.searchglobal.0_04.03.TLTT.4.3.6_Small.final.json,/gpfs/projects/HeinzGroup/asoubki/FlexFringe/data/MLRegTest/Large/04.03.TLTT.4.3.6_Dev.txt,2025-12-29 22:25:46.488473
0.1.1.1.0.0.searchglobal.0,Small,4,3,TLTT,4,3,6,Train,0.502,0.525,0.042,0.07777777777777778,0.498,/gpfs/projects/HeinzGroup/caffeine_underground/mlrt/FlexFringe/FlexFringe/models-ps-small/0.1.1.1.0.0.searchglobal.0.ini/0.1.1.1.0.0.searchglobal.0_04.03.TLTT.4.3.6_Small.final.json,/gpfs/projects/HeinzGroup/asoubki/FlexFringe/data/MLRegTest/Small/04.03.TLTT.4.3.6_Train.txt,2025-12-29 22:25:46.488473
0.1.1.1.0.0.searchglobal.0,Small,4,3,TLTT,4,3,7,TestLA,0.50272,0.5467353951890034,0.03182,0.06013986013986014,0.49728,/gpfs/projects/HeinzGroup/caffeine_underground/mlrt/FlexFringe/FlexFringe/models-ps-small/0.1.1.1.0.0.searchglobal.0.ini/0.1.1.1.0.0.searchglobal.0_04.03.TLTT.4.3.7_Small.final.json,/gpfs/projects/HeinzGroup/asoubki/FlexFringe/data/MLRegTest/Large/04.03.TLTT.4.3.7_TestLA.txt,2025-12-29 22:22:43.452429
0.1.1.1.0.0.searchglobal.0,Small,4,3,TLTT,4,3,7,TestSA,0.50307,0.5495321071313327,0.03406,0.06414433416825176,0.49693,/gpfs/projects/HeinzGroup/caffeine_underground/mlrt/FlexFringe/FlexFringe/models-ps-small/0.1.1.1.0.0.searchglobal.0.ini/0.1.1.1.0.0.searchglobal.0_04.03.TLTT.4.3.7_Small.final.json,/gpfs/projects/HeinzGroup/asoubki/FlexFringe/data/MLRegTest/Large/04.03.TLTT.4.3.7_TestSA.txt,2025-12-29 22:22:43.452429
0.1.1.1.0.0.searchglobal.0,Small,4,3,TLTT,4,3,7,TestSR,0.49994,0.4988954344624448,0.0271,0.051407542302147356,0.50006,/gpfs/projects/HeinzGroup/caffeine_underground/mlrt/FlexFringe/FlexFringe/models-ps-small/0.1.1.1.0.0.searchglobal.0.ini/0.1.1.1.0.0.searchglobal.0_04.03.TLTT.4.3.7_Small.final.json,/gpfs/projects/HeinzGroup/asoubki/FlexFringe/data/MLRegTest/Large/04.03.TLTT.4.3.7_TestSR.txt,2025-12-29 22:22:43.452429
0.1.1.1.0.0.searchglobal.0,Small,4,3,TLTT,4,3,7,TestLR,0.5,0.5,0.02674,0.05076508334282568,0.5,/gpfs/projects/HeinzGroup/caffeine_underground/mlrt/FlexFringe/FlexFringe/models-ps-small/0.1.1.1.0.0.searchglobal.0.ini/0.1.1.1.0.0.searchglobal.0_04.03.TLTT.4.3.7_Small.final.json,/gpfs/projects/HeinzGroup/asoubki/FlexFringe/data/MLRegTest/Large/04.03.TLTT.4.3.7_TestLR.txt,2025-12-29 22:22:43.452429
0.1.1.1.0.0.searchglobal.0,Small,4,3,TLTT,4,3,7,Dev,0.50023,0.5042078302231979,0.02756,0.05226328864278535,0.49977,/gpfs/projects/HeinzGroup/caffeine_underground/mlrt/FlexFringe/FlexFringe/models-ps-small/0.1.1.1.0.0.searchglobal.0.ini/0.1.1.1.0.0.searchglobal.0_04.03.TLTT.4.3.7_Small.final.json,/gpfs/projects/HeinzGroup/asoubki/FlexFringe/data/MLRegTest/Large/04.03.TLTT.4.3.7_Dev.txt,2025-12-29 22:22:43.452429
0.1.1.1.0.0.searchglobal.0,Small,4,3,TLTT,4,3,7,Train,0.491,0.3333333333333333,0.018,0.03415559772296015,0.509,/gpfs/projects/HeinzGroup/caffeine_underground/mlrt/FlexFringe/FlexFringe/models-ps-small/0.1.1.1.0.0.searchglobal.0.ini/0.1.1.1.0.0.searchglobal.0_04.03.TLTT.4.3.7_Small.final.json,/gpfs/projects/HeinzGroup/asoubki/FlexFringe/data/MLRegTest/Small/04.03.TLTT.4.3.7_Train.txt,2025-12-29 22:22:43.452429
0.1.1.1.0.0.searchglobal.0,Small,4,3,TLTT,4,3,8,TestLA,0.50009,0.5009238349414905,0.0488,0.0889358677625704,0.49991,/gpfs/projects/HeinzGroup/caffeine_underground/mlrt/FlexFringe/FlexFringe/models-ps-small/0.1.1.1.0.0.searchglobal.0.ini/0.1.1.1.0.0.searchglobal.0_04.03.TLTT.4.3.8_Small.final.json,/gpfs/projects/HeinzGroup/asoubki/FlexFringe/data/MLRegTest/Large/04.03.TLTT.4.3.8_TestLA.txt,2025-12-29 23:36:38.337974
0.1.1.1.0.0.searchglobal.0,Small,4,3,TLTT,4,3,8,TestSA,0.50016,0.5016187778227438,0.04958,0.09024061737832624,0.49984,/gpfs/projects/HeinzGroup/caffeine_underground/mlrt/FlexFringe/FlexFringe/models-ps-small/0.1.1.1.0.0.searchglobal.0.ini/0.1.1.1.0.0.searchglobal.0_04.03.TLTT.4.3.8_Small.final.json,/gpfs/projects/HeinzGroup/asoubki/FlexFringe/data/MLRegTest/Large/04.03.TLTT.4.3.8_TestSA.txt,2025-12-29 23:36:38.337974
0.1.1.1.0.0.searchglobal.0,Small,4,3,TLTT,4,3,8,TestSR,0.50188,0.518503937007874,0.05268,0.09564270152505447,0.49812,/gpfs/projects/HeinzGroup/caffeine_underground/mlrt/FlexFringe/FlexFringe/models-ps-small/0.1.1.1.0.0.searchglobal.0.ini/0.1.1.1.0.0.searchglobal.0_04.03.TLTT.4.3.8_Small.final.json,/gpfs/projects/HeinzGroup/asoubki/FlexFringe/data/MLRegTest/Large/04.03.TLTT.4.3.8_TestSR.txt,2025-12-29 23:36:38.337974
0.1.1.1.0.0.searchglobal.0,Small,4,3,TLTT,4,3,8,TestLR,0.50109,0.5108414561368609,0.05136,0.09333599869155142,0.49891,/gpfs/projects/HeinzGroup/caffeine_underground/mlrt/FlexFringe/FlexFringe/models-ps-small/0.1.1.1.0.0.searchglobal.0.ini/0.1.1.1.0.0.searchglobal.0_04.03.TLTT.4.3.8_Small.final.json,/gpfs/projects/HeinzGroup/asoubki/FlexFringe/data/MLRegTest/Large/04.03.TLTT.4.3.8_TestLR.txt,2025-12-29 23:36:38.337974
0.1.1.1.0.0.searchglobal.0,Small,4,3,TLTT,4,3,8,Dev,0.50158,0.5155573060259945,0.05236,0.09506518028977087,0.49842,/gpfs/projects/HeinzGroup/caffeine_underground/mlrt/FlexFringe/FlexFringe/models-ps-small/0.1.1.1.0.0.searchglobal.0.ini/0.1.1.1.0.0.searchglobal.0_04.03.TLTT.4.3.8_Small.final.json,/gpfs/projects/HeinzGroup/asoubki/FlexFringe/data/MLRegTest/Large/04.03.TLTT.4.3.8_Dev.txt,2025-12-29 23:36:38.337974
0.1.1.1.0.0.searchglobal.0,Small,4,3,TLTT,4,3,8,Train,0.484,0.3181818181818182,0.028,0.051470588235294115,0.516,/gpfs/projects/HeinzGroup/caffeine_underground/mlrt/FlexFringe/FlexFringe/models-ps-small/0.1.1.1.0.0.searchglobal.0.ini/0.1.1.1.0.0.searchglobal.0_04.03.TLTT.4.3.8_Small.final.json,/gpfs/projects/HeinzGroup/asoubki/FlexFringe/data/MLRegTest/Small/04.03.TLTT.4.3.8_Train.txt,2025-12-29 23:36:38.337974
0.1.1.1.0.0.searchglobal.0,Small,4,3,TLTT,4,3,9,TestSR,0.73532,0.9179454390451833,0.51684,0.6613266455113113,0.26468,/gpfs/projects/HeinzGroup/caffeine_underground/mlrt/FlexFringe/FlexFringe/models-ps-small/0.1.1.1.0.0.searchglobal.0.ini/0.1.1.1.0.0.searchglobal.0_04.03.TLTT.4.3.9_Small.final.json,/gpfs/projects/HeinzGroup/asoubki/FlexFringe/data/MLRegTest/Large/04.03.TLTT.4.3.9_TestSR.txt,2025-12-29 22:11:18.226895
0.1.1.1.0.0.searchglobal.0,Small,4,3,TLTT,4,3,9,TestSA,0.54381,0.5467905585816512,0.51196,0.528802355006972,0.45619,/gpfs/projects/HeinzGroup/caffeine_underground/mlrt/FlexFringe/FlexFringe/models-ps-small/0.1.1.1.0.0.searchglobal.0.ini/0.1.1.1.0.0.searchglobal.0_04.03.TLTT.4.3.9_Small.final.json,/gpfs/projects/HeinzGroup/asoubki/FlexFringe/data/MLRegTest/Large/04.03.TLTT.4.3.9_TestSA.txt,2025-12-29 22:11:18.226895
0.1.1.1.0.0.searchglobal.0,Small,4,3,TLTT,4,3,9,TestLA,0.52735,0.5541262616267564,0.28,0.37201886667109546,0.47265,/gpfs/projects/HeinzGroup/caffeine_underground/mlrt/FlexFringe/FlexFringe/models-ps-small/0.1.1.1.0.0.searchglobal.0.ini/0.1.1.1.0.0.searchglobal.0_04.03.TLTT.4.3.9_Small.final.json,/gpfs/projects/HeinzGroup/asoubki/FlexFringe/data/MLRegTest/Large/04.03.TLTT.4.3.9_TestLA.txt,2025-12-29 22:11:18.226895
0.1.1.1.0.0.searchglobal.0,Small,4,3,TLTT,4,3,9,TestLR,0.6176,0.8546869344914948,0.28338,0.4256360960076902,0.3824,/gpfs/projects/HeinzGroup/caffeine_underground/mlrt/FlexFringe/FlexFringe/models-ps-small/0.1.1.1.0.0.searchglobal.0.ini/0.1.1.1.0.0.searchglobal.0_04.03.TLTT.4.3.9_Small.final.json,/gpfs/projects/HeinzGroup/asoubki/FlexFringe/data/MLRegTest/Large/04.03.TLTT.4.3.9_TestLR.txt,2025-12-29 22:11:18.226895
0.1.1.1.0.0.searchglobal.0,Small,4,3,TLTT,4,3,9,Dev,0.73246,0.9162965616045845,0.51166,0.6566478439425051,0.26754,/gpfs/projects/HeinzGroup/caffeine_underground/mlrt/FlexFringe/FlexFringe/models-ps-small/0.1.1.1.0.0.searchglobal.0.ini/0.1.1.1.0.0.searchglobal.0_04.03.TLTT.4.3.9_Small.final.json,/gpfs/projects/HeinzGroup/asoubki/FlexFringe/data/MLRegTest/Large/04.03.TLTT.4.3.9_Dev.txt,2025-12-29 22:11:18.226895
0.1.1.1.0.0.searchglobal.0,Small,4,3,TLTT,4,3,9,Train,0.732,0.9172661870503597,0.51,0.6555269922879178,0.268,/gpfs/projects/HeinzGroup/caffeine_underground/mlrt/FlexFringe/FlexFringe/models-ps-small/0.1.1.1.0.0.searchglobal.0.ini/0.1.1.1.0.0.searchglobal.0_04.03.TLTT.4.3.9_Small.final.json,/gpfs/projects/HeinzGroup/asoubki/FlexFringe/data/MLRegTest/Small/04.03.TLTT.4.3.9_Train.txt,2025-12-29 22:11:18.226895
0.1.1.1.0.0.searchglobal.0,Small,4,3,TLTT,6,2,0,TestLR,0.99407,1.0,0.98814,0.9940346253281962,0.00593,/gpfs/projects/HeinzGroup/caffeine_underground/mlrt/FlexFringe/FlexFringe/models-ps-small/0.1.1.1.0.0.searchglobal.0.ini/0.1.1.1.0.0.searchglobal.0_04.03.TLTT.6.2.0_Small.final.json,/gpfs/projects/HeinzGroup/asoubki/FlexFringe/data/MLRegTest/Large/04.03.TLTT.6.2.0_TestLR.txt,2025-12-29 23:23:44.942099
0.1.1.1.0.0.searchglobal.0,Small,4,3,TLTT,6,2,0,TestLA,0.98959,1.0,0.97918,0.9894804919208965,0.01041,/gpfs/projects/HeinzGroup/caffeine_underground/mlrt/FlexFringe/FlexFringe/models-ps-small/0.1.1.1.0.0.searchglobal.0.ini/0.1.1.1.0.0.searchglobal.0_04.03.TLTT.6.2.0_Small.final.json,/gpfs/projects/HeinzGroup/asoubki/FlexFringe/data/MLRegTest/Large/04.03.TLTT.6.2.0_TestLA.txt,2025-12-29 23:23:44.942099
0.1.1.1.0.0.searchglobal.0,Small,4,3,TLTT,6,2,0,TestSA,0.99637,1.0,0.99274,0.9963567750935898,0.00363,/gpfs/projects/HeinzGroup/caffeine_underground/mlrt/FlexFringe/FlexFringe/models-ps-small/0.1.1.1.0.0.searchglobal.0.ini/0.1.1.1.0.0.searchglobal.0_04.03.TLTT.6.2.0_Small.final.json,/gpfs/projects/HeinzGroup/asoubki/FlexFringe/data/MLRegTest/Large/04.03.TLTT.6.2.0_TestSA.txt,2025-12-29 23:23:44.942099
0.1.1.1.0.0.searchglobal.0,Small,4,3,TLTT,6,2,0,TestSR,0.99781,1.0,0.99562,0.9978051933734879,0.00219,/gpfs/projects/HeinzGroup/caffeine_underground/mlrt/FlexFringe/FlexFringe/models-ps-small/0.1.1.1.0.0.searchglobal.0.ini/0.1.1.1.0.0.searchglobal.0_04.03.TLTT.6.2.0_Small.final.json,/gpfs/projects/HeinzGroup/asoubki/FlexFringe/data/MLRegTest/Large/04.03.TLTT.6.2.0_TestSR.txt,2025-12-29 23:23:44.942099
0.1.1.1.0.0.searchglobal.0,Small,4,3,TLTT,6,2,0,Dev,0.99803,1.0,0.99606,0.9980261114395359,0.00197,/gpfs/projects/HeinzGroup/caffeine_underground/mlrt/FlexFringe/FlexFringe/models-ps-small/0.1.1.1.0.0.searchglobal.0.ini/0.1.1.1.0.0.searchglobal.0_04.03.TLTT.6.2.0_Small.final.json,/gpfs/projects/HeinzGroup/asoubki/FlexFringe/data/MLRegTest/Large/04.03.TLTT.6.2.0_Dev.txt,2025-12-29 23:23:44.942099
0.1.1.1.0.0.searchglobal.0,Small,4,3,TLTT,6,2,0,Train,1.0,1.0,1.0,1.0,0.0,/gpfs/projects/HeinzGroup/caffeine_underground/mlrt/FlexFringe/FlexFringe/models-ps-small/0.1.1.1.0.0.searchglobal.0.ini/0.1.1.1.0.0.searchglobal.0_04.03.TLTT.6.2.0_Small.final.json,/gpfs/projects/HeinzGroup/asoubki/FlexFringe/data/MLRegTest/Small/04.03.TLTT.6.2.0_Train.txt,2025-12-29 23:23:44.942099
0.1.1.1.0.0.searchglobal.0,Small,4,3,TLTT,6,2,1,TestLA,0.68837,0.7661721068249259,0.54222,0.6350295719388651,0.31163,/gpfs/projects/HeinzGroup/caffeine_underground/mlrt/FlexFringe/FlexFringe/models-ps-small/0.1.1.1.0.0.searchglobal.0.ini/0.1.1.1.0.0.searchglobal.0_04.03.TLTT.6.2.1_Small.final.json,/gpfs/projects/HeinzGroup/asoubki/FlexFringe/data/MLRegTest/Large/04.03.TLTT.6.2.1_TestLA.txt,2025-12-29 22:30:09.608947
0.1.1.1.0.0.searchglobal.0,Small,4,3,TLTT,6,2,1,TestSR,0.9199,0.8678557661982689,0.99064,0.9251919233427349,0.0801,/gpfs/projects/HeinzGroup/caffeine_underground/mlrt/FlexFringe/FlexFringe/models-ps-small/0.1.1.1.0.0.searchglobal.0.ini/0.1.1.1.0.0.searchglobal.0_04.03.TLTT.6.2.1_Small.final.json,/gpfs/projects/HeinzGroup/asoubki/FlexFringe/data/MLRegTest/Large/04.03.TLTT.6.2.1_TestSR.txt,2025-12-29 22:30:09.608947
0.1.1.1.0.0.searchglobal.0,Small,4,3,TLTT,6,2,1,TestLR,0.89959,0.8478506885805317,0.97396,0.9065405772685388,0.10041,/gpfs/projects/HeinzGroup/caffeine_underground/mlrt/FlexFringe/FlexFringe/models-ps-small/0.1.1.1.0.0.searchglobal.0.ini/0.1.1.1.0.0.searchglobal.0_04.03.TLTT.6.2.1_Small.final.json,/gpfs/projects/HeinzGroup/asoubki/FlexFringe/data/MLRegTest/Large/04.03.TLTT.6.2.1_TestLR.txt,2025-12-29 22:30:09.608947
0.1.1.1.0.0.searchglobal.0,Small,4,3,TLTT,6,2,1,TestSA,0.73233,0.804791016188702,0.61346,0.6962196270697854,0.26767,/gpfs/projects/HeinzGroup/caffeine_underground/mlrt/FlexFringe/FlexFringe/models-ps-small/0.1.1.1.0.0.searchglobal.0.ini/0.1.1.1.0.0.searchglobal.0_04.03.TLTT.6.2.1_Small.final.json,/gpfs/projects/HeinzGroup/asoubki/FlexFringe/data/MLRegTest/Large/04.03.TLTT.6.2.1_TestSA.txt,2025-12-29 22:30:09.608947
0.1.1.1.0.0.searchglobal.0,Small,4,3,TLTT,6,2,1,Dev,0.92023,0.8683836807686238,0.9906,0.9254743686762521,0.07977,/gpfs/projects/HeinzGroup/caffeine_underground/mlrt/FlexFringe/FlexFringe/models-ps-small/0.1.1.1.0.0.searchglobal.0.ini/0.1.1.1.0.0.searchglobal.0_04.03.TLTT.6.2.1_Small.final.json,/gpfs/projects/HeinzGroup/asoubki/FlexFringe/data/MLRegTest/Large/04.03.TLTT.6.2.1_Dev.txt,2025-12-29 22:30:09.608947
0.1.1.1.0.0.searchglobal.0,Small,4,3,TLTT,6,2,1,Train,0.931,0.8827708703374778,0.994,0.9350893697083725,0.069,/gpfs/projects/HeinzGroup/caffeine_underground/mlrt/FlexFringe/FlexFringe/models-ps-small/0.1.1.1.0.0.searchglobal.0.ini/0.1.1.1.0.0.searchglobal.0_04.03.TLTT.6.2.1_Small.final.json,/gpfs/projects/HeinzGroup/asoubki/FlexFringe/data/MLRegTest/Small/04.03.TLTT.6.2.1_Train.txt,2025-12-29 22:30:09.608947
0.1.1.1.0.0.searchglobal.0,Small,4,3,TLTT,6,2,2,TestLA,0.56532,0.6094650757474193,0.36368,0.455533844380981,0.43468,/gpfs/projects/HeinzGroup/caffeine_underground/mlrt/FlexFringe/FlexFringe/models-ps-small/0.1.1.1.0.0.searchglobal.0.ini/0.1.1.1.0.0.searchglobal.0_04.03.TLTT.6.2.2_Small.final.json,/gpfs/projects/HeinzGroup/asoubki/FlexFringe/data/MLRegTest/Large/04.03.TLTT.6.2.2_TestLA.txt,2025-12-29 23:35:43.731520
0.1.1.1.0.0.searchglobal.0,Small,4,3,TLTT,6,2,2,TestSR,0.86183,0.8470658200164982,0.8831,0.8647076679036886,0.13817,/gpfs/projects/HeinzGroup/caffeine_underground/mlrt/FlexFringe/FlexFringe/models-ps-small/0.1.1.1.0.0.searchglobal.0.ini/0.1.1.1.0.0.searchglobal.0_04.03.TLTT.6.2.2_Small.final.json,/gpfs/projects/HeinzGroup/asoubki/FlexFringe/data/MLRegTest/Large/04.03.TLTT.6.2.2_TestSR.txt,2025-12-29 23:35:43.731520
0.1.1.1.0.0.searchglobal.0,Small,4,3,TLTT,6,2,2,TestLR,0.80142,0.7856844978579823,0.82896,0.8067423166008136,0.19858,/gpfs/projects/HeinzGroup/caffeine_underground/mlrt/FlexFringe/FlexFringe/models-ps-small/0.1.1.1.0.0.searchglobal.0.ini/0.1.1.1.0.0.searchglobal.0_04.03.TLTT.6.2.2_Small.final.json,/gpfs/projects/HeinzGroup/asoubki/FlexFringe/data/MLRegTest/Large/04.03.TLTT.6.2.2_TestLR.txt,2025-12-29 23:35:43.731520
0.1.1.1.0.0.searchglobal.0,Small,4,3,TLTT,6,2,2,TestSA,0.57928,0.6623924621056944,0.32338,0.4345921247144201,0.42072,/gpfs/projects/HeinzGroup/caffeine_underground/mlrt/FlexFringe/FlexFringe/models-ps-small/0.1.1.1.0.0.searchglobal.0.ini/0.1.1.1.0.0.searchglobal.0_04.03.TLTT.6.2.2_Small.final.json,/gpfs/projects/HeinzGroup/asoubki/FlexFringe/data/MLRegTest/Large/04.03.TLTT.6.2.2_TestSA.txt,2025-12-29 23:35:43.731520
0.1.1.1.0.0.searchglobal.0,Small,4,3,TLTT,6,2,2,Dev,0.86051,0.8444121749431569,0.88388,0.8636954376227561,0.13949,/gpfs/projects/HeinzGroup/caffeine_underground/mlrt/FlexFringe/FlexFringe/models-ps-small/0.1.1.1.0.0.searchglobal.0.ini/0.1.1.1.0.0.searchglobal.0_04.03.TLTT.6.2.2_Small.final.json,/gpfs/projects/HeinzGroup/asoubki/FlexFringe/data/MLRegTest/Large/04.03.TLTT.6.2.2_Dev.txt,2025-12-29 23:35:43.731520
0.1.1.1.0.0.searchglobal.0,Small,4,3,TLTT,6,2,2,Train,0.848,0.8385214007782101,0.862,0.8500986193293886,0.152,/gpfs/projects/HeinzGroup/caffeine_underground/mlrt/FlexFringe/FlexFringe/models-ps-small/0.1.1.1.0.0.searchglobal.0.ini/0.1.1.1.0.0.searchglobal.0_04.03.TLTT.6.2.2_Small.final.json,/gpfs/projects/HeinzGroup/asoubki/FlexFringe/data/MLRegTest/Small/04.03.TLTT.6.2.2_Train.txt,2025-12-29 23:35:43.731520
0.1.1.1.0.0.searchglobal.0,Small,4,3,TLTT,6,2,3,TestSR,0.74839,0.7248483751244682,0.80074,0.7609065425001188,0.25161,/gpfs/projects/HeinzGroup/caffeine_underground/mlrt/FlexFringe/FlexFringe/models-ps-small/0.1.1.1.0.0.searchglobal.0.ini/0.1.1.1.0.0.searchglobal.0_04.03.TLTT.6.2.3_Small.final.json,/gpfs/projects/HeinzGroup/asoubki/FlexFringe/data/MLRegTest/Large/04.03.TLTT.6.2.3_TestSR.txt,2025-12-29 22:17:41.791532
0.1.1.1.0.0.searchglobal.0,Small,4,3,TLTT,6,2,3,TestLA,0.60775,0.6361201647338235,0.50354,0.5621183536319896,0.39225,/gpfs/projects/HeinzGroup/caffeine_underground/mlrt/FlexFringe/FlexFringe/models-ps-small/0.1.1.1.0.0.searchglobal.0.ini/0.1.1.1.0.0.searchglobal.0_04.03.TLTT.6.2.3_Small.final.json,/gpfs/projects/HeinzGroup/asoubki/FlexFringe/data/MLRegTest/Large/04.03.TLTT.6.2.3_TestLA.txt,2025-12-29 22:17:41.791532
0.1.1.1.0.0.searchglobal.0,Small,4,3,TLTT,6,2,3,TestLR,0.70657,0.7122803411776796,0.69312,0.7025695605899346,0.29343,/gpfs/projects/HeinzGroup/caffeine_underground/mlrt/FlexFringe/FlexFringe/models-ps-small/0.1.1.1.0.0.searchglobal.0.ini/0.1.1.1.0.0.searchglobal.0_04.03.TLTT.6.2.3_Small.final.json,/gpfs/projects/HeinzGroup/asoubki/FlexFringe/data/MLRegTest/Large/04.03.TLTT.6.2.3_TestLR.txt,2025-12-29 22:17:41.791532
0.1.1.1.0.0.searchglobal.0,Small,4,3,TLTT,6,2,3,TestSA,0.62896,0.6453037678024157,0.57272,0.6068491989488853,0.37104,/gpfs/projects/HeinzGroup/caffeine_underground/mlrt/FlexFringe/FlexFringe/models-ps-small/0.1.1.1.0.0.searchglobal.0.ini/0.1.1.1.0.0.searchglobal.0_04.03.TLTT.6.2.3_Small.final.json,/gpfs/projects/HeinzGroup/asoubki/FlexFringe/data/MLRegTest/Large/04.03.TLTT.6.2.3_TestSA.txt,2025-12-29 22:17:41.791532
0.1.1.1.0.0.searchglobal.0,Small,4,3,TLTT,6,2,3,Dev,0.74431,0.7211390503086588,0.7967,0.7570387403909197,0.25569,/gpfs/projects/HeinzGroup/caffeine_underground/mlrt/FlexFringe/FlexFringe/models-ps-small/0.1.1.1.0.0.searchglobal.0.ini/0.1.1.1.0.0.searchglobal.0_04.03.TLTT.6.2.3_Small.final.json,/gpfs/projects/HeinzGroup/asoubki/FlexFringe/data/MLRegTest/Large/04.03.TLTT.6.2.3_Dev.txt,2025-12-29 22:17:41.791532
0.1.1.1.0.0.searchglobal.0,Small,4,3,TLTT,6,2,3,Train,0.784,0.7639405204460966,0.822,0.791907514450867,0.216,/gpfs/projects/HeinzGroup/caffeine_underground/mlrt/FlexFringe/FlexFringe/models-ps-small/0.1.1.1.0.0.searchglobal.0.ini/0.1.1.1.0.0.searchglobal.0_04.03.TLTT.6.2.3_Small.final.json,/gpfs/projects/HeinzGroup/asoubki/FlexFringe/data/MLRegTest/Small/04.03.TLTT.6.2.3_Train.txt,2025-12-29 22:17:41.791532
0.1.1.1.0.0.searchglobal.0,Small,4,3,TLTT,6,2,4,TestSR,0.99799,0.9990579840859439,0.99692,0.9979878469962861,0.00201,/gpfs/projects/HeinzGroup/caffeine_underground/mlrt/FlexFringe/FlexFringe/models-ps-small/0.1.1.1.0.0.searchglobal.0.ini/0.1.1.1.0.0.searchglobal.0_04.03.TLTT.6.2.4_Small.final.json,/gpfs/projects/HeinzGroup/asoubki/FlexFringe/data/MLRegTest/Large/04.03.TLTT.6.2.4_TestSR.txt,2025-12-29 22:06:01.549480
0.1.1.1.0.0.searchglobal.0,Small,4,3,TLTT,6,2,4,TestSA,0.9691,0.9465237587572343,0.99438,0.9698618913857678,0.0309,/gpfs/projects/HeinzGroup/caffeine_underground/mlrt/FlexFringe/FlexFringe/models-ps-small/0.1.1.1.0.0.searchglobal.0.ini/0.1.1.1.0.0.searchglobal.0_04.03.TLTT.6.2.4_Small.final.json,/gpfs/projects/HeinzGroup/asoubki/FlexFringe/data/MLRegTest/Large/04.03.TLTT.6.2.4_TestSA.txt,2025-12-29 22:06:01.549480
0.1.1.1.0.0.searchglobal.0,Small,4,3,TLTT,6,2,4,TestLR,0.99427,0.9981656554254268,0.99036,0.9942475077553233,0.00573,/gpfs/projects/HeinzGroup/caffeine_underground/mlrt/FlexFringe/FlexFringe/models-ps-small/0.1.1.1.0.0.searchglobal.0.ini/0.1.1.1.0.0.searchglobal.0_04.03.TLTT.6.2.4_Small.final.json,/gpfs/projects/HeinzGroup/asoubki/FlexFringe/data/MLRegTest/Large/04.03.TLTT.6.2.4_TestLR.txt,2025-12-29 22:06:01.549480
0.1.1.1.0.0.searchglobal.0,Small,4,3,TLTT,6,2,4,TestLA,0.96169,0.9429190890078474,0.98288,0.9624849440358797,0.03831,/gpfs/projects/HeinzGroup/caffeine_underground/mlrt/FlexFringe/FlexFringe/models-ps-small/0.1.1.1.0.0.searchglobal.0.ini/0.1.1.1.0.0.searchglobal.0_04.03.TLTT.6.2.4_Small.final.json,/gpfs/projects/HeinzGroup/asoubki/FlexFringe/data/MLRegTest/Large/04.03.TLTT.6.2.4_TestLA.txt,2025-12-29 22:06:01.549480
0.1.1.1.0.0.searchglobal.0,Small,4,3,TLTT,6,2,4,Dev,0.99818,0.9991583503667187,0.9972,0.9981782146503574,0.00182,/gpfs/projects/HeinzGroup/caffeine_underground/mlrt/FlexFringe/FlexFringe/models-ps-small/0.1.1.1.0.0.searchglobal.0.ini/0.1.1.1.0.0.searchglobal.0_04.03.TLTT.6.2.4_Small.final.json,/gpfs/projects/HeinzGroup/asoubki/FlexFringe/data/MLRegTest/Large/04.03.TLTT.6.2.4_Dev.txt,2025-12-29 22:06:01.549480
0.1.1.1.0.0.searchglobal.0,Small,4,3,TLTT,6,2,4,Train,0.997,0.9979959919839679,0.996,0.996996996996997,0.003,/gpfs/projects/HeinzGroup/caffeine_underground/mlrt/FlexFringe/FlexFringe/models-ps-small/0.1.1.1.0.0.searchglobal.0.ini/0.1.1.1.0.0.searchglobal.0_04.03.TLTT.6.2.4_Small.final.json,/gpfs/projects/HeinzGroup/asoubki/FlexFringe/data/MLRegTest/Small/04.03.TLTT.6.2.4_Train.txt,2025-12-29 22:06:01.549480
0.1.1.1.0.0.searchglobal.0,Small,4,3,TLTT,6,2,5,TestLA,0.51482,0.5299757281553398,0.26202,0.350669164882227,0.48518,/gpfs/projects/HeinzGroup/caffeine_underground/mlrt/FlexFringe/FlexFringe/models-ps-small/0.1.1.1.0.0.searchglobal.0.ini/0.1.1.1.0.0.searchglobal.0_04.03.TLTT.6.2.5_Small.final.json,/gpfs/projects/HeinzGroup/asoubki/FlexFringe/data/MLRegTest/Large/04.03.TLTT.6.2.5_TestLA.txt,2025-12-29 22:17:20.146464
0.1.1.1.0.0.searchglobal.0,Small,4,3,TLTT,6,2,5,TestLR,0.61934,0.9121995026250346,0.2641,0.4096097772814691,0.38066,/gpfs/projects/HeinzGroup/caffeine_underground/mlrt/FlexFringe/FlexFringe/models-ps-small/0.1.1.1.0.0.searchglobal.0.ini/0.1.1.1.0.0.searchglobal.0_04.03.TLTT.6.2.5_Small.final.json,/gpfs/projects/HeinzGroup/asoubki/FlexFringe/data/MLRegTest/Large/04.03.TLTT.6.2.5_TestLR.txt,2025-12-29 22:17:20.146464
0.1.1.1.0.0.searchglobal.0,Small,4,3,TLTT,6,2,5,TestSA,0.5312,0.5447838318883849,0.37954,0.4473913760992055,0.4688,/gpfs/projects/HeinzGroup/caffeine_underground/mlrt/FlexFringe/FlexFringe/models-ps-small/0.1.1.1.0.0.searchglobal.0.ini/0.1.1.1.0.0.searchglobal.0_04.03.TLTT.6.2.5_Small.final.json,/gpfs/projects/HeinzGroup/asoubki/FlexFringe/data/MLRegTest/Large/04.03.TLTT.6.2.5_TestSA.txt,2025-12-29 22:17:20.146464
0.1.1.1.0.0.searchglobal.0,Small,4,3,TLTT,6,2,5,TestSR,0.67963,0.9561220862322889,0.37654,0.540299321289693,0.32037,/gpfs/projects/HeinzGroup/caffeine_underground/mlrt/FlexFringe/FlexFringe/models-ps-small/0.1.1.1.0.0.searchglobal.0.ini/0.1.1.1.0.0.searchglobal.0_04.03.TLTT.6.2.5_Small.final.json,/gpfs/projects/HeinzGroup/asoubki/FlexFringe/data/MLRegTest/Large/04.03.TLTT.6.2.5_TestSR.txt,2025-12-29 22:17:20.146464
0.1.1.1.0.0.searchglobal.0,Small,4,3,TLTT,6,2,5,Dev,0.68327,0.9593463331495313,0.38276,0.5471986733191325,0.31673,/gpfs/projects/HeinzGroup/caffeine_underground/mlrt/FlexFringe/FlexFringe/models-ps-small/0.1.1.1.0.0.searchglobal.0.ini/0.1.1.1.0.0.searchglobal.0_04.03.TLTT.6.2.5_Small.final.json,/gpfs/projects/HeinzGroup/asoubki/FlexFringe/data/MLRegTest/Large/04.03.TLTT.6.2.5_Dev.txt,2025-12-29 22:17:20.146464
0.1.1.1.0.0.searchglobal.0,Small,4,3,TLTT,6,2,5,Train,0.67,0.9381443298969072,0.364,0.5244956772334294,0.33,/gpfs/projects/HeinzGroup/caffeine_underground/mlrt/FlexFringe/FlexFringe/models-ps-small/0.1.1.1.0.0.searchglobal.0.ini/0.1.1.1.0.0.searchglobal.0_04.03.TLTT.6.2.5_Small.final.json,/gpfs/projects/HeinzGroup/asoubki/FlexFringe/data/MLRegTest/Small/04.03.TLTT.6.2.5_Train.txt,2025-12-29 22:17:20.146464
0.1.1.1.0.0.searchglobal.0,Small,4,3,TLTT,6,2,6,TestSR,0.5,0.5,0.00414,0.008212004601896299,0.5,/gpfs/projects/HeinzGroup/caffeine_underground/mlrt/FlexFringe/FlexFringe/models-ps-small/0.1.1.1.0.0.searchglobal.0.ini/0.1.1.1.0.0.searchglobal.0_04.03.TLTT.6.2.6_Small.final.json,/gpfs/projects/HeinzGroup/asoubki/FlexFringe/data/MLRegTest/Large/04.03.TLTT.6.2.6_TestSR.txt,2025-12-29 22:52:36.022845
0.1.1.1.0.0.searchglobal.0,Small,4,3,TLTT,6,2,6,TestLR,0.50013,0.5165394402035624,0.00406,0.008056674538130295,0.49987,/gpfs/projects/HeinzGroup/caffeine_underground/mlrt/FlexFringe/FlexFringe/models-ps-small/0.1.1.1.0.0.searchglobal.0.ini/0.1.1.1.0.0.searchglobal.0_04.03.TLTT.6.2.6_Small.final.json,/gpfs/projects/HeinzGroup/asoubki/FlexFringe/data/MLRegTest/Large/04.03.TLTT.6.2.6_TestLR.txt,2025-12-29 22:52:36.022845
0.1.1.1.0.0.searchglobal.0,Small,4,3,TLTT,6,2,6,TestLA,0.5,0.5,0.00456,0.00903757729506897,0.5,/gpfs/projects/HeinzGroup/caffeine_underground/mlrt/FlexFringe/FlexFringe/models-ps-small/0.1.1.1.0.0.searchglobal.0.ini/0.1.1.1.0.0.searchglobal.0_04.03.TLTT.6.2.6_Small.final.json,/gpfs/projects/HeinzGroup/asoubki/FlexFringe/data/MLRegTest/Large/04.03.TLTT.6.2.6_TestLA.txt,2025-12-29 22:52:36.022845
0.1.1.1.0.0.searchglobal.0,Small,4,3,TLTT,6,2,6,TestSA,0.5,0.5,0.0039,0.007739630879142687,0.5,/gpfs/projects/HeinzGroup/caffeine_underground/mlrt/FlexFringe/FlexFringe/models-ps-small/0.1.1.1.0.0.searchglobal.0.ini/0.1.1.1.0.0.searchglobal.0_04.03.TLTT.6.2.6_Small.final.json,/gpfs/projects/HeinzGroup/asoubki/FlexFringe/data/MLRegTest/Large/04.03.TLTT.6.2.6_TestSA.txt,2025-12-29 22:52:36.022845
0.1.1.1.0.0.searchglobal.0,Small,4,3,TLTT,6,2,6,Dev,0.49994,0.49214659685863876,0.00376,0.007462982811321504,0.50006,/gpfs/projects/HeinzGroup/caffeine_underground/mlrt/FlexFringe/FlexFringe/models-ps-small/0.1.1.1.0.0.searchglobal.0.ini/0.1.1.1.0.0.searchglobal.0_04.03.TLTT.6.2.6_Small.final.json,/gpfs/projects/HeinzGroup/asoubki/FlexFringe/data/MLRegTest/Large/04.03.TLTT.6.2.6_Dev.txt,2025-12-29 22:52:36.022845
0.1.1.1.0.0.searchglobal.0,Small,4,3,TLTT,6,2,6,Train,0.499,0.3333333333333333,0.002,0.003976143141153081,0.501,/gpfs/projects/HeinzGroup/caffeine_underground/mlrt/FlexFringe/FlexFringe/models-ps-small/0.1.1.1.0.0.searchglobal.0.ini/0.1.1.1.0.0.searchglobal.0_04.03.TLTT.6.2.6_Small.final.json,/gpfs/projects/HeinzGroup/asoubki/FlexFringe/data/MLRegTest/Small/04.03.TLTT.6.2.6_Train.txt,2025-12-29 22:52:36.022845
0.1.1.1.0.0.searchglobal.0,Small,4,3,TLTT,6,2,7,TestLR,0.49989,0.48286604361370716,0.0031,0.0061604499115677355,0.50011,/gpfs/projects/HeinzGroup/caffeine_underground/mlrt/FlexFringe/FlexFringe/models-ps-small/0.1.1.1.0.0.searchglobal.0.ini/0.1.1.1.0.0.searchglobal.0_04.03.TLTT.6.2.7_Small.final.json,/gpfs/projects/HeinzGroup/asoubki/FlexFringe/data/MLRegTest/Large/04.03.TLTT.6.2.7_TestLR.txt,2025-12-29 22:24:58.041830
0.1.1.1.0.0.searchglobal.0,Small,4,3,TLTT,6,2,7,TestSR,0.49977,0.46254071661237783,0.00284,0.005645337626970402,0.50023,/gpfs/projects/HeinzGroup/caffeine_underground/mlrt/FlexFringe/FlexFringe/models-ps-small/0.1.1.1.0.0.searchglobal.0.ini/0.1.1.1.0.0.searchglobal.0_04.03.TLTT.6.2.7_Small.final.json,/gpfs/projects/HeinzGroup/asoubki/FlexFringe/data/MLRegTest/Large/04.03.TLTT.6.2.7_TestSR.txt,2025-12-29 22:24:58.041830
0.1.1.1.0.0.searchglobal.0,Small,4,3,TLTT,6,2,7,TestSA,0.5004,0.5675675675675675,0.00336,0.006680451725783363,0.4996,/gpfs/projects/HeinzGroup/caffeine_underground/mlrt/FlexFringe/FlexFringe/models-ps-small/0.1.1.1.0.0.searchglobal.0.ini/0.1.1.1.0.0.searchglobal.0_04.03.TLTT.6.2.7_Small.final.json,/gpfs/projects/HeinzGroup/asoubki/FlexFringe/data/MLRegTest/Large/04.03.TLTT.6.2.7_TestSA.txt,2025-12-29 22:24:58.041830
0.1.1.1.0.0.searchglobal.0,Small,4,3,TLTT,6,2,7,TestLA,0.50041,0.5650793650793651,0.00356,0.007075424823611249,0.49959,/gpfs/projects/HeinzGroup/caffeine_underground/mlrt/FlexFringe/FlexFringe/models-ps-small/0.1.1.1.0.0.searchglobal.0.ini/0.1.1.1.0.0.searchglobal.0_04.03.TLTT.6.2.7_Small.final.json,/gpfs/projects/HeinzGroup/asoubki/FlexFringe/data/MLRegTest/Large/04.03.TLTT.6.2.7_TestLA.txt,2025-12-29 22:24:58.041830
0.1.1.1.0.0.searchglobal.0,Small,4,3,TLTT,6,2,7,Dev,0.49953,0.4326647564469914,0.00302,0.005998133031440545,0.50047,/gpfs/projects/HeinzGroup/caffeine_underground/mlrt/FlexFringe/FlexFringe/models-ps-small/0.1.1.1.0.0.searchglobal.0.ini/0.1.1.1.0.0.searchglobal.0_04.03.TLTT.6.2.7_Small.final.json,/gpfs/projects/HeinzGroup/asoubki/FlexFringe/data/MLRegTest/Large/04.03.TLTT.6.2.7_Dev.txt,2025-12-29 22:24:58.041830
0.1.1.1.0.0.searchglobal.0,Small,4,3,TLTT,6,2,7,Train,0.498,0.25,0.002,0.003968253968253968,0.502,/gpfs/projects/HeinzGroup/caffeine_underground/mlrt/FlexFringe/FlexFringe/models-ps-small/0.1.1.1.0.0.searchglobal.0.ini/0.1.1.1.0.0.searchglobal.0_04.03.TLTT.6.2.7_Small.final.json,/gpfs/projects/HeinzGroup/asoubki/FlexFringe/data/MLRegTest/Small/04.03.TLTT.6.2.7_Train.txt,2025-12-29 22:24:58.041830
0.1.1.1.0.0.searchglobal.0,Small,4,3,TLTT,6,2,8,TestSA,0.49995,0.4959481361426256,0.00612,0.012090799533753482,0.50005,/gpfs/projects/HeinzGroup/caffeine_underground/mlrt/FlexFringe/FlexFringe/models-ps-small/0.1.1.1.0.0.searchglobal.0.ini/0.1.1.1.0.0.searchglobal.0_04.03.TLTT.6.2.8_Small.final.json,/gpfs/projects/HeinzGroup/asoubki/FlexFringe/data/MLRegTest/Large/04.03.TLTT.6.2.8_TestSA.txt,2025-12-29 22:20:54.491682
0.1.1.1.0.0.searchglobal.0,Small,4,3,TLTT,6,2,8,TestLA,0.50001,0.5007564296520424,0.00662,0.013067250942539627,0.49999,/gpfs/projects/HeinzGroup/caffeine_underground/mlrt/FlexFringe/FlexFringe/models-ps-small/0.1.1.1.0.0.searchglobal.0.ini/0.1.1.1.0.0.searchglobal.0_04.03.TLTT.6.2.8_Small.final.json,/gpfs/projects/HeinzGroup/asoubki/FlexFringe/data/MLRegTest/Large/04.03.TLTT.6.2.8_TestLA.txt,2025-12-29 22:20:54.491682
0.1.1.1.0.0.searchglobal.0,Small,4,3,TLTT,6,2,8,TestLR,0.49995,0.49635036496350365,0.0068,0.013416198086218802,0.50005,/gpfs/projects/HeinzGroup/caffeine_underground/mlrt/FlexFringe/FlexFringe/models-ps-small/0.1.1.1.0.0.searchglobal.0.ini/0.1.1.1.0.0.searchglobal.0_04.03.TLTT.6.2.8_Small.final.json,/gpfs/projects/HeinzGroup/asoubki/FlexFringe/data/MLRegTest/Large/04.03.TLTT.6.2.8_TestLR.txt,2025-12-29 22:20:54.491682
0.1.1.1.0.0.searchglobal.0,Small,4,3,TLTT,6,2,8,TestSR,0.50002,0.5014925373134328,0.00672,0.013262285375962107,0.49998,/gpfs/projects/HeinzGroup/caffeine_underground/mlrt/FlexFringe/FlexFringe/models-ps-small/0.1.1.1.0.0.searchglobal.0.ini/0.1.1.1.0.0.searchglobal.0_04.03.TLTT.6.2.8_Small.final.json,/gpfs/projects/HeinzGroup/asoubki/FlexFringe/data/MLRegTest/Large/04.03.TLTT.6.2.8_TestSR.txt,2025-12-29 22:20:54.491682
0.1.1.1.0.0.searchglobal.0,Small,4,3,TLTT,6,2,8,Dev,0.49967,0.4737678855325914,0.00596,0.011771909379999605,0.50033,/gpfs/projects/HeinzGroup/caffeine_underground/mlrt/FlexFringe/FlexFringe/models-ps-small/0.1.1.1.0.0.searchglobal.0.ini/0.1.1.1.0.0.searchglobal.0_04.03.TLTT.6.2.8_Small.final.json,/gpfs/projects/HeinzGroup/asoubki/FlexFringe/data/MLRegTest/Large/04.03.TLTT.6.2.8_Dev.txt,2025-12-29 22:20:54.491682
0.1.1.1.0.0.searchglobal.0,Small,4,3,TLTT,6,2,8,Train,0.499,0.4444444444444444,0.008,0.015717092337917484,0.501,/gpfs/projects/HeinzGroup/caffeine_underground/mlrt/FlexFringe/FlexFringe/models-ps-small/0.1.1.1.0.0.searchglobal.0.ini/0.1.1.1.0.0.searchglobal.0_04.03.TLTT.6.2.8_Small.final.json,/gpfs/projects/HeinzGroup/asoubki/FlexFringe/data/MLRegTest/Small/04.03.TLTT.6.2.8_Train.txt,2025-12-29 22:20:54.491682
0.1.1.1.0.0.searchglobal.0,Small,4,3,TLTT,6,2,9,TestLR,0.72268,0.9868812314150779,0.45136,0.6194214195531647,0.27732,/gpfs/projects/HeinzGroup/caffeine_underground/mlrt/FlexFringe/FlexFringe/models-ps-small/0.1.1.1.0.0.searchglobal.0.ini/0.1.1.1.0.0.searchglobal.0_04.03.TLTT.6.2.9_Small.final.json,/gpfs/projects/HeinzGroup/asoubki/FlexFringe/data/MLRegTest/Large/04.03.TLTT.6.2.9_TestLR.txt,2025-12-29 22:49:48.306362
0.1.1.1.0.0.searchglobal.0,Small,4,3,TLTT,6,2,9,TestSR,0.78952,0.9931189535359041,0.58308,0.7347648570996522,0.21048,/gpfs/projects/HeinzGroup/caffeine_underground/mlrt/FlexFringe/FlexFringe/models-ps-small/0.1.1.1.0.0.searchglobal.0.ini/0.1.1.1.0.0.searchglobal.0_04.03.TLTT.6.2.9_Small.final.json,/gpfs/projects/HeinzGroup/asoubki/FlexFringe/data/MLRegTest/Large/04.03.TLTT.6.2.9_TestSR.txt,2025-12-29 22:49:48.306362
0.1.1.1.0.0.searchglobal.0,Small,4,3,TLTT,6,2,9,TestLA,0.65892,0.7693924599945755,0.45388,0.570946965885076,0.34108,/gpfs/projects/HeinzGroup/caffeine_underground/mlrt/FlexFringe/FlexFringe/models-ps-small/0.1.1.1.0.0.searchglobal.0.ini/0.1.1.1.0.0.searchglobal.0_04.03.TLTT.6.2.9_Small.final.json,/gpfs/projects/HeinzGroup/asoubki/FlexFringe/data/MLRegTest/Large/04.03.TLTT.6.2.9_TestLA.txt,2025-12-29 22:49:48.306362
0.1.1.1.0.0.searchglobal.0,Small,4,3,TLTT,6,2,9,TestSA,0.71222,0.784797895753932,0.5848,0.6701964289807238,0.28778,/gpfs/projects/HeinzGroup/caffeine_underground/mlrt/FlexFringe/FlexFringe/models-ps-small/0.1.1.1.0.0.searchglobal.0.ini/0.1.1.1.0.0.searchglobal.0_04.03.TLTT.6.2.9_Small.final.json,/gpfs/projects/HeinzGroup/asoubki/FlexFringe/data/MLRegTest/Large/04.03.TLTT.6.2.9_TestSA.txt,2025-12-29 22:49:48.306362
0.1.1.1.0.0.searchglobal.0,Small,4,3,TLTT,6,2,9,Dev,0.79077,0.9948265886116878,0.58458,0.7364230735314496,0.20923,/gpfs/projects/HeinzGroup/caffeine_underground/mlrt/FlexFringe/FlexFringe/models-ps-small/0.1.1.1.0.0.searchglobal.0.ini/0.1.1.1.0.0.searchglobal.0_04.03.TLTT.6.2.9_Small.final.json,/gpfs/projects/HeinzGroup/asoubki/FlexFringe/data/MLRegTest/Large/04.03.TLTT.6.2.9_Dev.txt,2025-12-29 22:49:48.306362
0.1.1.1.0.0.searchglobal.0,Small,4,3,TLTT,6,2,9,Train,0.776,0.9928571428571429,0.556,0.7128205128205128,0.224,/gpfs/projects/HeinzGroup/caffeine_underground/mlrt/FlexFringe/FlexFringe/models-ps-small/0.1.1.1.0.0.searchglobal.0.ini/0.1.1.1.0.0.searchglobal.0_04.03.TLTT.6.2.9_Small.final.json,/gpfs/projects/HeinzGroup/asoubki/FlexFringe/data/MLRegTest/Small/04.03.TLTT.6.2.9_Train.txt,2025-12-29 22:49:48.306362
0.1.1.1.0.0.searchglobal.0,Small,4,3,TPLT,2,2,0,TestSA,0.79004,0.8531732502070041,0.70066,0.7694318156860162,0.20996,/gpfs/projects/HeinzGroup/caffeine_underground/mlrt/FlexFringe/FlexFringe/models-ps-small/0.1.1.1.0.0.searchglobal.0.ini/0.1.1.1.0.0.searchglobal.0_04.03.TPLT.2.2.0_Small.final.json,/gpfs/projects/HeinzGroup/asoubki/FlexFringe/data/MLRegTest/Large/04.03.TPLT.2.2.0_TestSA.txt,2025-12-29 23:28:59.974478
0.1.1.1.0.0.searchglobal.0,Small,4,3,TPLT,2,2,0,TestLA,0.82092,0.9105936540429888,0.71172,0.7989672204759767,0.17908,/gpfs/projects/HeinzGroup/caffeine_underground/mlrt/FlexFringe/FlexFringe/models-ps-small/0.1.1.1.0.0.searchglobal.0.ini/0.1.1.1.0.0.searchglobal.0_04.03.TPLT.2.2.0_Small.final.json,/gpfs/projects/HeinzGroup/asoubki/FlexFringe/data/MLRegTest/Large/04.03.TPLT.2.2.0_TestLA.txt,2025-12-29 23:28:59.974478
0.1.1.1.0.0.searchglobal.0,Small,4,3,TPLT,2,2,0,TestSR,0.81658,0.8783221797323135,0.73498,0.8002831010452962,0.18342,/gpfs/projects/HeinzGroup/caffeine_underground/mlrt/FlexFringe/FlexFringe/models-ps-small/0.1.1.1.0.0.searchglobal.0.ini/0.1.1.1.0.0.searchglobal.0_04.03.TPLT.2.2.0_Small.final.json,/gpfs/projects/HeinzGroup/asoubki/FlexFringe/data/MLRegTest/Large/04.03.TPLT.2.2.0_TestSR.txt,2025-12-29 23:28:59.974478
0.1.1.1.0.0.searchglobal.0,Small,4,3,TPLT,2,2,0,TestLR,0.85197,0.9627652580925083,0.73226,0.8318395074350499,0.14803,/gpfs/projects/HeinzGroup/caffeine_underground/mlrt/FlexFringe/FlexFringe/models-ps-small/0.1.1.1.0.0.searchglobal.0.ini/0.1.1.1.0.0.searchglobal.0_04.03.TPLT.2.2.0_Small.final.json,/gpfs/projects/HeinzGroup/asoubki/FlexFringe/data/MLRegTest/Large/04.03.TPLT.2.2.0_TestLR.txt,2025-12-29 23:28:59.974478
0.1.1.1.0.0.searchglobal.0,Small,4,3,TPLT,2,2,0,Dev,0.81703,0.8788508878850888,0.73544,0.8007752528826995,0.18297,/gpfs/projects/HeinzGroup/caffeine_underground/mlrt/FlexFringe/FlexFringe/models-ps-small/0.1.1.1.0.0.searchglobal.0.ini/0.1.1.1.0.0.searchglobal.0_04.03.TPLT.2.2.0_Small.final.json,/gpfs/projects/HeinzGroup/asoubki/FlexFringe/data/MLRegTest/Large/04.03.TPLT.2.2.0_Dev.txt,2025-12-29 23:28:59.974478
0.1.1.1.0.0.searchglobal.0,Small,4,3,TPLT,2,2,0,Train,0.807,0.8753056234718827,0.716,0.7876787678767877,0.193,/gpfs/projects/HeinzGroup/caffeine_underground/mlrt/FlexFringe/FlexFringe/models-ps-small/0.1.1.1.0.0.searchglobal.0.ini/0.1.1.1.0.0.searchglobal.0_04.03.TPLT.2.2.0_Small.final.json,/gpfs/projects/HeinzGroup/asoubki/FlexFringe/data/MLRegTest/Small/04.03.TPLT.2.2.0_Train.txt,2025-12-29 23:28:59.974478
0.1.1.1.0.0.searchglobal.0,Small,4,3,TPLT,2,2,1,TestSR,0.81895,0.8822415570096594,0.73616,0.8026079087668037,0.18105,/gpfs/projects/HeinzGroup/caffeine_underground/mlrt/FlexFringe/FlexFringe/models-ps-small/0.1.1.1.0.0.searchglobal.0.ini/0.1.1.1.0.0.searchglobal.0_04.03.TPLT.2.2.1_Small.final.json,/gpfs/projects/HeinzGroup/asoubki/FlexFringe/data/MLRegTest/Large/04.03.TPLT.2.2.1_TestSR.txt,2025-12-29 22:27:38.382777
0.1.1.1.0.0.searchglobal.0,Small,4,3,TPLT,2,2,1,TestSA,0.79078,0.8530940353604041,0.70254,0.7705317188733878,0.20922,/gpfs/projects/HeinzGroup/caffeine_underground/mlrt/FlexFringe/FlexFringe/models-ps-small/0.1.1.1.0.0.searchglobal.0.ini/0.1.1.1.0.0.searchglobal.0_04.03.TPLT.2.2.1_Small.final.json,/gpfs/projects/HeinzGroup/asoubki/FlexFringe/data/MLRegTest/Large/04.03.TPLT.2.2.1_TestSA.txt,2025-12-29 22:27:38.382777
0.1.1.1.0.0.searchglobal.0,Small,4,3,TPLT,2,2,1,TestLA,0.82176,0.9124493667640876,0.71182,0.7997438374941015,0.17824,/gpfs/projects/HeinzGroup/caffeine_underground/mlrt/FlexFringe/FlexFringe/models-ps-small/0.1.1.1.0.0.searchglobal.0.ini/0.1.1.1.0.0.searchglobal.0_04.03.TPLT.2.2.1_Small.final.json,/gpfs/projects/HeinzGroup/asoubki/FlexFringe/data/MLRegTest/Large/04.03.TPLT.2.2.1_TestLA.txt,2025-12-29 22:27:38.382777
0.1.1.1.0.0.searchglobal.0,Small,4,3,TPLT,2,2,1,TestLR,0.85333,0.9635781573906427,0.73442,0.8335357341474764,0.14667,/gpfs/projects/HeinzGroup/caffeine_underground/mlrt/FlexFringe/FlexFringe/models-ps-small/0.1.1.1.0.0.searchglobal.0.ini/0.1.1.1.0.0.searchglobal.0_04.03.TPLT.2.2.1_Small.final.json,/gpfs/projects/HeinzGroup/asoubki/FlexFringe/data/MLRegTest/Large/04.03.TPLT.2.2.1_TestLR.txt,2025-12-29 22:27:38.382777
0.1.1.1.0.0.searchglobal.0,Small,4,3,TPLT,2,2,1,Dev,0.81806,0.8785887730324239,0.73812,0.8022520270417147,0.18194,/gpfs/projects/HeinzGroup/caffeine_underground/mlrt/FlexFringe/FlexFringe/models-ps-small/0.1.1.1.0.0.searchglobal.0.ini/0.1.1.1.0.0.searchglobal.0_04.03.TPLT.2.2.1_Small.final.json,/gpfs/projects/HeinzGroup/asoubki/FlexFringe/data/MLRegTest/Large/04.03.TPLT.2.2.1_Dev.txt,2025-12-29 22:27:38.382777
0.1.1.1.0.0.searchglobal.0,Small,4,3,TPLT,2,2,1,Train,0.824,0.8857142857142857,0.744,0.808695652173913,0.176,/gpfs/projects/HeinzGroup/caffeine_underground/mlrt/FlexFringe/FlexFringe/models-ps-small/0.1.1.1.0.0.searchglobal.0.ini/0.1.1.1.0.0.searchglobal.0_04.03.TPLT.2.2.1_Small.final.json,/gpfs/projects/HeinzGroup/asoubki/FlexFringe/data/MLRegTest/Small/04.03.TPLT.2.2.1_Train.txt,2025-12-29 22:27:38.382777
0.1.1.1.0.0.searchglobal.0,Small,4,3,TPLT,2,2,2,TestSR,0.53988,0.5248145751406242,0.84344,0.647028138328884,0.46012,/gpfs/projects/HeinzGroup/caffeine_underground/mlrt/FlexFringe/FlexFringe/models-ps-small/0.1.1.1.0.0.searchglobal.0.ini/0.1.1.1.0.0.searchglobal.0_04.03.TPLT.2.2.2_Small.final.json,/gpfs/projects/HeinzGroup/asoubki/FlexFringe/data/MLRegTest/Large/04.03.TPLT.2.2.2_TestSR.txt,2025-12-29 22:36:12.591541
0.1.1.1.0.0.searchglobal.0,Small,4,3,TPLT,2,2,2,TestLA,0.50843,0.5045397266470645,0.9369,0.6558765672362737,0.49157,/gpfs/projects/HeinzGroup/caffeine_underground/mlrt/FlexFringe/FlexFringe/models-ps-small/0.1.1.1.0.0.searchglobal.0.ini/0.1.1.1.0.0.searchglobal.0_04.03.TPLT.2.2.2_Small.final.json,/gpfs/projects/HeinzGroup/asoubki/FlexFringe/data/MLRegTest/Large/04.03.TPLT.2.2.2_TestLA.txt,2025-12-29 22:36:12.591541
0.1.1.1.0.0.searchglobal.0,Small,4,3,TPLT,2,2,2,TestLR,0.52931,0.5156836934536232,0.96372,0.6718581158803968,0.47069,/gpfs/projects/HeinzGroup/caffeine_underground/mlrt/FlexFringe/FlexFringe/models-ps-small/0.1.1.1.0.0.searchglobal.0.ini/0.1.1.1.0.0.searchglobal.0_04.03.TPLT.2.2.2_Small.final.json,/gpfs/projects/HeinzGroup/asoubki/FlexFringe/data/MLRegTest/Large/04.03.TPLT.2.2.2_TestLR.txt,2025-12-29 22:36:12.591541
0.1.1.1.0.0.searchglobal.0,Small,4,3,TPLT,2,2,2,TestSA,0.51792,0.5111345843171369,0.82262,0.630505096957155,0.48208,/gpfs/projects/HeinzGroup/caffeine_underground/mlrt/FlexFringe/FlexFringe/models-ps-small/0.1.1.1.0.0.searchglobal.0.ini/0.1.1.1.0.0.searchglobal.0_04.03.TPLT.2.2.2_Small.final.json,/gpfs/projects/HeinzGroup/asoubki/FlexFringe/data/MLRegTest/Large/04.03.TPLT.2.2.2_TestSA.txt,2025-12-29 22:36:12.591541
0.1.1.1.0.0.searchglobal.0,Small,4,3,TPLT,2,2,2,Dev,0.54296,0.5266388868219362,0.8493,0.6501370240519313,0.45704,/gpfs/projects/HeinzGroup/caffeine_underground/mlrt/FlexFringe/FlexFringe/models-ps-small/0.1.1.1.0.0.searchglobal.0.ini/0.1.1.1.0.0.searchglobal.0_04.03.TPLT.2.2.2_Small.final.json,/gpfs/projects/HeinzGroup/asoubki/FlexFringe/data/MLRegTest/Large/04.03.TPLT.2.2.2_Dev.txt,2025-12-29 22:36:12.591541
0.1.1.1.0.0.searchglobal.0,Small,4,3,TPLT,2,2,2,Train,0.529,0.5174488567990373,0.86,0.6461307287753568,0.471,/gpfs/projects/HeinzGroup/caffeine_underground/mlrt/FlexFringe/FlexFringe/models-ps-small/0.1.1.1.0.0.searchglobal.0.ini/0.1.1.1.0.0.searchglobal.0_04.03.TPLT.2.2.2_Small.final.json,/gpfs/projects/HeinzGroup/asoubki/FlexFringe/data/MLRegTest/Small/04.03.TPLT.2.2.2_Train.txt,2025-12-29 22:36:12.591541
0.1.1.1.0.0.searchglobal.0,Small,4,3,TPLT,2,2,3,TestLR,0.85971,0.7817763085744724,0.998,0.8767537270818508,0.14029,/gpfs/projects/HeinzGroup/caffeine_underground/mlrt/FlexFringe/FlexFringe/models-ps-small/0.1.1.1.0.0.searchglobal.0.ini/0.1.1.1.0.0.searchglobal.0_04.03.TPLT.2.2.3_Small.final.json,/gpfs/projects/HeinzGroup/asoubki/FlexFringe/data/MLRegTest/Large/04.03.TPLT.2.2.3_TestLR.txt,2025-12-29 22:54:13.846566
0.1.1.1.0.0.searchglobal.0,Small,4,3,TPLT,2,2,3,TestLA,0.84715,0.7783747373823232,0.97068,0.86395556860965,0.15285,/gpfs/projects/HeinzGroup/caffeine_underground/mlrt/FlexFringe/FlexFringe/models-ps-small/0.1.1.1.0.0.searchglobal.0.ini/0.1.1.1.0.0.searchglobal.0_04.03.TPLT.2.2.3_Small.final.json,/gpfs/projects/HeinzGroup/asoubki/FlexFringe/data/MLRegTest/Large/04.03.TPLT.2.2.3_TestLA.txt,2025-12-29 22:54:13.846566
0.1.1.1.0.0.searchglobal.0,Small,4,3,TPLT,2,2,3,TestSA,0.8396,0.7787994220412452,0.94864,0.8553704104450696,0.1604,/gpfs/projects/HeinzGroup/caffeine_underground/mlrt/FlexFringe/FlexFringe/models-ps-small/0.1.1.1.0.0.searchglobal.0.ini/0.1.1.1.0.0.searchglobal.0_04.03.TPLT.2.2.3_Small.final.json,/gpfs/projects/HeinzGroup/asoubki/FlexFringe/data/MLRegTest/Large/04.03.TPLT.2.2.3_TestSA.txt,2025-12-29 22:54:13.846566
0.1.1.1.0.0.searchglobal.0,Small,4,3,TPLT,2,2,3,TestSR,0.85192,0.7790889481030326,0.9824,0.8690113933904182,0.14808,/gpfs/projects/HeinzGroup/caffeine_underground/mlrt/FlexFringe/FlexFringe/models-ps-small/0.1.1.1.0.0.searchglobal.0.ini/0.1.1.1.0.0.searchglobal.0_04.03.TPLT.2.2.3_Small.final.json,/gpfs/projects/HeinzGroup/asoubki/FlexFringe/data/MLRegTest/Large/04.03.TPLT.2.2.3_TestSR.txt,2025-12-29 22:54:13.846566
0.1.1.1.0.0.searchglobal.0,Small,4,3,TPLT,2,2,3,Dev,0.85289,0.7799869880512227,0.98308,0.8698360452667251,0.14711,/gpfs/projects/HeinzGroup/caffeine_underground/mlrt/FlexFringe/FlexFringe/models-ps-small/0.1.1.1.0.0.searchglobal.0.ini/0.1.1.1.0.0.searchglobal.0_04.03.TPLT.2.2.3_Small.final.json,/gpfs/projects/HeinzGroup/asoubki/FlexFringe/data/MLRegTest/Large/04.03.TPLT.2.2.3_Dev.txt,2025-12-29 22:54:13.846566
0.1.1.1.0.0.searchglobal.0,Small,4,3,TPLT,2,2,3,Train,0.845,0.7699530516431925,0.984,0.8639157155399473,0.155,/gpfs/projects/HeinzGroup/caffeine_underground/mlrt/FlexFringe/FlexFringe/models-ps-small/0.1.1.1.0.0.searchglobal.0.ini/0.1.1.1.0.0.searchglobal.0_04.03.TPLT.2.2.3_Small.final.json,/gpfs/projects/HeinzGroup/asoubki/FlexFringe/data/MLRegTest/Small/04.03.TPLT.2.2.3_Train.txt,2025-12-29 22:54:13.846566
0.1.1.1.0.0.searchglobal.0,Small,4,3,TPLT,2,2,4,TestLR,0.55482,0.548942932647668,0.61486,0.5800347156711068,0.44518,/gpfs/projects/HeinzGroup/caffeine_underground/mlrt/FlexFringe/FlexFringe/models-ps-small/0.1.1.1.0.0.searchglobal.0.ini/0.1.1.1.0.0.searchglobal.0_04.03.TPLT.2.2.4_Small.final.json,/gpfs/projects/HeinzGroup/asoubki/FlexFringe/data/MLRegTest/Large/04.03.TPLT.2.2.4_TestLR.txt,2025-12-29 22:37:08.218807
0.1.1.1.0.0.searchglobal.0,Small,4,3,TPLT,2,2,4,TestSA,0.5382,0.5345576261986611,0.5909,0.5613185142965708,0.4618,/gpfs/projects/HeinzGroup/caffeine_underground/mlrt/FlexFringe/FlexFringe/models-ps-small/0.1.1.1.0.0.searchglobal.0.ini/0.1.1.1.0.0.searchglobal.0_04.03.TPLT.2.2.4_Small.final.json,/gpfs/projects/HeinzGroup/asoubki/FlexFringe/data/MLRegTest/Large/04.03.TPLT.2.2.4_TestSA.txt,2025-12-29 22:37:08.218807
0.1.1.1.0.0.searchglobal.0,Small,4,3,TPLT,2,2,4,TestSR,0.58943,0.5762547110284963,0.67582,0.6220786273805907,0.41057,/gpfs/projects/HeinzGroup/caffeine_underground/mlrt/FlexFringe/FlexFringe/models-ps-small/0.1.1.1.0.0.searchglobal.0.ini/0.1.1.1.0.0.searchglobal.0_04.03.TPLT.2.2.4_Small.final.json,/gpfs/projects/HeinzGroup/asoubki/FlexFringe/data/MLRegTest/Large/04.03.TPLT.2.2.4_TestSR.txt,2025-12-29 22:37:08.218807
0.1.1.1.0.0.searchglobal.0,Small,4,3,TPLT,2,2,4,TestLA,0.51329,0.5124983542422932,0.54496,0.5282309265559724,0.48671,/gpfs/projects/HeinzGroup/caffeine_underground/mlrt/FlexFringe/FlexFringe/models-ps-small/0.1.1.1.0.0.searchglobal.0.ini/0.1.1.1.0.0.searchglobal.0_04.03.TPLT.2.2.4_Small.final.json,/gpfs/projects/HeinzGroup/asoubki/FlexFringe/data/MLRegTest/Large/04.03.TPLT.2.2.4_TestLA.txt,2025-12-29 22:37:08.218807
0.1.1.1.0.0.searchglobal.0,Small,4,3,TPLT,2,2,4,Dev,0.59218,0.5790240724230162,0.67542,0.6235183338872272,0.40782,/gpfs/projects/HeinzGroup/caffeine_underground/mlrt/FlexFringe/FlexFringe/models-ps-small/0.1.1.1.0.0.searchglobal.0.ini/0.1.1.1.0.0.searchglobal.0_04.03.TPLT.2.2.4_Small.final.json,/gpfs/projects/HeinzGroup/asoubki/FlexFringe/data/MLRegTest/Large/04.03.TPLT.2.2.4_Dev.txt,2025-12-29 22:37:08.218807
0.1.1.1.0.0.searchglobal.0,Small,4,3,TPLT,2,2,4,Train,0.584,0.569078947368421,0.692,0.6245487364620939,0.416,/gpfs/projects/HeinzGroup/caffeine_underground/mlrt/FlexFringe/FlexFringe/models-ps-small/0.1.1.1.0.0.searchglobal.0.ini/0.1.1.1.0.0.searchglobal.0_04.03.TPLT.2.2.4_Small.final.json,/gpfs/projects/HeinzGroup/asoubki/FlexFringe/data/MLRegTest/Small/04.03.TPLT.2.2.4_Train.txt,2025-12-29 22:37:08.218807
0.1.1.1.0.0.searchglobal.0,Small,4,3,TPLT,2,2,5,TestLR,0.62156,0.9066095798769066,0.27104,0.41731847016074397,0.37844,/gpfs/projects/HeinzGroup/caffeine_underground/mlrt/FlexFringe/FlexFringe/models-ps-small/0.1.1.1.0.0.searchglobal.0.ini/0.1.1.1.0.0.searchglobal.0_04.03.TPLT.2.2.5_Small.final.json,/gpfs/projects/HeinzGroup/asoubki/FlexFringe/data/MLRegTest/Large/04.03.TPLT.2.2.5_TestLR.txt,2025-12-29 23:30:35.498403
0.1.1.1.0.0.searchglobal.0,Small,4,3,TPLT,2,2,5,TestSR,0.59534,0.774060020696792,0.26928,0.3995607917618779,0.40466,/gpfs/projects/HeinzGroup/caffeine_underground/mlrt/FlexFringe/FlexFringe/models-ps-small/0.1.1.1.0.0.searchglobal.0.ini/0.1.1.1.0.0.searchglobal.0_04.03.TPLT.2.2.5_Small.final.json,/gpfs/projects/HeinzGroup/asoubki/FlexFringe/data/MLRegTest/Large/04.03.TPLT.2.2.5_TestSR.txt,2025-12-29 23:30:35.498403
0.1.1.1.0.0.searchglobal.0,Small,4,3,TPLT,2,2,5,TestSA,0.57187,0.7025534073614791,0.24928,0.36798984366926973,0.42813,/gpfs/projects/HeinzGroup/caffeine_underground/mlrt/FlexFringe/FlexFringe/models-ps-small/0.1.1.1.0.0.searchglobal.0.ini/0.1.1.1.0.0.searchglobal.0_04.03.TPLT.2.2.5_Small.final.json,/gpfs/projects/HeinzGroup/asoubki/FlexFringe/data/MLRegTest/Large/04.03.TPLT.2.2.5_TestSA.txt,2025-12-29 23:30:35.498403
0.1.1.1.0.0.searchglobal.0,Small,4,3,TPLT,2,2,5,TestLA,0.59154,0.7864922383575363,0.2513,0.3808960834242755,0.40846,/gpfs/projects/HeinzGroup/caffeine_underground/mlrt/FlexFringe/FlexFringe/models-ps-small/0.1.1.1.0.0.searchglobal.0.ini/0.1.1.1.0.0.searchglobal.0_04.03.TPLT.2.2.5_Small.final.json,/gpfs/projects/HeinzGroup/asoubki/FlexFringe/data/MLRegTest/Large/04.03.TPLT.2.2.5_TestLA.txt,2025-12-29 23:30:35.498403
0.1.1.1.0.0.searchglobal.0,Small,4,3,TPLT,2,2,5,Dev,0.59666,0.7739485319124816,0.27308,0.4037136690222051,0.40334,/gpfs/projects/HeinzGroup/caffeine_underground/mlrt/FlexFringe/FlexFringe/models-ps-small/0.1.1.1.0.0.searchglobal.0.ini/0.1.1.1.0.0.searchglobal.0_04.03.TPLT.2.2.5_Small.final.json,/gpfs/projects/HeinzGroup/asoubki/FlexFringe/data/MLRegTest/Large/04.03.TPLT.2.2.5_Dev.txt,2025-12-29 23:30:35.498403
0.1.1.1.0.0.searchglobal.0,Small,4,3,TPLT,2,2,5,Train,0.597,0.7512953367875648,0.29,0.4184704184704185,0.403,/gpfs/projects/HeinzGroup/caffeine_underground/mlrt/FlexFringe/FlexFringe/models-ps-small/0.1.1.1.0.0.searchglobal.0.ini/0.1.1.1.0.0.searchglobal.0_04.03.TPLT.2.2.5_Small.final.json,/gpfs/projects/HeinzGroup/asoubki/FlexFringe/data/MLRegTest/Small/04.03.TPLT.2.2.5_Train.txt,2025-12-29 23:30:35.498403
0.1.1.1.0.0.searchglobal.0,Small,4,3,TPLT,2,2,6,TestSA,0.49782,0.4962473318184948,0.28828,0.3646990360043519,0.50218,/gpfs/projects/HeinzGroup/caffeine_underground/mlrt/FlexFringe/FlexFringe/models-ps-small/0.1.1.1.0.0.searchglobal.0.ini/0.1.1.1.0.0.searchglobal.0_04.03.TPLT.2.2.6_Small.final.json,/gpfs/projects/HeinzGroup/asoubki/FlexFringe/data/MLRegTest/Large/04.03.TPLT.2.2.6_TestSA.txt,2025-12-29 23:06:30.044686
0.1.1.1.0.0.searchglobal.0,Small,4,3,TPLT,2,2,6,TestSR,0.50337,0.5058439981965109,0.2917,0.37002270622708766,0.49663,/gpfs/projects/HeinzGroup/caffeine_underground/mlrt/FlexFringe/FlexFringe/models-ps-small/0.1.1.1.0.0.searchglobal.0.ini/0.1.1.1.0.0.searchglobal.0_04.03.TPLT.2.2.6_Small.final.json,/gpfs/projects/HeinzGroup/asoubki/FlexFringe/data/MLRegTest/Large/04.03.TPLT.2.2.6_TestSR.txt,2025-12-29 23:06:30.044686
0.1.1.1.0.0.searchglobal.0,Small,4,3,TPLT,2,2,6,TestLR,0.50538,0.5093053825930538,0.29446,0.3731687534850712,0.49462,/gpfs/projects/HeinzGroup/caffeine_underground/mlrt/FlexFringe/FlexFringe/models-ps-small/0.1.1.1.0.0.searchglobal.0.ini/0.1.1.1.0.0.searchglobal.0_04.03.TPLT.2.2.6_Small.final.json,/gpfs/projects/HeinzGroup/asoubki/FlexFringe/data/MLRegTest/Large/04.03.TPLT.2.2.6_TestLR.txt,2025-12-29 23:06:30.044686
0.1.1.1.0.0.searchglobal.0,Small,4,3,TPLT,2,2,6,TestLA,0.49864,0.49766242695084223,0.28954,0.3660892653938551,0.50136,/gpfs/projects/HeinzGroup/caffeine_underground/mlrt/FlexFringe/FlexFringe/models-ps-small/0.1.1.1.0.0.searchglobal.0.ini/0.1.1.1.0.0.searchglobal.0_04.03.TPLT.2.2.6_Small.final.json,/gpfs/projects/HeinzGroup/asoubki/FlexFringe/data/MLRegTest/Large/04.03.TPLT.2.2.6_TestLA.txt,2025-12-29 23:06:30.044686
0.1.1.1.0.0.searchglobal.0,Small,4,3,TPLT,2,2,6,Dev,0.50408,0.5070602893334256,0.29302,0.37140973965067053,0.49592,/gpfs/projects/HeinzGroup/caffeine_underground/mlrt/FlexFringe/FlexFringe/models-ps-small/0.1.1.1.0.0.searchglobal.0.ini/0.1.1.1.0.0.searchglobal.0_04.03.TPLT.2.2.6_Small.final.json,/gpfs/projects/HeinzGroup/asoubki/FlexFringe/data/MLRegTest/Large/04.03.TPLT.2.2.6_Dev.txt,2025-12-29 23:06:30.044686
0.1.1.1.0.0.searchglobal.0,Small,4,3,TPLT,2,2,6,Train,0.515,0.5268817204301075,0.294,0.3774069319640565,0.485,/gpfs/projects/HeinzGroup/caffeine_underground/mlrt/FlexFringe/FlexFringe/models-ps-small/0.1.1.1.0.0.searchglobal.0.ini/0.1.1.1.0.0.searchglobal.0_04.03.TPLT.2.2.6_Small.final.json,/gpfs/projects/HeinzGroup/asoubki/FlexFringe/data/MLRegTest/Small/04.03.TPLT.2.2.6_Train.txt,2025-12-29 23:06:30.044686
0.1.1.1.0.0.searchglobal.0,Small,4,3,TPLT,2,2,7,TestLA,0.49895,0.49839238141899134,0.32552,0.39382024510930713,0.50105,/gpfs/projects/HeinzGroup/caffeine_underground/mlrt/FlexFringe/FlexFringe/models-ps-small/0.1.1.1.0.0.searchglobal.0.ini/0.1.1.1.0.0.searchglobal.0_04.03.TPLT.2.2.7_Small.final.json,/gpfs/projects/HeinzGroup/asoubki/FlexFringe/data/MLRegTest/Large/04.03.TPLT.2.2.7_TestLA.txt,2025-12-29 22:19:00.713625
0.1.1.1.0.0.searchglobal.0,Small,4,3,TPLT,2,2,7,TestSR,0.48961,0.48196493664294393,0.27766,0.3523380496161411,0.51039,/gpfs/projects/HeinzGroup/caffeine_underground/mlrt/FlexFringe/FlexFringe/models-ps-small/0.1.1.1.0.0.searchglobal.0.ini/0.1.1.1.0.0.searchglobal.0_04.03.TPLT.2.2.7_Small.final.json,/gpfs/projects/HeinzGroup/asoubki/FlexFringe/data/MLRegTest/Large/04.03.TPLT.2.2.7_TestSR.txt,2025-12-29 22:19:00.713625
0.1.1.1.0.0.searchglobal.0,Small,4,3,TPLT,2,2,7,TestLR,0.49981,0.49970743124634287,0.32452,0.3934958955269125,0.50019,/gpfs/projects/HeinzGroup/caffeine_underground/mlrt/FlexFringe/FlexFringe/models-ps-small/0.1.1.1.0.0.searchglobal.0.ini/0.1.1.1.0.0.searchglobal.0_04.03.TPLT.2.2.7_Small.final.json,/gpfs/projects/HeinzGroup/asoubki/FlexFringe/data/MLRegTest/Large/04.03.TPLT.2.2.7_TestLR.txt,2025-12-29 22:19:00.713625
0.1.1.1.0.0.searchglobal.0,Small,4,3,TPLT,2,2,7,TestSA,0.49676,0.4945077298616762,0.29172,0.36696185971621215,0.50324,/gpfs/projects/HeinzGroup/caffeine_underground/mlrt/FlexFringe/FlexFringe/models-ps-small/0.1.1.1.0.0.searchglobal.0.ini/0.1.1.1.0.0.searchglobal.0_04.03.TPLT.2.2.7_Small.final.json,/gpfs/projects/HeinzGroup/asoubki/FlexFringe/data/MLRegTest/Large/04.03.TPLT.2.2.7_TestSA.txt,2025-12-29 22:19:00.713625
0.1.1.1.0.0.searchglobal.0,Small,4,3,TPLT,2,2,7,Dev,0.4922,0.486549868947441,0.28216,0.3571826421590967,0.5078,/gpfs/projects/HeinzGroup/caffeine_underground/mlrt/FlexFringe/FlexFringe/models-ps-small/0.1.1.1.0.0.searchglobal.0.ini/0.1.1.1.0.0.searchglobal.0_04.03.TPLT.2.2.7_Small.final.json,/gpfs/projects/HeinzGroup/asoubki/FlexFringe/data/MLRegTest/Large/04.03.TPLT.2.2.7_Dev.txt,2025-12-29 22:19:00.713625
0.1.1.1.0.0.searchglobal.0,Small,4,3,TPLT,2,2,7,Train,0.475,0.45614035087719296,0.26,0.33121019108280253,0.525,/gpfs/projects/HeinzGroup/caffeine_underground/mlrt/FlexFringe/FlexFringe/models-ps-small/0.1.1.1.0.0.searchglobal.0.ini/0.1.1.1.0.0.searchglobal.0_04.03.TPLT.2.2.7_Small.final.json,/gpfs/projects/HeinzGroup/asoubki/FlexFringe/data/MLRegTest/Small/04.03.TPLT.2.2.7_Train.txt,2025-12-29 22:19:00.713625
0.1.1.1.0.0.searchglobal.0,Small,4,3,TPLT,2,2,8,TestLR,0.49953,0.49929043751320995,0.33072,0.3978873663061394,0.50047,/gpfs/projects/HeinzGroup/caffeine_underground/mlrt/FlexFringe/FlexFringe/models-ps-small/0.1.1.1.0.0.searchglobal.0.ini/0.1.1.1.0.0.searchglobal.0_04.03.TPLT.2.2.8_Small.final.json,/gpfs/projects/HeinzGroup/asoubki/FlexFringe/data/MLRegTest/Large/04.03.TPLT.2.2.8_TestLR.txt,2025-12-29 22:44:04.855373
0.1.1.1.0.0.searchglobal.0,Small,4,3,TPLT,2,2,8,TestSA,0.50429,0.5067744686226826,0.32092,0.3929809093469503,0.49571,/gpfs/projects/HeinzGroup/caffeine_underground/mlrt/FlexFringe/FlexFringe/models-ps-small/0.1.1.1.0.0.searchglobal.0.ini/0.1.1.1.0.0.searchglobal.0_04.03.TPLT.2.2.8_Small.final.json,/gpfs/projects/HeinzGroup/asoubki/FlexFringe/data/MLRegTest/Large/04.03.TPLT.2.2.8_TestSA.txt,2025-12-29 22:44:04.855373
0.1.1.1.0.0.searchglobal.0,Small,4,3,TPLT,2,2,8,TestLA,0.50065,0.5009836859469112,0.33104,0.39865605317983116,0.49935,/gpfs/projects/HeinzGroup/caffeine_underground/mlrt/FlexFringe/FlexFringe/models-ps-small/0.1.1.1.0.0.searchglobal.0.ini/0.1.1.1.0.0.searchglobal.0_04.03.TPLT.2.2.8_Small.final.json,/gpfs/projects/HeinzGroup/asoubki/FlexFringe/data/MLRegTest/Large/04.03.TPLT.2.2.8_TestLA.txt,2025-12-29 22:44:04.855373
0.1.1.1.0.0.searchglobal.0,Small,4,3,TPLT,2,2,8,TestSR,0.5046,0.5071123755334281,0.32798,0.3983336976851514,0.4954,/gpfs/projects/HeinzGroup/caffeine_underground/mlrt/FlexFringe/FlexFringe/models-ps-small/0.1.1.1.0.0.searchglobal.0.ini/0.1.1.1.0.0.searchglobal.0_04.03.TPLT.2.2.8_Small.final.json,/gpfs/projects/HeinzGroup/asoubki/FlexFringe/data/MLRegTest/Large/04.03.TPLT.2.2.8_TestSR.txt,2025-12-29 22:44:04.855373
0.1.1.1.0.0.searchglobal.0,Small,4,3,TPLT,2,2,8,Dev,0.50323,0.5049593121449409,0.32888,0.3983285895960758,0.49677,/gpfs/projects/HeinzGroup/caffeine_underground/mlrt/FlexFringe/FlexFringe/models-ps-small/0.1.1.1.0.0.searchglobal.0.ini/0.1.1.1.0.0.searchglobal.0_04.03.TPLT.2.2.8_Small.final.json,/gpfs/projects/HeinzGroup/asoubki/FlexFringe/data/MLRegTest/Large/04.03.TPLT.2.2.8_Dev.txt,2025-12-29 22:44:04.855373
0.1.1.1.0.0.searchglobal.0,Small,4,3,TPLT,2,2,8,Train,0.504,0.5067114093959731,0.302,0.37844611528822053,0.496,/gpfs/projects/HeinzGroup/caffeine_underground/mlrt/FlexFringe/FlexFringe/models-ps-small/0.1.1.1.0.0.searchglobal.0.ini/0.1.1.1.0.0.searchglobal.0_04.03.TPLT.2.2.8_Small.final.json,/gpfs/projects/HeinzGroup/asoubki/FlexFringe/data/MLRegTest/Small/04.03.TPLT.2.2.8_Train.txt,2025-12-29 22:44:04.855373
0.1.1.1.0.0.searchglobal.0,Small,4,3,TPLT,2,2,9,TestLR,0.49872,0.4979984988741556,0.31848,0.38850395237630525,0.50128,/gpfs/projects/HeinzGroup/caffeine_underground/mlrt/FlexFringe/FlexFringe/models-ps-small/0.1.1.1.0.0.searchglobal.0.ini/0.1.1.1.0.0.searchglobal.0_04.03.TPLT.2.2.9_Small.final.json,/gpfs/projects/HeinzGroup/asoubki/FlexFringe/data/MLRegTest/Large/04.03.TPLT.2.2.9_TestLR.txt,2025-12-29 23:04:30.343389
0.1.1.1.0.0.searchglobal.0,Small,4,3,TPLT,2,2,9,TestLA,0.49922,0.498785198106155,0.32026,0.3900662574296015,0.50078,/gpfs/projects/HeinzGroup/caffeine_underground/mlrt/FlexFringe/FlexFringe/models-ps-small/0.1.1.1.0.0.searchglobal.0.ini/0.1.1.1.0.0.searchglobal.0_04.03.TPLT.2.2.9_Small.final.json,/gpfs/projects/HeinzGroup/asoubki/FlexFringe/data/MLRegTest/Large/04.03.TPLT.2.2.9_TestLA.txt,2025-12-29 23:04:30.343389
0.1.1.1.0.0.searchglobal.0,Small,4,3,TPLT,2,2,9,TestSA,0.49786,0.49672902910247,0.32498,0.3929055034336009,0.50214,/gpfs/projects/HeinzGroup/caffeine_underground/mlrt/FlexFringe/FlexFringe/models-ps-small/0.1.1.1.0.0.searchglobal.0.ini/0.1.1.1.0.0.searchglobal.0_04.03.TPLT.2.2.9_Small.final.json,/gpfs/projects/HeinzGroup/asoubki/FlexFringe/data/MLRegTest/Large/04.03.TPLT.2.2.9_TestSA.txt,2025-12-29 23:04:30.343389
0.1.1.1.0.0.searchglobal.0,Small,4,3,TPLT,2,2,9,TestSR,0.49476,0.4917888930675693,0.31384,0.3831615959369048,0.50524,/gpfs/projects/HeinzGroup/caffeine_underground/mlrt/FlexFringe/FlexFringe/models-ps-small/0.1.1.1.0.0.searchglobal.0.ini/0.1.1.1.0.0.searchglobal.0_04.03.TPLT.2.2.9_Small.final.json,/gpfs/projects/HeinzGroup/asoubki/FlexFringe/data/MLRegTest/Large/04.03.TPLT.2.2.9_TestSR.txt,2025-12-29 23:04:30.343389
0.1.1.1.0.0.searchglobal.0,Small,4,3,TPLT,2,2,9,Dev,0.49566,0.4931769588730977,0.3137,0.3834775805584079,0.50434,/gpfs/projects/HeinzGroup/caffeine_underground/mlrt/FlexFringe/FlexFringe/models-ps-small/0.1.1.1.0.0.searchglobal.0.ini/0.1.1.1.0.0.searchglobal.0_04.03.TPLT.2.2.9_Small.final.json,/gpfs/projects/HeinzGroup/asoubki/FlexFringe/data/MLRegTest/Large/04.03.TPLT.2.2.9_Dev.txt,2025-12-29 23:04:30.343389
0.1.1.1.0.0.searchglobal.0,Small,4,3,TPLT,2,2,9,Train,0.517,0.5250737463126843,0.356,0.42431466030989273,0.483,/gpfs/projects/HeinzGroup/caffeine_underground/mlrt/FlexFringe/FlexFringe/models-ps-small/0.1.1.1.0.0.searchglobal.0.ini/0.1.1.1.0.0.searchglobal.0_04.03.TPLT.2.2.9_Small.final.json,/gpfs/projects/HeinzGroup/asoubki/FlexFringe/data/MLRegTest/Small/04.03.TPLT.2.2.9_Train.txt,2025-12-29 23:04:30.343389
0.1.1.1.0.0.searchglobal.0,Small,4,3,TPLT,4,2,0,TestSR,0.8764,0.8148315433771621,0.97418,0.8874091347993223,0.1236,/gpfs/projects/HeinzGroup/caffeine_underground/mlrt/FlexFringe/FlexFringe/models-ps-small/0.1.1.1.0.0.searchglobal.0.ini/0.1.1.1.0.0.searchglobal.0_04.03.TPLT.4.2.0_Small.final.json,/gpfs/projects/HeinzGroup/asoubki/FlexFringe/data/MLRegTest/Large/04.03.TPLT.4.2.0_TestSR.txt,2025-12-29 22:23:39.575146
0.1.1.1.0.0.searchglobal.0,Small,4,3,TPLT,4,2,0,TestLR,0.93015,0.8946402686287822,0.97514,0.9331572550933501,0.06985,/gpfs/projects/HeinzGroup/caffeine_underground/mlrt/FlexFringe/FlexFringe/models-ps-small/0.1.1.1.0.0.searchglobal.0.ini/0.1.1.1.0.0.searchglobal.0_04.03.TPLT.4.2.0_Small.final.json,/gpfs/projects/HeinzGroup/asoubki/FlexFringe/data/MLRegTest/Large/04.03.TPLT.4.2.0_TestLR.txt,2025-12-29 22:23:39.575146
0.1.1.1.0.0.searchglobal.0,Small,4,3,TPLT,4,2,0,TestSA,0.86096,0.8171880492091388,0.92996,0.869934518241347,0.13904,/gpfs/projects/HeinzGroup/caffeine_underground/mlrt/FlexFringe/FlexFringe/models-ps-small/0.1.1.1.0.0.searchglobal.0.ini/0.1.1.1.0.0.searchglobal.0_04.03.TPLT.4.2.0_Small.final.json,/gpfs/projects/HeinzGroup/asoubki/FlexFringe/data/MLRegTest/Large/04.03.TPLT.4.2.0_TestSA.txt,2025-12-29 22:23:39.575146
0.1.1.1.0.0.searchglobal.0,Small,4,3,TPLT,4,2,0,TestLA,0.91723,0.8942901963749078,0.94632,0.919569716934379,0.08277,/gpfs/projects/HeinzGroup/caffeine_underground/mlrt/FlexFringe/FlexFringe/models-ps-small/0.1.1.1.0.0.searchglobal.0.ini/0.1.1.1.0.0.searchglobal.0_04.03.TPLT.4.2.0_Small.final.json,/gpfs/projects/HeinzGroup/asoubki/FlexFringe/data/MLRegTest/Large/04.03.TPLT.4.2.0_TestLA.txt,2025-12-29 22:23:39.575146
0.1.1.1.0.0.searchglobal.0,Small,4,3,TPLT,4,2,0,Dev,0.8754,0.8134602538410154,0.9742,0.8866035675282126,0.1246,/gpfs/projects/HeinzGroup/caffeine_underground/mlrt/FlexFringe/FlexFringe/models-ps-small/0.1.1.1.0.0.searchglobal.0.ini/0.1.1.1.0.0.searchglobal.0_04.03.TPLT.4.2.0_Small.final.json,/gpfs/projects/HeinzGroup/asoubki/FlexFringe/data/MLRegTest/Large/04.03.TPLT.4.2.0_Dev.txt,2025-12-29 22:23:39.575146
0.1.1.1.0.0.searchglobal.0,Small,4,3,TPLT,4,2,0,Train,0.874,0.8137583892617449,0.97,0.885036496350365,0.126,/gpfs/projects/HeinzGroup/caffeine_underground/mlrt/FlexFringe/FlexFringe/models-ps-small/0.1.1.1.0.0.searchglobal.0.ini/0.1.1.1.0.0.searchglobal.0_04.03.TPLT.4.2.0_Small.final.json,/gpfs/projects/HeinzGroup/asoubki/FlexFringe/data/MLRegTest/Small/04.03.TPLT.4.2.0_Train.txt,2025-12-29 22:23:39.575146
0.1.1.1.0.0.searchglobal.0,Small,4,3,TPLT,4,2,1,TestLA,0.68336,0.7350166623942579,0.57346,0.644264689360746,0.31664,/gpfs/projects/HeinzGroup/caffeine_underground/mlrt/FlexFringe/FlexFringe/models-ps-small/0.1.1.1.0.0.searchglobal.0.ini/0.1.1.1.0.0.searchglobal.0_04.03.TPLT.4.2.1_Small.final.json,/gpfs/projects/HeinzGroup/asoubki/FlexFringe/data/MLRegTest/Large/04.03.TPLT.4.2.1_TestLA.txt,2025-12-29 23:15:13.780589
0.1.1.1.0.0.searchglobal.0,Small,4,3,TPLT,4,2,1,TestLR,0.78547,0.8046053052775347,0.75406,0.7785130963565595,0.21453,/gpfs/projects/HeinzGroup/caffeine_underground/mlrt/FlexFringe/FlexFringe/models-ps-small/0.1.1.1.0.0.searchglobal.0.ini/0.1.1.1.0.0.searchglobal.0_04.03.TPLT.4.2.1_Small.final.json,/gpfs/projects/HeinzGroup/asoubki/FlexFringe/data/MLRegTest/Large/04.03.TPLT.4.2.1_TestLR.txt,2025-12-29 23:15:13.780589
0.1.1.1.0.0.searchglobal.0,Small,4,3,TPLT,4,2,1,TestSR,0.83053,0.8334712161262334,0.82612,0.8297793268313262,0.16947,/gpfs/projects/HeinzGroup/caffeine_underground/mlrt/FlexFringe/FlexFringe/models-ps-small/0.1.1.1.0.0.searchglobal.0.ini/0.1.1.1.0.0.searchglobal.0_04.03.TPLT.4.2.1_Small.final.json,/gpfs/projects/HeinzGroup/asoubki/FlexFringe/data/MLRegTest/Large/04.03.TPLT.4.2.1_TestSR.txt,2025-12-29 23:15:13.780589
0.1.1.1.0.0.searchglobal.0,Small,4,3,TPLT,4,2,1,TestSA,0.70921,0.7647624591865144,0.6043,0.6751276407958976,0.29079,/gpfs/projects/HeinzGroup/caffeine_underground/mlrt/FlexFringe/FlexFringe/models-ps-small/0.1.1.1.0.0.searchglobal.0.ini/0.1.1.1.0.0.searchglobal.0_04.03.TPLT.4.2.1_Small.final.json,/gpfs/projects/HeinzGroup/asoubki/FlexFringe/data/MLRegTest/Large/04.03.TPLT.4.2.1_TestSA.txt,2025-12-29 23:15:13.780589
0.1.1.1.0.0.searchglobal.0,Small,4,3,TPLT,4,2,1,Dev,0.83096,0.8363688104723961,0.82292,0.8295899028186621,0.16904,/gpfs/projects/HeinzGroup/caffeine_underground/mlrt/FlexFringe/FlexFringe/models-ps-small/0.1.1.1.0.0.searchglobal.0.ini/0.1.1.1.0.0.searchglobal.0_04.03.TPLT.4.2.1_Small.final.json,/gpfs/projects/HeinzGroup/asoubki/FlexFringe/data/MLRegTest/Large/04.03.TPLT.4.2.1_Dev.txt,2025-12-29 23:15:13.780589
0.1.1.1.0.0.searchglobal.0,Small,4,3,TPLT,4,2,1,Train,0.843,0.847870182555781,0.836,0.8418932527693856,0.157,/gpfs/projects/HeinzGroup/caffeine_underground/mlrt/FlexFringe/FlexFringe/models-ps-small/0.1.1.1.0.0.searchglobal.0.ini/0.1.1.1.0.0.searchglobal.0_04.03.TPLT.4.2.1_Small.final.json,/gpfs/projects/HeinzGroup/asoubki/FlexFringe/data/MLRegTest/Small/04.03.TPLT.4.2.1_Train.txt,2025-12-29 23:15:13.780589
0.1.1.1.0.0.searchglobal.0,Small,4,3,TPLT,4,2,2,TestSA,0.61916,0.6747829148087303,0.46004,0.5470935210731614,0.38084,/gpfs/projects/HeinzGroup/caffeine_underground/mlrt/FlexFringe/FlexFringe/models-ps-small/0.1.1.1.0.0.searchglobal.0.ini/0.1.1.1.0.0.searchglobal.0_04.03.TPLT.4.2.2_Small.final.json,/gpfs/projects/HeinzGroup/asoubki/FlexFringe/data/MLRegTest/Large/04.03.TPLT.4.2.2_TestSA.txt,2025-12-29 22:30:04.155901
0.1.1.1.0.0.searchglobal.0,Small,4,3,TPLT,4,2,2,TestSR,0.68756,0.8111686243280908,0.48894,0.610122538620879,0.31244,/gpfs/projects/HeinzGroup/caffeine_underground/mlrt/FlexFringe/FlexFringe/models-ps-small/0.1.1.1.0.0.searchglobal.0.ini/0.1.1.1.0.0.searchglobal.0_04.03.TPLT.4.2.2_Small.final.json,/gpfs/projects/HeinzGroup/asoubki/FlexFringe/data/MLRegTest/Large/04.03.TPLT.4.2.2_TestSR.txt,2025-12-29 22:30:04.155901
0.1.1.1.0.0.searchglobal.0,Small,4,3,TPLT,4,2,2,TestLR,0.6807,0.7601497264612727,0.528,0.6231559069987017,0.3193,/gpfs/projects/HeinzGroup/caffeine_underground/mlrt/FlexFringe/FlexFringe/models-ps-small/0.1.1.1.0.0.searchglobal.0.ini/0.1.1.1.0.0.searchglobal.0_04.03.TPLT.4.2.2_Small.final.json,/gpfs/projects/HeinzGroup/asoubki/FlexFringe/data/MLRegTest/Large/04.03.TPLT.4.2.2_TestLR.txt,2025-12-29 22:30:04.155901
0.1.1.1.0.0.searchglobal.0,Small,4,3,TPLT,4,2,2,TestLA,0.61032,0.6461192052980133,0.48782,0.5559202279202279,0.38968,/gpfs/projects/HeinzGroup/caffeine_underground/mlrt/FlexFringe/FlexFringe/models-ps-small/0.1.1.1.0.0.searchglobal.0.ini/0.1.1.1.0.0.searchglobal.0_04.03.TPLT.4.2.2_Small.final.json,/gpfs/projects/HeinzGroup/asoubki/FlexFringe/data/MLRegTest/Large/04.03.TPLT.4.2.2_TestLA.txt,2025-12-29 22:30:04.155901
0.1.1.1.0.0.searchglobal.0,Small,4,3,TPLT,4,2,2,Dev,0.68613,0.8122253162008924,0.4842,0.6067136967935144,0.31387,/gpfs/projects/HeinzGroup/caffeine_underground/mlrt/FlexFringe/FlexFringe/models-ps-small/0.1.1.1.0.0.searchglobal.0.ini/0.1.1.1.0.0.searchglobal.0_04.03.TPLT.4.2.2_Small.final.json,/gpfs/projects/HeinzGroup/asoubki/FlexFringe/data/MLRegTest/Large/04.03.TPLT.4.2.2_Dev.txt,2025-12-29 22:30:04.155901
0.1.1.1.0.0.searchglobal.0,Small,4,3,TPLT,4,2,2,Train,0.692,0.8116883116883117,0.5,0.6188118811881188,0.308,/gpfs/projects/HeinzGroup/caffeine_underground/mlrt/FlexFringe/FlexFringe/models-ps-small/0.1.1.1.0.0.searchglobal.0.ini/0.1.1.1.0.0.searchglobal.0_04.03.TPLT.4.2.2_Small.final.json,/gpfs/projects/HeinzGroup/asoubki/FlexFringe/data/MLRegTest/Small/04.03.TPLT.4.2.2_Train.txt,2025-12-29 22:30:04.155901
0.1.1.1.0.0.searchglobal.0,Small,4,3,TPLT,4,2,3,TestSR,0.73359,0.7128072445019404,0.78242,0.7459931542766702,0.26641,/gpfs/projects/HeinzGroup/caffeine_underground/mlrt/FlexFringe/FlexFringe/models-ps-small/0.1.1.1.0.0.searchglobal.0.ini/0.1.1.1.0.0.searchglobal.0_04.03.TPLT.4.2.3_Small.final.json,/gpfs/projects/HeinzGroup/asoubki/FlexFringe/data/MLRegTest/Large/04.03.TPLT.4.2.3_TestSR.txt,2025-12-29 22:26:34.935186
0.1.1.1.0.0.searchglobal.0,Small,4,3,TPLT,4,2,3,TestLR,0.72696,0.6946216642656239,0.81004,0.7479041252723714,0.27304,/gpfs/projects/HeinzGroup/caffeine_underground/mlrt/FlexFringe/FlexFringe/models-ps-small/0.1.1.1.0.0.searchglobal.0.ini/0.1.1.1.0.0.searchglobal.0_04.03.TPLT.4.2.3_Small.final.json,/gpfs/projects/HeinzGroup/asoubki/FlexFringe/data/MLRegTest/Large/04.03.TPLT.4.2.3_TestLR.txt,2025-12-29 22:26:34.935186
0.1.1.1.0.0.searchglobal.0,Small,4,3,TPLT,4,2,3,TestLA,0.66859,0.6575165841352891,0.70374,0.6798435009418925,0.33141,/gpfs/projects/HeinzGroup/caffeine_underground/mlrt/FlexFringe/FlexFringe/models-ps-small/0.1.1.1.0.0.searchglobal.0.ini/0.1.1.1.0.0.searchglobal.0_04.03.TPLT.4.2.3_Small.final.json,/gpfs/projects/HeinzGroup/asoubki/FlexFringe/data/MLRegTest/Large/04.03.TPLT.4.2.3_TestLA.txt,2025-12-29 22:26:34.935186
0.1.1.1.0.0.searchglobal.0,Small,4,3,TPLT,4,2,3,TestSA,0.69021,0.6840872578053926,0.70684,0.6952775345996085,0.30979,/gpfs/projects/HeinzGroup/caffeine_underground/mlrt/FlexFringe/FlexFringe/models-ps-small/0.1.1.1.0.0.searchglobal.0.ini/0.1.1.1.0.0.searchglobal.0_04.03.TPLT.4.2.3_Small.final.json,/gpfs/projects/HeinzGroup/asoubki/FlexFringe/data/MLRegTest/Large/04.03.TPLT.4.2.3_TestSA.txt,2025-12-29 22:26:34.935186
0.1.1.1.0.0.searchglobal.0,Small,4,3,TPLT,4,2,3,Dev,0.73274,0.7127344521224087,0.77976,0.7447422207789727,0.26726,/gpfs/projects/HeinzGroup/caffeine_underground/mlrt/FlexFringe/FlexFringe/models-ps-small/0.1.1.1.0.0.searchglobal.0.ini/0.1.1.1.0.0.searchglobal.0_04.03.TPLT.4.2.3_Small.final.json,/gpfs/projects/HeinzGroup/asoubki/FlexFringe/data/MLRegTest/Large/04.03.TPLT.4.2.3_Dev.txt,2025-12-29 22:26:34.935186
0.1.1.1.0.0.searchglobal.0,Small,4,3,TPLT,4,2,3,Train,0.751,0.7381404174573055,0.778,0.7575462512171373,0.249,/gpfs/projects/HeinzGroup/caffeine_underground/mlrt/FlexFringe/FlexFringe/models-ps-small/0.1.1.1.0.0.searchglobal.0.ini/0.1.1.1.0.0.searchglobal.0_04.03.TPLT.4.2.3_Small.final.json,/gpfs/projects/HeinzGroup/asoubki/FlexFringe/data/MLRegTest/Small/04.03.TPLT.4.2.3_Train.txt,2025-12-29 22:26:34.935186
0.1.1.1.0.0.searchglobal.0,Small,4,3,TPLT,4,2,4,TestSR,0.62849,0.6045535176656306,0.74296,0.6666487209166689,0.37151,/gpfs/projects/HeinzGroup/caffeine_underground/mlrt/FlexFringe/FlexFringe/models-ps-small/0.1.1.1.0.0.searchglobal.0.ini/0.1.1.1.0.0.searchglobal.0_04.03.TPLT.4.2.4_Small.final.json,/gpfs/projects/HeinzGroup/asoubki/FlexFringe/data/MLRegTest/Large/04.03.TPLT.4.2.4_TestSR.txt,2025-12-29 23:10:14.495659
0.1.1.1.0.0.searchglobal.0,Small,4,3,TPLT,4,2,4,TestLR,0.5895,0.5740795921070057,0.69358,0.6281972320846315,0.4105,/gpfs/projects/HeinzGroup/caffeine_underground/mlrt/FlexFringe/FlexFringe/models-ps-small/0.1.1.1.0.0.searchglobal.0.ini/0.1.1.1.0.0.searchglobal.0_04.03.TPLT.4.2.4_Small.final.json,/gpfs/projects/HeinzGroup/asoubki/FlexFringe/data/MLRegTest/Large/04.03.TPLT.4.2.4_TestLR.txt,2025-12-29 23:10:14.495659
0.1.1.1.0.0.searchglobal.0,Small,4,3,TPLT,4,2,4,TestLA,0.50955,0.5089659575267101,0.54212,0.5250200954898941,0.49045,/gpfs/projects/HeinzGroup/caffeine_underground/mlrt/FlexFringe/FlexFringe/models-ps-small/0.1.1.1.0.0.searchglobal.0.ini/0.1.1.1.0.0.searchglobal.0_04.03.TPLT.4.2.4_Small.final.json,/gpfs/projects/HeinzGroup/asoubki/FlexFringe/data/MLRegTest/Large/04.03.TPLT.4.2.4_TestLA.txt,2025-12-29 23:10:14.495659
0.1.1.1.0.0.searchglobal.0,Small,4,3,TPLT,4,2,4,TestSA,0.52502,0.523996777411187,0.54634,0.534935181921435,0.47498,/gpfs/projects/HeinzGroup/caffeine_underground/mlrt/FlexFringe/FlexFringe/models-ps-small/0.1.1.1.0.0.searchglobal.0.ini/0.1.1.1.0.0.searchglobal.0_04.03.TPLT.4.2.4_Small.final.json,/gpfs/projects/HeinzGroup/asoubki/FlexFringe/data/MLRegTest/Large/04.03.TPLT.4.2.4_TestSA.txt,2025-12-29 23:10:14.495659
0.1.1.1.0.0.searchglobal.0,Small,4,3,TPLT,4,2,4,Dev,0.62917,0.6052370011894869,0.74288,0.6670318125903512,0.37083,/gpfs/projects/HeinzGroup/caffeine_underground/mlrt/FlexFringe/FlexFringe/models-ps-small/0.1.1.1.0.0.searchglobal.0.ini/0.1.1.1.0.0.searchglobal.0_04.03.TPLT.4.2.4_Small.final.json,/gpfs/projects/HeinzGroup/asoubki/FlexFringe/data/MLRegTest/Large/04.03.TPLT.4.2.4_Dev.txt,2025-12-29 23:10:14.495659
0.1.1.1.0.0.searchglobal.0,Small,4,3,TPLT,4,2,4,Train,0.63,0.6055194805194806,0.746,0.6684587813620072,0.37,/gpfs/projects/HeinzGroup/caffeine_underground/mlrt/FlexFringe/FlexFringe/models-ps-small/0.1.1.1.0.0.searchglobal.0.ini/0.1.1.1.0.0.searchglobal.0_04.03.TPLT.4.2.4_Small.final.json,/gpfs/projects/HeinzGroup/asoubki/FlexFringe/data/MLRegTest/Small/04.03.TPLT.4.2.4_Train.txt,2025-12-29 23:10:14.495659
0.1.1.1.0.0.searchglobal.0,Small,4,3,TPLT,4,2,5,TestSA,0.50096,0.5014754703061601,0.32628,0.3953375660349925,0.49904,/gpfs/projects/HeinzGroup/caffeine_underground/mlrt/FlexFringe/FlexFringe/models-ps-small/0.1.1.1.0.0.searchglobal.0.ini/0.1.1.1.0.0.searchglobal.0_04.03.TPLT.4.2.5_Small.final.json,/gpfs/projects/HeinzGroup/asoubki/FlexFringe/data/MLRegTest/Large/04.03.TPLT.4.2.5_TestSA.txt,2025-12-29 22:56:19.382923
0.1.1.1.0.0.searchglobal.0,Small,4,3,TPLT,4,2,5,TestLA,0.50112,0.5017081503172279,0.32896,0.39737147274835716,0.49888,/gpfs/projects/HeinzGroup/caffeine_underground/mlrt/FlexFringe/FlexFringe/models-ps-small/0.1.1.1.0.0.searchglobal.0.ini/0.1.1.1.0.0.searchglobal.0_04.03.TPLT.4.2.5_Small.final.json,/gpfs/projects/HeinzGroup/asoubki/FlexFringe/data/MLRegTest/Large/04.03.TPLT.4.2.5_TestLA.txt,2025-12-29 22:56:19.382923
0.1.1.1.0.0.searchglobal.0,Small,4,3,TPLT,4,2,5,TestSR,0.49963,0.49944602485402007,0.33358,0.4,0.50037,/gpfs/projects/HeinzGroup/caffeine_underground/mlrt/FlexFringe/FlexFringe/models-ps-small/0.1.1.1.0.0.searchglobal.0.ini/0.1.1.1.0.0.searchglobal.0_04.03.TPLT.4.2.5_Small.final.json,/gpfs/projects/HeinzGroup/asoubki/FlexFringe/data/MLRegTest/Large/04.03.TPLT.4.2.5_TestSR.txt,2025-12-29 22:56:19.382923
0.1.1.1.0.0.searchglobal.0,Small,4,3,TPLT,4,2,5,TestLR,0.5037,0.5055753119160991,0.33552,0.4033564953956385,0.4963,/gpfs/projects/HeinzGroup/caffeine_underground/mlrt/FlexFringe/FlexFringe/models-ps-small/0.1.1.1.0.0.searchglobal.0.ini/0.1.1.1.0.0.searchglobal.0_04.03.TPLT.4.2.5_Small.final.json,/gpfs/projects/HeinzGroup/asoubki/FlexFringe/data/MLRegTest/Large/04.03.TPLT.4.2.5_TestLR.txt,2025-12-29 22:56:19.382923
0.1.1.1.0.0.searchglobal.0,Small,4,3,TPLT,4,2,5,Dev,0.50361,0.5054160290455186,0.33688,0.40428672579116015,0.49639,/gpfs/projects/HeinzGroup/caffeine_underground/mlrt/FlexFringe/FlexFringe/models-ps-small/0.1.1.1.0.0.searchglobal.0.ini/0.1.1.1.0.0.searchglobal.0_04.03.TPLT.4.2.5_Small.final.json,/gpfs/projects/HeinzGroup/asoubki/FlexFringe/data/MLRegTest/Large/04.03.TPLT.4.2.5_Dev.txt,2025-12-29 22:56:19.382923
0.1.1.1.0.0.searchglobal.0,Small,4,3,TPLT,4,2,5,Train,0.515,0.5230769230769231,0.34,0.4121212121212121,0.485,/gpfs/projects/HeinzGroup/caffeine_underground/mlrt/FlexFringe/FlexFringe/models-ps-small/0.1.1.1.0.0.searchglobal.0.ini/0.1.1.1.0.0.searchglobal.0_04.03.TPLT.4.2.5_Small.final.json,/gpfs/projects/HeinzGroup/asoubki/FlexFringe/data/MLRegTest/Small/04.03.TPLT.4.2.5_Train.txt,2025-12-29 22:56:19.382923
0.1.1.1.0.0.searchglobal.0,Small,4,3,TPLT,4,2,6,TestLR,0.50349,0.5054073316600043,0.3262,0.3964945120394793,0.49651,/gpfs/projects/HeinzGroup/caffeine_underground/mlrt/FlexFringe/FlexFringe/models-ps-small/0.1.1.1.0.0.searchglobal.0.ini/0.1.1.1.0.0.searchglobal.0_04.03.TPLT.4.2.6_Small.final.json,/gpfs/projects/HeinzGroup/asoubki/FlexFringe/data/MLRegTest/Large/04.03.TPLT.4.2.6_TestLR.txt,2025-12-29 22:12:20.163054
0.1.1.1.0.0.searchglobal.0,Small,4,3,TPLT,4,2,6,TestLA,0.5046,0.5072304306821754,0.3227,0.3944505561667278,0.4954,/gpfs/projects/HeinzGroup/caffeine_underground/mlrt/FlexFringe/FlexFringe/models-ps-small/0.1.1.1.0.0.searchglobal.0.ini/0.1.1.1.0.0.searchglobal.0_04.03.TPLT.4.2.6_Small.final.json,/gpfs/projects/HeinzGroup/asoubki/FlexFringe/data/MLRegTest/Large/04.03.TPLT.4.2.6_TestLA.txt,2025-12-29 22:12:20.163054
0.1.1.1.0.0.searchglobal.0,Small,4,3,TPLT,4,2,6,TestSA,0.50521,0.508160260627134,0.32444,0.39603041880790496,0.49479,/gpfs/projects/HeinzGroup/caffeine_underground/mlrt/FlexFringe/FlexFringe/models-ps-small/0.1.1.1.0.0.searchglobal.0.ini/0.1.1.1.0.0.searchglobal.0_04.03.TPLT.4.2.6_Small.final.json,/gpfs/projects/HeinzGroup/asoubki/FlexFringe/data/MLRegTest/Large/04.03.TPLT.4.2.6_TestSA.txt,2025-12-29 22:12:20.163054
0.1.1.1.0.0.searchglobal.0,Small,4,3,TPLT,4,2,6,TestSR,0.50758,0.5116694377732619,0.33236,0.40296806421106235,0.49242,/gpfs/projects/HeinzGroup/caffeine_underground/mlrt/FlexFringe/FlexFringe/models-ps-small/0.1.1.1.0.0.searchglobal.0.ini/0.1.1.1.0.0.searchglobal.0_04.03.TPLT.4.2.6_Small.final.json,/gpfs/projects/HeinzGroup/asoubki/FlexFringe/data/MLRegTest/Large/04.03.TPLT.4.2.6_TestSR.txt,2025-12-29 22:12:20.163054
0.1.1.1.0.0.searchglobal.0,Small,4,3,TPLT,4,2,6,Dev,0.5026,0.5039518482490273,0.33156,0.39997104806022005,0.4974,/gpfs/projects/HeinzGroup/caffeine_underground/mlrt/FlexFringe/FlexFringe/models-ps-small/0.1.1.1.0.0.searchglobal.0.ini/0.1.1.1.0.0.searchglobal.0_04.03.TPLT.4.2.6_Small.final.json,/gpfs/projects/HeinzGroup/asoubki/FlexFringe/data/MLRegTest/Large/04.03.TPLT.4.2.6_Dev.txt,2025-12-29 22:12:20.163054
0.1.1.1.0.0.searchglobal.0,Small,4,3,TPLT,4,2,6,Train,0.515,0.5229357798165137,0.342,0.4135429262394196,0.485,/gpfs/projects/HeinzGroup/caffeine_underground/mlrt/FlexFringe/FlexFringe/models-ps-small/0.1.1.1.0.0.searchglobal.0.ini/0.1.1.1.0.0.searchglobal.0_04.03.TPLT.4.2.6_Small.final.json,/gpfs/projects/HeinzGroup/asoubki/FlexFringe/data/MLRegTest/Small/04.03.TPLT.4.2.6_Train.txt,2025-12-29 22:12:20.163054
0.1.1.1.0.0.searchglobal.0,Small,4,3,TPLT,4,2,7,TestSA,0.53601,0.6050650638968315,0.20738,0.30889077557829514,0.46399,/gpfs/projects/HeinzGroup/caffeine_underground/mlrt/FlexFringe/FlexFringe/models-ps-small/0.1.1.1.0.0.searchglobal.0.ini/0.1.1.1.0.0.searchglobal.0_04.03.TPLT.4.2.7_Small.final.json,/gpfs/projects/HeinzGroup/asoubki/FlexFringe/data/MLRegTest/Large/04.03.TPLT.4.2.7_TestSA.txt,2025-12-29 22:03:12.087203
0.1.1.1.0.0.searchglobal.0,Small,4,3,TPLT,4,2,7,TestLA,0.53548,0.5878478756066158,0.23742,0.3382340370971878,0.46452,/gpfs/projects/HeinzGroup/caffeine_underground/mlrt/FlexFringe/FlexFringe/models-ps-small/0.1.1.1.0.0.searchglobal.0.ini/0.1.1.1.0.0.searchglobal.0_04.03.TPLT.4.2.7_Small.final.json,/gpfs/projects/HeinzGroup/asoubki/FlexFringe/data/MLRegTest/Large/04.03.TPLT.4.2.7_TestLA.txt,2025-12-29 22:03:12.087203
0.1.1.1.0.0.searchglobal.0,Small,4,3,TPLT,4,2,7,TestSR,0.57021,0.7362541220808937,0.2188,0.33734716847314944,0.42979,/gpfs/projects/HeinzGroup/caffeine_underground/mlrt/FlexFringe/FlexFringe/models-ps-small/0.1.1.1.0.0.searchglobal.0.ini/0.1.1.1.0.0.searchglobal.0_04.03.TPLT.4.2.7_Small.final.json,/gpfs/projects/HeinzGroup/asoubki/FlexFringe/data/MLRegTest/Large/04.03.TPLT.4.2.7_TestSR.txt,2025-12-29 22:03:12.087203
0.1.1.1.0.0.searchglobal.0,Small,4,3,TPLT,4,2,7,TestLR,0.5668,0.6751809503828805,0.25746,0.3727738684736339,0.4332,/gpfs/projects/HeinzGroup/caffeine_underground/mlrt/FlexFringe/FlexFringe/models-ps-small/0.1.1.1.0.0.searchglobal.0.ini/0.1.1.1.0.0.searchglobal.0_04.03.TPLT.4.2.7_Small.final.json,/gpfs/projects/HeinzGroup/asoubki/FlexFringe/data/MLRegTest/Large/04.03.TPLT.4.2.7_TestLR.txt,2025-12-29 22:03:12.087203
0.1.1.1.0.0.searchglobal.0,Small,4,3,TPLT,4,2,7,Dev,0.56953,0.7320606101061344,0.21934,0.33754482079377046,0.43047,/gpfs/projects/HeinzGroup/caffeine_underground/mlrt/FlexFringe/FlexFringe/models-ps-small/0.1.1.1.0.0.searchglobal.0.ini/0.1.1.1.0.0.searchglobal.0_04.03.TPLT.4.2.7_Small.final.json,/gpfs/projects/HeinzGroup/asoubki/FlexFringe/data/MLRegTest/Large/04.03.TPLT.4.2.7_Dev.txt,2025-12-29 22:03:12.087203
0.1.1.1.0.0.searchglobal.0,Small,4,3,TPLT,4,2,7,Train,0.564,0.7253521126760564,0.206,0.32087227414330216,0.436,/gpfs/projects/HeinzGroup/caffeine_underground/mlrt/FlexFringe/FlexFringe/models-ps-small/0.1.1.1.0.0.searchglobal.0.ini/0.1.1.1.0.0.searchglobal.0_04.03.TPLT.4.2.7_Small.final.json,/gpfs/projects/HeinzGroup/asoubki/FlexFringe/data/MLRegTest/Small/04.03.TPLT.4.2.7_Train.txt,2025-12-29 22:03:12.087203
0.1.1.1.0.0.searchglobal.0,Small,4,3,TPLT,4,2,8,TestLA,0.51229,0.5209334014648271,0.30584,0.3854073467330351,0.48771,/gpfs/projects/HeinzGroup/caffeine_underground/mlrt/FlexFringe/FlexFringe/models-ps-small/0.1.1.1.0.0.searchglobal.0.ini/0.1.1.1.0.0.searchglobal.0_04.03.TPLT.4.2.8_Small.final.json,/gpfs/projects/HeinzGroup/asoubki/FlexFringe/data/MLRegTest/Large/04.03.TPLT.4.2.8_TestLA.txt,2025-12-29 22:09:17.000237
0.1.1.1.0.0.searchglobal.0,Small,4,3,TPLT,4,2,8,TestLR,0.51182,0.51888058271037,0.32484,0.39954736660844753,0.48818,/gpfs/projects/HeinzGroup/caffeine_underground/mlrt/FlexFringe/FlexFringe/models-ps-small/0.1.1.1.0.0.searchglobal.0.ini/0.1.1.1.0.0.searchglobal.0_04.03.TPLT.4.2.8_Small.final.json,/gpfs/projects/HeinzGroup/asoubki/FlexFringe/data/MLRegTest/Large/04.03.TPLT.4.2.8_TestLR.txt,2025-12-29 22:09:17.000237
0.1.1.1.0.0.searchglobal.0,Small,4,3,TPLT,4,2,8,TestSR,0.53527,0.5636665583595075,0.31226,0.40188419413377263,0.46473,/gpfs/projects/HeinzGroup/caffeine_underground/mlrt/FlexFringe/FlexFringe/models-ps-small/0.1.1.1.0.0.searchglobal.0.ini/0.1.1.1.0.0.searchglobal.0_04.03.TPLT.4.2.8_Small.final.json,/gpfs/projects/HeinzGroup/asoubki/FlexFringe/data/MLRegTest/Large/04.03.TPLT.4.2.8_TestSR.txt,2025-12-29 22:09:17.000237
0.1.1.1.0.0.searchglobal.0,Small,4,3,TPLT,4,2,8,TestSA,0.52146,0.5406870923706962,0.28518,0.3734091028125491,0.47854,/gpfs/projects/HeinzGroup/caffeine_underground/mlrt/FlexFringe/FlexFringe/models-ps-small/0.1.1.1.0.0.searchglobal.0.ini/0.1.1.1.0.0.searchglobal.0_04.03.TPLT.4.2.8_Small.final.json,/gpfs/projects/HeinzGroup/asoubki/FlexFringe/data/MLRegTest/Large/04.03.TPLT.4.2.8_TestSA.txt,2025-12-29 22:09:17.000237
0.1.1.1.0.0.searchglobal.0,Small,4,3,TPLT,4,2,8,Dev,0.53888,0.5701248106197244,0.3161,0.4067059519827076,0.46112,/gpfs/projects/HeinzGroup/caffeine_underground/mlrt/FlexFringe/FlexFringe/models-ps-small/0.1.1.1.0.0.searchglobal.0.ini/0.1.1.1.0.0.searchglobal.0_04.03.TPLT.4.2.8_Small.final.json,/gpfs/projects/HeinzGroup/asoubki/FlexFringe/data/MLRegTest/Large/04.03.TPLT.4.2.8_Dev.txt,2025-12-29 22:09:17.000237
0.1.1.1.0.0.searchglobal.0,Small,4,3,TPLT,4,2,8,Train,0.521,0.535593220338983,0.316,0.39748427672955977,0.479,/gpfs/projects/HeinzGroup/caffeine_underground/mlrt/FlexFringe/FlexFringe/models-ps-small/0.1.1.1.0.0.searchglobal.0.ini/0.1.1.1.0.0.searchglobal.0_04.03.TPLT.4.2.8_Small.final.json,/gpfs/projects/HeinzGroup/asoubki/FlexFringe/data/MLRegTest/Small/04.03.TPLT.4.2.8_Train.txt,2025-12-29 22:09:17.000237
0.1.1.1.0.0.searchglobal.0,Small,4,3,TPLT,4,2,9,TestSR,0.49974,0.49960503129367445,0.32888,0.3966519526256121,0.50026,/gpfs/projects/HeinzGroup/caffeine_underground/mlrt/FlexFringe/FlexFringe/models-ps-small/0.1.1.1.0.0.searchglobal.0.ini/0.1.1.1.0.0.searchglobal.0_04.03.TPLT.4.2.9_Small.final.json,/gpfs/projects/HeinzGroup/asoubki/FlexFringe/data/MLRegTest/Large/04.03.TPLT.4.2.9_TestSR.txt,2025-12-29 23:20:55.010728
0.1.1.1.0.0.searchglobal.0,Small,4,3,TPLT,4,2,9,TestSA,0.4993,0.4989632701421801,0.3369,0.40222063037249284,0.5007,/gpfs/projects/HeinzGroup/caffeine_underground/mlrt/FlexFringe/FlexFringe/models-ps-small/0.1.1.1.0.0.searchglobal.0.ini/0.1.1.1.0.0.searchglobal.0_04.03.TPLT.4.2.9_Small.final.json,/gpfs/projects/HeinzGroup/asoubki/FlexFringe/data/MLRegTest/Large/04.03.TPLT.4.2.9_TestSA.txt,2025-12-29 23:20:55.010728
0.1.1.1.0.0.searchglobal.0,Small,4,3,TPLT,4,2,9,TestLA,0.49965,0.49946871489723427,0.32904,0.3967253041391866,0.50035,/gpfs/projects/HeinzGroup/caffeine_underground/mlrt/FlexFringe/FlexFringe/models-ps-small/0.1.1.1.0.0.searchglobal.0.ini/0.1.1.1.0.0.searchglobal.0_04.03.TPLT.4.2.9_Small.final.json,/gpfs/projects/HeinzGroup/asoubki/FlexFringe/data/MLRegTest/Large/04.03.TPLT.4.2.9_TestLA.txt,2025-12-29 23:20:55.010728
0.1.1.1.0.0.searchglobal.0,Small,4,3,TPLT,4,2,9,TestLR,0.49987,0.49980278527867955,0.32946,0.39713593461830543,0.50013,/gpfs/projects/HeinzGroup/caffeine_underground/mlrt/FlexFringe/FlexFringe/models-ps-small/0.1.1.1.0.0.searchglobal.0.ini/0.1.1.1.0.0.searchglobal.0_04.03.TPLT.4.2.9_Small.final.json,/gpfs/projects/HeinzGroup/asoubki/FlexFringe/data/MLRegTest/Large/04.03.TPLT.4.2.9_TestLR.txt,2025-12-29 23:20:55.010728
0.1.1.1.0.0.searchglobal.0,Small,4,3,TPLT,4,2,9,Dev,0.49822,0.4972999211212912,0.32784,0.3951688724958415,0.50178,/gpfs/projects/HeinzGroup/caffeine_underground/mlrt/FlexFringe/FlexFringe/models-ps-small/0.1.1.1.0.0.searchglobal.0.ini/0.1.1.1.0.0.searchglobal.0_04.03.TPLT.4.2.9_Small.final.json,/gpfs/projects/HeinzGroup/asoubki/FlexFringe/data/MLRegTest/Large/04.03.TPLT.4.2.9_Dev.txt,2025-12-29 23:20:55.010728
0.1.1.1.0.0.searchglobal.0,Small,4,3,TPLT,4,2,9,Train,0.507,0.5103244837758112,0.346,0.4123957091775924,0.493,/gpfs/projects/HeinzGroup/caffeine_underground/mlrt/FlexFringe/FlexFringe/models-ps-small/0.1.1.1.0.0.searchglobal.0.ini/0.1.1.1.0.0.searchglobal.0_04.03.TPLT.4.2.9_Small.final.json,/gpfs/projects/HeinzGroup/asoubki/FlexFringe/data/MLRegTest/Small/04.03.TPLT.4.2.9_Train.txt,2025-12-29 23:20:55.010728
0.1.1.1.0.0.searchglobal.0,Small,4,3,TPLT,6,3,0,TestLR,0.77184,0.7537619954445316,0.80746,0.7796875301751608,0.22816,/gpfs/projects/HeinzGroup/caffeine_underground/mlrt/FlexFringe/FlexFringe/models-ps-small/0.1.1.1.0.0.searchglobal.0.ini/0.1.1.1.0.0.searchglobal.0_04.03.TPLT.6.3.0_Small.final.json,/gpfs/projects/HeinzGroup/asoubki/FlexFringe/data/MLRegTest/Large/04.03.TPLT.6.3.0_TestLR.txt,2025-12-29 23:32:39.368276
0.1.1.1.0.0.searchglobal.0,Small,4,3,TPLT,6,3,0,TestSR,0.8668,0.8610947036818272,0.8747,0.8678440321460462,0.1332,/gpfs/projects/HeinzGroup/caffeine_underground/mlrt/FlexFringe/FlexFringe/models-ps-small/0.1.1.1.0.0.searchglobal.0.ini/0.1.1.1.0.0.searchglobal.0_04.03.TPLT.6.3.0_Small.final.json,/gpfs/projects/HeinzGroup/asoubki/FlexFringe/data/MLRegTest/Large/04.03.TPLT.6.3.0_TestSR.txt,2025-12-29 23:32:39.368276
0.1.1.1.0.0.searchglobal.0,Small,4,3,TPLT,6,3,0,TestLA,0.58057,0.6139249455614944,0.43418,0.5086397769473179,0.41943,/gpfs/projects/HeinzGroup/caffeine_underground/mlrt/FlexFringe/FlexFringe/models-ps-small/0.1.1.1.0.0.searchglobal.0.ini/0.1.1.1.0.0.searchglobal.0_04.03.TPLT.6.3.0_Small.final.json,/gpfs/projects/HeinzGroup/asoubki/FlexFringe/data/MLRegTest/Large/04.03.TPLT.6.3.0_TestLA.txt,2025-12-29 23:32:39.368276
0.1.1.1.0.0.searchglobal.0,Small,4,3,TPLT,6,3,0,TestSA,0.61137,0.7103622832533716,0.37608,0.4917942749539041,0.38863,/gpfs/projects/HeinzGroup/caffeine_underground/mlrt/FlexFringe/FlexFringe/models-ps-small/0.1.1.1.0.0.searchglobal.0.ini/0.1.1.1.0.0.searchglobal.0_04.03.TPLT.6.3.0_Small.final.json,/gpfs/projects/HeinzGroup/asoubki/FlexFringe/data/MLRegTest/Large/04.03.TPLT.6.3.0_TestSA.txt,2025-12-29 23:32:39.368276
0.1.1.1.0.0.searchglobal.0,Small,4,3,TPLT,6,3,0,Dev,0.86544,0.8602949875773948,0.87258,0.8663939472168716,0.13456,/gpfs/projects/HeinzGroup/caffeine_underground/mlrt/FlexFringe/FlexFringe/models-ps-small/0.1.1.1.0.0.searchglobal.0.ini/0.1.1.1.0.0.searchglobal.0_04.03.TPLT.6.3.0_Small.final.json,/gpfs/projects/HeinzGroup/asoubki/FlexFringe/data/MLRegTest/Large/04.03.TPLT.6.3.0_Dev.txt,2025-12-29 23:32:39.368276
0.1.1.1.0.0.searchglobal.0,Small,4,3,TPLT,6,3,0,Train,0.866,0.878099173553719,0.85,0.8638211382113821,0.134,/gpfs/projects/HeinzGroup/caffeine_underground/mlrt/FlexFringe/FlexFringe/models-ps-small/0.1.1.1.0.0.searchglobal.0.ini/0.1.1.1.0.0.searchglobal.0_04.03.TPLT.6.3.0_Small.final.json,/gpfs/projects/HeinzGroup/asoubki/FlexFringe/data/MLRegTest/Small/04.03.TPLT.6.3.0_Train.txt,2025-12-29 23:32:39.368276
0.1.1.1.0.0.searchglobal.0,Small,4,3,TPLT,6,3,1,TestLA,0.96249,0.9820717546748942,0.94218,0.9617123784054139,0.03751,/gpfs/projects/HeinzGroup/caffeine_underground/mlrt/FlexFringe/FlexFringe/models-ps-small/0.1.1.1.0.0.searchglobal.0.ini/0.1.1.1.0.0.searchglobal.0_04.03.TPLT.6.3.1_Small.final.json,/gpfs/projects/HeinzGroup/asoubki/FlexFringe/data/MLRegTest/Large/04.03.TPLT.6.3.1_TestLA.txt,2025-12-29 22:08:27.888019
0.1.1.1.0.0.searchglobal.0,Small,4,3,TPLT,6,3,1,TestSR,0.99155,0.9883367442230125,0.99484,0.9915777093362836,0.00845,/gpfs/projects/HeinzGroup/caffeine_underground/mlrt/FlexFringe/FlexFringe/models-ps-small/0.1.1.1.0.0.searchglobal.0.ini/0.1.1.1.0.0.searchglobal.0_04.03.TPLT.6.3.1_Small.final.json,/gpfs/projects/HeinzGroup/asoubki/FlexFringe/data/MLRegTest/Large/04.03.TPLT.6.3.1_TestSR.txt,2025-12-29 22:08:27.888019
0.1.1.1.0.0.searchglobal.0,Small,4,3,TPLT,6,3,1,TestSA,0.93995,0.9871122035474656,0.89154,0.9368950913733856,0.06005,/gpfs/projects/HeinzGroup/caffeine_underground/mlrt/FlexFringe/FlexFringe/models-ps-small/0.1.1.1.0.0.searchglobal.0.ini/0.1.1.1.0.0.searchglobal.0_04.03.TPLT.6.3.1_Small.final.json,/gpfs/projects/HeinzGroup/asoubki/FlexFringe/data/MLRegTest/Large/04.03.TPLT.6.3.1_TestSA.txt,2025-12-29 22:08:27.888019
0.1.1.1.0.0.searchglobal.0,Small,4,3,TPLT,6,3,1,TestLR,0.98866,0.9827129761340287,0.99482,0.988729426731335,0.01134,/gpfs/projects/HeinzGroup/caffeine_underground/mlrt/FlexFringe/FlexFringe/models-ps-small/0.1.1.1.0.0.searchglobal.0.ini/0.1.1.1.0.0.searchglobal.0_04.03.TPLT.6.3.1_Small.final.json,/gpfs/projects/HeinzGroup/asoubki/FlexFringe/data/MLRegTest/Large/04.03.TPLT.6.3.1_TestLR.txt,2025-12-29 22:08:27.888019
0.1.1.1.0.0.searchglobal.0,Small,4,3,TPLT,6,3,1,Dev,0.99125,0.988213313191946,0.99436,0.991277128131511,0.00875,/gpfs/projects/HeinzGroup/caffeine_underground/mlrt/FlexFringe/FlexFringe/models-ps-small/0.1.1.1.0.0.searchglobal.0.ini/0.1.1.1.0.0.searchglobal.0_04.03.TPLT.6.3.1_Small.final.json,/gpfs/projects/HeinzGroup/asoubki/FlexFringe/data/MLRegTest/Large/04.03.TPLT.6.3.1_Dev.txt,2025-12-29 22:08:27.888019
0.1.1.1.0.0.searchglobal.0,Small,4,3,TPLT,6,3,1,Train,0.994,0.994,0.994,0.994,0.006,/gpfs/projects/HeinzGroup/caffeine_underground/mlrt/FlexFringe/FlexFringe/models-ps-small/0.1.1.1.0.0.searchglobal.0.ini/0.1.1.1.0.0.searchglobal.0_04.03.TPLT.6.3.1_Small.final.json,/gpfs/projects/HeinzGroup/asoubki/FlexFringe/data/MLRegTest/Small/04.03.TPLT.6.3.1_Train.txt,2025-12-29 22:08:27.888019
0.1.1.1.0.0.searchglobal.0,Small,4,3,TPLT,6,3,2,TestSR,0.86341,0.9576145264059234,0.76048,0.8477376347442228,0.13659,/gpfs/projects/HeinzGroup/caffeine_underground/mlrt/FlexFringe/FlexFringe/models-ps-small/0.1.1.1.0.0.searchglobal.0.ini/0.1.1.1.0.0.searchglobal.0_04.03.TPLT.6.3.2_Small.final.json,/gpfs/projects/HeinzGroup/asoubki/FlexFringe/data/MLRegTest/Large/04.03.TPLT.6.3.2_TestSR.txt,2025-12-29 22:31:25.831315
0.1.1.1.0.0.searchglobal.0,Small,4,3,TPLT,6,3,2,TestLA,0.73316,0.7434633698103751,0.712,0.7273916063912386,0.26684,/gpfs/projects/HeinzGroup/caffeine_underground/mlrt/FlexFringe/FlexFringe/models-ps-small/0.1.1.1.0.0.searchglobal.0.ini/0.1.1.1.0.0.searchglobal.0_04.03.TPLT.6.3.2_Small.final.json,/gpfs/projects/HeinzGroup/asoubki/FlexFringe/data/MLRegTest/Large/04.03.TPLT.6.3.2_TestLA.txt,2025-12-29 22:31:25.831315
0.1.1.1.0.0.searchglobal.0,Small,4,3,TPLT,6,3,2,TestSA,0.75212,0.746818342013549,0.76286,0.7547539426558759,0.24788,/gpfs/projects/HeinzGroup/caffeine_underground/mlrt/FlexFringe/FlexFringe/models-ps-small/0.1.1.1.0.0.searchglobal.0.ini/0.1.1.1.0.0.searchglobal.0_04.03.TPLT.6.3.2_Small.final.json,/gpfs/projects/HeinzGroup/asoubki/FlexFringe/data/MLRegTest/Large/04.03.TPLT.6.3.2_TestSA.txt,2025-12-29 22:31:25.831315
0.1.1.1.0.0.searchglobal.0,Small,4,3,TPLT,6,3,2,TestLR,0.83427,0.9292887781573472,0.7236,0.8136462280593255,0.16573,/gpfs/projects/HeinzGroup/caffeine_underground/mlrt/FlexFringe/FlexFringe/models-ps-small/0.1.1.1.0.0.searchglobal.0.ini/0.1.1.1.0.0.searchglobal.0_04.03.TPLT.6.3.2_Small.final.json,/gpfs/projects/HeinzGroup/asoubki/FlexFringe/data/MLRegTest/Large/04.03.TPLT.6.3.2_TestLR.txt,2025-12-29 22:31:25.831315
0.1.1.1.0.0.searchglobal.0,Small,4,3,TPLT,6,3,2,Dev,0.86378,0.958623298033283,0.76038,0.848070488512157,0.13622,/gpfs/projects/HeinzGroup/caffeine_underground/mlrt/FlexFringe/FlexFringe/models-ps-small/0.1.1.1.0.0.searchglobal.0.ini/0.1.1.1.0.0.searchglobal.0_04.03.TPLT.6.3.2_Small.final.json,/gpfs/projects/HeinzGroup/asoubki/FlexFringe/data/MLRegTest/Large/04.03.TPLT.6.3.2_Dev.txt,2025-12-29 22:31:25.831315
0.1.1.1.0.0.searchglobal.0,Small,4,3,TPLT,6,3,2,Train,0.859,0.9662337662337662,0.744,0.8406779661016949,0.141,/gpfs/projects/HeinzGroup/caffeine_underground/mlrt/FlexFringe/FlexFringe/models-ps-small/0.1.1.1.0.0.searchglobal.0.ini/0.1.1.1.0.0.searchglobal.0_04.03.TPLT.6.3.2_Small.final.json,/gpfs/projects/HeinzGroup/asoubki/FlexFringe/data/MLRegTest/Small/04.03.TPLT.6.3.2_Train.txt,2025-12-29 22:31:25.831315
0.1.1.1.0.0.searchglobal.0,Small,4,3,TPLT,6,3,3,TestSA,0.53862,0.5433562351250617,0.484,0.5119634432714887,0.46138,/gpfs/projects/HeinzGroup/caffeine_underground/mlrt/FlexFringe/FlexFringe/models-ps-small/0.1.1.1.0.0.searchglobal.0.ini/0.1.1.1.0.0.searchglobal.0_04.03.TPLT.6.3.3_Small.final.json,/gpfs/projects/HeinzGroup/asoubki/FlexFringe/data/MLRegTest/Large/04.03.TPLT.6.3.3_TestSA.txt,2025-12-29 22:40:27.540645
0.1.1.1.0.0.searchglobal.0,Small,4,3,TPLT,6,3,3,TestLR,0.56772,0.5809931588767162,0.48578,0.5291375291375291,0.43228,/gpfs/projects/HeinzGroup/caffeine_underground/mlrt/FlexFringe/FlexFringe/models-ps-small/0.1.1.1.0.0.searchglobal.0.ini/0.1.1.1.0.0.searchglobal.0_04.03.TPLT.6.3.3_Small.final.json,/gpfs/projects/HeinzGroup/asoubki/FlexFringe/data/MLRegTest/Large/04.03.TPLT.6.3.3_TestLR.txt,2025-12-29 22:40:27.540645
0.1.1.1.0.0.searchglobal.0,Small,4,3,TPLT,6,3,3,TestSR,0.59641,0.6203169848995382,0.49706,0.5518903014489536,0.40359,/gpfs/projects/HeinzGroup/caffeine_underground/mlrt/FlexFringe/FlexFringe/models-ps-small/0.1.1.1.0.0.searchglobal.0.ini/0.1.1.1.0.0.searchglobal.0_04.03.TPLT.6.3.3_Small.final.json,/gpfs/projects/HeinzGroup/asoubki/FlexFringe/data/MLRegTest/Large/04.03.TPLT.6.3.3_TestSR.txt,2025-12-29 22:40:27.540645
0.1.1.1.0.0.searchglobal.0,Small,4,3,TPLT,6,3,3,TestLA,0.5286,0.5331909757682667,0.45944,0.49357569507111854,0.4714,/gpfs/projects/HeinzGroup/caffeine_underground/mlrt/FlexFringe/FlexFringe/models-ps-small/0.1.1.1.0.0.searchglobal.0.ini/0.1.1.1.0.0.searchglobal.0_04.03.TPLT.6.3.3_Small.final.json,/gpfs/projects/HeinzGroup/asoubki/FlexFringe/data/MLRegTest/Large/04.03.TPLT.6.3.3_TestLA.txt,2025-12-29 22:40:27.540645
0.1.1.1.0.0.searchglobal.0,Small,4,3,TPLT,6,3,3,Dev,0.59709,0.6217368407854151,0.49586,0.5517095586190015,0.40291,/gpfs/projects/HeinzGroup/caffeine_underground/mlrt/FlexFringe/FlexFringe/models-ps-small/0.1.1.1.0.0.searchglobal.0.ini/0.1.1.1.0.0.searchglobal.0_04.03.TPLT.6.3.3_Small.final.json,/gpfs/projects/HeinzGroup/asoubki/FlexFringe/data/MLRegTest/Large/04.03.TPLT.6.3.3_Dev.txt,2025-12-29 22:40:27.540645
0.1.1.1.0.0.searchglobal.0,Small,4,3,TPLT,6,3,3,Train,0.591,0.607565011820331,0.514,0.5568797399783315,0.409,/gpfs/projects/HeinzGroup/caffeine_underground/mlrt/FlexFringe/FlexFringe/models-ps-small/0.1.1.1.0.0.searchglobal.0.ini/0.1.1.1.0.0.searchglobal.0_04.03.TPLT.6.3.3_Small.final.json,/gpfs/projects/HeinzGroup/asoubki/FlexFringe/data/MLRegTest/Small/04.03.TPLT.6.3.3_Train.txt,2025-12-29 22:40:27.540645
0.1.1.1.0.0.searchglobal.0,Small,4,3,TPLT,6,3,4,TestLR,0.81297,0.7457249187381247,0.9498,0.8354811185489475,0.18703,/gpfs/projects/HeinzGroup/caffeine_underground/mlrt/FlexFringe/FlexFringe/models-ps-small/0.1.1.1.0.0.searchglobal.0.ini/0.1.1.1.0.0.searchglobal.0_04.03.TPLT.6.3.4_Small.final.json,/gpfs/projects/HeinzGroup/asoubki/FlexFringe/data/MLRegTest/Large/04.03.TPLT.6.3.4_TestLR.txt,2025-12-29 22:53:22.823686
0.1.1.1.0.0.searchglobal.0,Small,4,3,TPLT,6,3,4,TestSA,0.59848,0.5801588851989321,0.71276,0.6396596905625157,0.40152,/gpfs/projects/HeinzGroup/caffeine_underground/mlrt/FlexFringe/FlexFringe/models-ps-small/0.1.1.1.0.0.searchglobal.0.ini/0.1.1.1.0.0.searchglobal.0_04.03.TPLT.6.3.4_Small.final.json,/gpfs/projects/HeinzGroup/asoubki/FlexFringe/data/MLRegTest/Large/04.03.TPLT.6.3.4_TestSA.txt,2025-12-29 22:53:22.823686
0.1.1.1.0.0.searchglobal.0,Small,4,3,TPLT,6,3,4,TestSR,0.72563,0.6502897488843002,0.97628,0.7806180785991285,0.27437,/gpfs/projects/HeinzGroup/caffeine_underground/mlrt/FlexFringe/FlexFringe/models-ps-small/0.1.1.1.0.0.searchglobal.0.ini/0.1.1.1.0.0.searchglobal.0_04.03.TPLT.6.3.4_Small.final.json,/gpfs/projects/HeinzGroup/asoubki/FlexFringe/data/MLRegTest/Large/04.03.TPLT.6.3.4_TestSR.txt,2025-12-29 22:53:22.823686
0.1.1.1.0.0.searchglobal.0,Small,4,3,TPLT,6,3,4,TestLA,0.62834,0.6423279953865945,0.5792,0.6091327850577372,0.37166,/gpfs/projects/HeinzGroup/caffeine_underground/mlrt/FlexFringe/FlexFringe/models-ps-small/0.1.1.1.0.0.searchglobal.0.ini/0.1.1.1.0.0.searchglobal.0_04.03.TPLT.6.3.4_Small.final.json,/gpfs/projects/HeinzGroup/asoubki/FlexFringe/data/MLRegTest/Large/04.03.TPLT.6.3.4_TestLA.txt,2025-12-29 22:53:22.823686
0.1.1.1.0.0.searchglobal.0,Small,4,3,TPLT,6,3,4,Dev,0.72609,0.6506242421819829,0.9766,0.7809613677619531,0.27391,/gpfs/projects/HeinzGroup/caffeine_underground/mlrt/FlexFringe/FlexFringe/models-ps-small/0.1.1.1.0.0.searchglobal.0.ini/0.1.1.1.0.0.searchglobal.0_04.03.TPLT.6.3.4_Small.final.json,/gpfs/projects/HeinzGroup/asoubki/FlexFringe/data/MLRegTest/Large/04.03.TPLT.6.3.4_Dev.txt,2025-12-29 22:53:22.823686
0.1.1.1.0.0.searchglobal.0,Small,4,3,TPLT,6,3,4,Train,0.739,0.6595460614152203,0.988,0.7910328262610088,0.261,/gpfs/projects/HeinzGroup/caffeine_underground/mlrt/FlexFringe/FlexFringe/models-ps-small/0.1.1.1.0.0.searchglobal.0.ini/0.1.1.1.0.0.searchglobal.0_04.03.TPLT.6.3.4_Small.final.json,/gpfs/projects/HeinzGroup/asoubki/FlexFringe/data/MLRegTest/Small/04.03.TPLT.6.3.4_Train.txt,2025-12-29 22:53:22.823686
0.1.1.1.0.0.searchglobal.0,Small,4,3,TPLT,6,3,5,TestSA,0.5001,0.5001533930543625,0.32606,0.39476487965518914,0.4999,/gpfs/projects/HeinzGroup/caffeine_underground/mlrt/FlexFringe/FlexFringe/models-ps-small/0.1.1.1.0.0.searchglobal.0.ini/0.1.1.1.0.0.searchglobal.0_04.03.TPLT.6.3.5_Small.final.json,/gpfs/projects/HeinzGroup/asoubki/FlexFringe/data/MLRegTest/Large/04.03.TPLT.6.3.5_TestSA.txt,2025-12-29 22:47:13.725229
0.1.1.1.0.0.searchglobal.0,Small,4,3,TPLT,6,3,5,TestLA,0.50009,0.5001376609868763,0.32698,0.39543349175827497,0.49991,/gpfs/projects/HeinzGroup/caffeine_underground/mlrt/FlexFringe/FlexFringe/models-ps-small/0.1.1.1.0.0.searchglobal.0.ini/0.1.1.1.0.0.searchglobal.0_04.03.TPLT.6.3.5_Small.final.json,/gpfs/projects/HeinzGroup/asoubki/FlexFringe/data/MLRegTest/Large/04.03.TPLT.6.3.5_TestLA.txt,2025-12-29 22:47:13.725229
0.1.1.1.0.0.searchglobal.0,Small,4,3,TPLT,6,3,5,TestLR,0.50015,0.5002291825821238,0.3274,0.39576911453611363,0.49985,/gpfs/projects/HeinzGroup/caffeine_underground/mlrt/FlexFringe/FlexFringe/models-ps-small/0.1.1.1.0.0.searchglobal.0.ini/0.1.1.1.0.0.searchglobal.0_04.03.TPLT.6.3.5_Small.final.json,/gpfs/projects/HeinzGroup/asoubki/FlexFringe/data/MLRegTest/Large/04.03.TPLT.6.3.5_TestLR.txt,2025-12-29 22:47:13.725229
0.1.1.1.0.0.searchglobal.0,Small,4,3,TPLT,6,3,5,TestSR,0.49977,0.499647271723461,0.3258,0.39441666767550815,0.50023,/gpfs/projects/HeinzGroup/caffeine_underground/mlrt/FlexFringe/FlexFringe/models-ps-small/0.1.1.1.0.0.searchglobal.0.ini/0.1.1.1.0.0.searchglobal.0_04.03.TPLT.6.3.5_Small.final.json,/gpfs/projects/HeinzGroup/asoubki/FlexFringe/data/MLRegTest/Large/04.03.TPLT.6.3.5_TestSR.txt,2025-12-29 22:47:13.725229
0.1.1.1.0.0.searchglobal.0,Small,4,3,TPLT,6,3,5,Dev,0.49982,0.49972641050583655,0.32878,0.3966174483690407,0.50018,/gpfs/projects/HeinzGroup/caffeine_underground/mlrt/FlexFringe/FlexFringe/models-ps-small/0.1.1.1.0.0.searchglobal.0.ini/0.1.1.1.0.0.searchglobal.0_04.03.TPLT.6.3.5_Small.final.json,/gpfs/projects/HeinzGroup/asoubki/FlexFringe/data/MLRegTest/Large/04.03.TPLT.6.3.5_Dev.txt,2025-12-29 22:47:13.725229
0.1.1.1.0.0.searchglobal.0,Small,4,3,TPLT,6,3,5,Train,0.493,0.4896142433234421,0.33,0.3942652329749104,0.507,/gpfs/projects/HeinzGroup/caffeine_underground/mlrt/FlexFringe/FlexFringe/models-ps-small/0.1.1.1.0.0.searchglobal.0.ini/0.1.1.1.0.0.searchglobal.0_04.03.TPLT.6.3.5_Small.final.json,/gpfs/projects/HeinzGroup/asoubki/FlexFringe/data/MLRegTest/Small/04.03.TPLT.6.3.5_Train.txt,2025-12-29 22:47:13.725229
0.1.1.1.0.0.searchglobal.0,Small,4,3,TPLT,6,3,6,TestSA,0.50038,0.5005755134185497,0.33052,0.3981497096875226,0.49962,/gpfs/projects/HeinzGroup/caffeine_underground/mlrt/FlexFringe/FlexFringe/models-ps-small/0.1.1.1.0.0.searchglobal.0.ini/0.1.1.1.0.0.searchglobal.0_04.03.TPLT.6.3.6_Small.final.json,/gpfs/projects/HeinzGroup/asoubki/FlexFringe/data/MLRegTest/Large/04.03.TPLT.6.3.6_TestSA.txt,2025-12-29 23:08:30.951135
0.1.1.1.0.0.searchglobal.0,Small,4,3,TPLT,6,3,6,TestLA,0.50079,0.5012023987093239,0.3293,0.397460501381999,0.49921,/gpfs/projects/HeinzGroup/caffeine_underground/mlrt/FlexFringe/FlexFringe/models-ps-small/0.1.1.1.0.0.searchglobal.0.ini/0.1.1.1.0.0.searchglobal.0_04.03.TPLT.6.3.6_Small.final.json,/gpfs/projects/HeinzGroup/asoubki/FlexFringe/data/MLRegTest/Large/04.03.TPLT.6.3.6_TestLA.txt,2025-12-29 23:08:30.951135
0.1.1.1.0.0.searchglobal.0,Small,4,3,TPLT,6,3,6,TestLR,0.50119,0.5017953592227151,0.3326,0.40004329993625287,0.49881,/gpfs/projects/HeinzGroup/caffeine_underground/mlrt/FlexFringe/FlexFringe/models-ps-small/0.1.1.1.0.0.searchglobal.0.ini/0.1.1.1.0.0.searchglobal.0_04.03.TPLT.6.3.6_Small.final.json,/gpfs/projects/HeinzGroup/asoubki/FlexFringe/data/MLRegTest/Large/04.03.TPLT.6.3.6_TestLR.txt,2025-12-29 23:08:30.951135
0.1.1.1.0.0.searchglobal.0,Small,4,3,TPLT,6,3,6,TestSR,0.49778,0.4966554176208268,0.32966,0.39628311775736885,0.50222,/gpfs/projects/HeinzGroup/caffeine_underground/mlrt/FlexFringe/FlexFringe/models-ps-small/0.1.1.1.0.0.searchglobal.0.ini/0.1.1.1.0.0.searchglobal.0_04.03.TPLT.6.3.6_Small.final.json,/gpfs/projects/HeinzGroup/asoubki/FlexFringe/data/MLRegTest/Large/04.03.TPLT.6.3.6_TestSR.txt,2025-12-29 23:08:30.951135
0.1.1.1.0.0.searchglobal.0,Small,4,3,TPLT,6,3,6,Dev,0.49753,0.49624494511842865,0.32642,0.39380376165715597,0.50247,/gpfs/projects/HeinzGroup/caffeine_underground/mlrt/FlexFringe/FlexFringe/models-ps-small/0.1.1.1.0.0.searchglobal.0.ini/0.1.1.1.0.0.searchglobal.0_04.03.TPLT.6.3.6_Small.final.json,/gpfs/projects/HeinzGroup/asoubki/FlexFringe/data/MLRegTest/Large/04.03.TPLT.6.3.6_Dev.txt,2025-12-29 23:08:30.951135
0.1.1.1.0.0.searchglobal.0,Small,4,3,TPLT,6,3,6,Train,0.522,0.5357142857142857,0.33,0.4084158415841584,0.478,/gpfs/projects/HeinzGroup/caffeine_underground/mlrt/FlexFringe/FlexFringe/models-ps-small/0.1.1.1.0.0.searchglobal.0.ini/0.1.1.1.0.0.searchglobal.0_04.03.TPLT.6.3.6_Small.final.json,/gpfs/projects/HeinzGroup/asoubki/FlexFringe/data/MLRegTest/Small/04.03.TPLT.6.3.6_Train.txt,2025-12-29 23:08:30.951135
0.1.1.1.0.0.searchglobal.0,Small,4,3,TPLT,6,3,7,TestSA,0.5167,0.6344172569220863,0.07882,0.14021917028392514,0.4833,/gpfs/projects/HeinzGroup/caffeine_underground/mlrt/FlexFringe/FlexFringe/models-ps-small/0.1.1.1.0.0.searchglobal.0.ini/0.1.1.1.0.0.searchglobal.0_04.03.TPLT.6.3.7_Small.final.json,/gpfs/projects/HeinzGroup/asoubki/FlexFringe/data/MLRegTest/Large/04.03.TPLT.6.3.7_TestSA.txt,2025-12-29 23:02:59.672632
0.1.1.1.0.0.searchglobal.0,Small,4,3,TPLT,6,3,7,TestLA,0.54231,0.6522051946183178,0.1813,0.2837290098436595,0.45769,/gpfs/projects/HeinzGroup/caffeine_underground/mlrt/FlexFringe/FlexFringe/models-ps-small/0.1.1.1.0.0.searchglobal.0.ini/0.1.1.1.0.0.searchglobal.0_04.03.TPLT.6.3.7_Small.final.json,/gpfs/projects/HeinzGroup/asoubki/FlexFringe/data/MLRegTest/Large/04.03.TPLT.6.3.7_TestLA.txt,2025-12-29 23:02:59.672632
0.1.1.1.0.0.searchglobal.0,Small,4,3,TPLT,6,3,7,TestLR,0.56834,0.8183935892657473,0.17566,0.28923796351182246,0.43166,/gpfs/projects/HeinzGroup/caffeine_underground/mlrt/FlexFringe/FlexFringe/models-ps-small/0.1.1.1.0.0.searchglobal.0.ini/0.1.1.1.0.0.searchglobal.0_04.03.TPLT.6.3.7_Small.final.json,/gpfs/projects/HeinzGroup/asoubki/FlexFringe/data/MLRegTest/Large/04.03.TPLT.6.3.7_TestLR.txt,2025-12-29 23:02:59.672632
0.1.1.1.0.0.searchglobal.0,Small,4,3,TPLT,6,3,7,TestSR,0.5278,0.7857730263157895,0.07644,0.13932633420822396,0.4722,/gpfs/projects/HeinzGroup/caffeine_underground/mlrt/FlexFringe/FlexFringe/models-ps-small/0.1.1.1.0.0.searchglobal.0.ini/0.1.1.1.0.0.searchglobal.0_04.03.TPLT.6.3.7_Small.final.json,/gpfs/projects/HeinzGroup/asoubki/FlexFringe/data/MLRegTest/Large/04.03.TPLT.6.3.7_TestSR.txt,2025-12-29 23:02:59.672632
0.1.1.1.0.0.searchglobal.0,Small,4,3,TPLT,6,3,7,Dev,0.52751,0.7808862568919747,0.07648,0.13931544528844927,0.47249,/gpfs/projects/HeinzGroup/caffeine_underground/mlrt/FlexFringe/FlexFringe/models-ps-small/0.1.1.1.0.0.searchglobal.0.ini/0.1.1.1.0.0.searchglobal.0_04.03.TPLT.6.3.7_Small.final.json,/gpfs/projects/HeinzGroup/asoubki/FlexFringe/data/MLRegTest/Large/04.03.TPLT.6.3.7_Dev.txt,2025-12-29 23:02:59.672632
0.1.1.1.0.0.searchglobal.0,Small,4,3,TPLT,6,3,7,Train,0.522,0.72,0.072,0.13090909090909092,0.478,/gpfs/projects/HeinzGroup/caffeine_underground/mlrt/FlexFringe/FlexFringe/models-ps-small/0.1.1.1.0.0.searchglobal.0.ini/0.1.1.1.0.0.searchglobal.0_04.03.TPLT.6.3.7_Small.final.json,/gpfs/projects/HeinzGroup/asoubki/FlexFringe/data/MLRegTest/Small/04.03.TPLT.6.3.7_Train.txt,2025-12-29 23:02:59.672632
0.1.1.1.0.0.searchglobal.0,Small,4,3,TPLT,6,3,8,TestLA,0.50271,0.5052931755146686,0.2587,0.34220029365467797,0.49729,/gpfs/projects/HeinzGroup/caffeine_underground/mlrt/FlexFringe/FlexFringe/models-ps-small/0.1.1.1.0.0.searchglobal.0.ini/0.1.1.1.0.0.searchglobal.0_04.03.TPLT.6.3.8_Small.final.json,/gpfs/projects/HeinzGroup/asoubki/FlexFringe/data/MLRegTest/Large/04.03.TPLT.6.3.8_TestLA.txt,2025-12-29 22:17:51.088433
0.1.1.1.0.0.searchglobal.0,Small,4,3,TPLT,6,3,8,TestLR,0.51008,0.5195728155339806,0.26758,0.35324092409240926,0.48992,/gpfs/projects/HeinzGroup/caffeine_underground/mlrt/FlexFringe/FlexFringe/models-ps-small/0.1.1.1.0.0.searchglobal.0.ini/0.1.1.1.0.0.searchglobal.0_04.03.TPLT.6.3.8_Small.final.json,/gpfs/projects/HeinzGroup/asoubki/FlexFringe/data/MLRegTest/Large/04.03.TPLT.6.3.8_TestLR.txt,2025-12-29 22:17:51.088433
0.1.1.1.0.0.searchglobal.0,Small,4,3,TPLT,6,3,8,TestSR,0.52892,0.5530525388905195,0.30148,0.39023506264885577,0.47108,/gpfs/projects/HeinzGroup/caffeine_underground/mlrt/FlexFringe/FlexFringe/models-ps-small/0.1.1.1.0.0.searchglobal.0.ini/0.1.1.1.0.0.searchglobal.0_04.03.TPLT.6.3.8_Small.final.json,/gpfs/projects/HeinzGroup/asoubki/FlexFringe/data/MLRegTest/Large/04.03.TPLT.6.3.8_TestSR.txt,2025-12-29 22:17:51.088433
0.1.1.1.0.0.searchglobal.0,Small,4,3,TPLT,6,3,8,TestSA,0.50647,0.5112228967909801,0.29472,0.3738915318744053,0.49353,/gpfs/projects/HeinzGroup/caffeine_underground/mlrt/FlexFringe/FlexFringe/models-ps-small/0.1.1.1.0.0.searchglobal.0.ini/0.1.1.1.0.0.searchglobal.0_04.03.TPLT.6.3.8_Small.final.json,/gpfs/projects/HeinzGroup/asoubki/FlexFringe/data/MLRegTest/Large/04.03.TPLT.6.3.8_TestSA.txt,2025-12-29 22:17:51.088433
0.1.1.1.0.0.searchglobal.0,Small,4,3,TPLT,6,3,8,Dev,0.52872,0.5529693839911471,0.29982,0.3888211645700947,0.47128,/gpfs/projects/HeinzGroup/caffeine_underground/mlrt/FlexFringe/FlexFringe/models-ps-small/0.1.1.1.0.0.searchglobal.0.ini/0.1.1.1.0.0.searchglobal.0_04.03.TPLT.6.3.8_Small.final.json,/gpfs/projects/HeinzGroup/asoubki/FlexFringe/data/MLRegTest/Large/04.03.TPLT.6.3.8_Dev.txt,2025-12-29 22:17:51.088433
0.1.1.1.0.0.searchglobal.0,Small,4,3,TPLT,6,3,8,Train,0.533,0.5587188612099644,0.314,0.4020486555697823,0.467,/gpfs/projects/HeinzGroup/caffeine_underground/mlrt/FlexFringe/FlexFringe/models-ps-small/0.1.1.1.0.0.searchglobal.0.ini/0.1.1.1.0.0.searchglobal.0_04.03.TPLT.6.3.8_Small.final.json,/gpfs/projects/HeinzGroup/asoubki/FlexFringe/data/MLRegTest/Small/04.03.TPLT.6.3.8_Train.txt,2025-12-29 22:17:51.088433
0.1.1.1.0.0.searchglobal.0,Small,4,3,TPLT,6,3,9,TestLR,0.50144,0.5021619024741772,0.33448,0.4015173341016038,0.49856,/gpfs/projects/HeinzGroup/caffeine_underground/mlrt/FlexFringe/FlexFringe/models-ps-small/0.1.1.1.0.0.searchglobal.0.ini/0.1.1.1.0.0.searchglobal.0_04.03.TPLT.6.3.9_Small.final.json,/gpfs/projects/HeinzGroup/asoubki/FlexFringe/data/MLRegTest/Large/04.03.TPLT.6.3.9_TestLR.txt,2025-12-29 23:00:34.091546
0.1.1.1.0.0.searchglobal.0,Small,4,3,TPLT,6,3,9,TestLA,0.50002,0.5000300842358604,0.33242,0.3993512734262374,0.49998,/gpfs/projects/HeinzGroup/caffeine_underground/mlrt/FlexFringe/FlexFringe/models-ps-small/0.1.1.1.0.0.searchglobal.0.ini/0.1.1.1.0.0.searchglobal.0_04.03.TPLT.6.3.9_Small.final.json,/gpfs/projects/HeinzGroup/asoubki/FlexFringe/data/MLRegTest/Large/04.03.TPLT.6.3.9_TestLA.txt,2025-12-29 23:00:34.091546
0.1.1.1.0.0.searchglobal.0,Small,4,3,TPLT,6,3,9,TestSA,0.50002,0.500030237058539,0.33074,0.3981365562403698,0.49998,/gpfs/projects/HeinzGroup/caffeine_underground/mlrt/FlexFringe/FlexFringe/models-ps-small/0.1.1.1.0.0.searchglobal.0.ini/0.1.1.1.0.0.searchglobal.0_04.03.TPLT.6.3.9_Small.final.json,/gpfs/projects/HeinzGroup/asoubki/FlexFringe/data/MLRegTest/Large/04.03.TPLT.6.3.9_TestSA.txt,2025-12-29 23:00:34.091546
0.1.1.1.0.0.searchglobal.0,Small,4,3,TPLT,6,3,9,TestSR,0.49993,0.4998948538468471,0.3328,0.39958216768523297,0.50007,/gpfs/projects/HeinzGroup/caffeine_underground/mlrt/FlexFringe/FlexFringe/models-ps-small/0.1.1.1.0.0.searchglobal.0.ini/0.1.1.1.0.0.searchglobal.0_04.03.TPLT.6.3.9_Small.final.json,/gpfs/projects/HeinzGroup/asoubki/FlexFringe/data/MLRegTest/Large/04.03.TPLT.6.3.9_TestSR.txt,2025-12-29 23:00:34.091546
0.1.1.1.0.0.searchglobal.0,Small,4,3,TPLT,6,3,9,Dev,0.49913,0.4986826564913237,0.32934,0.39669481215596053,0.50087,/gpfs/projects/HeinzGroup/caffeine_underground/mlrt/FlexFringe/FlexFringe/models-ps-small/0.1.1.1.0.0.searchglobal.0.ini/0.1.1.1.0.0.searchglobal.0_04.03.TPLT.6.3.9_Small.final.json,/gpfs/projects/HeinzGroup/asoubki/FlexFringe/data/MLRegTest/Large/04.03.TPLT.6.3.9_Dev.txt,2025-12-29 23:00:34.091546
0.1.1.1.0.0.searchglobal.0,Small,4,3,TPLT,6,3,9,Train,0.503,0.5045871559633027,0.33,0.39903264812575573,0.497,/gpfs/projects/HeinzGroup/caffeine_underground/mlrt/FlexFringe/FlexFringe/models-ps-small/0.1.1.1.0.0.searchglobal.0.ini/0.1.1.1.0.0.searchglobal.0_04.03.TPLT.6.3.9_Small.final.json,/gpfs/projects/HeinzGroup/asoubki/FlexFringe/data/MLRegTest/Small/04.03.TPLT.6.3.9_Train.txt,2025-12-29 23:00:34.091546
0.1.1.1.0.0.searchglobal.0,Small,4,3,TSL,2,1,0,TestSA,1.0,1.0,1.0,1.0,0.0,/gpfs/projects/HeinzGroup/caffeine_underground/mlrt/FlexFringe/FlexFringe/models-ps-small/0.1.1.1.0.0.searchglobal.0.ini/0.1.1.1.0.0.searchglobal.0_04.03.TSL.2.1.0_Small.final.json,/gpfs/projects/HeinzGroup/asoubki/FlexFringe/data/MLRegTest/Large/04.03.TSL.2.1.0_TestSA.txt,2025-12-29 22:45:17.794559
0.1.1.1.0.0.searchglobal.0,Small,4,3,TSL,2,1,0,TestLR,1.0,1.0,1.0,1.0,0.0,/gpfs/projects/HeinzGroup/caffeine_underground/mlrt/FlexFringe/FlexFringe/models-ps-small/0.1.1.1.0.0.searchglobal.0.ini/0.1.1.1.0.0.searchglobal.0_04.03.TSL.2.1.0_Small.final.json,/gpfs/projects/HeinzGroup/asoubki/FlexFringe/data/MLRegTest/Large/04.03.TSL.2.1.0_TestLR.txt,2025-12-29 22:45:17.794559
0.1.1.1.0.0.searchglobal.0,Small,4,3,TSL,2,1,0,TestSR,1.0,1.0,1.0,1.0,0.0,/gpfs/projects/HeinzGroup/caffeine_underground/mlrt/FlexFringe/FlexFringe/models-ps-small/0.1.1.1.0.0.searchglobal.0.ini/0.1.1.1.0.0.searchglobal.0_04.03.TSL.2.1.0_Small.final.json,/gpfs/projects/HeinzGroup/asoubki/FlexFringe/data/MLRegTest/Large/04.03.TSL.2.1.0_TestSR.txt,2025-12-29 22:45:17.794559
0.1.1.1.0.0.searchglobal.0,Small,4,3,TSL,2,1,0,TestLA,1.0,1.0,1.0,1.0,0.0,/gpfs/projects/HeinzGroup/caffeine_underground/mlrt/FlexFringe/FlexFringe/models-ps-small/0.1.1.1.0.0.searchglobal.0.ini/0.1.1.1.0.0.searchglobal.0_04.03.TSL.2.1.0_Small.final.json,/gpfs/projects/HeinzGroup/asoubki/FlexFringe/data/MLRegTest/Large/04.03.TSL.2.1.0_TestLA.txt,2025-12-29 22:45:17.794559
0.1.1.1.0.0.searchglobal.0,Small,4,3,TSL,2,1,0,Dev,1.0,1.0,1.0,1.0,0.0,/gpfs/projects/HeinzGroup/caffeine_underground/mlrt/FlexFringe/FlexFringe/models-ps-small/0.1.1.1.0.0.searchglobal.0.ini/0.1.1.1.0.0.searchglobal.0_04.03.TSL.2.1.0_Small.final.json,/gpfs/projects/HeinzGroup/asoubki/FlexFringe/data/MLRegTest/Large/04.03.TSL.2.1.0_Dev.txt,2025-12-29 22:45:17.794559
0.1.1.1.0.0.searchglobal.0,Small,4,3,TSL,2,1,0,Train,1.0,1.0,1.0,1.0,0.0,/gpfs/projects/HeinzGroup/caffeine_underground/mlrt/FlexFringe/FlexFringe/models-ps-small/0.1.1.1.0.0.searchglobal.0.ini/0.1.1.1.0.0.searchglobal.0_04.03.TSL.2.1.0_Small.final.json,/gpfs/projects/HeinzGroup/asoubki/FlexFringe/data/MLRegTest/Small/04.03.TSL.2.1.0_Train.txt,2025-12-29 22:45:17.794559
0.1.1.1.0.0.searchglobal.0,Small,4,3,TSL,2,1,1,TestSR,0.5836,0.7446161048689138,0.25448,0.37932268065823993,0.4164,/gpfs/projects/HeinzGroup/caffeine_underground/mlrt/FlexFringe/FlexFringe/models-ps-small/0.1.1.1.0.0.searchglobal.0.ini/0.1.1.1.0.0.searchglobal.0_04.03.TSL.2.1.1_Small.final.json,/gpfs/projects/HeinzGroup/asoubki/FlexFringe/data/MLRegTest/Large/04.03.TSL.2.1.1_TestSR.txt,2025-12-29 23:34:58.372785
0.1.1.1.0.0.searchglobal.0,Small,4,3,TSL,2,1,1,TestLA,0.51674,0.6068965517241379,0.09504,0.164343766211309,0.48326,/gpfs/projects/HeinzGroup/caffeine_underground/mlrt/FlexFringe/FlexFringe/models-ps-small/0.1.1.1.0.0.searchglobal.0.ini/0.1.1.1.0.0.searchglobal.0_04.03.TSL.2.1.1_Small.final.json,/gpfs/projects/HeinzGroup/asoubki/FlexFringe/data/MLRegTest/Large/04.03.TSL.2.1.1_TestLA.txt,2025-12-29 23:34:58.372785
0.1.1.1.0.0.searchglobal.0,Small,4,3,TSL,2,1,1,TestSA,0.5398,0.6065652779265288,0.22654,0.32987739173486325,0.4602,/gpfs/projects/HeinzGroup/caffeine_underground/mlrt/FlexFringe/FlexFringe/models-ps-small/0.1.1.1.0.0.searchglobal.0.ini/0.1.1.1.0.0.searchglobal.0_04.03.TSL.2.1.1_Small.final.json,/gpfs/projects/HeinzGroup/asoubki/FlexFringe/data/MLRegTest/Large/04.03.TSL.2.1.1_TestSA.txt,2025-12-29 23:34:58.372785
0.1.1.1.0.0.searchglobal.0,Small,4,3,TSL,2,1,1,TestLR,0.54257,0.8281177740095576,0.10744,0.1902030555703082,0.45743,/gpfs/projects/HeinzGroup/caffeine_underground/mlrt/FlexFringe/FlexFringe/models-ps-small/0.1.1.1.0.0.searchglobal.0.ini/0.1.1.1.0.0.searchglobal.0_04.03.TSL.2.1.1_Small.final.json,/gpfs/projects/HeinzGroup/asoubki/FlexFringe/data/MLRegTest/Large/04.03.TSL.2.1.1_TestLR.txt,2025-12-29 23:34:58.372785
0.1.1.1.0.0.searchglobal.0,Small,4,3,TSL,2,1,1,Dev,0.58327,0.7445808611878048,0.2535,0.3782283693657401,0.41673,/gpfs/projects/HeinzGroup/caffeine_underground/mlrt/FlexFringe/FlexFringe/models-ps-small/0.1.1.1.0.0.searchglobal.0.ini/0.1.1.1.0.0.searchglobal.0_04.03.TSL.2.1.1_Small.final.json,/gpfs/projects/HeinzGroup/asoubki/FlexFringe/data/MLRegTest/Large/04.03.TSL.2.1.1_Dev.txt,2025-12-29 23:34:58.372785
0.1.1.1.0.0.searchglobal.0,Small,4,3,TSL,2,1,1,Train,0.597,0.7566137566137566,0.286,0.41509433962264153,0.403,/gpfs/projects/HeinzGroup/caffeine_underground/mlrt/FlexFringe/FlexFringe/models-ps-small/0.1.1.1.0.0.searchglobal.0.ini/0.1.1.1.0.0.searchglobal.0_04.03.TSL.2.1.1_Small.final.json,/gpfs/projects/HeinzGroup/asoubki/FlexFringe/data/MLRegTest/Small/04.03.TSL.2.1.1_Train.txt,2025-12-29 23:34:58.372785
0.1.1.1.0.0.searchglobal.0,Small,4,3,TSL,2,1,2,TestSR,1.0,1.0,1.0,1.0,0.0,/gpfs/projects/HeinzGroup/caffeine_underground/mlrt/FlexFringe/FlexFringe/models-ps-small/0.1.1.1.0.0.searchglobal.0.ini/0.1.1.1.0.0.searchglobal.0_04.03.TSL.2.1.2_Small.final.json,/gpfs/projects/HeinzGroup/asoubki/FlexFringe/data/MLRegTest/Large/04.03.TSL.2.1.2_TestSR.txt,2025-12-29 23:12:29.916973
0.1.1.1.0.0.searchglobal.0,Small,4,3,TSL,2,1,2,TestSA,1.0,1.0,1.0,1.0,0.0,/gpfs/projects/HeinzGroup/caffeine_underground/mlrt/FlexFringe/FlexFringe/models-ps-small/0.1.1.1.0.0.searchglobal.0.ini/0.1.1.1.0.0.searchglobal.0_04.03.TSL.2.1.2_Small.final.json,/gpfs/projects/HeinzGroup/asoubki/FlexFringe/data/MLRegTest/Large/04.03.TSL.2.1.2_TestSA.txt,2025-12-29 23:12:29.916973
0.1.1.1.0.0.searchglobal.0,Small,4,3,TSL,2,1,2,TestLR,1.0,1.0,1.0,1.0,0.0,/gpfs/projects/HeinzGroup/caffeine_underground/mlrt/FlexFringe/FlexFringe/models-ps-small/0.1.1.1.0.0.searchglobal.0.ini/0.1.1.1.0.0.searchglobal.0_04.03.TSL.2.1.2_Small.final.json,/gpfs/projects/HeinzGroup/asoubki/FlexFringe/data/MLRegTest/Large/04.03.TSL.2.1.2_TestLR.txt,2025-12-29 23:12:29.916973
0.1.1.1.0.0.searchglobal.0,Small,4,3,TSL,2,1,2,TestLA,1.0,1.0,1.0,1.0,0.0,/gpfs/projects/HeinzGroup/caffeine_underground/mlrt/FlexFringe/FlexFringe/models-ps-small/0.1.1.1.0.0.searchglobal.0.ini/0.1.1.1.0.0.searchglobal.0_04.03.TSL.2.1.2_Small.final.json,/gpfs/projects/HeinzGroup/asoubki/FlexFringe/data/MLRegTest/Large/04.03.TSL.2.1.2_TestLA.txt,2025-12-29 23:12:29.916973
0.1.1.1.0.0.searchglobal.0,Small,4,3,TSL,2,1,2,Dev,1.0,1.0,1.0,1.0,0.0,/gpfs/projects/HeinzGroup/caffeine_underground/mlrt/FlexFringe/FlexFringe/models-ps-small/0.1.1.1.0.0.searchglobal.0.ini/0.1.1.1.0.0.searchglobal.0_04.03.TSL.2.1.2_Small.final.json,/gpfs/projects/HeinzGroup/asoubki/FlexFringe/data/MLRegTest/Large/04.03.TSL.2.1.2_Dev.txt,2025-12-29 23:12:29.916973
0.1.1.1.0.0.searchglobal.0,Small,4,3,TSL,2,1,2,Train,1.0,1.0,1.0,1.0,0.0,/gpfs/projects/HeinzGroup/caffeine_underground/mlrt/FlexFringe/FlexFringe/models-ps-small/0.1.1.1.0.0.searchglobal.0.ini/0.1.1.1.0.0.searchglobal.0_04.03.TSL.2.1.2_Small.final.json,/gpfs/projects/HeinzGroup/asoubki/FlexFringe/data/MLRegTest/Small/04.03.TSL.2.1.2_Train.txt,2025-12-29 23:12:29.916973
0.1.1.1.0.0.searchglobal.0,Small,4,3,TSL,2,1,3,TestSR,1.0,1.0,1.0,1.0,0.0,/gpfs/projects/HeinzGroup/caffeine_underground/mlrt/FlexFringe/FlexFringe/models-ps-small/0.1.1.1.0.0.searchglobal.0.ini/0.1.1.1.0.0.searchglobal.0_04.03.TSL.2.1.3_Small.final.json,/gpfs/projects/HeinzGroup/asoubki/FlexFringe/data/MLRegTest/Large/04.03.TSL.2.1.3_TestSR.txt,2025-12-29 23:31:47.619132
0.1.1.1.0.0.searchglobal.0,Small,4,3,TSL,2,1,3,TestLA,1.0,1.0,1.0,1.0,0.0,/gpfs/projects/HeinzGroup/caffeine_underground/mlrt/FlexFringe/FlexFringe/models-ps-small/0.1.1.1.0.0.searchglobal.0.ini/0.1.1.1.0.0.searchglobal.0_04.03.TSL.2.1.3_Small.final.json,/gpfs/projects/HeinzGroup/asoubki/FlexFringe/data/MLRegTest/Large/04.03.TSL.2.1.3_TestLA.txt,2025-12-29 23:31:47.619132
0.1.1.1.0.0.searchglobal.0,Small,4,3,TSL,2,1,3,TestLR,1.0,1.0,1.0,1.0,0.0,/gpfs/projects/HeinzGroup/caffeine_underground/mlrt/FlexFringe/FlexFringe/models-ps-small/0.1.1.1.0.0.searchglobal.0.ini/0.1.1.1.0.0.searchglobal.0_04.03.TSL.2.1.3_Small.final.json,/gpfs/projects/HeinzGroup/asoubki/FlexFringe/data/MLRegTest/Large/04.03.TSL.2.1.3_TestLR.txt,2025-12-29 23:31:47.619132
0.1.1.1.0.0.searchglobal.0,Small,4,3,TSL,2,1,3,TestSA,1.0,1.0,1.0,1.0,0.0,/gpfs/projects/HeinzGroup/caffeine_underground/mlrt/FlexFringe/FlexFringe/models-ps-small/0.1.1.1.0.0.searchglobal.0.ini/0.1.1.1.0.0.searchglobal.0_04.03.TSL.2.1.3_Small.final.json,/gpfs/projects/HeinzGroup/asoubki/FlexFringe/data/MLRegTest/Large/04.03.TSL.2.1.3_TestSA.txt,2025-12-29 23:31:47.619132
0.1.1.1.0.0.searchglobal.0,Small,4,3,TSL,2,1,3,Dev,1.0,1.0,1.0,1.0,0.0,/gpfs/projects/HeinzGroup/caffeine_underground/mlrt/FlexFringe/FlexFringe/models-ps-small/0.1.1.1.0.0.searchglobal.0.ini/0.1.1.1.0.0.searchglobal.0_04.03.TSL.2.1.3_Small.final.json,/gpfs/projects/HeinzGroup/asoubki/FlexFringe/data/MLRegTest/Large/04.03.TSL.2.1.3_Dev.txt,2025-12-29 23:31:47.619132
0.1.1.1.0.0.searchglobal.0,Small,4,3,TSL,2,1,3,Train,1.0,1.0,1.0,1.0,0.0,/gpfs/projects/HeinzGroup/caffeine_underground/mlrt/FlexFringe/FlexFringe/models-ps-small/0.1.1.1.0.0.searchglobal.0.ini/0.1.1.1.0.0.searchglobal.0_04.03.TSL.2.1.3_Small.final.json,/gpfs/projects/HeinzGroup/asoubki/FlexFringe/data/MLRegTest/Small/04.03.TSL.2.1.3_Train.txt,2025-12-29 23:31:47.619132
0.1.1.1.0.0.searchglobal.0,Small,4,3,TSL,2,1,4,TestSA,0.61379,0.8173350437838139,0.29308,0.43145048506528877,0.38621,/gpfs/projects/HeinzGroup/caffeine_underground/mlrt/FlexFringe/FlexFringe/models-ps-small/0.1.1.1.0.0.searchglobal.0.ini/0.1.1.1.0.0.searchglobal.0_04.03.TSL.2.1.4_Small.final.json,/gpfs/projects/HeinzGroup/asoubki/FlexFringe/data/MLRegTest/Large/04.03.TSL.2.1.4_TestSA.txt,2025-12-29 22:46:17.363473
0.1.1.1.0.0.searchglobal.0,Small,4,3,TSL,2,1,4,TestLR,0.62705,0.9520387105956024,0.26758,0.41774780260097105,0.37295,/gpfs/projects/HeinzGroup/caffeine_underground/mlrt/FlexFringe/FlexFringe/models-ps-small/0.1.1.1.0.0.searchglobal.0.ini/0.1.1.1.0.0.searchglobal.0_04.03.TSL.2.1.4_Small.final.json,/gpfs/projects/HeinzGroup/asoubki/FlexFringe/data/MLRegTest/Large/04.03.TSL.2.1.4_TestLR.txt,2025-12-29 22:46:17.363473
0.1.1.1.0.0.searchglobal.0,Small,4,3,TSL,2,1,4,TestSR,0.61523,0.8690666837486388,0.27134,0.41355870204691286,0.38477,/gpfs/projects/HeinzGroup/caffeine_underground/mlrt/FlexFringe/FlexFringe/models-ps-small/0.1.1.1.0.0.searchglobal.0.ini/0.1.1.1.0.0.searchglobal.0_04.03.TSL.2.1.4_Small.final.json,/gpfs/projects/HeinzGroup/asoubki/FlexFringe/data/MLRegTest/Large/04.03.TSL.2.1.4_TestSR.txt,2025-12-29 22:46:17.363473
0.1.1.1.0.0.searchglobal.0,Small,4,3,TSL,2,1,4,TestLA,0.61939,0.8643271284711627,0.28324,0.4266626496949612,0.38061,/gpfs/projects/HeinzGroup/caffeine_underground/mlrt/FlexFringe/FlexFringe/models-ps-small/0.1.1.1.0.0.searchglobal.0.ini/0.1.1.1.0.0.searchglobal.0_04.03.TSL.2.1.4_Small.final.json,/gpfs/projects/HeinzGroup/asoubki/FlexFringe/data/MLRegTest/Large/04.03.TSL.2.1.4_TestLA.txt,2025-12-29 22:46:17.363473
0.1.1.1.0.0.searchglobal.0,Small,4,3,TSL,2,1,4,Dev,0.61273,0.86555548349439,0.26692,0.40801601981075836,0.38727,/gpfs/projects/HeinzGroup/caffeine_underground/mlrt/FlexFringe/FlexFringe/models-ps-small/0.1.1.1.0.0.searchglobal.0.ini/0.1.1.1.0.0.searchglobal.0_04.03.TSL.2.1.4_Small.final.json,/gpfs/projects/HeinzGroup/asoubki/FlexFringe/data/MLRegTest/Large/04.03.TSL.2.1.4_Dev.txt,2025-12-29 22:46:17.363473
0.1.1.1.0.0.searchglobal.0,Small,4,3,TSL,2,1,4,Train,0.607,0.8689655172413793,0.252,0.39069767441860465,0.393,/gpfs/projects/HeinzGroup/caffeine_underground/mlrt/FlexFringe/FlexFringe/models-ps-small/0.1.1.1.0.0.searchglobal.0.ini/0.1.1.1.0.0.searchglobal.0_04.03.TSL.2.1.4_Small.final.json,/gpfs/projects/HeinzGroup/asoubki/FlexFringe/data/MLRegTest/Small/04.03.TSL.2.1.4_Train.txt,2025-12-29 22:46:17.363473
0.1.1.1.0.0.searchglobal.0,Small,4,3,TSL,2,1,5,TestSA,0.51797,0.6290392072382593,0.0876,0.15378403525095238,0.48203,/gpfs/projects/HeinzGroup/caffeine_underground/mlrt/FlexFringe/FlexFringe/models-ps-small/0.1.1.1.0.0.searchglobal.0.ini/0.1.1.1.0.0.searchglobal.0_04.03.TSL.2.1.5_Small.final.json,/gpfs/projects/HeinzGroup/asoubki/FlexFringe/data/MLRegTest/Large/04.03.TSL.2.1.5_TestSA.txt,2025-12-29 22:37:56.370422
0.1.1.1.0.0.searchglobal.0,Small,4,3,TSL,2,1,5,TestSR,0.53315,0.7900262467191601,0.0903,0.16207484519429238,0.46685,/gpfs/projects/HeinzGroup/caffeine_underground/mlrt/FlexFringe/FlexFringe/models-ps-small/0.1.1.1.0.0.searchglobal.0.ini/0.1.1.1.0.0.searchglobal.0_04.03.TSL.2.1.5_Small.final.json,/gpfs/projects/HeinzGroup/asoubki/FlexFringe/data/MLRegTest/Large/04.03.TSL.2.1.5_TestSR.txt,2025-12-29 22:37:56.370422
0.1.1.1.0.0.searchglobal.0,Small,4,3,TSL,2,1,5,TestLR,0.51679,0.8810712664548344,0.03882,0.07436354232515373,0.48321,/gpfs/projects/HeinzGroup/caffeine_underground/mlrt/FlexFringe/FlexFringe/models-ps-small/0.1.1.1.0.0.searchglobal.0.ini/0.1.1.1.0.0.searchglobal.0_04.03.TSL.2.1.5_Small.final.json,/gpfs/projects/HeinzGroup/asoubki/FlexFringe/data/MLRegTest/Large/04.03.TSL.2.1.5_TestLR.txt,2025-12-29 22:37:56.370422
0.1.1.1.0.0.searchglobal.0,Small,4,3,TSL,2,1,5,TestLA,0.50709,0.6269244539921232,0.03502,0.06633455192923304,0.49291,/gpfs/projects/HeinzGroup/caffeine_underground/mlrt/FlexFringe/FlexFringe/models-ps-small/0.1.1.1.0.0.searchglobal.0.ini/0.1.1.1.0.0.searchglobal.0_04.03.TSL.2.1.5_Small.final.json,/gpfs/projects/HeinzGroup/asoubki/FlexFringe/data/MLRegTest/Large/04.03.TSL.2.1.5_TestLA.txt,2025-12-29 22:37:56.370422
0.1.1.1.0.0.searchglobal.0,Small,4,3,TSL,2,1,5,Dev,0.534,0.8003533568904594,0.0906,0.16277398490837225,0.466,/gpfs/projects/HeinzGroup/caffeine_underground/mlrt/FlexFringe/FlexFringe/models-ps-small/0.1.1.1.0.0.searchglobal.0.ini/0.1.1.1.0.0.searchglobal.0_04.03.TSL.2.1.5_Small.final.json,/gpfs/projects/HeinzGroup/asoubki/FlexFringe/data/MLRegTest/Large/04.03.TSL.2.1.5_Dev.txt,2025-12-29 22:37:56.370422
0.1.1.1.0.0.searchglobal.0,Small,4,3,TSL,2,1,5,Train,0.544,0.8142857142857143,0.114,0.2,0.456,/gpfs/projects/HeinzGroup/caffeine_underground/mlrt/FlexFringe/FlexFringe/models-ps-small/0.1.1.1.0.0.searchglobal.0.ini/0.1.1.1.0.0.searchglobal.0_04.03.TSL.2.1.5_Small.final.json,/gpfs/projects/HeinzGroup/asoubki/FlexFringe/data/MLRegTest/Small/04.03.TSL.2.1.5_Train.txt,2025-12-29 22:37:56.370422
0.1.1.1.0.0.searchglobal.0,Small,4,3,TSL,2,1,6,TestLA,0.63886,0.9443804403481822,0.2951,0.44968304278922344,0.36114,/gpfs/projects/HeinzGroup/caffeine_underground/mlrt/FlexFringe/FlexFringe/models-ps-small/0.1.1.1.0.0.searchglobal.0.ini/0.1.1.1.0.0.searchglobal.0_04.03.TSL.2.1.6_Small.final.json,/gpfs/projects/HeinzGroup/asoubki/FlexFringe/data/MLRegTest/Large/04.03.TSL.2.1.6_TestLA.txt,2025-12-29 22:32:55.531842
0.1.1.1.0.0.searchglobal.0,Small,4,3,TSL,2,1,6,TestSR,0.64278,0.9782929116977087,0.29204,0.44980439269322,0.35722,/gpfs/projects/HeinzGroup/caffeine_underground/mlrt/FlexFringe/FlexFringe/models-ps-small/0.1.1.1.0.0.searchglobal.0.ini/0.1.1.1.0.0.searchglobal.0_04.03.TSL.2.1.6_Small.final.json,/gpfs/projects/HeinzGroup/asoubki/FlexFringe/data/MLRegTest/Large/04.03.TSL.2.1.6_TestSR.txt,2025-12-29 22:32:55.531842
0.1.1.1.0.0.searchglobal.0,Small,4,3,TSL,2,1,6,TestLR,0.64482,0.9976632302405498,0.29032,0.44975987606506584,0.35518,/gpfs/projects/HeinzGroup/caffeine_underground/mlrt/FlexFringe/FlexFringe/models-ps-small/0.1.1.1.0.0.searchglobal.0.ini/0.1.1.1.0.0.searchglobal.0_04.03.TSL.2.1.6_Small.final.json,/gpfs/projects/HeinzGroup/asoubki/FlexFringe/data/MLRegTest/Large/04.03.TSL.2.1.6_TestLR.txt,2025-12-29 22:32:55.531842
0.1.1.1.0.0.searchglobal.0,Small,4,3,TSL,2,1,6,TestSA,0.63566,0.9127921129503408,0.29998,0.4515594894026975,0.36434,/gpfs/projects/HeinzGroup/caffeine_underground/mlrt/FlexFringe/FlexFringe/models-ps-small/0.1.1.1.0.0.searchglobal.0.ini/0.1.1.1.0.0.searchglobal.0_04.03.TSL.2.1.6_Small.final.json,/gpfs/projects/HeinzGroup/asoubki/FlexFringe/data/MLRegTest/Large/04.03.TSL.2.1.6_TestSA.txt,2025-12-29 22:32:55.531842
0.1.1.1.0.0.searchglobal.0,Small,4,3,TSL,2,1,6,Dev,0.64535,0.9817061045933585,0.29622,0.45511392443959625,0.35465,/gpfs/projects/HeinzGroup/caffeine_underground/mlrt/FlexFringe/FlexFringe/models-ps-small/0.1.1.1.0.0.searchglobal.0.ini/0.1.1.1.0.0.searchglobal.0_04.03.TSL.2.1.6_Small.final.json,/gpfs/projects/HeinzGroup/asoubki/FlexFringe/data/MLRegTest/Large/04.03.TSL.2.1.6_Dev.txt,2025-12-29 22:32:55.531842
0.1.1.1.0.0.searchglobal.0,Small,4,3,TSL,2,1,6,Train,0.645,0.9865771812080537,0.294,0.4530046224961479,0.355,/gpfs/projects/HeinzGroup/caffeine_underground/mlrt/FlexFringe/FlexFringe/models-ps-small/0.1.1.1.0.0.searchglobal.0.ini/0.1.1.1.0.0.searchglobal.0_04.03.TSL.2.1.6_Small.final.json,/gpfs/projects/HeinzGroup/asoubki/FlexFringe/data/MLRegTest/Small/04.03.TSL.2.1.6_Train.txt,2025-12-29 22:32:55.531842
0.1.1.1.0.0.searchglobal.0,Small,4,3,TSL,2,1,7,TestSR,0.64406,0.9809695512820513,0.29382,0.45219773454814083,0.35594,/gpfs/projects/HeinzGroup/caffeine_underground/mlrt/FlexFringe/FlexFringe/models-ps-small/0.1.1.1.0.0.searchglobal.0.ini/0.1.1.1.0.0.searchglobal.0_04.03.TSL.2.1.7_Small.final.json,/gpfs/projects/HeinzGroup/asoubki/FlexFringe/data/MLRegTest/Large/04.03.TSL.2.1.7_TestSR.txt,2025-12-29 22:55:43.483965
0.1.1.1.0.0.searchglobal.0,Small,4,3,TSL,2,1,7,TestLA,0.63668,0.9284639498432602,0.29618,0.4490978013646702,0.36332,/gpfs/projects/HeinzGroup/caffeine_underground/mlrt/FlexFringe/FlexFringe/models-ps-small/0.1.1.1.0.0.searchglobal.0.ini/0.1.1.1.0.0.searchglobal.0_04.03.TSL.2.1.7_Small.final.json,/gpfs/projects/HeinzGroup/asoubki/FlexFringe/data/MLRegTest/Large/04.03.TSL.2.1.7_TestLA.txt,2025-12-29 22:55:43.483965
0.1.1.1.0.0.searchglobal.0,Small,4,3,TSL,2,1,7,TestLR,0.64728,0.9981060606060606,0.29512,0.4555445789083724,0.35272,/gpfs/projects/HeinzGroup/caffeine_underground/mlrt/FlexFringe/FlexFringe/models-ps-small/0.1.1.1.0.0.searchglobal.0.ini/0.1.1.1.0.0.searchglobal.0_04.03.TSL.2.1.7_Small.final.json,/gpfs/projects/HeinzGroup/asoubki/FlexFringe/data/MLRegTest/Large/04.03.TSL.2.1.7_TestLR.txt,2025-12-29 22:55:43.483965
0.1.1.1.0.0.searchglobal.0,Small,4,3,TSL,2,1,7,TestSA,0.63226,0.8911629007452976,0.30132,0.45036319612590797,0.36774,/gpfs/projects/HeinzGroup/caffeine_underground/mlrt/FlexFringe/FlexFringe/models-ps-small/0.1.1.1.0.0.searchglobal.0.ini/0.1.1.1.0.0.searchglobal.0_04.03.TSL.2.1.7_Small.final.json,/gpfs/projects/HeinzGroup/asoubki/FlexFringe/data/MLRegTest/Large/04.03.TSL.2.1.7_TestSA.txt,2025-12-29 22:55:43.483965
0.1.1.1.0.0.searchglobal.0,Small,4,3,TSL,2,1,7,Dev,0.64516,0.9795823972512224,0.2965,0.4552154020941444,0.35484,/gpfs/projects/HeinzGroup/caffeine_underground/mlrt/FlexFringe/FlexFringe/models-ps-small/0.1.1.1.0.0.searchglobal.0.ini/0.1.1.1.0.0.searchglobal.0_04.03.TSL.2.1.7_Small.final.json,/gpfs/projects/HeinzGroup/asoubki/FlexFringe/data/MLRegTest/Large/04.03.TSL.2.1.7_Dev.txt,2025-12-29 22:55:43.483965
0.1.1.1.0.0.searchglobal.0,Small,4,3,TSL,2,1,7,Train,0.67,0.9775280898876404,0.348,0.5132743362831859,0.33,/gpfs/projects/HeinzGroup/caffeine_underground/mlrt/FlexFringe/FlexFringe/models-ps-small/0.1.1.1.0.0.searchglobal.0.ini/0.1.1.1.0.0.searchglobal.0_04.03.TSL.2.1.7_Small.final.json,/gpfs/projects/HeinzGroup/asoubki/FlexFringe/data/MLRegTest/Small/04.03.TSL.2.1.7_Train.txt,2025-12-29 22:55:43.483965
0.1.1.1.0.0.searchglobal.0,Small,4,3,TSL,2,1,8,TestSR,0.35841,0.0,0.0,0.0,0.64159,/gpfs/projects/HeinzGroup/caffeine_underground/mlrt/FlexFringe/FlexFringe/models-ps-small/0.1.1.1.0.0.searchglobal.0.ini/0.1.1.1.0.0.searchglobal.0_04.03.TSL.2.1.8_Small.final.json,/gpfs/projects/HeinzGroup/asoubki/FlexFringe/data/MLRegTest/Large/04.03.TSL.2.1.8_TestSR.txt,2025-12-29 22:50:25.083124
0.1.1.1.0.0.searchglobal.0,Small,4,3,TSL,2,1,8,TestLR,0.35695,0.0,0.0,0.0,0.64305,/gpfs/projects/HeinzGroup/caffeine_underground/mlrt/FlexFringe/FlexFringe/models-ps-small/0.1.1.1.0.0.searchglobal.0.ini/0.1.1.1.0.0.searchglobal.0_04.03.TSL.2.1.8_Small.final.json,/gpfs/projects/HeinzGroup/asoubki/FlexFringe/data/MLRegTest/Large/04.03.TSL.2.1.8_TestLR.txt,2025-12-29 22:50:25.083124
0.1.1.1.0.0.searchglobal.0,Small,4,3,TSL,2,1,8,TestSA,0.5,0.0,0.0,0.0,0.5,/gpfs/projects/HeinzGroup/caffeine_underground/mlrt/FlexFringe/FlexFringe/models-ps-small/0.1.1.1.0.0.searchglobal.0.ini/0.1.1.1.0.0.searchglobal.0_04.03.TSL.2.1.8_Small.final.json,/gpfs/projects/HeinzGroup/asoubki/FlexFringe/data/MLRegTest/Large/04.03.TSL.2.1.8_TestSA.txt,2025-12-29 22:50:25.083124
0.1.1.1.0.0.searchglobal.0,Small,4,3,TSL,2,1,8,TestLA,0.5,0.0,0.0,0.0,0.5,/gpfs/projects/HeinzGroup/caffeine_underground/mlrt/FlexFringe/FlexFringe/models-ps-small/0.1.1.1.0.0.searchglobal.0.ini/0.1.1.1.0.0.searchglobal.0_04.03.TSL.2.1.8_Small.final.json,/gpfs/projects/HeinzGroup/asoubki/FlexFringe/data/MLRegTest/Large/04.03.TSL.2.1.8_TestLA.txt,2025-12-29 22:50:25.083124
0.1.1.1.0.0.searchglobal.0,Small,4,3,TSL,2,1,8,Dev,0.35726,0.0,0.0,0.0,0.64274,/gpfs/projects/HeinzGroup/caffeine_underground/mlrt/FlexFringe/FlexFringe/models-ps-small/0.1.1.1.0.0.searchglobal.0.ini/0.1.1.1.0.0.searchglobal.0_04.03.TSL.2.1.8_Small.final.json,/gpfs/projects/HeinzGroup/asoubki/FlexFringe/data/MLRegTest/Large/04.03.TSL.2.1.8_Dev.txt,2025-12-29 22:50:25.083124
0.1.1.1.0.0.searchglobal.0,Small,4,3,TSL,2,1,8,Train,0.375,0.0,0.0,0.0,0.625,/gpfs/projects/HeinzGroup/caffeine_underground/mlrt/FlexFringe/FlexFringe/models-ps-small/0.1.1.1.0.0.searchglobal.0.ini/0.1.1.1.0.0.searchglobal.0_04.03.TSL.2.1.8_Small.final.json,/gpfs/projects/HeinzGroup/asoubki/FlexFringe/data/MLRegTest/Small/04.03.TSL.2.1.8_Train.txt,2025-12-29 22:50:25.083124
0.1.1.1.0.0.searchglobal.0,Small,4,3,TSL,2,1,9,TestSR,0.43854,0.0,0.0,0.0,0.56146,/gpfs/projects/HeinzGroup/caffeine_underground/mlrt/FlexFringe/FlexFringe/models-ps-small/0.1.1.1.0.0.searchglobal.0.ini/0.1.1.1.0.0.searchglobal.0_04.03.TSL.2.1.9_Small.final.json,/gpfs/projects/HeinzGroup/asoubki/FlexFringe/data/MLRegTest/Large/04.03.TSL.2.1.9_TestSR.txt,2025-12-29 23:04:15.453216
0.1.1.1.0.0.searchglobal.0,Small,4,3,TSL,2,1,9,TestLR,0.43703,0.0,0.0,0.0,0.56297,/gpfs/projects/HeinzGroup/caffeine_underground/mlrt/FlexFringe/FlexFringe/models-ps-small/0.1.1.1.0.0.searchglobal.0.ini/0.1.1.1.0.0.searchglobal.0_04.03.TSL.2.1.9_Small.final.json,/gpfs/projects/HeinzGroup/asoubki/FlexFringe/data/MLRegTest/Large/04.03.TSL.2.1.9_TestLR.txt,2025-12-29 23:04:15.453216
0.1.1.1.0.0.searchglobal.0,Small,4,3,TSL,2,1,9,TestSA,0.5,0.0,0.0,0.0,0.5,/gpfs/projects/HeinzGroup/caffeine_underground/mlrt/FlexFringe/FlexFringe/models-ps-small/0.1.1.1.0.0.searchglobal.0.ini/0.1.1.1.0.0.searchglobal.0_04.03.TSL.2.1.9_Small.final.json,/gpfs/projects/HeinzGroup/asoubki/FlexFringe/data/MLRegTest/Large/04.03.TSL.2.1.9_TestSA.txt,2025-12-29 23:04:15.453216
0.1.1.1.0.0.searchglobal.0,Small,4,3,TSL,2,1,9,TestLA,0.5,0.0,0.0,0.0,0.5,/gpfs/projects/HeinzGroup/caffeine_underground/mlrt/FlexFringe/FlexFringe/models-ps-small/0.1.1.1.0.0.searchglobal.0.ini/0.1.1.1.0.0.searchglobal.0_04.03.TSL.2.1.9_Small.final.json,/gpfs/projects/HeinzGroup/asoubki/FlexFringe/data/MLRegTest/Large/04.03.TSL.2.1.9_TestLA.txt,2025-12-29 23:04:15.453216
0.1.1.1.0.0.searchglobal.0,Small,4,3,TSL,2,1,9,Dev,0.43622,0.0,0.0,0.0,0.56378,/gpfs/projects/HeinzGroup/caffeine_underground/mlrt/FlexFringe/FlexFringe/models-ps-small/0.1.1.1.0.0.searchglobal.0.ini/0.1.1.1.0.0.searchglobal.0_04.03.TSL.2.1.9_Small.final.json,/gpfs/projects/HeinzGroup/asoubki/FlexFringe/data/MLRegTest/Large/04.03.TSL.2.1.9_Dev.txt,2025-12-29 23:04:15.453216
0.1.1.1.0.0.searchglobal.0,Small,4,3,TSL,2,1,9,Train,0.443,0.0,0.0,0.0,0.557,/gpfs/projects/HeinzGroup/caffeine_underground/mlrt/FlexFringe/FlexFringe/models-ps-small/0.1.1.1.0.0.searchglobal.0.ini/0.1.1.1.0.0.searchglobal.0_04.03.TSL.2.1.9_Small.final.json,/gpfs/projects/HeinzGroup/asoubki/FlexFringe/data/MLRegTest/Small/04.03.TSL.2.1.9_Train.txt,2025-12-29 23:04:15.453216
0.1.1.1.0.0.searchglobal.0,Small,4,3,TSL,4,1,0,TestSA,1.0,1.0,1.0,1.0,0.0,/gpfs/projects/HeinzGroup/caffeine_underground/mlrt/FlexFringe/FlexFringe/models-ps-small/0.1.1.1.0.0.searchglobal.0.ini/0.1.1.1.0.0.searchglobal.0_04.03.TSL.4.1.0_Small.final.json,/gpfs/projects/HeinzGroup/asoubki/FlexFringe/data/MLRegTest/Large/04.03.TSL.4.1.0_TestSA.txt,2025-12-29 22:40:11.853085
0.1.1.1.0.0.searchglobal.0,Small,4,3,TSL,4,1,0,TestLR,1.0,1.0,1.0,1.0,0.0,/gpfs/projects/HeinzGroup/caffeine_underground/mlrt/FlexFringe/FlexFringe/models-ps-small/0.1.1.1.0.0.searchglobal.0.ini/0.1.1.1.0.0.searchglobal.0_04.03.TSL.4.1.0_Small.final.json,/gpfs/projects/HeinzGroup/asoubki/FlexFringe/data/MLRegTest/Large/04.03.TSL.4.1.0_TestLR.txt,2025-12-29 22:40:11.853085
0.1.1.1.0.0.searchglobal.0,Small,4,3,TSL,4,1,0,TestSR,1.0,1.0,1.0,1.0,0.0,/gpfs/projects/HeinzGroup/caffeine_underground/mlrt/FlexFringe/FlexFringe/models-ps-small/0.1.1.1.0.0.searchglobal.0.ini/0.1.1.1.0.0.searchglobal.0_04.03.TSL.4.1.0_Small.final.json,/gpfs/projects/HeinzGroup/asoubki/FlexFringe/data/MLRegTest/Large/04.03.TSL.4.1.0_TestSR.txt,2025-12-29 22:40:11.853085
0.1.1.1.0.0.searchglobal.0,Small,4,3,TSL,4,1,0,TestLA,1.0,1.0,1.0,1.0,0.0,/gpfs/projects/HeinzGroup/caffeine_underground/mlrt/FlexFringe/FlexFringe/models-ps-small/0.1.1.1.0.0.searchglobal.0.ini/0.1.1.1.0.0.searchglobal.0_04.03.TSL.4.1.0_Small.final.json,/gpfs/projects/HeinzGroup/asoubki/FlexFringe/data/MLRegTest/Large/04.03.TSL.4.1.0_TestLA.txt,2025-12-29 22:40:11.853085
0.1.1.1.0.0.searchglobal.0,Small,4,3,TSL,4,1,0,Dev,1.0,1.0,1.0,1.0,0.0,/gpfs/projects/HeinzGroup/caffeine_underground/mlrt/FlexFringe/FlexFringe/models-ps-small/0.1.1.1.0.0.searchglobal.0.ini/0.1.1.1.0.0.searchglobal.0_04.03.TSL.4.1.0_Small.final.json,/gpfs/projects/HeinzGroup/asoubki/FlexFringe/data/MLRegTest/Large/04.03.TSL.4.1.0_Dev.txt,2025-12-29 22:40:11.853085
0.1.1.1.0.0.searchglobal.0,Small,4,3,TSL,4,1,0,Train,1.0,1.0,1.0,1.0,0.0,/gpfs/projects/HeinzGroup/caffeine_underground/mlrt/FlexFringe/FlexFringe/models-ps-small/0.1.1.1.0.0.searchglobal.0.ini/0.1.1.1.0.0.searchglobal.0_04.03.TSL.4.1.0_Small.final.json,/gpfs/projects/HeinzGroup/asoubki/FlexFringe/data/MLRegTest/Small/04.03.TSL.4.1.0_Train.txt,2025-12-29 22:40:11.853085
0.1.1.1.0.0.searchglobal.0,Small,4,3,TSL,4,1,1,TestLA,0.65495,0.6277053422783392,0.76162,0.6882087704555107,0.34505,/gpfs/projects/HeinzGroup/caffeine_underground/mlrt/FlexFringe/FlexFringe/models-ps-small/0.1.1.1.0.0.searchglobal.0.ini/0.1.1.1.0.0.searchglobal.0_04.03.TSL.4.1.1_Small.final.json,/gpfs/projects/HeinzGroup/asoubki/FlexFringe/data/MLRegTest/Large/04.03.TSL.4.1.1_TestLA.txt,2025-12-29 23:10:52.752712
0.1.1.1.0.0.searchglobal.0,Small,4,3,TSL,4,1,1,TestSA,0.66189,0.623484004820674,0.8174,0.7073932722347708,0.33811,/gpfs/projects/HeinzGroup/caffeine_underground/mlrt/FlexFringe/FlexFringe/models-ps-small/0.1.1.1.0.0.searchglobal.0.ini/0.1.1.1.0.0.searchglobal.0_04.03.TSL.4.1.1_Small.final.json,/gpfs/projects/HeinzGroup/asoubki/FlexFringe/data/MLRegTest/Large/04.03.TSL.4.1.1_TestSA.txt,2025-12-29 23:10:52.752712
0.1.1.1.0.0.searchglobal.0,Small,4,3,TSL,4,1,1,TestLR,0.71149,0.6682043043250036,0.84016,0.7443805541035023,0.28851,/gpfs/projects/HeinzGroup/caffeine_underground/mlrt/FlexFringe/FlexFringe/models-ps-small/0.1.1.1.0.0.searchglobal.0.ini/0.1.1.1.0.0.searchglobal.0_04.03.TSL.4.1.1_Small.final.json,/gpfs/projects/HeinzGroup/asoubki/FlexFringe/data/MLRegTest/Large/04.03.TSL.4.1.1_TestLR.txt,2025-12-29 23:10:52.752712
0.1.1.1.0.0.searchglobal.0,Small,4,3,TSL,4,1,1,TestSR,0.71632,0.6564181176606698,0.9078,0.7619095578608117,0.28368,/gpfs/projects/HeinzGroup/caffeine_underground/mlrt/FlexFringe/FlexFringe/models-ps-small/0.1.1.1.0.0.searchglobal.0.ini/0.1.1.1.0.0.searchglobal.0_04.03.TSL.4.1.1_Small.final.json,/gpfs/projects/HeinzGroup/asoubki/FlexFringe/data/MLRegTest/Large/04.03.TSL.4.1.1_TestSR.txt,2025-12-29 23:10:52.752712
0.1.1.1.0.0.searchglobal.0,Small,4,3,TSL,4,1,1,Dev,0.71558,0.65620380836449,0.90564,0.7610036468749475,0.28442,/gpfs/projects/HeinzGroup/caffeine_underground/mlrt/FlexFringe/FlexFringe/models-ps-small/0.1.1.1.0.0.searchglobal.0.ini/0.1.1.1.0.0.searchglobal.0_04.03.TSL.4.1.1_Small.final.json,/gpfs/projects/HeinzGroup/asoubki/FlexFringe/data/MLRegTest/Large/04.03.TSL.4.1.1_Dev.txt,2025-12-29 23:10:52.752712
0.1.1.1.0.0.searchglobal.0,Small,4,3,TSL,4,1,1,Train,0.712,0.6522988505747126,0.908,0.7591973244147158,0.288,/gpfs/projects/HeinzGroup/caffeine_underground/mlrt/FlexFringe/FlexFringe/models-ps-small/0.1.1.1.0.0.searchglobal.0.ini/0.1.1.1.0.0.searchglobal.0_04.03.TSL.4.1.1_Small.final.json,/gpfs/projects/HeinzGroup/asoubki/FlexFringe/data/MLRegTest/Small/04.03.TSL.4.1.1_Train.txt,2025-12-29 23:10:52.752712
0.1.1.1.0.0.searchglobal.0,Small,4,3,TSL,4,1,2,TestSA,0.75534,0.7828687907121017,0.70668,0.7428259087182291,0.24466,/gpfs/projects/HeinzGroup/caffeine_underground/mlrt/FlexFringe/FlexFringe/models-ps-small/0.1.1.1.0.0.searchglobal.0.ini/0.1.1.1.0.0.searchglobal.0_04.03.TSL.4.1.2_Small.final.json,/gpfs/projects/HeinzGroup/asoubki/FlexFringe/data/MLRegTest/Large/04.03.TSL.4.1.2_TestSA.txt,2025-12-29 22:05:36.843099
0.1.1.1.0.0.searchglobal.0,Small,4,3,TSL,4,1,2,TestSR,0.8071,0.8089910250734496,0.80404,0.8065079142175056,0.1929,/gpfs/projects/HeinzGroup/caffeine_underground/mlrt/FlexFringe/FlexFringe/models-ps-small/0.1.1.1.0.0.searchglobal.0.ini/0.1.1.1.0.0.searchglobal.0_04.03.TSL.4.1.2_Small.final.json,/gpfs/projects/HeinzGroup/asoubki/FlexFringe/data/MLRegTest/Large/04.03.TSL.4.1.2_TestSR.txt,2025-12-29 22:05:36.843099
0.1.1.1.0.0.searchglobal.0,Small,4,3,TSL,4,1,2,TestLR,0.73846,0.7522959075712049,0.71104,0.7310863887803574,0.26154,/gpfs/projects/HeinzGroup/caffeine_underground/mlrt/FlexFringe/FlexFringe/models-ps-small/0.1.1.1.0.0.searchglobal.0.ini/0.1.1.1.0.0.searchglobal.0_04.03.TSL.4.1.2_Small.final.json,/gpfs/projects/HeinzGroup/asoubki/FlexFringe/data/MLRegTest/Large/04.03.TSL.4.1.2_TestLR.txt,2025-12-29 22:05:36.843099
0.1.1.1.0.0.searchglobal.0,Small,4,3,TSL,4,1,2,TestLA,0.69465,0.7226556244423601,0.63176,0.6741577829710493,0.30535,/gpfs/projects/HeinzGroup/caffeine_underground/mlrt/FlexFringe/FlexFringe/models-ps-small/0.1.1.1.0.0.searchglobal.0.ini/0.1.1.1.0.0.searchglobal.0_04.03.TSL.4.1.2_Small.final.json,/gpfs/projects/HeinzGroup/asoubki/FlexFringe/data/MLRegTest/Large/04.03.TSL.4.1.2_TestLA.txt,2025-12-29 22:05:36.843099
0.1.1.1.0.0.searchglobal.0,Small,4,3,TSL,4,1,2,Dev,0.80767,0.8093217782961012,0.805,0.8071551041280218,0.19233,/gpfs/projects/HeinzGroup/caffeine_underground/mlrt/FlexFringe/FlexFringe/models-ps-small/0.1.1.1.0.0.searchglobal.0.ini/0.1.1.1.0.0.searchglobal.0_04.03.TSL.4.1.2_Small.final.json,/gpfs/projects/HeinzGroup/asoubki/FlexFringe/data/MLRegTest/Large/04.03.TSL.4.1.2_Dev.txt,2025-12-29 22:05:36.843099
0.1.1.1.0.0.searchglobal.0,Small,4,3,TSL,4,1,2,Train,0.825,0.8192534381139489,0.834,0.8265609514370664,0.175,/gpfs/projects/HeinzGroup/caffeine_underground/mlrt/FlexFringe/FlexFringe/models-ps-small/0.1.1.1.0.0.searchglobal.0.ini/0.1.1.1.0.0.searchglobal.0_04.03.TSL.4.1.2_Small.final.json,/gpfs/projects/HeinzGroup/asoubki/FlexFringe/data/MLRegTest/Small/04.03.TSL.4.1.2_Train.txt,2025-12-29 22:05:36.843099
0.1.1.1.0.0.searchglobal.0,Small,4,3,TSL,4,1,3,TestLA,0.71016,0.746377491207503,0.63666,0.6871667566109012,0.28984,/gpfs/projects/HeinzGroup/caffeine_underground/mlrt/FlexFringe/FlexFringe/models-ps-small/0.1.1.1.0.0.searchglobal.0.ini/0.1.1.1.0.0.searchglobal.0_04.03.TSL.4.1.3_Small.final.json,/gpfs/projects/HeinzGroup/asoubki/FlexFringe/data/MLRegTest/Large/04.03.TSL.4.1.3_TestLA.txt,2025-12-29 22:54:33.586371
0.1.1.1.0.0.searchglobal.0,Small,4,3,TSL,4,1,3,TestLR,0.77429,0.7927008857112368,0.74284,0.7669609209643281,0.22571,/gpfs/projects/HeinzGroup/caffeine_underground/mlrt/FlexFringe/FlexFringe/models-ps-small/0.1.1.1.0.0.searchglobal.0.ini/0.1.1.1.0.0.searchglobal.0_04.03.TSL.4.1.3_Small.final.json,/gpfs/projects/HeinzGroup/asoubki/FlexFringe/data/MLRegTest/Large/04.03.TSL.4.1.3_TestLR.txt,2025-12-29 22:54:33.586371
0.1.1.1.0.0.searchglobal.0,Small,4,3,TSL,4,1,3,TestSA,0.76217,0.7983747979878452,0.7015,0.7468088957022558,0.23783,/gpfs/projects/HeinzGroup/caffeine_underground/mlrt/FlexFringe/FlexFringe/models-ps-small/0.1.1.1.0.0.searchglobal.0.ini/0.1.1.1.0.0.searchglobal.0_04.03.TSL.4.1.3_Small.final.json,/gpfs/projects/HeinzGroup/asoubki/FlexFringe/data/MLRegTest/Large/04.03.TSL.4.1.3_TestSA.txt,2025-12-29 22:54:33.586371
0.1.1.1.0.0.searchglobal.0,Small,4,3,TSL,4,1,3,TestSR,0.83325,0.8339914610435166,0.83214,0.8330647018190191,0.16675,/gpfs/projects/HeinzGroup/caffeine_underground/mlrt/FlexFringe/FlexFringe/models-ps-small/0.1.1.1.0.0.searchglobal.0.ini/0.1.1.1.0.0.searchglobal.0_04.03.TSL.4.1.3_Small.final.json,/gpfs/projects/HeinzGroup/asoubki/FlexFringe/data/MLRegTest/Large/04.03.TSL.4.1.3_TestSR.txt,2025-12-29 22:54:33.586371
0.1.1.1.0.0.searchglobal.0,Small,4,3,TSL,4,1,3,Dev,0.83285,0.8337645147704711,0.83148,0.8326206903457737,0.16715,/gpfs/projects/HeinzGroup/caffeine_underground/mlrt/FlexFringe/FlexFringe/models-ps-small/0.1.1.1.0.0.searchglobal.0.ini/0.1.1.1.0.0.searchglobal.0_04.03.TSL.4.1.3_Small.final.json,/gpfs/projects/HeinzGroup/asoubki/FlexFringe/data/MLRegTest/Large/04.03.TSL.4.1.3_Dev.txt,2025-12-29 22:54:33.586371
0.1.1.1.0.0.searchglobal.0,Small,4,3,TSL,4,1,3,Train,0.847,0.8490945674044266,0.844,0.8465396188565697,0.153,/gpfs/projects/HeinzGroup/caffeine_underground/mlrt/FlexFringe/FlexFringe/models-ps-small/0.1.1.1.0.0.searchglobal.0.ini/0.1.1.1.0.0.searchglobal.0_04.03.TSL.4.1.3_Small.final.json,/gpfs/projects/HeinzGroup/asoubki/FlexFringe/data/MLRegTest/Small/04.03.TSL.4.1.3_Train.txt,2025-12-29 22:54:33.586371
0.1.1.1.0.0.searchglobal.0,Small,4,3,TSL,4,1,4,TestLR,0.50044,0.5085403726708074,0.0262,0.04983262325015216,0.49956,/gpfs/projects/HeinzGroup/caffeine_underground/mlrt/FlexFringe/FlexFringe/models-ps-small/0.1.1.1.0.0.searchglobal.0.ini/0.1.1.1.0.0.searchglobal.0_04.03.TSL.4.1.4_Small.final.json,/gpfs/projects/HeinzGroup/asoubki/FlexFringe/data/MLRegTest/Large/04.03.TSL.4.1.4_TestLR.txt,2025-12-29 22:15:47.072171
0.1.1.1.0.0.searchglobal.0,Small,4,3,TSL,4,1,4,TestSR,0.50044,0.508695652173913,0.02574,0.049000571102227296,0.49956,/gpfs/projects/HeinzGroup/caffeine_underground/mlrt/FlexFringe/FlexFringe/models-ps-small/0.1.1.1.0.0.searchglobal.0.ini/0.1.1.1.0.0.searchglobal.0_04.03.TSL.4.1.4_Small.final.json,/gpfs/projects/HeinzGroup/asoubki/FlexFringe/data/MLRegTest/Large/04.03.TSL.4.1.4_TestSR.txt,2025-12-29 22:15:47.072171
0.1.1.1.0.0.searchglobal.0,Small,4,3,TSL,4,1,4,TestLA,0.50261,0.5465905033916458,0.03062,0.05799132592185754,0.49739,/gpfs/projects/HeinzGroup/caffeine_underground/mlrt/FlexFringe/FlexFringe/models-ps-small/0.1.1.1.0.0.searchglobal.0.ini/0.1.1.1.0.0.searchglobal.0_04.03.TSL.4.1.4_Small.final.json,/gpfs/projects/HeinzGroup/asoubki/FlexFringe/data/MLRegTest/Large/04.03.TSL.4.1.4_TestLA.txt,2025-12-29 22:15:47.072171
0.1.1.1.0.0.searchglobal.0,Small,4,3,TSL,4,1,4,TestSA,0.50336,0.559871703492516,0.03142,0.05950081430140514,0.49664,/gpfs/projects/HeinzGroup/caffeine_underground/mlrt/FlexFringe/FlexFringe/models-ps-small/0.1.1.1.0.0.searchglobal.0.ini/0.1.1.1.0.0.searchglobal.0_04.03.TSL.4.1.4_Small.final.json,/gpfs/projects/HeinzGroup/asoubki/FlexFringe/data/MLRegTest/Large/04.03.TSL.4.1.4_TestSA.txt,2025-12-29 22:15:47.072171
0.1.1.1.0.0.searchglobal.0,Small,4,3,TSL,4,1,4,Dev,0.50034,0.5066510172143975,0.0259,0.04928076718167288,0.49966,/gpfs/projects/HeinzGroup/caffeine_underground/mlrt/FlexFringe/FlexFringe/models-ps-small/0.1.1.1.0.0.searchglobal.0.ini/0.1.1.1.0.0.searchglobal.0_04.03.TSL.4.1.4_Small.final.json,/gpfs/projects/HeinzGroup/asoubki/FlexFringe/data/MLRegTest/Large/04.03.TSL.4.1.4_Dev.txt,2025-12-29 22:15:47.072171
0.1.1.1.0.0.searchglobal.0,Small,4,3,TSL,4,1,4,Train,0.501,0.5185185185185185,0.028,0.05313092979127135,0.499,/gpfs/projects/HeinzGroup/caffeine_underground/mlrt/FlexFringe/FlexFringe/models-ps-small/0.1.1.1.0.0.searchglobal.0.ini/0.1.1.1.0.0.searchglobal.0_04.03.TSL.4.1.4_Small.final.json,/gpfs/projects/HeinzGroup/asoubki/FlexFringe/data/MLRegTest/Small/04.03.TSL.4.1.4_Train.txt,2025-12-29 22:15:47.072171
0.1.1.1.0.0.searchglobal.0,Small,4,3,TSL,4,1,5,TestSA,0.50018,0.5021196420160151,0.04264,0.07860487409209896,0.49982,/gpfs/projects/HeinzGroup/caffeine_underground/mlrt/FlexFringe/FlexFringe/models-ps-small/0.1.1.1.0.0.searchglobal.0.ini/0.1.1.1.0.0.searchglobal.0_04.03.TSL.4.1.5_Small.final.json,/gpfs/projects/HeinzGroup/asoubki/FlexFringe/data/MLRegTest/Large/04.03.TSL.4.1.5_TestSA.txt,2025-12-29 22:40:39.018179
0.1.1.1.0.0.searchglobal.0,Small,4,3,TSL,4,1,5,TestLA,0.50027,0.5031697581591923,0.04286,0.07899150371366963,0.49973,/gpfs/projects/HeinzGroup/caffeine_underground/mlrt/FlexFringe/FlexFringe/models-ps-small/0.1.1.1.0.0.searchglobal.0.ini/0.1.1.1.0.0.searchglobal.0_04.03.TSL.4.1.5_Small.final.json,/gpfs/projects/HeinzGroup/asoubki/FlexFringe/data/MLRegTest/Large/04.03.TSL.4.1.5_TestLA.txt,2025-12-29 22:40:39.018179
0.1.1.1.0.0.searchglobal.0,Small,4,3,TSL,4,1,5,TestLR,0.50053,0.5061017729679945,0.04396,0.0808935833502015,0.49947,/gpfs/projects/HeinzGroup/caffeine_underground/mlrt/FlexFringe/FlexFringe/models-ps-small/0.1.1.1.0.0.searchglobal.0.ini/0.1.1.1.0.0.searchglobal.0_04.03.TSL.4.1.5_Small.final.json,/gpfs/projects/HeinzGroup/asoubki/FlexFringe/data/MLRegTest/Large/04.03.TSL.4.1.5_TestLR.txt,2025-12-29 22:40:39.018179
0.1.1.1.0.0.searchglobal.0,Small,4,3,TSL,4,1,5,TestSR,0.5001,0.5011368804001819,0.04408,0.08103239089672415,0.4999,/gpfs/projects/HeinzGroup/caffeine_underground/mlrt/FlexFringe/FlexFringe/models-ps-small/0.1.1.1.0.0.searchglobal.0.ini/0.1.1.1.0.0.searchglobal.0_04.03.TSL.4.1.5_Small.final.json,/gpfs/projects/HeinzGroup/asoubki/FlexFringe/data/MLRegTest/Large/04.03.TSL.4.1.5_TestSR.txt,2025-12-29 22:40:39.018179
0.1.1.1.0.0.searchglobal.0,Small,4,3,TSL,4,1,5,Dev,0.50013,0.5014898005959202,0.04376,0.0804959255375899,0.49987,/gpfs/projects/HeinzGroup/caffeine_underground/mlrt/FlexFringe/FlexFringe/models-ps-small/0.1.1.1.0.0.searchglobal.0.ini/0.1.1.1.0.0.searchglobal.0_04.03.TSL.4.1.5_Small.final.json,/gpfs/projects/HeinzGroup/asoubki/FlexFringe/data/MLRegTest/Large/04.03.TSL.4.1.5_Dev.txt,2025-12-29 22:40:39.018179
0.1.1.1.0.0.searchglobal.0,Small,4,3,TSL,4,1,5,Train,0.506,0.5576923076923077,0.058,0.10507246376811594,0.494,/gpfs/projects/HeinzGroup/caffeine_underground/mlrt/FlexFringe/FlexFringe/models-ps-small/0.1.1.1.0.0.searchglobal.0.ini/0.1.1.1.0.0.searchglobal.0_04.03.TSL.4.1.5_Small.final.json,/gpfs/projects/HeinzGroup/asoubki/FlexFringe/data/MLRegTest/Small/04.03.TSL.4.1.5_Train.txt,2025-12-29 22:40:39.018179
0.1.1.1.0.0.searchglobal.0,Small,4,3,TSL,4,1,6,TestSR,0.50054,0.5061700182815356,0.0443,0.08146976607326761,0.49946,/gpfs/projects/HeinzGroup/caffeine_underground/mlrt/FlexFringe/FlexFringe/models-ps-small/0.1.1.1.0.0.searchglobal.0.ini/0.1.1.1.0.0.searchglobal.0_04.03.TSL.4.1.6_Small.final.json,/gpfs/projects/HeinzGroup/asoubki/FlexFringe/data/MLRegTest/Large/04.03.TSL.4.1.6_TestSR.txt,2025-12-29 22:16:44.246217
0.1.1.1.0.0.searchglobal.0,Small,4,3,TSL,4,1,6,TestLR,0.49924,0.4912923923006416,0.04288,0.07887572658376867,0.50076,/gpfs/projects/HeinzGroup/caffeine_underground/mlrt/FlexFringe/FlexFringe/models-ps-small/0.1.1.1.0.0.searchglobal.0.ini/0.1.1.1.0.0.searchglobal.0_04.03.TSL.4.1.6_Small.final.json,/gpfs/projects/HeinzGroup/asoubki/FlexFringe/data/MLRegTest/Large/04.03.TSL.4.1.6_TestLR.txt,2025-12-29 22:16:44.246217
0.1.1.1.0.0.searchglobal.0,Small,4,3,TSL,4,1,6,TestLA,0.50076,0.5084973166368515,0.04548,0.08349243648112792,0.49924,/gpfs/projects/HeinzGroup/caffeine_underground/mlrt/FlexFringe/FlexFringe/models-ps-small/0.1.1.1.0.0.searchglobal.0.ini/0.1.1.1.0.0.searchglobal.0_04.03.TSL.4.1.6_Small.final.json,/gpfs/projects/HeinzGroup/asoubki/FlexFringe/data/MLRegTest/Large/04.03.TSL.4.1.6_TestLA.txt,2025-12-29 22:16:44.246217
0.1.1.1.0.0.searchglobal.0,Small,4,3,TSL,4,1,6,TestSA,0.50066,0.5073627844712182,0.04548,0.0834771117066187,0.49934,/gpfs/projects/HeinzGroup/caffeine_underground/mlrt/FlexFringe/FlexFringe/models-ps-small/0.1.1.1.0.0.searchglobal.0.ini/0.1.1.1.0.0.searchglobal.0_04.03.TSL.4.1.6_Small.final.json,/gpfs/projects/HeinzGroup/asoubki/FlexFringe/data/MLRegTest/Large/04.03.TSL.4.1.6_TestSA.txt,2025-12-29 22:16:44.246217
0.1.1.1.0.0.searchglobal.0,Small,4,3,TSL,4,1,6,Dev,0.50065,0.5073512779914047,0.04486,0.08243141434372761,0.49935,/gpfs/projects/HeinzGroup/caffeine_underground/mlrt/FlexFringe/FlexFringe/models-ps-small/0.1.1.1.0.0.searchglobal.0.ini/0.1.1.1.0.0.searchglobal.0_04.03.TSL.4.1.6_Small.final.json,/gpfs/projects/HeinzGroup/asoubki/FlexFringe/data/MLRegTest/Large/04.03.TSL.4.1.6_Dev.txt,2025-12-29 22:16:44.246217
0.1.1.1.0.0.searchglobal.0,Small,4,3,TSL,4,1,6,Train,0.501,0.5142857142857142,0.036,0.06728971962616823,0.499,/gpfs/projects/HeinzGroup/caffeine_underground/mlrt/FlexFringe/FlexFringe/models-ps-small/0.1.1.1.0.0.searchglobal.0.ini/0.1.1.1.0.0.searchglobal.0_04.03.TSL.4.1.6_Small.final.json,/gpfs/projects/HeinzGroup/asoubki/FlexFringe/data/MLRegTest/Small/04.03.TSL.4.1.6_Train.txt,2025-12-29 22:16:44.246217
0.1.1.1.0.0.searchglobal.0,Small,4,3,TSL,4,1,7,TestLR,0.49999,0.49980166600555337,0.0252,0.04798080767692923,0.50001,/gpfs/projects/HeinzGroup/caffeine_underground/mlrt/FlexFringe/FlexFringe/models-ps-small/0.1.1.1.0.0.searchglobal.0.ini/0.1.1.1.0.0.searchglobal.0_04.03.TSL.4.1.7_Small.final.json,/gpfs/projects/HeinzGroup/asoubki/FlexFringe/data/MLRegTest/Large/04.03.TSL.4.1.7_TestLR.txt,2025-12-29 22:35:50.942096
0.1.1.1.0.0.searchglobal.0,Small,4,3,TSL,4,1,7,TestSA,0.50297,0.5550611790878754,0.02994,0.05681537848454371,0.49703,/gpfs/projects/HeinzGroup/caffeine_underground/mlrt/FlexFringe/FlexFringe/models-ps-small/0.1.1.1.0.0.searchglobal.0.ini/0.1.1.1.0.0.searchglobal.0_04.03.TSL.4.1.7_Small.final.json,/gpfs/projects/HeinzGroup/asoubki/FlexFringe/data/MLRegTest/Large/04.03.TSL.4.1.7_TestSA.txt,2025-12-29 22:35:50.942096
0.1.1.1.0.0.searchglobal.0,Small,4,3,TSL,4,1,7,TestLA,0.50269,0.5474761736674902,0.03102,0.05871330418488445,0.49731,/gpfs/projects/HeinzGroup/caffeine_underground/mlrt/FlexFringe/FlexFringe/models-ps-small/0.1.1.1.0.0.searchglobal.0.ini/0.1.1.1.0.0.searchglobal.0_04.03.TSL.4.1.7_Small.final.json,/gpfs/projects/HeinzGroup/asoubki/FlexFringe/data/MLRegTest/Large/04.03.TSL.4.1.7_TestLA.txt,2025-12-29 22:35:50.942096
0.1.1.1.0.0.searchglobal.0,Small,4,3,TSL,4,1,7,TestSR,0.50039,0.5076983813659692,0.02572,0.04895970152094874,0.49961,/gpfs/projects/HeinzGroup/caffeine_underground/mlrt/FlexFringe/FlexFringe/models-ps-small/0.1.1.1.0.0.searchglobal.0.ini/0.1.1.1.0.0.searchglobal.0_04.03.TSL.4.1.7_Small.final.json,/gpfs/projects/HeinzGroup/asoubki/FlexFringe/data/MLRegTest/Large/04.03.TSL.4.1.7_TestSR.txt,2025-12-29 22:35:50.942096
0.1.1.1.0.0.searchglobal.0,Small,4,3,TSL,4,1,7,Dev,0.50044,0.5087025316455697,0.02572,0.048964361864148646,0.49956,/gpfs/projects/HeinzGroup/caffeine_underground/mlrt/FlexFringe/FlexFringe/models-ps-small/0.1.1.1.0.0.searchglobal.0.ini/0.1.1.1.0.0.searchglobal.0_04.03.TSL.4.1.7_Small.final.json,/gpfs/projects/HeinzGroup/asoubki/FlexFringe/data/MLRegTest/Large/04.03.TSL.4.1.7_Dev.txt,2025-12-29 22:35:50.942096
0.1.1.1.0.0.searchglobal.0,Small,4,3,TSL,4,1,7,Train,0.498,0.4583333333333333,0.022,0.04198473282442748,0.502,/gpfs/projects/HeinzGroup/caffeine_underground/mlrt/FlexFringe/FlexFringe/models-ps-small/0.1.1.1.0.0.searchglobal.0.ini/0.1.1.1.0.0.searchglobal.0_04.03.TSL.4.1.7_Small.final.json,/gpfs/projects/HeinzGroup/asoubki/FlexFringe/data/MLRegTest/Small/04.03.TSL.4.1.7_Train.txt,2025-12-29 22:35:50.942096
0.1.1.1.0.0.searchglobal.0,Small,4,3,TSL,4,1,8,TestLA,0.48526,0.34075194468452896,0.03154,0.057735959581167166,0.51474,/gpfs/projects/HeinzGroup/caffeine_underground/mlrt/FlexFringe/FlexFringe/models-ps-small/0.1.1.1.0.0.searchglobal.0.ini/0.1.1.1.0.0.searchglobal.0_04.03.TSL.4.1.8_Small.final.json,/gpfs/projects/HeinzGroup/asoubki/FlexFringe/data/MLRegTest/Large/04.03.TSL.4.1.8_TestLA.txt,2025-12-29 23:21:10.198742
0.1.1.1.0.0.searchglobal.0,Small,4,3,TSL,4,1,8,TestSR,0.48177,0.30223475808201344,0.02786,0.051017231591862146,0.51823,/gpfs/projects/HeinzGroup/caffeine_underground/mlrt/FlexFringe/FlexFringe/models-ps-small/0.1.1.1.0.0.searchglobal.0.ini/0.1.1.1.0.0.searchglobal.0_04.03.TSL.4.1.8_Small.final.json,/gpfs/projects/HeinzGroup/asoubki/FlexFringe/data/MLRegTest/Large/04.03.TSL.4.1.8_TestSR.txt,2025-12-29 23:21:10.198742
0.1.1.1.0.0.searchglobal.0,Small,4,3,TSL,4,1,8,TestLR,0.4814,0.2942477876106195,0.0266,0.04878943506969919,0.5186,/gpfs/projects/HeinzGroup/caffeine_underground/mlrt/FlexFringe/FlexFringe/models-ps-small/0.1.1.1.0.0.searchglobal.0.ini/0.1.1.1.0.0.searchglobal.0_04.03.TSL.4.1.8_Small.final.json,/gpfs/projects/HeinzGroup/asoubki/FlexFringe/data/MLRegTest/Large/04.03.TSL.4.1.8_TestLR.txt,2025-12-29 23:21:10.198742
0.1.1.1.0.0.searchglobal.0,Small,4,3,TSL,4,1,8,TestSA,0.48547,0.34127157526764257,0.03124,0.057240229400663284,0.51453,/gpfs/projects/HeinzGroup/caffeine_underground/mlrt/FlexFringe/FlexFringe/models-ps-small/0.1.1.1.0.0.searchglobal.0.ini/0.1.1.1.0.0.searchglobal.0_04.03.TSL.4.1.8_Small.final.json,/gpfs/projects/HeinzGroup/asoubki/FlexFringe/data/MLRegTest/Large/04.03.TSL.4.1.8_TestSA.txt,2025-12-29 23:21:10.198742
0.1.1.1.0.0.searchglobal.0,Small,4,3,TSL,4,1,8,Dev,0.48166,0.29837291116974496,0.02714,0.0497543447972428,0.51834,/gpfs/projects/HeinzGroup/caffeine_underground/mlrt/FlexFringe/FlexFringe/models-ps-small/0.1.1.1.0.0.searchglobal.0.ini/0.1.1.1.0.0.searchglobal.0_04.03.TSL.4.1.8_Small.final.json,/gpfs/projects/HeinzGroup/asoubki/FlexFringe/data/MLRegTest/Large/04.03.TSL.4.1.8_Dev.txt,2025-12-29 23:21:10.198742
0.1.1.1.0.0.searchglobal.0,Small,4,3,TSL,4,1,8,Train,0.472,0.29411764705882354,0.04,0.07042253521126761,0.528,/gpfs/projects/HeinzGroup/caffeine_underground/mlrt/FlexFringe/FlexFringe/models-ps-small/0.1.1.1.0.0.searchglobal.0.ini/0.1.1.1.0.0.searchglobal.0_04.03.TSL.4.1.8_Small.final.json,/gpfs/projects/HeinzGroup/asoubki/FlexFringe/data/MLRegTest/Small/04.03.TSL.4.1.8_Train.txt,2025-12-29 23:21:10.198742
0.1.1.1.0.0.searchglobal.0,Small,4,3,TSL,4,1,9,TestSR,0.49408,0.0,0.0,0.0,0.50592,/gpfs/projects/HeinzGroup/caffeine_underground/mlrt/FlexFringe/FlexFringe/models-ps-small/0.1.1.1.0.0.searchglobal.0.ini/0.1.1.1.0.0.searchglobal.0_04.03.TSL.4.1.9_Small.final.json,/gpfs/projects/HeinzGroup/asoubki/FlexFringe/data/MLRegTest/Large/04.03.TSL.4.1.9_TestSR.txt,2025-12-29 23:21:49.567511
0.1.1.1.0.0.searchglobal.0,Small,4,3,TSL,4,1,9,TestLA,0.5,0.0,0.0,0.0,0.5,/gpfs/projects/HeinzGroup/caffeine_underground/mlrt/FlexFringe/FlexFringe/models-ps-small/0.1.1.1.0.0.searchglobal.0.ini/0.1.1.1.0.0.searchglobal.0_04.03.TSL.4.1.9_Small.final.json,/gpfs/projects/HeinzGroup/asoubki/FlexFringe/data/MLRegTest/Large/04.03.TSL.4.1.9_TestLA.txt,2025-12-29 23:21:49.567511
0.1.1.1.0.0.searchglobal.0,Small,4,3,TSL,4,1,9,TestLR,0.4902,0.0,0.0,0.0,0.5098,/gpfs/projects/HeinzGroup/caffeine_underground/mlrt/FlexFringe/FlexFringe/models-ps-small/0.1.1.1.0.0.searchglobal.0.ini/0.1.1.1.0.0.searchglobal.0_04.03.TSL.4.1.9_Small.final.json,/gpfs/projects/HeinzGroup/asoubki/FlexFringe/data/MLRegTest/Large/04.03.TSL.4.1.9_TestLR.txt,2025-12-29 23:21:49.567511
0.1.1.1.0.0.searchglobal.0,Small,4,3,TSL,4,1,9,TestSA,0.5,0.0,0.0,0.0,0.5,/gpfs/projects/HeinzGroup/caffeine_underground/mlrt/FlexFringe/FlexFringe/models-ps-small/0.1.1.1.0.0.searchglobal.0.ini/0.1.1.1.0.0.searchglobal.0_04.03.TSL.4.1.9_Small.final.json,/gpfs/projects/HeinzGroup/asoubki/FlexFringe/data/MLRegTest/Large/04.03.TSL.4.1.9_TestSA.txt,2025-12-29 23:21:49.567511
0.1.1.1.0.0.searchglobal.0,Small,4,3,TSL,4,1,9,Dev,0.4938,0.0,0.0,0.0,0.5062,/gpfs/projects/HeinzGroup/caffeine_underground/mlrt/FlexFringe/FlexFringe/models-ps-small/0.1.1.1.0.0.searchglobal.0.ini/0.1.1.1.0.0.searchglobal.0_04.03.TSL.4.1.9_Small.final.json,/gpfs/projects/HeinzGroup/asoubki/FlexFringe/data/MLRegTest/Large/04.03.TSL.4.1.9_Dev.txt,2025-12-29 23:21:49.567511
0.1.1.1.0.0.searchglobal.0,Small,4,3,TSL,4,1,9,Train,0.489,0.0,0.0,0.0,0.511,/gpfs/projects/HeinzGroup/caffeine_underground/mlrt/FlexFringe/FlexFringe/models-ps-small/0.1.1.1.0.0.searchglobal.0.ini/0.1.1.1.0.0.searchglobal.0_04.03.TSL.4.1.9_Small.final.json,/gpfs/projects/HeinzGroup/asoubki/FlexFringe/data/MLRegTest/Small/04.03.TSL.4.1.9_Train.txt,2025-12-29 23:21:49.567511
0.1.1.1.0.0.searchglobal.0,Small,4,3,TSL,6,1,0,TestSR,1.0,1.0,1.0,1.0,0.0,/gpfs/projects/HeinzGroup/caffeine_underground/mlrt/FlexFringe/FlexFringe/models-ps-small/0.1.1.1.0.0.searchglobal.0.ini/0.1.1.1.0.0.searchglobal.0_04.03.TSL.6.1.0_Small.final.json,/gpfs/projects/HeinzGroup/asoubki/FlexFringe/data/MLRegTest/Large/04.03.TSL.6.1.0_TestSR.txt,2025-12-29 22:18:24.918009
0.1.1.1.0.0.searchglobal.0,Small,4,3,TSL,6,1,0,TestSA,1.0,1.0,1.0,1.0,0.0,/gpfs/projects/HeinzGroup/caffeine_underground/mlrt/FlexFringe/FlexFringe/models-ps-small/0.1.1.1.0.0.searchglobal.0.ini/0.1.1.1.0.0.searchglobal.0_04.03.TSL.6.1.0_Small.final.json,/gpfs/projects/HeinzGroup/asoubki/FlexFringe/data/MLRegTest/Large/04.03.TSL.6.1.0_TestSA.txt,2025-12-29 22:18:24.918009
0.1.1.1.0.0.searchglobal.0,Small,4,3,TSL,6,1,0,TestLR,1.0,1.0,1.0,1.0,0.0,/gpfs/projects/HeinzGroup/caffeine_underground/mlrt/FlexFringe/FlexFringe/models-ps-small/0.1.1.1.0.0.searchglobal.0.ini/0.1.1.1.0.0.searchglobal.0_04.03.TSL.6.1.0_Small.final.json,/gpfs/projects/HeinzGroup/asoubki/FlexFringe/data/MLRegTest/Large/04.03.TSL.6.1.0_TestLR.txt,2025-12-29 22:18:24.918009
0.1.1.1.0.0.searchglobal.0,Small,4,3,TSL,6,1,0,TestLA,1.0,1.0,1.0,1.0,0.0,/gpfs/projects/HeinzGroup/caffeine_underground/mlrt/FlexFringe/FlexFringe/models-ps-small/0.1.1.1.0.0.searchglobal.0.ini/0.1.1.1.0.0.searchglobal.0_04.03.TSL.6.1.0_Small.final.json,/gpfs/projects/HeinzGroup/asoubki/FlexFringe/data/MLRegTest/Large/04.03.TSL.6.1.0_TestLA.txt,2025-12-29 22:18:24.918009
0.1.1.1.0.0.searchglobal.0,Small,4,3,TSL,6,1,0,Dev,1.0,1.0,1.0,1.0,0.0,/gpfs/projects/HeinzGroup/caffeine_underground/mlrt/FlexFringe/FlexFringe/models-ps-small/0.1.1.1.0.0.searchglobal.0.ini/0.1.1.1.0.0.searchglobal.0_04.03.TSL.6.1.0_Small.final.json,/gpfs/projects/HeinzGroup/asoubki/FlexFringe/data/MLRegTest/Large/04.03.TSL.6.1.0_Dev.txt,2025-12-29 22:18:24.918009
0.1.1.1.0.0.searchglobal.0,Small,4,3,TSL,6,1,0,Train,1.0,1.0,1.0,1.0,0.0,/gpfs/projects/HeinzGroup/caffeine_underground/mlrt/FlexFringe/FlexFringe/models-ps-small/0.1.1.1.0.0.searchglobal.0.ini/0.1.1.1.0.0.searchglobal.0_04.03.TSL.6.1.0_Small.final.json,/gpfs/projects/HeinzGroup/asoubki/FlexFringe/data/MLRegTest/Small/04.03.TSL.6.1.0_Train.txt,2025-12-29 22:18:24.918009
0.1.1.1.0.0.searchglobal.0,Small,4,3,TSL,6,1,1,TestLA,0.698,0.6387098582077005,0.91172,0.7511781959595294,0.302,/gpfs/projects/HeinzGroup/caffeine_underground/mlrt/FlexFringe/FlexFringe/models-ps-small/0.1.1.1.0.0.searchglobal.0.ini/0.1.1.1.0.0.searchglobal.0_04.03.TSL.6.1.1_Small.final.json,/gpfs/projects/HeinzGroup/asoubki/FlexFringe/data/MLRegTest/Large/04.03.TSL.6.1.1_TestLA.txt,2025-12-29 23:19:36.143366
0.1.1.1.0.0.searchglobal.0,Small,4,3,TSL,6,1,1,TestSA,0.69488,0.6346339845800978,0.91862,0.7506659911419092,0.30512,/gpfs/projects/HeinzGroup/caffeine_underground/mlrt/FlexFringe/FlexFringe/models-ps-small/0.1.1.1.0.0.searchglobal.0.ini/0.1.1.1.0.0.searchglobal.0_04.03.TSL.6.1.1_Small.final.json,/gpfs/projects/HeinzGroup/asoubki/FlexFringe/data/MLRegTest/Large/04.03.TSL.6.1.1_TestSA.txt,2025-12-29 23:19:36.143366
0.1.1.1.0.0.searchglobal.0,Small,4,3,TSL,6,1,1,TestSR,0.73301,0.6535850350000659,0.99158,0.7878624152808346,0.26699,/gpfs/projects/HeinzGroup/caffeine_underground/mlrt/FlexFringe/FlexFringe/models-ps-small/0.1.1.1.0.0.searchglobal.0.ini/0.1.1.1.0.0.searchglobal.0_04.03.TSL.6.1.1_Small.final.json,/gpfs/projects/HeinzGroup/asoubki/FlexFringe/data/MLRegTest/Large/04.03.TSL.6.1.1_TestSR.txt,2025-12-29 23:19:36.143366
0.1.1.1.0.0.searchglobal.0,Small,4,3,TSL,6,1,1,TestLR,0.73837,0.6599390759403642,0.98356,0.7898874870501691,0.26163,/gpfs/projects/HeinzGroup/caffeine_underground/mlrt/FlexFringe/FlexFringe/models-ps-small/0.1.1.1.0.0.searchglobal.0.ini/0.1.1.1.0.0.searchglobal.0_04.03.TSL.6.1.1_Small.final.json,/gpfs/projects/HeinzGroup/asoubki/FlexFringe/data/MLRegTest/Large/04.03.TSL.6.1.1_TestLR.txt,2025-12-29 23:19:36.143366
0.1.1.1.0.0.searchglobal.0,Small,4,3,TSL,6,1,1,Dev,0.73155,0.6523816418126538,0.99132,0.786905546250506,0.26845,/gpfs/projects/HeinzGroup/caffeine_underground/mlrt/FlexFringe/FlexFringe/models-ps-small/0.1.1.1.0.0.searchglobal.0.ini/0.1.1.1.0.0.searchglobal.0_04.03.TSL.6.1.1_Small.final.json,/gpfs/projects/HeinzGroup/asoubki/FlexFringe/data/MLRegTest/Large/04.03.TSL.6.1.1_Dev.txt,2025-12-29 23:19:36.143366
0.1.1.1.0.0.searchglobal.0,Small,4,3,TSL,6,1,1,Train,0.726,0.6479057591623036,0.99,0.7832278481012658,0.274,/gpfs/projects/HeinzGroup/caffeine_underground/mlrt/FlexFringe/FlexFringe/models-ps-small/0.1.1.1.0.0.searchglobal.0.ini/0.1.1.1.0.0.searchglobal.0_04.03.TSL.6.1.1_Small.final.json,/gpfs/projects/HeinzGroup/asoubki/FlexFringe/data/MLRegTest/Small/04.03.TSL.6.1.1_Train.txt,2025-12-29 23:19:36.143366
0.1.1.1.0.0.searchglobal.0,Small,4,3,TSL,6,1,2,TestLA,0.7131,0.7534490960989534,0.6335,0.6882877009995654,0.2869,/gpfs/projects/HeinzGroup/caffeine_underground/mlrt/FlexFringe/FlexFringe/models-ps-small/0.1.1.1.0.0.searchglobal.0.ini/0.1.1.1.0.0.searchglobal.0_04.03.TSL.6.1.2_Small.final.json,/gpfs/projects/HeinzGroup/asoubki/FlexFringe/data/MLRegTest/Large/04.03.TSL.6.1.2_TestLA.txt,2025-12-29 23:19:07.787948
0.1.1.1.0.0.searchglobal.0,Small,4,3,TSL,6,1,2,TestSA,0.75188,0.8056499368993302,0.66392,0.7279505284855927,0.24812,/gpfs/projects/HeinzGroup/caffeine_underground/mlrt/FlexFringe/FlexFringe/models-ps-small/0.1.1.1.0.0.searchglobal.0.ini/0.1.1.1.0.0.searchglobal.0_04.03.TSL.6.1.2_Small.final.json,/gpfs/projects/HeinzGroup/asoubki/FlexFringe/data/MLRegTest/Large/04.03.TSL.6.1.2_TestSA.txt,2025-12-29 23:19:07.787948
0.1.1.1.0.0.searchglobal.0,Small,4,3,TSL,6,1,2,TestSR,0.86527,0.8526384893128149,0.88318,0.8676405576131485,0.13473,/gpfs/projects/HeinzGroup/caffeine_underground/mlrt/FlexFringe/FlexFringe/models-ps-small/0.1.1.1.0.0.searchglobal.0.ini/0.1.1.1.0.0.searchglobal.0_04.03.TSL.6.1.2_Small.final.json,/gpfs/projects/HeinzGroup/asoubki/FlexFringe/data/MLRegTest/Large/04.03.TSL.6.1.2_TestSR.txt,2025-12-29 23:19:07.787948
0.1.1.1.0.0.searchglobal.0,Small,4,3,TSL,6,1,2,TestLR,0.80914,0.8040561806593752,0.8175,0.8107223610615256,0.19086,/gpfs/projects/HeinzGroup/caffeine_underground/mlrt/FlexFringe/FlexFringe/models-ps-small/0.1.1.1.0.0.searchglobal.0.ini/0.1.1.1.0.0.searchglobal.0_04.03.TSL.6.1.2_Small.final.json,/gpfs/projects/HeinzGroup/asoubki/FlexFringe/data/MLRegTest/Large/04.03.TSL.6.1.2_TestLR.txt,2025-12-29 23:19:07.787948
0.1.1.1.0.0.searchglobal.0,Small,4,3,TSL,6,1,2,Dev,0.8639,0.8497827675035564,0.88408,0.8665921700092141,0.1361,/gpfs/projects/HeinzGroup/caffeine_underground/mlrt/FlexFringe/FlexFringe/models-ps-small/0.1.1.1.0.0.searchglobal.0.ini/0.1.1.1.0.0.searchglobal.0_04.03.TSL.6.1.2_Small.final.json,/gpfs/projects/HeinzGroup/asoubki/FlexFringe/data/MLRegTest/Large/04.03.TSL.6.1.2_Dev.txt,2025-12-29 23:19:07.787948
0.1.1.1.0.0.searchglobal.0,Small,4,3,TSL,6,1,2,Train,0.88,0.8571428571428571,0.912,0.8837209302325582,0.12,/gpfs/projects/HeinzGroup/caffeine_underground/mlrt/FlexFringe/FlexFringe/models-ps-small/0.1.1.1.0.0.searchglobal.0.ini/0.1.1.1.0.0.searchglobal.0_04.03.TSL.6.1.2_Small.final.json,/gpfs/projects/HeinzGroup/asoubki/FlexFringe/data/MLRegTest/Small/04.03.TSL.6.1.2_Train.txt,2025-12-29 23:19:07.787948
0.1.1.1.0.0.searchglobal.0,Small,4,3,TSL,6,1,3,TestLR,0.68313,0.6756036284832097,0.70456,0.6897780562544668,0.31687,/gpfs/projects/HeinzGroup/caffeine_underground/mlrt/FlexFringe/FlexFringe/models-ps-small/0.1.1.1.0.0.searchglobal.0.ini/0.1.1.1.0.0.searchglobal.0_04.03.TSL.6.1.3_Small.final.json,/gpfs/projects/HeinzGroup/asoubki/FlexFringe/data/MLRegTest/Large/04.03.TSL.6.1.3_TestLR.txt,2025-12-29 23:25:56.076680
0.1.1.1.0.0.searchglobal.0,Small,4,3,TSL,6,1,3,TestLA,0.5678,0.5798285687373428,0.49246,0.5325849501438367,0.4322,/gpfs/projects/HeinzGroup/caffeine_underground/mlrt/FlexFringe/FlexFringe/models-ps-small/0.1.1.1.0.0.searchglobal.0.ini/0.1.1.1.0.0.searchglobal.0_04.03.TSL.6.1.3_Small.final.json,/gpfs/projects/HeinzGroup/asoubki/FlexFringe/data/MLRegTest/Large/04.03.TSL.6.1.3_TestLA.txt,2025-12-29 23:25:56.076680
0.1.1.1.0.0.searchglobal.0,Small,4,3,TSL,6,1,3,TestSR,0.76688,0.7563196311947753,0.78748,0.7715853419557124,0.23312,/gpfs/projects/HeinzGroup/caffeine_underground/mlrt/FlexFringe/FlexFringe/models-ps-small/0.1.1.1.0.0.searchglobal.0.ini/0.1.1.1.0.0.searchglobal.0_04.03.TSL.6.1.3_Small.final.json,/gpfs/projects/HeinzGroup/asoubki/FlexFringe/data/MLRegTest/Large/04.03.TSL.6.1.3_TestSR.txt,2025-12-29 23:25:56.076680
0.1.1.1.0.0.searchglobal.0,Small,4,3,TSL,6,1,3,TestSA,0.59587,0.6278028101421068,0.47094,0.5381740889300285,0.40413,/gpfs/projects/HeinzGroup/caffeine_underground/mlrt/FlexFringe/FlexFringe/models-ps-small/0.1.1.1.0.0.searchglobal.0.ini/0.1.1.1.0.0.searchglobal.0_04.03.TSL.6.1.3_Small.final.json,/gpfs/projects/HeinzGroup/asoubki/FlexFringe/data/MLRegTest/Large/04.03.TSL.6.1.3_TestSA.txt,2025-12-29 23:25:56.076680
0.1.1.1.0.0.searchglobal.0,Small,4,3,TSL,6,1,3,Dev,0.76553,0.7544609487302348,0.78728,0.770521164668461,0.23447,/gpfs/projects/HeinzGroup/caffeine_underground/mlrt/FlexFringe/FlexFringe/models-ps-small/0.1.1.1.0.0.searchglobal.0.ini/0.1.1.1.0.0.searchglobal.0_04.03.TSL.6.1.3_Small.final.json,/gpfs/projects/HeinzGroup/asoubki/FlexFringe/data/MLRegTest/Large/04.03.TSL.6.1.3_Dev.txt,2025-12-29 23:25:56.076680
0.1.1.1.0.0.searchglobal.0,Small,4,3,TSL,6,1,3,Train,0.768,0.7648221343873518,0.774,0.7693836978131213,0.232,/gpfs/projects/HeinzGroup/caffeine_underground/mlrt/FlexFringe/FlexFringe/models-ps-small/0.1.1.1.0.0.searchglobal.0.ini/0.1.1.1.0.0.searchglobal.0_04.03.TSL.6.1.3_Small.final.json,/gpfs/projects/HeinzGroup/asoubki/FlexFringe/data/MLRegTest/Small/04.03.TSL.6.1.3_Train.txt,2025-12-29 23:25:56.076680
0.1.1.1.0.0.searchglobal.0,Small,4,3,TSL,6,1,4,TestSR,0.49991,0.48132780082987553,0.00232,0.004617742481240421,0.50009,/gpfs/projects/HeinzGroup/caffeine_underground/mlrt/FlexFringe/FlexFringe/models-ps-small/0.1.1.1.0.0.searchglobal.0.ini/0.1.1.1.0.0.searchglobal.0_04.03.TSL.6.1.4_Small.final.json,/gpfs/projects/HeinzGroup/asoubki/FlexFringe/data/MLRegTest/Large/04.03.TSL.6.1.4_TestSR.txt,2025-12-29 23:20:56.150701
0.1.1.1.0.0.searchglobal.0,Small,4,3,TSL,6,1,4,TestSA,0.50024,0.5428571428571428,0.00304,0.006046141607000796,0.49976,/gpfs/projects/HeinzGroup/caffeine_underground/mlrt/FlexFringe/FlexFringe/models-ps-small/0.1.1.1.0.0.searchglobal.0.ini/0.1.1.1.0.0.searchglobal.0_04.03.TSL.6.1.4_Small.final.json,/gpfs/projects/HeinzGroup/asoubki/FlexFringe/data/MLRegTest/Large/04.03.TSL.6.1.4_TestSA.txt,2025-12-29 23:20:56.150701
0.1.1.1.0.0.searchglobal.0,Small,4,3,TSL,6,1,4,TestLR,0.5001,0.5178571428571429,0.0029,0.005767700875099443,0.4999,/gpfs/projects/HeinzGroup/caffeine_underground/mlrt/FlexFringe/FlexFringe/models-ps-small/0.1.1.1.0.0.searchglobal.0.ini/0.1.1.1.0.0.searchglobal.0_04.03.TSL.6.1.4_Small.final.json,/gpfs/projects/HeinzGroup/asoubki/FlexFringe/data/MLRegTest/Large/04.03.TSL.6.1.4_TestLR.txt,2025-12-29 23:20:56.150701
0.1.1.1.0.0.searchglobal.0,Small,4,3,TSL,6,1,4,TestLA,0.50031,0.555956678700361,0.00308,0.006126061618632775,0.49969,/gpfs/projects/HeinzGroup/caffeine_underground/mlrt/FlexFringe/FlexFringe/models-ps-small/0.1.1.1.0.0.searchglobal.0.ini/0.1.1.1.0.0.searchglobal.0_04.03.TSL.6.1.4_Small.final.json,/gpfs/projects/HeinzGroup/asoubki/FlexFringe/data/MLRegTest/Large/04.03.TSL.6.1.4_TestLA.txt,2025-12-29 23:20:56.150701
0.1.1.1.0.0.searchglobal.0,Small,4,3,TSL,6,1,4,Dev,0.50003,0.5058365758754864,0.0026,0.005173408679387946,0.49997,/gpfs/projects/HeinzGroup/caffeine_underground/mlrt/FlexFringe/FlexFringe/models-ps-small/0.1.1.1.0.0.searchglobal.0.ini/0.1.1.1.0.0.searchglobal.0_04.03.TSL.6.1.4_Small.final.json,/gpfs/projects/HeinzGroup/asoubki/FlexFringe/data/MLRegTest/Large/04.03.TSL.6.1.4_Dev.txt,2025-12-29 23:20:56.150701
0.1.1.1.0.0.searchglobal.0,Small,4,3,TSL,6,1,4,Train,0.5,0.5,0.002,0.00398406374501992,0.5,/gpfs/projects/HeinzGroup/caffeine_underground/mlrt/FlexFringe/FlexFringe/models-ps-small/0.1.1.1.0.0.searchglobal.0.ini/0.1.1.1.0.0.searchglobal.0_04.03.TSL.6.1.4_Small.final.json,/gpfs/projects/HeinzGroup/asoubki/FlexFringe/data/MLRegTest/Small/04.03.TSL.6.1.4_Train.txt,2025-12-29 23:20:56.150701
0.1.1.1.0.0.searchglobal.0,Small,4,3,TSL,6,1,5,TestSR,0.49978,0.4765957446808511,0.00448,0.008876560332871012,0.50022,/gpfs/projects/HeinzGroup/caffeine_underground/mlrt/FlexFringe/FlexFringe/models-ps-small/0.1.1.1.0.0.searchglobal.0.ini/0.1.1.1.0.0.searchglobal.0_04.03.TSL.6.1.5_Small.final.json,/gpfs/projects/HeinzGroup/asoubki/FlexFringe/data/MLRegTest/Large/04.03.TSL.6.1.5_TestSR.txt,2025-12-29 22:10:33.331226
0.1.1.1.0.0.searchglobal.0,Small,4,3,TSL,6,1,5,TestSA,0.5,0.5,0.00474,0.009390973570551174,0.5,/gpfs/projects/HeinzGroup/caffeine_underground/mlrt/FlexFringe/FlexFringe/models-ps-small/0.1.1.1.0.0.searchglobal.0.ini/0.1.1.1.0.0.searchglobal.0_04.03.TSL.6.1.5_Small.final.json,/gpfs/projects/HeinzGroup/asoubki/FlexFringe/data/MLRegTest/Large/04.03.TSL.6.1.5_TestSA.txt,2025-12-29 22:10:33.331226
0.1.1.1.0.0.searchglobal.0,Small,4,3,TSL,6,1,5,TestLR,0.49988,0.4866666666666667,0.00438,0.008681863230921705,0.50012,/gpfs/projects/HeinzGroup/caffeine_underground/mlrt/FlexFringe/FlexFringe/models-ps-small/0.1.1.1.0.0.searchglobal.0.ini/0.1.1.1.0.0.searchglobal.0_04.03.TSL.6.1.5_Small.final.json,/gpfs/projects/HeinzGroup/asoubki/FlexFringe/data/MLRegTest/Large/04.03.TSL.6.1.5_TestLR.txt,2025-12-29 22:10:33.331226
0.1.1.1.0.0.searchglobal.0,Small,4,3,TSL,6,1,5,TestLA,0.50002,0.5022935779816514,0.00438,0.008684273138234595,0.49998,/gpfs/projects/HeinzGroup/caffeine_underground/mlrt/FlexFringe/FlexFringe/models-ps-small/0.1.1.1.0.0.searchglobal.0.ini/0.1.1.1.0.0.searchglobal.0_04.03.TSL.6.1.5_Small.final.json,/gpfs/projects/HeinzGroup/asoubki/FlexFringe/data/MLRegTest/Large/04.03.TSL.6.1.5_TestLA.txt,2025-12-29 22:10:33.331226
0.1.1.1.0.0.searchglobal.0,Small,4,3,TSL,6,1,5,Dev,0.49994,0.4940944881889764,0.00502,0.009939019561257622,0.50006,/gpfs/projects/HeinzGroup/caffeine_underground/mlrt/FlexFringe/FlexFringe/models-ps-small/0.1.1.1.0.0.searchglobal.0.ini/0.1.1.1.0.0.searchglobal.0_04.03.TSL.6.1.5_Small.final.json,/gpfs/projects/HeinzGroup/asoubki/FlexFringe/data/MLRegTest/Large/04.03.TSL.6.1.5_Dev.txt,2025-12-29 22:10:33.331226
0.1.1.1.0.0.searchglobal.0,Small,4,3,TSL,6,1,5,Train,0.5,0.5,0.002,0.00398406374501992,0.5,/gpfs/projects/HeinzGroup/caffeine_underground/mlrt/FlexFringe/FlexFringe/models-ps-small/0.1.1.1.0.0.searchglobal.0.ini/0.1.1.1.0.0.searchglobal.0_04.03.TSL.6.1.5_Small.final.json,/gpfs/projects/HeinzGroup/asoubki/FlexFringe/data/MLRegTest/Small/04.03.TSL.6.1.5_Train.txt,2025-12-29 22:10:33.331226
0.1.1.1.0.0.searchglobal.0,Small,4,3,TSL,6,1,6,TestSA,0.50001,0.5012594458438288,0.00398,0.00789729547393694,0.49999,/gpfs/projects/HeinzGroup/caffeine_underground/mlrt/FlexFringe/FlexFringe/models-ps-small/0.1.1.1.0.0.searchglobal.0.ini/0.1.1.1.0.0.searchglobal.0_04.03.TSL.6.1.6_Small.final.json,/gpfs/projects/HeinzGroup/asoubki/FlexFringe/data/MLRegTest/Large/04.03.TSL.6.1.6_TestSA.txt,2025-12-29 23:07:44.398570
0.1.1.1.0.0.searchglobal.0,Small,4,3,TSL,6,1,6,TestSR,0.49977,0.4693333333333333,0.00352,0.006987593052109181,0.50023,/gpfs/projects/HeinzGroup/caffeine_underground/mlrt/FlexFringe/FlexFringe/models-ps-small/0.1.1.1.0.0.searchglobal.0.ini/0.1.1.1.0.0.searchglobal.0_04.03.TSL.6.1.6_Small.final.json,/gpfs/projects/HeinzGroup/asoubki/FlexFringe/data/MLRegTest/Large/04.03.TSL.6.1.6_TestSR.txt,2025-12-29 23:07:44.398570
0.1.1.1.0.0.searchglobal.0,Small,4,3,TSL,6,1,6,TestLR,0.49983,0.4793187347931874,0.00394,0.007815754498026224,0.50017,/gpfs/projects/HeinzGroup/caffeine_underground/mlrt/FlexFringe/FlexFringe/models-ps-small/0.1.1.1.0.0.searchglobal.0.ini/0.1.1.1.0.0.searchglobal.0_04.03.TSL.6.1.6_Small.final.json,/gpfs/projects/HeinzGroup/asoubki/FlexFringe/data/MLRegTest/Large/04.03.TSL.6.1.6_TestLR.txt,2025-12-29 23:07:44.398570
0.1.1.1.0.0.searchglobal.0,Small,4,3,TSL,6,1,6,TestLA,0.5,0.5,0.0036,0.007148530579825258,0.5,/gpfs/projects/HeinzGroup/caffeine_underground/mlrt/FlexFringe/FlexFringe/models-ps-small/0.1.1.1.0.0.searchglobal.0.ini/0.1.1.1.0.0.searchglobal.0_04.03.TSL.6.1.6_Small.final.json,/gpfs/projects/HeinzGroup/asoubki/FlexFringe/data/MLRegTest/Large/04.03.TSL.6.1.6_TestLA.txt,2025-12-29 23:07:44.398570
0.1.1.1.0.0.searchglobal.0,Small,4,3,TSL,6,1,6,Dev,0.49976,0.4720930232558139,0.00406,0.008050763434463613,0.50024,/gpfs/projects/HeinzGroup/caffeine_underground/mlrt/FlexFringe/FlexFringe/models-ps-small/0.1.1.1.0.0.searchglobal.0.ini/0.1.1.1.0.0.searchglobal.0_04.03.TSL.6.1.6_Small.final.json,/gpfs/projects/HeinzGroup/asoubki/FlexFringe/data/MLRegTest/Large/04.03.TSL.6.1.6_Dev.txt,2025-12-29 23:07:44.398570
0.1.1.1.0.0.searchglobal.0,Small,4,3,TSL,6,1,6,Train,0.499,0.3333333333333333,0.002,0.003976143141153081,0.501,/gpfs/projects/HeinzGroup/caffeine_underground/mlrt/FlexFringe/FlexFringe/models-ps-small/0.1.1.1.0.0.searchglobal.0.ini/0.1.1.1.0.0.searchglobal.0_04.03.TSL.6.1.6_Small.final.json,/gpfs/projects/HeinzGroup/asoubki/FlexFringe/data/MLRegTest/Small/04.03.TSL.6.1.6_Train.txt,2025-12-29 23:07:44.398570
0.1.1.1.0.0.searchglobal.0,Small,4,3,TSL,6,1,7,TestSA,0.50027,0.5460750853242321,0.0032,0.006362714493070606,0.49973,/gpfs/projects/HeinzGroup/caffeine_underground/mlrt/FlexFringe/FlexFringe/models-ps-small/0.1.1.1.0.0.searchglobal.0.ini/0.1.1.1.0.0.searchglobal.0_04.03.TSL.6.1.7_Small.final.json,/gpfs/projects/HeinzGroup/asoubki/FlexFringe/data/MLRegTest/Large/04.03.TSL.6.1.7_TestSA.txt,2025-12-29 22:25:34.011753
0.1.1.1.0.0.searchglobal.0,Small,4,3,TSL,6,1,7,TestLA,0.50029,0.5451713395638629,0.0035,0.0069553466743506685,0.49971,/gpfs/projects/HeinzGroup/caffeine_underground/mlrt/FlexFringe/FlexFringe/models-ps-small/0.1.1.1.0.0.searchglobal.0.ini/0.1.1.1.0.0.searchglobal.0_04.03.TSL.6.1.7_Small.final.json,/gpfs/projects/HeinzGroup/asoubki/FlexFringe/data/MLRegTest/Large/04.03.TSL.6.1.7_TestLA.txt,2025-12-29 22:25:34.011753
0.1.1.1.0.0.searchglobal.0,Small,4,3,TSL,6,1,7,TestSR,0.49998,0.4966216216216216,0.00294,0.0058453952600604426,0.50002,/gpfs/projects/HeinzGroup/caffeine_underground/mlrt/FlexFringe/FlexFringe/models-ps-small/0.1.1.1.0.0.searchglobal.0.ini/0.1.1.1.0.0.searchglobal.0_04.03.TSL.6.1.7_Small.final.json,/gpfs/projects/HeinzGroup/asoubki/FlexFringe/data/MLRegTest/Large/04.03.TSL.6.1.7_TestSR.txt,2025-12-29 22:25:34.011753
0.1.1.1.0.0.searchglobal.0,Small,4,3,TSL,6,1,7,TestLR,0.49999,0.4982456140350877,0.00284,0.005647807497265586,0.50001,/gpfs/projects/HeinzGroup/caffeine_underground/mlrt/FlexFringe/FlexFringe/models-ps-small/0.1.1.1.0.0.searchglobal.0.ini/0.1.1.1.0.0.searchglobal.0_04.03.TSL.6.1.7_Small.final.json,/gpfs/projects/HeinzGroup/asoubki/FlexFringe/data/MLRegTest/Large/04.03.TSL.6.1.7_TestLR.txt,2025-12-29 22:25:34.011753
0.1.1.1.0.0.searchglobal.0,Small,4,3,TSL,6,1,7,Dev,0.49974,0.45751633986928103,0.0028,0.005565936468810878,0.50026,/gpfs/projects/HeinzGroup/caffeine_underground/mlrt/FlexFringe/FlexFringe/models-ps-small/0.1.1.1.0.0.searchglobal.0.ini/0.1.1.1.0.0.searchglobal.0_04.03.TSL.6.1.7_Small.final.json,/gpfs/projects/HeinzGroup/asoubki/FlexFringe/data/MLRegTest/Large/04.03.TSL.6.1.7_Dev.txt,2025-12-29 22:25:34.011753
0.1.1.1.0.0.searchglobal.0,Small,4,3,TSL,6,1,7,Train,0.499,0.0,0.0,0.0,0.501,/gpfs/projects/HeinzGroup/caffeine_underground/mlrt/FlexFringe/FlexFringe/models-ps-small/0.1.1.1.0.0.searchglobal.0.ini/0.1.1.1.0.0.searchglobal.0_04.03.TSL.6.1.7_Small.final.json,/gpfs/projects/HeinzGroup/asoubki/FlexFringe/data/MLRegTest/Small/04.03.TSL.6.1.7_Train.txt,2025-12-29 22:25:34.011753
0.1.1.1.0.0.searchglobal.0,Small,4,3,TSL,6,1,8,TestSA,0.49774,0.0,0.0,0.0,0.50226,/gpfs/projects/HeinzGroup/caffeine_underground/mlrt/FlexFringe/FlexFringe/models-ps-small/0.1.1.1.0.0.searchglobal.0.ini/0.1.1.1.0.0.searchglobal.0_04.03.TSL.6.1.8_Small.final.json,/gpfs/projects/HeinzGroup/asoubki/FlexFringe/data/MLRegTest/Large/04.03.TSL.6.1.8_TestSA.txt,2025-12-29 23:02:17.274225
0.1.1.1.0.0.searchglobal.0,Small,4,3,TSL,6,1,8,TestLA,0.49799,0.0,0.0,0.0,0.50201,/gpfs/projects/HeinzGroup/caffeine_underground/mlrt/FlexFringe/FlexFringe/models-ps-small/0.1.1.1.0.0.searchglobal.0.ini/0.1.1.1.0.0.searchglobal.0_04.03.TSL.6.1.8_Small.final.json,/gpfs/projects/HeinzGroup/asoubki/FlexFringe/data/MLRegTest/Large/04.03.TSL.6.1.8_TestLA.txt,2025-12-29 23:02:17.274225
0.1.1.1.0.0.searchglobal.0,Small,4,3,TSL,6,1,8,TestSR,0.49799,0.0,0.0,0.0,0.50201,/gpfs/projects/HeinzGroup/caffeine_underground/mlrt/FlexFringe/FlexFringe/models-ps-small/0.1.1.1.0.0.searchglobal.0.ini/0.1.1.1.0.0.searchglobal.0_04.03.TSL.6.1.8_Small.final.json,/gpfs/projects/HeinzGroup/asoubki/FlexFringe/data/MLRegTest/Large/04.03.TSL.6.1.8_TestSR.txt,2025-12-29 23:02:17.274225
0.1.1.1.0.0.searchglobal.0,Small,4,3,TSL,6,1,8,TestLR,0.4979,0.0,0.0,0.0,0.5021,/gpfs/projects/HeinzGroup/caffeine_underground/mlrt/FlexFringe/FlexFringe/models-ps-small/0.1.1.1.0.0.searchglobal.0.ini/0.1.1.1.0.0.searchglobal.0_04.03.TSL.6.1.8_Small.final.json,/gpfs/projects/HeinzGroup/asoubki/FlexFringe/data/MLRegTest/Large/04.03.TSL.6.1.8_TestLR.txt,2025-12-29 23:02:17.274225
0.1.1.1.0.0.searchglobal.0,Small,4,3,TSL,6,1,8,Dev,0.49765,0.0,0.0,0.0,0.50235,/gpfs/projects/HeinzGroup/caffeine_underground/mlrt/FlexFringe/FlexFringe/models-ps-small/0.1.1.1.0.0.searchglobal.0.ini/0.1.1.1.0.0.searchglobal.0_04.03.TSL.6.1.8_Small.final.json,/gpfs/projects/HeinzGroup/asoubki/FlexFringe/data/MLRegTest/Large/04.03.TSL.6.1.8_Dev.txt,2025-12-29 23:02:17.274225
0.1.1.1.0.0.searchglobal.0,Small,4,3,TSL,6,1,8,Train,0.498,0.0,0.0,0.0,0.502,/gpfs/projects/HeinzGroup/caffeine_underground/mlrt/FlexFringe/FlexFringe/models-ps-small/0.1.1.1.0.0.searchglobal.0.ini/0.1.1.1.0.0.searchglobal.0_04.03.TSL.6.1.8_Small.final.json,/gpfs/projects/HeinzGroup/asoubki/FlexFringe/data/MLRegTest/Small/04.03.TSL.6.1.8_Train.txt,2025-12-29 23:02:17.274225
0.1.1.1.0.0.searchglobal.0,Small,4,3,TSL,6,1,9,TestLR,0.49539,0.0,0.0,0.0,0.50461,/gpfs/projects/HeinzGroup/caffeine_underground/mlrt/FlexFringe/FlexFringe/models-ps-small/0.1.1.1.0.0.searchglobal.0.ini/0.1.1.1.0.0.searchglobal.0_04.03.TSL.6.1.9_Small.final.json,/gpfs/projects/HeinzGroup/asoubki/FlexFringe/data/MLRegTest/Large/04.03.TSL.6.1.9_TestLR.txt,2025-12-29 22:23:49.716976
0.1.1.1.0.0.searchglobal.0,Small,4,3,TSL,6,1,9,TestSR,0.49548,0.0,0.0,0.0,0.50452,/gpfs/projects/HeinzGroup/caffeine_underground/mlrt/FlexFringe/FlexFringe/models-ps-small/0.1.1.1.0.0.searchglobal.0.ini/0.1.1.1.0.0.searchglobal.0_04.03.TSL.6.1.9_Small.final.json,/gpfs/projects/HeinzGroup/asoubki/FlexFringe/data/MLRegTest/Large/04.03.TSL.6.1.9_TestSR.txt,2025-12-29 22:23:49.716976
0.1.1.1.0.0.searchglobal.0,Small,4,3,TSL,6,1,9,TestLA,0.49987,0.0,0.0,0.0,0.50013,/gpfs/projects/HeinzGroup/caffeine_underground/mlrt/FlexFringe/FlexFringe/models-ps-small/0.1.1.1.0.0.searchglobal.0.ini/0.1.1.1.0.0.searchglobal.0_04.03.TSL.6.1.9_Small.final.json,/gpfs/projects/HeinzGroup/asoubki/FlexFringe/data/MLRegTest/Large/04.03.TSL.6.1.9_TestLA.txt,2025-12-29 22:23:49.716976
0.1.1.1.0.0.searchglobal.0,Small,4,3,TSL,6,1,9,TestSA,0.49985,0.0,0.0,0.0,0.50015,/gpfs/projects/HeinzGroup/caffeine_underground/mlrt/FlexFringe/FlexFringe/models-ps-small/0.1.1.1.0.0.searchglobal.0.ini/0.1.1.1.0.0.searchglobal.0_04.03.TSL.6.1.9_Small.final.json,/gpfs/projects/HeinzGroup/asoubki/FlexFringe/data/MLRegTest/Large/04.03.TSL.6.1.9_TestSA.txt,2025-12-29 22:23:49.716976
0.1.1.1.0.0.searchglobal.0,Small,4,3,TSL,6,1,9,Dev,0.49526,0.0,0.0,0.0,0.50474,/gpfs/projects/HeinzGroup/caffeine_underground/mlrt/FlexFringe/FlexFringe/models-ps-small/0.1.1.1.0.0.searchglobal.0.ini/0.1.1.1.0.0.searchglobal.0_04.03.TSL.6.1.9_Small.final.json,/gpfs/projects/HeinzGroup/asoubki/FlexFringe/data/MLRegTest/Large/04.03.TSL.6.1.9_Dev.txt,2025-12-29 22:23:49.716976
0.1.1.1.0.0.searchglobal.0,Small,4,3,TSL,6,1,9,Train,0.495,0.0,0.0,0.0,0.505,/gpfs/projects/HeinzGroup/caffeine_underground/mlrt/FlexFringe/FlexFringe/models-ps-small/0.1.1.1.0.0.searchglobal.0.ini/0.1.1.1.0.0.searchglobal.0_04.03.TSL.6.1.9_Small.final.json,/gpfs/projects/HeinzGroup/asoubki/FlexFringe/data/MLRegTest/Small/04.03.TSL.6.1.9_Train.txt,2025-12-29 22:23:49.716976
0.1.1.1.0.0.searchglobal.0,Small,4,4,coSL,2,1,0,TestLR,1.0,1.0,1.0,1.0,0.0,/gpfs/projects/HeinzGroup/caffeine_underground/mlrt/FlexFringe/FlexFringe/models-ps-small/0.1.1.1.0.0.searchglobal.0.ini/0.1.1.1.0.0.searchglobal.0_04.04.coSL.2.1.0_Small.final.json,/gpfs/projects/HeinzGroup/asoubki/FlexFringe/data/MLRegTest/Large/04.04.coSL.2.1.0_TestLR.txt,2025-12-29 22:11:24.761128
0.1.1.1.0.0.searchglobal.0,Small,4,4,coSL,2,1,0,TestSA,1.0,1.0,1.0,1.0,0.0,/gpfs/projects/HeinzGroup/caffeine_underground/mlrt/FlexFringe/FlexFringe/models-ps-small/0.1.1.1.0.0.searchglobal.0.ini/0.1.1.1.0.0.searchglobal.0_04.04.coSL.2.1.0_Small.final.json,/gpfs/projects/HeinzGroup/asoubki/FlexFringe/data/MLRegTest/Large/04.04.coSL.2.1.0_TestSA.txt,2025-12-29 22:11:24.761128
0.1.1.1.0.0.searchglobal.0,Small,4,4,coSL,2,1,0,TestSR,1.0,1.0,1.0,1.0,0.0,/gpfs/projects/HeinzGroup/caffeine_underground/mlrt/FlexFringe/FlexFringe/models-ps-small/0.1.1.1.0.0.searchglobal.0.ini/0.1.1.1.0.0.searchglobal.0_04.04.coSL.2.1.0_Small.final.json,/gpfs/projects/HeinzGroup/asoubki/FlexFringe/data/MLRegTest/Large/04.04.coSL.2.1.0_TestSR.txt,2025-12-29 22:11:24.761128
0.1.1.1.0.0.searchglobal.0,Small,4,4,coSL,2,1,0,TestLA,1.0,1.0,1.0,1.0,0.0,/gpfs/projects/HeinzGroup/caffeine_underground/mlrt/FlexFringe/FlexFringe/models-ps-small/0.1.1.1.0.0.searchglobal.0.ini/0.1.1.1.0.0.searchglobal.0_04.04.coSL.2.1.0_Small.final.json,/gpfs/projects/HeinzGroup/asoubki/FlexFringe/data/MLRegTest/Large/04.04.coSL.2.1.0_TestLA.txt,2025-12-29 22:11:24.761128
0.1.1.1.0.0.searchglobal.0,Small,4,4,coSL,2,1,0,Dev,1.0,1.0,1.0,1.0,0.0,/gpfs/projects/HeinzGroup/caffeine_underground/mlrt/FlexFringe/FlexFringe/models-ps-small/0.1.1.1.0.0.searchglobal.0.ini/0.1.1.1.0.0.searchglobal.0_04.04.coSL.2.1.0_Small.final.json,/gpfs/projects/HeinzGroup/asoubki/FlexFringe/data/MLRegTest/Large/04.04.coSL.2.1.0_Dev.txt,2025-12-29 22:11:24.761128
0.1.1.1.0.0.searchglobal.0,Small,4,4,coSL,2,1,0,Train,1.0,1.0,1.0,1.0,0.0,/gpfs/projects/HeinzGroup/caffeine_underground/mlrt/FlexFringe/FlexFringe/models-ps-small/0.1.1.1.0.0.searchglobal.0.ini/0.1.1.1.0.0.searchglobal.0_04.04.coSL.2.1.0_Small.final.json,/gpfs/projects/HeinzGroup/asoubki/FlexFringe/data/MLRegTest/Small/04.04.coSL.2.1.0_Train.txt,2025-12-29 22:11:24.761128
0.1.1.1.0.0.searchglobal.0,Small,4,4,coSL,2,1,1,TestLA,0.51744,0.5099874012140648,0.89054,0.6485616488238293,0.48256,/gpfs/projects/HeinzGroup/caffeine_underground/mlrt/FlexFringe/FlexFringe/models-ps-small/0.1.1.1.0.0.searchglobal.0.ini/0.1.1.1.0.0.searchglobal.0_04.04.coSL.2.1.1_Small.final.json,/gpfs/projects/HeinzGroup/asoubki/FlexFringe/data/MLRegTest/Large/04.04.coSL.2.1.1_TestLA.txt,2025-12-29 22:12:43.335485
0.1.1.1.0.0.searchglobal.0,Small,4,4,coSL,2,1,1,TestSR,0.57937,0.5528618811023936,0.8301,0.6636924036362765,0.42063,/gpfs/projects/HeinzGroup/caffeine_underground/mlrt/FlexFringe/FlexFringe/models-ps-small/0.1.1.1.0.0.searchglobal.0.ini/0.1.1.1.0.0.searchglobal.0_04.04.coSL.2.1.1_Small.final.json,/gpfs/projects/HeinzGroup/asoubki/FlexFringe/data/MLRegTest/Large/04.04.coSL.2.1.1_TestSR.txt,2025-12-29 22:12:43.335485
0.1.1.1.0.0.searchglobal.0,Small,4,4,coSL,2,1,1,TestLR,0.54877,0.527493094311968,0.93572,0.6746602256750424,0.45123,/gpfs/projects/HeinzGroup/caffeine_underground/mlrt/FlexFringe/FlexFringe/models-ps-small/0.1.1.1.0.0.searchglobal.0.ini/0.1.1.1.0.0.searchglobal.0_04.04.coSL.2.1.1_Small.final.json,/gpfs/projects/HeinzGroup/asoubki/FlexFringe/data/MLRegTest/Large/04.04.coSL.2.1.1_TestLR.txt,2025-12-29 22:12:43.335485
0.1.1.1.0.0.searchglobal.0,Small,4,4,coSL,2,1,1,TestSA,0.53578,0.5241645730340114,0.77612,0.6257316542238418,0.46422,/gpfs/projects/HeinzGroup/caffeine_underground/mlrt/FlexFringe/FlexFringe/models-ps-small/0.1.1.1.0.0.searchglobal.0.ini/0.1.1.1.0.0.searchglobal.0_04.04.coSL.2.1.1_Small.final.json,/gpfs/projects/HeinzGroup/asoubki/FlexFringe/data/MLRegTest/Large/04.04.coSL.2.1.1_TestSA.txt,2025-12-29 22:12:43.335485
0.1.1.1.0.0.searchglobal.0,Small,4,4,coSL,2,1,1,Dev,0.57761,0.5516113157859737,0.82948,0.6625927612292011,0.42239,/gpfs/projects/HeinzGroup/caffeine_underground/mlrt/FlexFringe/FlexFringe/models-ps-small/0.1.1.1.0.0.searchglobal.0.ini/0.1.1.1.0.0.searchglobal.0_04.04.coSL.2.1.1_Small.final.json,/gpfs/projects/HeinzGroup/asoubki/FlexFringe/data/MLRegTest/Large/04.04.coSL.2.1.1_Dev.txt,2025-12-29 22:12:43.335485
0.1.1.1.0.0.searchglobal.0,Small,4,4,coSL,2,1,1,Train,0.593,0.5622489959839357,0.84,0.673616680032077,0.407,/gpfs/projects/HeinzGroup/caffeine_underground/mlrt/FlexFringe/FlexFringe/models-ps-small/0.1.1.1.0.0.searchglobal.0.ini/0.1.1.1.0.0.searchglobal.0_04.04.coSL.2.1.1_Small.final.json,/gpfs/projects/HeinzGroup/asoubki/FlexFringe/data/MLRegTest/Small/04.04.coSL.2.1.1_Train.txt,2025-12-29 22:12:43.335485
0.1.1.1.0.0.searchglobal.0,Small,4,4,coSL,2,1,2,TestSA,1.0,1.0,1.0,1.0,0.0,/gpfs/projects/HeinzGroup/caffeine_underground/mlrt/FlexFringe/FlexFringe/models-ps-small/0.1.1.1.0.0.searchglobal.0.ini/0.1.1.1.0.0.searchglobal.0_04.04.coSL.2.1.2_Small.final.json,/gpfs/projects/HeinzGroup/asoubki/FlexFringe/data/MLRegTest/Large/04.04.coSL.2.1.2_TestSA.txt,2025-12-29 22:54:40.541581
0.1.1.1.0.0.searchglobal.0,Small,4,4,coSL,2,1,2,TestLR,1.0,1.0,1.0,1.0,0.0,/gpfs/projects/HeinzGroup/caffeine_underground/mlrt/FlexFringe/FlexFringe/models-ps-small/0.1.1.1.0.0.searchglobal.0.ini/0.1.1.1.0.0.searchglobal.0_04.04.coSL.2.1.2_Small.final.json,/gpfs/projects/HeinzGroup/asoubki/FlexFringe/data/MLRegTest/Large/04.04.coSL.2.1.2_TestLR.txt,2025-12-29 22:54:40.541581
0.1.1.1.0.0.searchglobal.0,Small,4,4,coSL,2,1,2,TestSR,1.0,1.0,1.0,1.0,0.0,/gpfs/projects/HeinzGroup/caffeine_underground/mlrt/FlexFringe/FlexFringe/models-ps-small/0.1.1.1.0.0.searchglobal.0.ini/0.1.1.1.0.0.searchglobal.0_04.04.coSL.2.1.2_Small.final.json,/gpfs/projects/HeinzGroup/asoubki/FlexFringe/data/MLRegTest/Large/04.04.coSL.2.1.2_TestSR.txt,2025-12-29 22:54:40.541581
0.1.1.1.0.0.searchglobal.0,Small,4,4,coSL,2,1,2,TestLA,1.0,1.0,1.0,1.0,0.0,/gpfs/projects/HeinzGroup/caffeine_underground/mlrt/FlexFringe/FlexFringe/models-ps-small/0.1.1.1.0.0.searchglobal.0.ini/0.1.1.1.0.0.searchglobal.0_04.04.coSL.2.1.2_Small.final.json,/gpfs/projects/HeinzGroup/asoubki/FlexFringe/data/MLRegTest/Large/04.04.coSL.2.1.2_TestLA.txt,2025-12-29 22:54:40.541581
0.1.1.1.0.0.searchglobal.0,Small,4,4,coSL,2,1,2,Dev,1.0,1.0,1.0,1.0,0.0,/gpfs/projects/HeinzGroup/caffeine_underground/mlrt/FlexFringe/FlexFringe/models-ps-small/0.1.1.1.0.0.searchglobal.0.ini/0.1.1.1.0.0.searchglobal.0_04.04.coSL.2.1.2_Small.final.json,/gpfs/projects/HeinzGroup/asoubki/FlexFringe/data/MLRegTest/Large/04.04.coSL.2.1.2_Dev.txt,2025-12-29 22:54:40.541581
0.1.1.1.0.0.searchglobal.0,Small,4,4,coSL,2,1,2,Train,1.0,1.0,1.0,1.0,0.0,/gpfs/projects/HeinzGroup/caffeine_underground/mlrt/FlexFringe/FlexFringe/models-ps-small/0.1.1.1.0.0.searchglobal.0.ini/0.1.1.1.0.0.searchglobal.0_04.04.coSL.2.1.2_Small.final.json,/gpfs/projects/HeinzGroup/asoubki/FlexFringe/data/MLRegTest/Small/04.04.coSL.2.1.2_Train.txt,2025-12-29 22:54:40.541581
0.1.1.1.0.0.searchglobal.0,Small,4,4,coSL,2,1,3,TestSR,1.0,1.0,1.0,1.0,0.0,/gpfs/projects/HeinzGroup/caffeine_underground/mlrt/FlexFringe/FlexFringe/models-ps-small/0.1.1.1.0.0.searchglobal.0.ini/0.1.1.1.0.0.searchglobal.0_04.04.coSL.2.1.3_Small.final.json,/gpfs/projects/HeinzGroup/asoubki/FlexFringe/data/MLRegTest/Large/04.04.coSL.2.1.3_TestSR.txt,2025-12-29 22:23:56.899215
0.1.1.1.0.0.searchglobal.0,Small,4,4,coSL,2,1,3,TestLR,1.0,1.0,1.0,1.0,0.0,/gpfs/projects/HeinzGroup/caffeine_underground/mlrt/FlexFringe/FlexFringe/models-ps-small/0.1.1.1.0.0.searchglobal.0.ini/0.1.1.1.0.0.searchglobal.0_04.04.coSL.2.1.3_Small.final.json,/gpfs/projects/HeinzGroup/asoubki/FlexFringe/data/MLRegTest/Large/04.04.coSL.2.1.3_TestLR.txt,2025-12-29 22:23:56.899215
0.1.1.1.0.0.searchglobal.0,Small,4,4,coSL,2,1,3,TestLA,1.0,1.0,1.0,1.0,0.0,/gpfs/projects/HeinzGroup/caffeine_underground/mlrt/FlexFringe/FlexFringe/models-ps-small/0.1.1.1.0.0.searchglobal.0.ini/0.1.1.1.0.0.searchglobal.0_04.04.coSL.2.1.3_Small.final.json,/gpfs/projects/HeinzGroup/asoubki/FlexFringe/data/MLRegTest/Large/04.04.coSL.2.1.3_TestLA.txt,2025-12-29 22:23:56.899215
0.1.1.1.0.0.searchglobal.0,Small,4,4,coSL,2,1,3,TestSA,1.0,1.0,1.0,1.0,0.0,/gpfs/projects/HeinzGroup/caffeine_underground/mlrt/FlexFringe/FlexFringe/models-ps-small/0.1.1.1.0.0.searchglobal.0.ini/0.1.1.1.0.0.searchglobal.0_04.04.coSL.2.1.3_Small.final.json,/gpfs/projects/HeinzGroup/asoubki/FlexFringe/data/MLRegTest/Large/04.04.coSL.2.1.3_TestSA.txt,2025-12-29 22:23:56.899215
0.1.1.1.0.0.searchglobal.0,Small,4,4,coSL,2,1,3,Dev,1.0,1.0,1.0,1.0,0.0,/gpfs/projects/HeinzGroup/caffeine_underground/mlrt/FlexFringe/FlexFringe/models-ps-small/0.1.1.1.0.0.searchglobal.0.ini/0.1.1.1.0.0.searchglobal.0_04.04.coSL.2.1.3_Small.final.json,/gpfs/projects/HeinzGroup/asoubki/FlexFringe/data/MLRegTest/Large/04.04.coSL.2.1.3_Dev.txt,2025-12-29 22:23:56.899215
0.1.1.1.0.0.searchglobal.0,Small,4,4,coSL,2,1,3,Train,1.0,1.0,1.0,1.0,0.0,/gpfs/projects/HeinzGroup/caffeine_underground/mlrt/FlexFringe/FlexFringe/models-ps-small/0.1.1.1.0.0.searchglobal.0.ini/0.1.1.1.0.0.searchglobal.0_04.04.coSL.2.1.3_Small.final.json,/gpfs/projects/HeinzGroup/asoubki/FlexFringe/data/MLRegTest/Small/04.04.coSL.2.1.3_Train.txt,2025-12-29 22:23:56.899215
0.1.1.1.0.0.searchglobal.0,Small,4,4,coSL,2,1,4,TestSA,0.58319,0.5484818462614371,0.94114,0.6930593909937773,0.41681,/gpfs/projects/HeinzGroup/caffeine_underground/mlrt/FlexFringe/FlexFringe/models-ps-small/0.1.1.1.0.0.searchglobal.0.ini/0.1.1.1.0.0.searchglobal.0_04.04.coSL.2.1.4_Small.final.json,/gpfs/projects/HeinzGroup/asoubki/FlexFringe/data/MLRegTest/Large/04.04.coSL.2.1.4_TestSA.txt,2025-12-29 22:03:13.186028
0.1.1.1.0.0.searchglobal.0,Small,4,4,coSL,2,1,4,TestLR,0.5943,0.5533660811300254,0.97782,0.7067624609691222,0.4057,/gpfs/projects/HeinzGroup/caffeine_underground/mlrt/FlexFringe/FlexFringe/models-ps-small/0.1.1.1.0.0.searchglobal.0.ini/0.1.1.1.0.0.searchglobal.0_04.04.coSL.2.1.4_Small.final.json,/gpfs/projects/HeinzGroup/asoubki/FlexFringe/data/MLRegTest/Large/04.04.coSL.2.1.4_TestLR.txt,2025-12-29 22:03:13.186028
0.1.1.1.0.0.searchglobal.0,Small,4,4,coSL,2,1,4,TestLA,0.58817,0.5505579320389463,0.96014,0.6998257979401882,0.41183,/gpfs/projects/HeinzGroup/caffeine_underground/mlrt/FlexFringe/FlexFringe/models-ps-small/0.1.1.1.0.0.searchglobal.0.ini/0.1.1.1.0.0.searchglobal.0_04.04.coSL.2.1.4_Small.final.json,/gpfs/projects/HeinzGroup/asoubki/FlexFringe/data/MLRegTest/Large/04.04.coSL.2.1.4_TestLA.txt,2025-12-29 22:03:13.186028
0.1.1.1.0.0.searchglobal.0,Small,4,4,coSL,2,1,4,TestSR,0.57892,0.5453803160291648,0.94846,0.6925391007199497,0.42108,/gpfs/projects/HeinzGroup/caffeine_underground/mlrt/FlexFringe/FlexFringe/models-ps-small/0.1.1.1.0.0.searchglobal.0.ini/0.1.1.1.0.0.searchglobal.0_04.04.coSL.2.1.4_Small.final.json,/gpfs/projects/HeinzGroup/asoubki/FlexFringe/data/MLRegTest/Large/04.04.coSL.2.1.4_TestSR.txt,2025-12-29 22:03:13.186028
0.1.1.1.0.0.searchglobal.0,Small,4,4,coSL,2,1,4,Dev,0.58029,0.5461834915156745,0.94954,0.6934745298521088,0.41971,/gpfs/projects/HeinzGroup/caffeine_underground/mlrt/FlexFringe/FlexFringe/models-ps-small/0.1.1.1.0.0.searchglobal.0.ini/0.1.1.1.0.0.searchglobal.0_04.04.coSL.2.1.4_Small.final.json,/gpfs/projects/HeinzGroup/asoubki/FlexFringe/data/MLRegTest/Large/04.04.coSL.2.1.4_Dev.txt,2025-12-29 22:03:13.186028
0.1.1.1.0.0.searchglobal.0,Small,4,4,coSL,2,1,4,Train,0.565,0.5374855824682814,0.932,0.681784930504755,0.435,/gpfs/projects/HeinzGroup/caffeine_underground/mlrt/FlexFringe/FlexFringe/models-ps-small/0.1.1.1.0.0.searchglobal.0.ini/0.1.1.1.0.0.searchglobal.0_04.04.coSL.2.1.4_Small.final.json,/gpfs/projects/HeinzGroup/asoubki/FlexFringe/data/MLRegTest/Small/04.04.coSL.2.1.4_Train.txt,2025-12-29 22:03:13.186028
0.1.1.1.0.0.searchglobal.0,Small,4,4,coSL,2,1,5,TestLR,0.51322,0.5067897937381872,0.98674,0.6696481893696726,0.48678,/gpfs/projects/HeinzGroup/caffeine_underground/mlrt/FlexFringe/FlexFringe/models-ps-small/0.1.1.1.0.0.searchglobal.0.ini/0.1.1.1.0.0.searchglobal.0_04.04.coSL.2.1.5_Small.final.json,/gpfs/projects/HeinzGroup/asoubki/FlexFringe/data/MLRegTest/Large/04.04.coSL.2.1.5_TestLR.txt,2025-12-29 22:18:23.682921
0.1.1.1.0.0.searchglobal.0,Small,4,4,coSL,2,1,5,TestSR,0.51999,0.5106154744835644,0.96154,0.6670181401963164,0.48001,/gpfs/projects/HeinzGroup/caffeine_underground/mlrt/FlexFringe/FlexFringe/models-ps-small/0.1.1.1.0.0.searchglobal.0.ini/0.1.1.1.0.0.searchglobal.0_04.04.coSL.2.1.5_Small.final.json,/gpfs/projects/HeinzGroup/asoubki/FlexFringe/data/MLRegTest/Large/04.04.coSL.2.1.5_TestSR.txt,2025-12-29 22:18:23.682921
0.1.1.1.0.0.searchglobal.0,Small,4,4,coSL,2,1,5,TestLA,0.50493,0.5025451466685941,0.97344,0.6628759763297492,0.49507,/gpfs/projects/HeinzGroup/caffeine_underground/mlrt/FlexFringe/FlexFringe/models-ps-small/0.1.1.1.0.0.searchglobal.0.ini/0.1.1.1.0.0.searchglobal.0_04.04.coSL.2.1.5_Small.final.json,/gpfs/projects/HeinzGroup/asoubki/FlexFringe/data/MLRegTest/Large/04.04.coSL.2.1.5_TestLA.txt,2025-12-29 22:18:23.682921
0.1.1.1.0.0.searchglobal.0,Small,4,4,coSL,2,1,5,TestSA,0.51081,0.5057863803273774,0.9449,0.658884728294598,0.48919,/gpfs/projects/HeinzGroup/caffeine_underground/mlrt/FlexFringe/FlexFringe/models-ps-small/0.1.1.1.0.0.searchglobal.0.ini/0.1.1.1.0.0.searchglobal.0_04.04.coSL.2.1.5_Small.final.json,/gpfs/projects/HeinzGroup/asoubki/FlexFringe/data/MLRegTest/Large/04.04.coSL.2.1.5_TestSA.txt,2025-12-29 22:18:23.682921
0.1.1.1.0.0.searchglobal.0,Small,4,4,coSL,2,1,5,Dev,0.52134,0.5113534794637157,0.96114,0.6675510487567717,0.47866,/gpfs/projects/HeinzGroup/caffeine_underground/mlrt/FlexFringe/FlexFringe/models-ps-small/0.1.1.1.0.0.searchglobal.0.ini/0.1.1.1.0.0.searchglobal.0_04.04.coSL.2.1.5_Small.final.json,/gpfs/projects/HeinzGroup/asoubki/FlexFringe/data/MLRegTest/Large/04.04.coSL.2.1.5_Dev.txt,2025-12-29 22:18:23.682921
0.1.1.1.0.0.searchglobal.0,Small,4,4,coSL,2,1,5,Train,0.519,0.5101171458998935,0.958,0.6657400972897846,0.481,/gpfs/projects/HeinzGroup/caffeine_underground/mlrt/FlexFringe/FlexFringe/models-ps-small/0.1.1.1.0.0.searchglobal.0.ini/0.1.1.1.0.0.searchglobal.0_04.04.coSL.2.1.5_Small.final.json,/gpfs/projects/HeinzGroup/asoubki/FlexFringe/data/MLRegTest/Small/04.04.coSL.2.1.5_Train.txt,2025-12-29 22:18:23.682921
0.1.1.1.0.0.searchglobal.0,Small,4,4,coSL,2,1,6,TestLR,0.60881,0.5611917803596936,0.9979,0.7183839779999857,0.39119,/gpfs/projects/HeinzGroup/caffeine_underground/mlrt/FlexFringe/FlexFringe/models-ps-small/0.1.1.1.0.0.searchglobal.0.ini/0.1.1.1.0.0.searchglobal.0_04.04.coSL.2.1.6_Small.final.json,/gpfs/projects/HeinzGroup/asoubki/FlexFringe/data/MLRegTest/Large/04.04.coSL.2.1.6_TestLR.txt,2025-12-29 22:10:53.277837
0.1.1.1.0.0.searchglobal.0,Small,4,4,coSL,2,1,6,TestLA,0.60031,0.5570831863241638,0.97894,0.7100817478221133,0.39969,/gpfs/projects/HeinzGroup/caffeine_underground/mlrt/FlexFringe/FlexFringe/models-ps-small/0.1.1.1.0.0.searchglobal.0.ini/0.1.1.1.0.0.searchglobal.0_04.04.coSL.2.1.6_Small.final.json,/gpfs/projects/HeinzGroup/asoubki/FlexFringe/data/MLRegTest/Large/04.04.coSL.2.1.6_TestLA.txt,2025-12-29 22:10:53.277837
0.1.1.1.0.0.searchglobal.0,Small,4,4,coSL,2,1,6,TestSR,0.60364,0.5585827982273672,0.9882,0.7137285491419657,0.39636,/gpfs/projects/HeinzGroup/caffeine_underground/mlrt/FlexFringe/FlexFringe/models-ps-small/0.1.1.1.0.0.searchglobal.0.ini/0.1.1.1.0.0.searchglobal.0_04.04.coSL.2.1.6_Small.final.json,/gpfs/projects/HeinzGroup/asoubki/FlexFringe/data/MLRegTest/Large/04.04.coSL.2.1.6_TestSR.txt,2025-12-29 22:10:53.277837
0.1.1.1.0.0.searchglobal.0,Small,4,4,coSL,2,1,6,TestSA,0.59858,0.5565433854907539,0.9703,0.7073601026448546,0.40142,/gpfs/projects/HeinzGroup/caffeine_underground/mlrt/FlexFringe/FlexFringe/models-ps-small/0.1.1.1.0.0.searchglobal.0.ini/0.1.1.1.0.0.searchglobal.0_04.04.coSL.2.1.6_Small.final.json,/gpfs/projects/HeinzGroup/asoubki/FlexFringe/data/MLRegTest/Large/04.04.coSL.2.1.6_TestSA.txt,2025-12-29 22:10:53.277837
0.1.1.1.0.0.searchglobal.0,Small,4,4,coSL,2,1,6,Dev,0.60326,0.5583719615602035,0.98776,0.7134416756951968,0.39674,/gpfs/projects/HeinzGroup/caffeine_underground/mlrt/FlexFringe/FlexFringe/models-ps-small/0.1.1.1.0.0.searchglobal.0.ini/0.1.1.1.0.0.searchglobal.0_04.04.coSL.2.1.6_Small.final.json,/gpfs/projects/HeinzGroup/asoubki/FlexFringe/data/MLRegTest/Large/04.04.coSL.2.1.6_Dev.txt,2025-12-29 22:10:53.277837
0.1.1.1.0.0.searchglobal.0,Small,4,4,coSL,2,1,6,Train,0.623,0.5702857142857143,0.998,0.7258181818181818,0.377,/gpfs/projects/HeinzGroup/caffeine_underground/mlrt/FlexFringe/FlexFringe/models-ps-small/0.1.1.1.0.0.searchglobal.0.ini/0.1.1.1.0.0.searchglobal.0_04.04.coSL.2.1.6_Small.final.json,/gpfs/projects/HeinzGroup/asoubki/FlexFringe/data/MLRegTest/Small/04.04.coSL.2.1.6_Train.txt,2025-12-29 22:10:53.277837
0.1.1.1.0.0.searchglobal.0,Small,4,4,coSL,2,1,7,TestLA,0.58735,0.5507901989743113,0.94726,0.6965608018177674,0.41265,/gpfs/projects/HeinzGroup/caffeine_underground/mlrt/FlexFringe/FlexFringe/models-ps-small/0.1.1.1.0.0.searchglobal.0.ini/0.1.1.1.0.0.searchglobal.0_04.04.coSL.2.1.7_Small.final.json,/gpfs/projects/HeinzGroup/asoubki/FlexFringe/data/MLRegTest/Large/04.04.coSL.2.1.7_TestLA.txt,2025-12-29 22:35:44.453739
0.1.1.1.0.0.searchglobal.0,Small,4,4,coSL,2,1,7,TestSR,0.60084,0.5572525151590852,0.9815,0.7108918922834007,0.39916,/gpfs/projects/HeinzGroup/caffeine_underground/mlrt/FlexFringe/FlexFringe/models-ps-small/0.1.1.1.0.0.searchglobal.0.ini/0.1.1.1.0.0.searchglobal.0_04.04.coSL.2.1.7_Small.final.json,/gpfs/projects/HeinzGroup/asoubki/FlexFringe/data/MLRegTest/Large/04.04.coSL.2.1.7_TestSR.txt,2025-12-29 22:35:44.453739
0.1.1.1.0.0.searchglobal.0,Small,4,4,coSL,2,1,7,TestLR,0.6077,0.5606719545720853,0.99526,0.7172734872726224,0.3923,/gpfs/projects/HeinzGroup/caffeine_underground/mlrt/FlexFringe/FlexFringe/models-ps-small/0.1.1.1.0.0.searchglobal.0.ini/0.1.1.1.0.0.searchglobal.0_04.04.coSL.2.1.7_Small.final.json,/gpfs/projects/HeinzGroup/asoubki/FlexFringe/data/MLRegTest/Large/04.04.coSL.2.1.7_TestLR.txt,2025-12-29 22:35:44.453739
0.1.1.1.0.0.searchglobal.0,Small,4,4,coSL,2,1,7,TestSA,0.58537,0.5500041001370617,0.939,0.6936902994171229,0.41463,/gpfs/projects/HeinzGroup/caffeine_underground/mlrt/FlexFringe/FlexFringe/models-ps-small/0.1.1.1.0.0.searchglobal.0.ini/0.1.1.1.0.0.searchglobal.0_04.04.coSL.2.1.7_Small.final.json,/gpfs/projects/HeinzGroup/asoubki/FlexFringe/data/MLRegTest/Large/04.04.coSL.2.1.7_TestSA.txt,2025-12-29 22:35:44.453739
0.1.1.1.0.0.searchglobal.0,Small,4,4,coSL,2,1,7,Dev,0.60195,0.5579439146101645,0.98168,0.7115015256608177,0.39805,/gpfs/projects/HeinzGroup/caffeine_underground/mlrt/FlexFringe/FlexFringe/models-ps-small/0.1.1.1.0.0.searchglobal.0.ini/0.1.1.1.0.0.searchglobal.0_04.04.coSL.2.1.7_Small.final.json,/gpfs/projects/HeinzGroup/asoubki/FlexFringe/data/MLRegTest/Large/04.04.coSL.2.1.7_Dev.txt,2025-12-29 22:35:44.453739
0.1.1.1.0.0.searchglobal.0,Small,4,4,coSL,2,1,7,Train,0.597,0.5548022598870056,0.982,0.7090252707581227,0.403,/gpfs/projects/HeinzGroup/caffeine_underground/mlrt/FlexFringe/FlexFringe/models-ps-small/0.1.1.1.0.0.searchglobal.0.ini/0.1.1.1.0.0.searchglobal.0_04.04.coSL.2.1.7_Small.final.json,/gpfs/projects/HeinzGroup/asoubki/FlexFringe/data/MLRegTest/Small/04.04.coSL.2.1.7_Train.txt,2025-12-29 22:35:44.453739
0.1.1.1.0.0.searchglobal.0,Small,4,4,coSL,2,1,8,TestSA,0.5,0.5,1.0,0.6666666666666666,0.5,/gpfs/projects/HeinzGroup/caffeine_underground/mlrt/FlexFringe/FlexFringe/models-ps-small/0.1.1.1.0.0.searchglobal.0.ini/0.1.1.1.0.0.searchglobal.0_04.04.coSL.2.1.8_Small.final.json,/gpfs/projects/HeinzGroup/asoubki/FlexFringe/data/MLRegTest/Large/04.04.coSL.2.1.8_TestSA.txt,2025-12-29 23:30:23.128739
0.1.1.1.0.0.searchglobal.0,Small,4,4,coSL,2,1,8,TestSR,0.38488,0.4349516318596872,0.76976,0.5558315521922477,0.61512,/gpfs/projects/HeinzGroup/caffeine_underground/mlrt/FlexFringe/FlexFringe/models-ps-small/0.1.1.1.0.0.searchglobal.0.ini/0.1.1.1.0.0.searchglobal.0_04.04.coSL.2.1.8_Small.final.json,/gpfs/projects/HeinzGroup/asoubki/FlexFringe/data/MLRegTest/Large/04.04.coSL.2.1.8_TestSR.txt,2025-12-29 23:30:23.128739
0.1.1.1.0.0.searchglobal.0,Small,4,4,coSL,2,1,8,TestLR,0.38362,0.4341458998211901,0.76724,0.5545164134661251,0.61638,/gpfs/projects/HeinzGroup/caffeine_underground/mlrt/FlexFringe/FlexFringe/models-ps-small/0.1.1.1.0.0.searchglobal.0.ini/0.1.1.1.0.0.searchglobal.0_04.04.coSL.2.1.8_Small.final.json,/gpfs/projects/HeinzGroup/asoubki/FlexFringe/data/MLRegTest/Large/04.04.coSL.2.1.8_TestLR.txt,2025-12-29 23:30:23.128739
0.1.1.1.0.0.searchglobal.0,Small,4,4,coSL,2,1,8,TestLA,0.5,0.5,1.0,0.6666666666666666,0.5,/gpfs/projects/HeinzGroup/caffeine_underground/mlrt/FlexFringe/FlexFringe/models-ps-small/0.1.1.1.0.0.searchglobal.0.ini/0.1.1.1.0.0.searchglobal.0_04.04.coSL.2.1.8_Small.final.json,/gpfs/projects/HeinzGroup/asoubki/FlexFringe/data/MLRegTest/Large/04.04.coSL.2.1.8_TestLA.txt,2025-12-29 23:30:23.128739
0.1.1.1.0.0.searchglobal.0,Small,4,4,coSL,2,1,8,Dev,0.38129,0.43264986553801815,0.76258,0.5520781298641125,0.61871,/gpfs/projects/HeinzGroup/caffeine_underground/mlrt/FlexFringe/FlexFringe/models-ps-small/0.1.1.1.0.0.searchglobal.0.ini/0.1.1.1.0.0.searchglobal.0_04.04.coSL.2.1.8_Small.final.json,/gpfs/projects/HeinzGroup/asoubki/FlexFringe/data/MLRegTest/Large/04.04.coSL.2.1.8_Dev.txt,2025-12-29 23:30:23.128739
0.1.1.1.0.0.searchglobal.0,Small,4,4,coSL,2,1,8,Train,0.382,0.4331065759637188,0.764,0.552821997105644,0.618,/gpfs/projects/HeinzGroup/caffeine_underground/mlrt/FlexFringe/FlexFringe/models-ps-small/0.1.1.1.0.0.searchglobal.0.ini/0.1.1.1.0.0.searchglobal.0_04.04.coSL.2.1.8_Small.final.json,/gpfs/projects/HeinzGroup/asoubki/FlexFringe/data/MLRegTest/Small/04.04.coSL.2.1.8_Train.txt,2025-12-29 23:30:23.128739
0.1.1.1.0.0.searchglobal.0,Small,4,4,coSL,2,1,9,TestSR,0.46682,0.4828406528619598,0.93364,0.6365061834444581,0.53318,/gpfs/projects/HeinzGroup/caffeine_underground/mlrt/FlexFringe/FlexFringe/models-ps-small/0.1.1.1.0.0.searchglobal.0.ini/0.1.1.1.0.0.searchglobal.0_04.04.coSL.2.1.9_Small.final.json,/gpfs/projects/HeinzGroup/asoubki/FlexFringe/data/MLRegTest/Large/04.04.coSL.2.1.9_TestSR.txt,2025-12-29 22:42:09.803181
0.1.1.1.0.0.searchglobal.0,Small,4,4,coSL,2,1,9,TestLR,0.46707,0.48297434518700816,0.93414,0.6367385332669879,0.53293,/gpfs/projects/HeinzGroup/caffeine_underground/mlrt/FlexFringe/FlexFringe/models-ps-small/0.1.1.1.0.0.searchglobal.0.ini/0.1.1.1.0.0.searchglobal.0_04.04.coSL.2.1.9_Small.final.json,/gpfs/projects/HeinzGroup/asoubki/FlexFringe/data/MLRegTest/Large/04.04.coSL.2.1.9_TestLR.txt,2025-12-29 22:42:09.803181
0.1.1.1.0.0.searchglobal.0,Small,4,4,coSL,2,1,9,TestSA,0.5,0.5,1.0,0.6666666666666666,0.5,/gpfs/projects/HeinzGroup/caffeine_underground/mlrt/FlexFringe/FlexFringe/models-ps-small/0.1.1.1.0.0.searchglobal.0.ini/0.1.1.1.0.0.searchglobal.0_04.04.coSL.2.1.9_Small.final.json,/gpfs/projects/HeinzGroup/asoubki/FlexFringe/data/MLRegTest/Large/04.04.coSL.2.1.9_TestSA.txt,2025-12-29 22:42:09.803181
0.1.1.1.0.0.searchglobal.0,Small,4,4,coSL,2,1,9,TestLA,0.5,0.5,1.0,0.6666666666666666,0.5,/gpfs/projects/HeinzGroup/caffeine_underground/mlrt/FlexFringe/FlexFringe/models-ps-small/0.1.1.1.0.0.searchglobal.0.ini/0.1.1.1.0.0.searchglobal.0_04.04.coSL.2.1.9_Small.final.json,/gpfs/projects/HeinzGroup/asoubki/FlexFringe/data/MLRegTest/Large/04.04.coSL.2.1.9_TestLA.txt,2025-12-29 22:42:09.803181
0.1.1.1.0.0.searchglobal.0,Small,4,4,coSL,2,1,9,Dev,0.46621,0.4825141532379089,0.93242,0.6359389173447187,0.53379,/gpfs/projects/HeinzGroup/caffeine_underground/mlrt/FlexFringe/FlexFringe/models-ps-small/0.1.1.1.0.0.searchglobal.0.ini/0.1.1.1.0.0.searchglobal.0_04.04.coSL.2.1.9_Small.final.json,/gpfs/projects/HeinzGroup/asoubki/FlexFringe/data/MLRegTest/Large/04.04.coSL.2.1.9_Dev.txt,2025-12-29 22:42:09.803181
0.1.1.1.0.0.searchglobal.0,Small,4,4,coSL,2,1,9,Train,0.461,0.4797086368366285,0.922,0.6310746064339493,0.539,/gpfs/projects/HeinzGroup/caffeine_underground/mlrt/FlexFringe/FlexFringe/models-ps-small/0.1.1.1.0.0.searchglobal.0.ini/0.1.1.1.0.0.searchglobal.0_04.04.coSL.2.1.9_Small.final.json,/gpfs/projects/HeinzGroup/asoubki/FlexFringe/data/MLRegTest/Small/04.04.coSL.2.1.9_Train.txt,2025-12-29 22:42:09.803181
0.1.1.1.0.0.searchglobal.0,Small,4,4,coSL,4,1,0,TestLR,1.0,1.0,1.0,1.0,0.0,/gpfs/projects/HeinzGroup/caffeine_underground/mlrt/FlexFringe/FlexFringe/models-ps-small/0.1.1.1.0.0.searchglobal.0.ini/0.1.1.1.0.0.searchglobal.0_04.04.coSL.4.1.0_Small.final.json,/gpfs/projects/HeinzGroup/asoubki/FlexFringe/data/MLRegTest/Large/04.04.coSL.4.1.0_TestLR.txt,2025-12-29 23:34:03.556932
0.1.1.1.0.0.searchglobal.0,Small,4,4,coSL,4,1,0,TestLA,1.0,1.0,1.0,1.0,0.0,/gpfs/projects/HeinzGroup/caffeine_underground/mlrt/FlexFringe/FlexFringe/models-ps-small/0.1.1.1.0.0.searchglobal.0.ini/0.1.1.1.0.0.searchglobal.0_04.04.coSL.4.1.0_Small.final.json,/gpfs/projects/HeinzGroup/asoubki/FlexFringe/data/MLRegTest/Large/04.04.coSL.4.1.0_TestLA.txt,2025-12-29 23:34:03.556932
0.1.1.1.0.0.searchglobal.0,Small,4,4,coSL,4,1,0,TestSR,1.0,1.0,1.0,1.0,0.0,/gpfs/projects/HeinzGroup/caffeine_underground/mlrt/FlexFringe/FlexFringe/models-ps-small/0.1.1.1.0.0.searchglobal.0.ini/0.1.1.1.0.0.searchglobal.0_04.04.coSL.4.1.0_Small.final.json,/gpfs/projects/HeinzGroup/asoubki/FlexFringe/data/MLRegTest/Large/04.04.coSL.4.1.0_TestSR.txt,2025-12-29 23:34:03.556932
0.1.1.1.0.0.searchglobal.0,Small,4,4,coSL,4,1,0,TestSA,1.0,1.0,1.0,1.0,0.0,/gpfs/projects/HeinzGroup/caffeine_underground/mlrt/FlexFringe/FlexFringe/models-ps-small/0.1.1.1.0.0.searchglobal.0.ini/0.1.1.1.0.0.searchglobal.0_04.04.coSL.4.1.0_Small.final.json,/gpfs/projects/HeinzGroup/asoubki/FlexFringe/data/MLRegTest/Large/04.04.coSL.4.1.0_TestSA.txt,2025-12-29 23:34:03.556932
0.1.1.1.0.0.searchglobal.0,Small,4,4,coSL,4,1,0,Dev,1.0,1.0,1.0,1.0,0.0,/gpfs/projects/HeinzGroup/caffeine_underground/mlrt/FlexFringe/FlexFringe/models-ps-small/0.1.1.1.0.0.searchglobal.0.ini/0.1.1.1.0.0.searchglobal.0_04.04.coSL.4.1.0_Small.final.json,/gpfs/projects/HeinzGroup/asoubki/FlexFringe/data/MLRegTest/Large/04.04.coSL.4.1.0_Dev.txt,2025-12-29 23:34:03.556932
0.1.1.1.0.0.searchglobal.0,Small,4,4,coSL,4,1,0,Train,1.0,1.0,1.0,1.0,0.0,/gpfs/projects/HeinzGroup/caffeine_underground/mlrt/FlexFringe/FlexFringe/models-ps-small/0.1.1.1.0.0.searchglobal.0.ini/0.1.1.1.0.0.searchglobal.0_04.04.coSL.4.1.0_Small.final.json,/gpfs/projects/HeinzGroup/asoubki/FlexFringe/data/MLRegTest/Small/04.04.coSL.4.1.0_Train.txt,2025-12-29 23:34:03.556932
0.1.1.1.0.0.searchglobal.0,Small,4,4,coSL,4,1,1,TestSR,0.68114,0.893748369706982,0.41116,0.5632174460973672,0.31886,/gpfs/projects/HeinzGroup/caffeine_underground/mlrt/FlexFringe/FlexFringe/models-ps-small/0.1.1.1.0.0.searchglobal.0.ini/0.1.1.1.0.0.searchglobal.0_04.04.coSL.4.1.1_Small.final.json,/gpfs/projects/HeinzGroup/asoubki/FlexFringe/data/MLRegTest/Large/04.04.coSL.4.1.1_TestSR.txt,2025-12-29 22:52:09.104445
0.1.1.1.0.0.searchglobal.0,Small,4,4,coSL,4,1,1,TestLR,0.68103,0.8398858473207915,0.44734,0.583758531142749,0.31897,/gpfs/projects/HeinzGroup/caffeine_underground/mlrt/FlexFringe/FlexFringe/models-ps-small/0.1.1.1.0.0.searchglobal.0.ini/0.1.1.1.0.0.searchglobal.0_04.04.coSL.4.1.1_Small.final.json,/gpfs/projects/HeinzGroup/asoubki/FlexFringe/data/MLRegTest/Large/04.04.coSL.4.1.1_TestLR.txt,2025-12-29 22:52:09.104445
0.1.1.1.0.0.searchglobal.0,Small,4,4,coSL,4,1,1,TestLA,0.63337,0.7259665887296263,0.42848,0.5388939895108853,0.36663,/gpfs/projects/HeinzGroup/caffeine_underground/mlrt/FlexFringe/FlexFringe/models-ps-small/0.1.1.1.0.0.searchglobal.0.ini/0.1.1.1.0.0.searchglobal.0_04.04.coSL.4.1.1_Small.final.json,/gpfs/projects/HeinzGroup/asoubki/FlexFringe/data/MLRegTest/Large/04.04.coSL.4.1.1_TestLA.txt,2025-12-29 22:52:09.104445
0.1.1.1.0.0.searchglobal.0,Small,4,4,coSL,4,1,1,TestSA,0.63621,0.7578465149736872,0.40034,0.5239160875767213,0.36379,/gpfs/projects/HeinzGroup/caffeine_underground/mlrt/FlexFringe/FlexFringe/models-ps-small/0.1.1.1.0.0.searchglobal.0.ini/0.1.1.1.0.0.searchglobal.0_04.04.coSL.4.1.1_Small.final.json,/gpfs/projects/HeinzGroup/asoubki/FlexFringe/data/MLRegTest/Large/04.04.coSL.4.1.1_TestSA.txt,2025-12-29 22:52:09.104445
0.1.1.1.0.0.searchglobal.0,Small,4,4,coSL,4,1,1,Dev,0.68376,0.897611216894582,0.41484,0.5674344804946108,0.31624,/gpfs/projects/HeinzGroup/caffeine_underground/mlrt/FlexFringe/FlexFringe/models-ps-small/0.1.1.1.0.0.searchglobal.0.ini/0.1.1.1.0.0.searchglobal.0_04.04.coSL.4.1.1_Small.final.json,/gpfs/projects/HeinzGroup/asoubki/FlexFringe/data/MLRegTest/Large/04.04.coSL.4.1.1_Dev.txt,2025-12-29 22:52:09.104445
0.1.1.1.0.0.searchglobal.0,Small,4,4,coSL,4,1,1,Train,0.683,0.9066666666666666,0.408,0.5627586206896552,0.317,/gpfs/projects/HeinzGroup/caffeine_underground/mlrt/FlexFringe/FlexFringe/models-ps-small/0.1.1.1.0.0.searchglobal.0.ini/0.1.1.1.0.0.searchglobal.0_04.04.coSL.4.1.1_Small.final.json,/gpfs/projects/HeinzGroup/asoubki/FlexFringe/data/MLRegTest/Small/04.04.coSL.4.1.1_Train.txt,2025-12-29 22:52:09.104445
0.1.1.1.0.0.searchglobal.0,Small,4,4,coSL,4,1,2,TestLR,0.87268,0.8669554942890902,0.88048,0.8736654098035325,0.12732,/gpfs/projects/HeinzGroup/caffeine_underground/mlrt/FlexFringe/FlexFringe/models-ps-small/0.1.1.1.0.0.searchglobal.0.ini/0.1.1.1.0.0.searchglobal.0_04.04.coSL.4.1.2_Small.final.json,/gpfs/projects/HeinzGroup/asoubki/FlexFringe/data/MLRegTest/Large/04.04.coSL.4.1.2_TestLR.txt,2025-12-29 23:05:07.040025
0.1.1.1.0.0.searchglobal.0,Small,4,4,coSL,4,1,2,TestSR,0.91639,0.9170990684163077,0.91554,0.9163188710403843,0.08361,/gpfs/projects/HeinzGroup/caffeine_underground/mlrt/FlexFringe/FlexFringe/models-ps-small/0.1.1.1.0.0.searchglobal.0.ini/0.1.1.1.0.0.searchglobal.0_04.04.coSL.4.1.2_Small.final.json,/gpfs/projects/HeinzGroup/asoubki/FlexFringe/data/MLRegTest/Large/04.04.coSL.4.1.2_TestSR.txt,2025-12-29 23:05:07.040025
0.1.1.1.0.0.searchglobal.0,Small,4,4,coSL,4,1,2,TestLA,0.8389,0.8138311664258991,0.87884,0.8450872165701867,0.1611,/gpfs/projects/HeinzGroup/caffeine_underground/mlrt/FlexFringe/FlexFringe/models-ps-small/0.1.1.1.0.0.searchglobal.0.ini/0.1.1.1.0.0.searchglobal.0_04.04.coSL.4.1.2_Small.final.json,/gpfs/projects/HeinzGroup/asoubki/FlexFringe/data/MLRegTest/Large/04.04.coSL.4.1.2_TestLA.txt,2025-12-29 23:05:07.040025
0.1.1.1.0.0.searchglobal.0,Small,4,4,coSL,4,1,2,TestSA,0.8787,0.85380619604619,0.91388,0.8828223110956549,0.1213,/gpfs/projects/HeinzGroup/caffeine_underground/mlrt/FlexFringe/FlexFringe/models-ps-small/0.1.1.1.0.0.searchglobal.0.ini/0.1.1.1.0.0.searchglobal.0_04.04.coSL.4.1.2_Small.final.json,/gpfs/projects/HeinzGroup/asoubki/FlexFringe/data/MLRegTest/Large/04.04.coSL.4.1.2_TestSA.txt,2025-12-29 23:05:07.040025
0.1.1.1.0.0.searchglobal.0,Small,4,4,coSL,4,1,2,Dev,0.91799,0.9180318031803181,0.91794,0.9179858992949648,0.08201,/gpfs/projects/HeinzGroup/caffeine_underground/mlrt/FlexFringe/FlexFringe/models-ps-small/0.1.1.1.0.0.searchglobal.0.ini/0.1.1.1.0.0.searchglobal.0_04.04.coSL.4.1.2_Small.final.json,/gpfs/projects/HeinzGroup/asoubki/FlexFringe/data/MLRegTest/Large/04.04.coSL.4.1.2_Dev.txt,2025-12-29 23:05:07.040025
0.1.1.1.0.0.searchglobal.0,Small,4,4,coSL,4,1,2,Train,0.919,0.9266802443991853,0.91,0.9182643794147326,0.081,/gpfs/projects/HeinzGroup/caffeine_underground/mlrt/FlexFringe/FlexFringe/models-ps-small/0.1.1.1.0.0.searchglobal.0.ini/0.1.1.1.0.0.searchglobal.0_04.04.coSL.4.1.2_Small.final.json,/gpfs/projects/HeinzGroup/asoubki/FlexFringe/data/MLRegTest/Small/04.04.coSL.4.1.2_Train.txt,2025-12-29 23:05:07.040025
0.1.1.1.0.0.searchglobal.0,Small,4,4,coSL,4,1,3,TestLA,0.85014,0.8210290827740492,0.89548,0.8566399448983106,0.14986,/gpfs/projects/HeinzGroup/caffeine_underground/mlrt/FlexFringe/FlexFringe/models-ps-small/0.1.1.1.0.0.searchglobal.0.ini/0.1.1.1.0.0.searchglobal.0_04.04.coSL.4.1.3_Small.final.json,/gpfs/projects/HeinzGroup/asoubki/FlexFringe/data/MLRegTest/Large/04.04.coSL.4.1.3_TestLA.txt,2025-12-29 23:08:52.203325
0.1.1.1.0.0.searchglobal.0,Small,4,4,coSL,4,1,3,TestSA,0.86765,0.8451140523796113,0.9003,0.8718346003001985,0.13235,/gpfs/projects/HeinzGroup/caffeine_underground/mlrt/FlexFringe/FlexFringe/models-ps-small/0.1.1.1.0.0.searchglobal.0.ini/0.1.1.1.0.0.searchglobal.0_04.04.coSL.4.1.3_Small.final.json,/gpfs/projects/HeinzGroup/asoubki/FlexFringe/data/MLRegTest/Large/04.04.coSL.4.1.3_TestSA.txt,2025-12-29 23:08:52.203325
0.1.1.1.0.0.searchglobal.0,Small,4,4,coSL,4,1,3,TestLR,0.90043,0.8882468149469642,0.91612,0.9019681201941537,0.09957,/gpfs/projects/HeinzGroup/caffeine_underground/mlrt/FlexFringe/FlexFringe/models-ps-small/0.1.1.1.0.0.searchglobal.0.ini/0.1.1.1.0.0.searchglobal.0_04.04.coSL.4.1.3_Small.final.json,/gpfs/projects/HeinzGroup/asoubki/FlexFringe/data/MLRegTest/Large/04.04.coSL.4.1.3_TestLR.txt,2025-12-29 23:08:52.203325
0.1.1.1.0.0.searchglobal.0,Small,4,4,coSL,4,1,3,TestSR,0.92021,0.9220416608079063,0.91804,0.9200364791597767,0.07979,/gpfs/projects/HeinzGroup/caffeine_underground/mlrt/FlexFringe/FlexFringe/models-ps-small/0.1.1.1.0.0.searchglobal.0.ini/0.1.1.1.0.0.searchglobal.0_04.04.coSL.4.1.3_Small.final.json,/gpfs/projects/HeinzGroup/asoubki/FlexFringe/data/MLRegTest/Large/04.04.coSL.4.1.3_TestSR.txt,2025-12-29 23:08:52.203325
0.1.1.1.0.0.searchglobal.0,Small,4,4,coSL,4,1,3,Dev,0.92204,0.9233438992095655,0.9205,0.9219197564248943,0.07796,/gpfs/projects/HeinzGroup/caffeine_underground/mlrt/FlexFringe/FlexFringe/models-ps-small/0.1.1.1.0.0.searchglobal.0.ini/0.1.1.1.0.0.searchglobal.0_04.04.coSL.4.1.3_Small.final.json,/gpfs/projects/HeinzGroup/asoubki/FlexFringe/data/MLRegTest/Large/04.04.coSL.4.1.3_Dev.txt,2025-12-29 23:08:52.203325
0.1.1.1.0.0.searchglobal.0,Small,4,4,coSL,4,1,3,Train,0.924,0.9344262295081968,0.912,0.9230769230769231,0.076,/gpfs/projects/HeinzGroup/caffeine_underground/mlrt/FlexFringe/FlexFringe/models-ps-small/0.1.1.1.0.0.searchglobal.0.ini/0.1.1.1.0.0.searchglobal.0_04.04.coSL.4.1.3_Small.final.json,/gpfs/projects/HeinzGroup/asoubki/FlexFringe/data/MLRegTest/Small/04.04.coSL.4.1.3_Train.txt,2025-12-29 23:08:52.203325
0.1.1.1.0.0.searchglobal.0,Small,4,4,coSL,4,1,4,TestLA,0.50118,0.5005978315938798,0.98808,0.6645235052794405,0.49882,/gpfs/projects/HeinzGroup/caffeine_underground/mlrt/FlexFringe/FlexFringe/models-ps-small/0.1.1.1.0.0.searchglobal.0.ini/0.1.1.1.0.0.searchglobal.0_04.04.coSL.4.1.4_Small.final.json,/gpfs/projects/HeinzGroup/asoubki/FlexFringe/data/MLRegTest/Large/04.04.coSL.4.1.4_TestLA.txt,2025-12-29 22:40:17.746276
0.1.1.1.0.0.searchglobal.0,Small,4,4,coSL,4,1,4,TestSA,0.50106,0.5005368828379829,0.98824,0.6645059777565594,0.49894,/gpfs/projects/HeinzGroup/caffeine_underground/mlrt/FlexFringe/FlexFringe/models-ps-small/0.1.1.1.0.0.searchglobal.0.ini/0.1.1.1.0.0.searchglobal.0_04.04.coSL.4.1.4_Small.final.json,/gpfs/projects/HeinzGroup/asoubki/FlexFringe/data/MLRegTest/Large/04.04.coSL.4.1.4_TestSA.txt,2025-12-29 22:40:17.746276
0.1.1.1.0.0.searchglobal.0,Small,4,4,coSL,4,1,4,TestSR,0.50032,0.5001618679562148,0.98878,0.6642973274390981,0.49968,/gpfs/projects/HeinzGroup/caffeine_underground/mlrt/FlexFringe/FlexFringe/models-ps-small/0.1.1.1.0.0.searchglobal.0.ini/0.1.1.1.0.0.searchglobal.0_04.04.coSL.4.1.4_Small.final.json,/gpfs/projects/HeinzGroup/asoubki/FlexFringe/data/MLRegTest/Large/04.04.coSL.4.1.4_TestSR.txt,2025-12-29 22:40:17.746276
0.1.1.1.0.0.searchglobal.0,Small,4,4,coSL,4,1,4,TestLR,0.50047,0.5002377700207417,0.98882,0.6643732992911614,0.49953,/gpfs/projects/HeinzGroup/caffeine_underground/mlrt/FlexFringe/FlexFringe/models-ps-small/0.1.1.1.0.0.searchglobal.0.ini/0.1.1.1.0.0.searchglobal.0_04.04.coSL.4.1.4_Small.final.json,/gpfs/projects/HeinzGroup/asoubki/FlexFringe/data/MLRegTest/Large/04.04.coSL.4.1.4_TestLR.txt,2025-12-29 22:40:17.746276
0.1.1.1.0.0.searchglobal.0,Small,4,4,coSL,4,1,4,Dev,0.50038,0.5001923466288722,0.98818,0.664188735045033,0.49962,/gpfs/projects/HeinzGroup/caffeine_underground/mlrt/FlexFringe/FlexFringe/models-ps-small/0.1.1.1.0.0.searchglobal.0.ini/0.1.1.1.0.0.searchglobal.0_04.04.coSL.4.1.4_Small.final.json,/gpfs/projects/HeinzGroup/asoubki/FlexFringe/data/MLRegTest/Large/04.04.coSL.4.1.4_Dev.txt,2025-12-29 22:40:17.746276
0.1.1.1.0.0.searchglobal.0,Small,4,4,coSL,4,1,4,Train,0.496,0.4979757085020243,0.984,0.6612903225806451,0.504,/gpfs/projects/HeinzGroup/caffeine_underground/mlrt/FlexFringe/FlexFringe/models-ps-small/0.1.1.1.0.0.searchglobal.0.ini/0.1.1.1.0.0.searchglobal.0_04.04.coSL.4.1.4_Small.final.json,/gpfs/projects/HeinzGroup/asoubki/FlexFringe/data/MLRegTest/Small/04.04.coSL.4.1.4_Train.txt,2025-12-29 22:40:17.746276
0.1.1.1.0.0.searchglobal.0,Small,4,4,coSL,4,1,5,TestLA,0.49887,0.4994155676234807,0.96562,0.6583398670530084,0.50113,/gpfs/projects/HeinzGroup/caffeine_underground/mlrt/FlexFringe/FlexFringe/models-ps-small/0.1.1.1.0.0.searchglobal.0.ini/0.1.1.1.0.0.searchglobal.0_04.04.coSL.4.1.5_Small.final.json,/gpfs/projects/HeinzGroup/asoubki/FlexFringe/data/MLRegTest/Large/04.04.coSL.4.1.5_TestLA.txt,2025-12-29 23:36:22.626573
0.1.1.1.0.0.searchglobal.0,Small,4,4,coSL,4,1,5,TestSA,0.49902,0.4994938330268785,0.96708,0.6587469177009114,0.50098,/gpfs/projects/HeinzGroup/caffeine_underground/mlrt/FlexFringe/FlexFringe/models-ps-small/0.1.1.1.0.0.searchglobal.0.ini/0.1.1.1.0.0.searchglobal.0_04.04.coSL.4.1.5_Small.final.json,/gpfs/projects/HeinzGroup/asoubki/FlexFringe/data/MLRegTest/Large/04.04.coSL.4.1.5_TestSA.txt,2025-12-29 23:36:22.626573
0.1.1.1.0.0.searchglobal.0,Small,4,4,coSL,4,1,5,TestSR,0.50035,0.5001806638104579,0.969,0.6597896026963538,0.49965,/gpfs/projects/HeinzGroup/caffeine_underground/mlrt/FlexFringe/FlexFringe/models-ps-small/0.1.1.1.0.0.searchglobal.0.ini/0.1.1.1.0.0.searchglobal.0_04.04.coSL.4.1.5_Small.final.json,/gpfs/projects/HeinzGroup/asoubki/FlexFringe/data/MLRegTest/Large/04.04.coSL.4.1.5_TestSR.txt,2025-12-29 23:36:22.626573
0.1.1.1.0.0.searchglobal.0,Small,4,4,coSL,4,1,5,TestLR,0.50061,0.5003150728799727,0.96864,0.6598230281397519,0.49939,/gpfs/projects/HeinzGroup/caffeine_underground/mlrt/FlexFringe/FlexFringe/models-ps-small/0.1.1.1.0.0.searchglobal.0.ini/0.1.1.1.0.0.searchglobal.0_04.04.coSL.4.1.5_Small.final.json,/gpfs/projects/HeinzGroup/asoubki/FlexFringe/data/MLRegTest/Large/04.04.coSL.4.1.5_TestLR.txt,2025-12-29 23:36:22.626573
0.1.1.1.0.0.searchglobal.0,Small,4,4,coSL,4,1,5,Dev,0.49935,0.4996647860303446,0.96888,0.6593128415207583,0.50065,/gpfs/projects/HeinzGroup/caffeine_underground/mlrt/FlexFringe/FlexFringe/models-ps-small/0.1.1.1.0.0.searchglobal.0.ini/0.1.1.1.0.0.searchglobal.0_04.04.coSL.4.1.5_Small.final.json,/gpfs/projects/HeinzGroup/asoubki/FlexFringe/data/MLRegTest/Large/04.04.coSL.4.1.5_Dev.txt,2025-12-29 23:36:22.626573
0.1.1.1.0.0.searchglobal.0,Small,4,4,coSL,4,1,5,Train,0.502,0.5010224948875256,0.98,0.6630581867388363,0.498,/gpfs/projects/HeinzGroup/caffeine_underground/mlrt/FlexFringe/FlexFringe/models-ps-small/0.1.1.1.0.0.searchglobal.0.ini/0.1.1.1.0.0.searchglobal.0_04.04.coSL.4.1.5_Small.final.json,/gpfs/projects/HeinzGroup/asoubki/FlexFringe/data/MLRegTest/Small/04.04.coSL.4.1.5_Train.txt,2025-12-29 23:36:22.626573
0.1.1.1.0.0.searchglobal.0,Small,4,4,coSL,4,1,6,TestLA,0.50211,0.5011028527822206,0.95872,0.6581857875477993,0.49789,/gpfs/projects/HeinzGroup/caffeine_underground/mlrt/FlexFringe/FlexFringe/models-ps-small/0.1.1.1.0.0.searchglobal.0.ini/0.1.1.1.0.0.searchglobal.0_04.04.coSL.4.1.6_Small.final.json,/gpfs/projects/HeinzGroup/asoubki/FlexFringe/data/MLRegTest/Large/04.04.coSL.4.1.6_TestLA.txt,2025-12-29 22:23:23.209043
0.1.1.1.0.0.searchglobal.0,Small,4,4,coSL,4,1,6,TestSA,0.5025,0.501300566006326,0.96362,0.6595077748576434,0.4975,/gpfs/projects/HeinzGroup/caffeine_underground/mlrt/FlexFringe/FlexFringe/models-ps-small/0.1.1.1.0.0.searchglobal.0.ini/0.1.1.1.0.0.searchglobal.0_04.04.coSL.4.1.6_Small.final.json,/gpfs/projects/HeinzGroup/asoubki/FlexFringe/data/MLRegTest/Large/04.04.coSL.4.1.6_TestSA.txt,2025-12-29 22:23:23.209043
0.1.1.1.0.0.searchglobal.0,Small,4,4,coSL,4,1,6,TestLR,0.50397,0.5020721332011066,0.96192,0.6597757124729929,0.49603,/gpfs/projects/HeinzGroup/caffeine_underground/mlrt/FlexFringe/FlexFringe/models-ps-small/0.1.1.1.0.0.searchglobal.0.ini/0.1.1.1.0.0.searchglobal.0_04.04.coSL.4.1.6_Small.final.json,/gpfs/projects/HeinzGroup/asoubki/FlexFringe/data/MLRegTest/Large/04.04.coSL.4.1.6_TestLR.txt,2025-12-29 22:23:23.209043
0.1.1.1.0.0.searchglobal.0,Small,4,4,coSL,4,1,6,TestSR,0.50567,0.5029409628930361,0.96964,0.6623359768301263,0.49433,/gpfs/projects/HeinzGroup/caffeine_underground/mlrt/FlexFringe/FlexFringe/models-ps-small/0.1.1.1.0.0.searchglobal.0.ini/0.1.1.1.0.0.searchglobal.0_04.04.coSL.4.1.6_Small.final.json,/gpfs/projects/HeinzGroup/asoubki/FlexFringe/data/MLRegTest/Large/04.04.coSL.4.1.6_TestSR.txt,2025-12-29 22:23:23.209043
0.1.1.1.0.0.searchglobal.0,Small,4,4,coSL,4,1,6,Dev,0.50458,0.5023761102349132,0.96834,0.661542875881292,0.49542,/gpfs/projects/HeinzGroup/caffeine_underground/mlrt/FlexFringe/FlexFringe/models-ps-small/0.1.1.1.0.0.searchglobal.0.ini/0.1.1.1.0.0.searchglobal.0_04.04.coSL.4.1.6_Small.final.json,/gpfs/projects/HeinzGroup/asoubki/FlexFringe/data/MLRegTest/Large/04.04.coSL.4.1.6_Dev.txt,2025-12-29 22:23:23.209043
0.1.1.1.0.0.searchglobal.0,Small,4,4,coSL,4,1,6,Train,0.504,0.5020746887966805,0.968,0.6612021857923497,0.496,/gpfs/projects/HeinzGroup/caffeine_underground/mlrt/FlexFringe/FlexFringe/models-ps-small/0.1.1.1.0.0.searchglobal.0.ini/0.1.1.1.0.0.searchglobal.0_04.04.coSL.4.1.6_Small.final.json,/gpfs/projects/HeinzGroup/asoubki/FlexFringe/data/MLRegTest/Small/04.04.coSL.4.1.6_Train.txt,2025-12-29 22:23:23.209043
0.1.1.1.0.0.searchglobal.0,Small,4,4,coSL,4,1,7,TestLR,0.49963,0.4998126677130272,0.98718,0.663628113340728,0.50037,/gpfs/projects/HeinzGroup/caffeine_underground/mlrt/FlexFringe/FlexFringe/models-ps-small/0.1.1.1.0.0.searchglobal.0.ini/0.1.1.1.0.0.searchglobal.0_04.04.coSL.4.1.7_Small.final.json,/gpfs/projects/HeinzGroup/asoubki/FlexFringe/data/MLRegTest/Large/04.04.coSL.4.1.7_TestLR.txt,2025-12-29 22:39:21.698728
0.1.1.1.0.0.searchglobal.0,Small,4,4,coSL,4,1,7,TestSA,0.501,0.5005069040329285,0.98738,0.6642850415102464,0.499,/gpfs/projects/HeinzGroup/caffeine_underground/mlrt/FlexFringe/FlexFringe/models-ps-small/0.1.1.1.0.0.searchglobal.0.ini/0.1.1.1.0.0.searchglobal.0_04.04.coSL.4.1.7_Small.final.json,/gpfs/projects/HeinzGroup/asoubki/FlexFringe/data/MLRegTest/Large/04.04.coSL.4.1.7_TestSA.txt,2025-12-29 22:39:21.698728
0.1.1.1.0.0.searchglobal.0,Small,4,4,coSL,4,1,7,TestSR,0.50026,0.5001315310210854,0.98862,0.6642344594049827,0.49974,/gpfs/projects/HeinzGroup/caffeine_underground/mlrt/FlexFringe/FlexFringe/models-ps-small/0.1.1.1.0.0.searchglobal.0.ini/0.1.1.1.0.0.searchglobal.0_04.04.coSL.4.1.7_Small.final.json,/gpfs/projects/HeinzGroup/asoubki/FlexFringe/data/MLRegTest/Large/04.04.coSL.4.1.7_TestSR.txt,2025-12-29 22:39:21.698728
0.1.1.1.0.0.searchglobal.0,Small,4,4,coSL,4,1,7,TestLA,0.50115,0.5005820957471578,0.98896,0.6647085313312856,0.49885,/gpfs/projects/HeinzGroup/caffeine_underground/mlrt/FlexFringe/FlexFringe/models-ps-small/0.1.1.1.0.0.searchglobal.0.ini/0.1.1.1.0.0.searchglobal.0_04.04.coSL.4.1.7_Small.final.json,/gpfs/projects/HeinzGroup/asoubki/FlexFringe/data/MLRegTest/Large/04.04.coSL.4.1.7_TestLA.txt,2025-12-29 22:39:21.698728
0.1.1.1.0.0.searchglobal.0,Small,4,4,coSL,4,1,7,Dev,0.49958,0.4997874881094537,0.98776,0.6637369135454044,0.50042,/gpfs/projects/HeinzGroup/caffeine_underground/mlrt/FlexFringe/FlexFringe/models-ps-small/0.1.1.1.0.0.searchglobal.0.ini/0.1.1.1.0.0.searchglobal.0_04.04.coSL.4.1.7_Small.final.json,/gpfs/projects/HeinzGroup/asoubki/FlexFringe/data/MLRegTest/Large/04.04.coSL.4.1.7_Dev.txt,2025-12-29 22:39:21.698728
0.1.1.1.0.0.searchglobal.0,Small,4,4,coSL,4,1,7,Train,0.502,0.5010162601626016,0.986,0.6644204851752021,0.498,/gpfs/projects/HeinzGroup/caffeine_underground/mlrt/FlexFringe/FlexFringe/models-ps-small/0.1.1.1.0.0.searchglobal.0.ini/0.1.1.1.0.0.searchglobal.0_04.04.coSL.4.1.7_Small.final.json,/gpfs/projects/HeinzGroup/asoubki/FlexFringe/data/MLRegTest/Small/04.04.coSL.4.1.7_Train.txt,2025-12-29 22:39:21.698728
0.1.1.1.0.0.searchglobal.0,Small,4,4,coSL,4,1,8,TestLR,0.49164,0.4957405180671327,0.97298,0.6568242267136511,0.50836,/gpfs/projects/HeinzGroup/caffeine_underground/mlrt/FlexFringe/FlexFringe/models-ps-small/0.1.1.1.0.0.searchglobal.0.ini/0.1.1.1.0.0.searchglobal.0_04.04.coSL.4.1.8_Small.final.json,/gpfs/projects/HeinzGroup/asoubki/FlexFringe/data/MLRegTest/Large/04.04.coSL.4.1.8_TestLR.txt,2025-12-29 22:10:19.480607
0.1.1.1.0.0.searchglobal.0,Small,4,4,coSL,4,1,8,TestLA,0.49203,0.49593612009096566,0.97262,0.656913797877873,0.50797,/gpfs/projects/HeinzGroup/caffeine_underground/mlrt/FlexFringe/FlexFringe/models-ps-small/0.1.1.1.0.0.searchglobal.0.ini/0.1.1.1.0.0.searchglobal.0_04.04.coSL.4.1.8_Small.final.json,/gpfs/projects/HeinzGroup/asoubki/FlexFringe/data/MLRegTest/Large/04.04.coSL.4.1.8_TestLA.txt,2025-12-29 22:10:19.480607
0.1.1.1.0.0.searchglobal.0,Small,4,4,coSL,4,1,8,TestSR,0.49201,0.4959342974323485,0.97462,0.6573677501163488,0.50799,/gpfs/projects/HeinzGroup/caffeine_underground/mlrt/FlexFringe/FlexFringe/models-ps-small/0.1.1.1.0.0.searchglobal.0.ini/0.1.1.1.0.0.searchglobal.0_04.04.coSL.4.1.8_Small.final.json,/gpfs/projects/HeinzGroup/asoubki/FlexFringe/data/MLRegTest/Large/04.04.coSL.4.1.8_TestSR.txt,2025-12-29 22:10:19.480607
0.1.1.1.0.0.searchglobal.0,Small,4,4,coSL,4,1,8,TestSA,0.49233,0.49609927274576615,0.97548,0.6577082560765938,0.50767,/gpfs/projects/HeinzGroup/caffeine_underground/mlrt/FlexFringe/FlexFringe/models-ps-small/0.1.1.1.0.0.searchglobal.0.ini/0.1.1.1.0.0.searchglobal.0_04.04.coSL.4.1.8_Small.final.json,/gpfs/projects/HeinzGroup/asoubki/FlexFringe/data/MLRegTest/Large/04.04.coSL.4.1.8_TestSA.txt,2025-12-29 22:10:19.480607
0.1.1.1.0.0.searchglobal.0,Small,4,4,coSL,4,1,8,Dev,0.49197,0.4959138603079616,0.97456,0.6573361482270891,0.50803,/gpfs/projects/HeinzGroup/caffeine_underground/mlrt/FlexFringe/FlexFringe/models-ps-small/0.1.1.1.0.0.searchglobal.0.ini/0.1.1.1.0.0.searchglobal.0_04.04.coSL.4.1.8_Small.final.json,/gpfs/projects/HeinzGroup/asoubki/FlexFringe/data/MLRegTest/Large/04.04.coSL.4.1.8_Dev.txt,2025-12-29 22:10:19.480607
0.1.1.1.0.0.searchglobal.0,Small,4,4,coSL,4,1,8,Train,0.487,0.4933196300102775,0.96,0.6517311608961304,0.513,/gpfs/projects/HeinzGroup/caffeine_underground/mlrt/FlexFringe/FlexFringe/models-ps-small/0.1.1.1.0.0.searchglobal.0.ini/0.1.1.1.0.0.searchglobal.0_04.04.coSL.4.1.8_Small.final.json,/gpfs/projects/HeinzGroup/asoubki/FlexFringe/data/MLRegTest/Small/04.04.coSL.4.1.8_Train.txt,2025-12-29 22:10:19.480607
0.1.1.1.0.0.searchglobal.0,Small,4,4,coSL,4,1,9,TestLR,0.47431,0.4868163110303702,0.94862,0.6434331992593145,0.52569,/gpfs/projects/HeinzGroup/caffeine_underground/mlrt/FlexFringe/FlexFringe/models-ps-small/0.1.1.1.0.0.searchglobal.0.ini/0.1.1.1.0.0.searchglobal.0_04.04.coSL.4.1.9_Small.final.json,/gpfs/projects/HeinzGroup/asoubki/FlexFringe/data/MLRegTest/Large/04.04.coSL.4.1.9_TestLR.txt,2025-12-29 23:18:55.767536
0.1.1.1.0.0.searchglobal.0,Small,4,4,coSL,4,1,9,TestSR,0.47458,0.48695848468058034,0.94916,0.6436815906902305,0.52542,/gpfs/projects/HeinzGroup/caffeine_underground/mlrt/FlexFringe/FlexFringe/models-ps-small/0.1.1.1.0.0.searchglobal.0.ini/0.1.1.1.0.0.searchglobal.0_04.04.coSL.4.1.9_Small.final.json,/gpfs/projects/HeinzGroup/asoubki/FlexFringe/data/MLRegTest/Large/04.04.coSL.4.1.9_TestSR.txt,2025-12-29 23:18:55.767536
0.1.1.1.0.0.searchglobal.0,Small,4,4,coSL,4,1,9,TestSA,0.49978,0.4998899757946748,0.99956,0.6664710824254224,0.50022,/gpfs/projects/HeinzGroup/caffeine_underground/mlrt/FlexFringe/FlexFringe/models-ps-small/0.1.1.1.0.0.searchglobal.0.ini/0.1.1.1.0.0.searchglobal.0_04.04.coSL.4.1.9_Small.final.json,/gpfs/projects/HeinzGroup/asoubki/FlexFringe/data/MLRegTest/Large/04.04.coSL.4.1.9_TestSA.txt,2025-12-29 23:18:55.767536
0.1.1.1.0.0.searchglobal.0,Small,4,4,coSL,4,1,9,TestLA,0.49971,0.49985495793780194,0.99942,0.6664088390422148,0.50029,/gpfs/projects/HeinzGroup/caffeine_underground/mlrt/FlexFringe/FlexFringe/models-ps-small/0.1.1.1.0.0.searchglobal.0.ini/0.1.1.1.0.0.searchglobal.0_04.04.coSL.4.1.9_Small.final.json,/gpfs/projects/HeinzGroup/asoubki/FlexFringe/data/MLRegTest/Large/04.04.coSL.4.1.9_TestLA.txt,2025-12-29 23:18:55.767536
0.1.1.1.0.0.searchglobal.0,Small,4,4,coSL,4,1,9,Dev,0.47502,0.4871900063588439,0.95004,0.6440861818822795,0.52498,/gpfs/projects/HeinzGroup/caffeine_underground/mlrt/FlexFringe/FlexFringe/models-ps-small/0.1.1.1.0.0.searchglobal.0.ini/0.1.1.1.0.0.searchglobal.0_04.04.coSL.4.1.9_Small.final.json,/gpfs/projects/HeinzGroup/asoubki/FlexFringe/data/MLRegTest/Large/04.04.coSL.4.1.9_Dev.txt,2025-12-29 23:18:55.767536
0.1.1.1.0.0.searchglobal.0,Small,4,4,coSL,4,1,9,Train,0.472,0.48559670781893005,0.944,0.6413043478260869,0.528,/gpfs/projects/HeinzGroup/caffeine_underground/mlrt/FlexFringe/FlexFringe/models-ps-small/0.1.1.1.0.0.searchglobal.0.ini/0.1.1.1.0.0.searchglobal.0_04.04.coSL.4.1.9_Small.final.json,/gpfs/projects/HeinzGroup/asoubki/FlexFringe/data/MLRegTest/Small/04.04.coSL.4.1.9_Train.txt,2025-12-29 23:18:55.767536
0.1.1.1.0.0.searchglobal.0,Small,4,4,coSL,6,1,0,TestLR,0.99893,1.0,0.99786,0.9989288538736448,0.00107,/gpfs/projects/HeinzGroup/caffeine_underground/mlrt/FlexFringe/FlexFringe/models-ps-small/0.1.1.1.0.0.searchglobal.0.ini/0.1.1.1.0.0.searchglobal.0_04.04.coSL.6.1.0_Small.final.json,/gpfs/projects/HeinzGroup/asoubki/FlexFringe/data/MLRegTest/Large/04.04.coSL.6.1.0_TestLR.txt,2025-12-29 23:13:28.411216
0.1.1.1.0.0.searchglobal.0,Small,4,4,coSL,6,1,0,TestLA,0.99885,1.0,0.9977,0.998848675977374,0.00115,/gpfs/projects/HeinzGroup/caffeine_underground/mlrt/FlexFringe/FlexFringe/models-ps-small/0.1.1.1.0.0.searchglobal.0.ini/0.1.1.1.0.0.searchglobal.0_04.04.coSL.6.1.0_Small.final.json,/gpfs/projects/HeinzGroup/asoubki/FlexFringe/data/MLRegTest/Large/04.04.coSL.6.1.0_TestLA.txt,2025-12-29 23:13:28.411216
0.1.1.1.0.0.searchglobal.0,Small,4,4,coSL,6,1,0,TestSA,0.99945,1.0,0.9989,0.9994496973335334,0.00055,/gpfs/projects/HeinzGroup/caffeine_underground/mlrt/FlexFringe/FlexFringe/models-ps-small/0.1.1.1.0.0.searchglobal.0.ini/0.1.1.1.0.0.searchglobal.0_04.04.coSL.6.1.0_Small.final.json,/gpfs/projects/HeinzGroup/asoubki/FlexFringe/data/MLRegTest/Large/04.04.coSL.6.1.0_TestSA.txt,2025-12-29 23:13:28.411216
0.1.1.1.0.0.searchglobal.0,Small,4,4,coSL,6,1,0,TestSR,0.99951,1.0,0.99902,0.9995097597822933,0.00049,/gpfs/projects/HeinzGroup/caffeine_underground/mlrt/FlexFringe/FlexFringe/models-ps-small/0.1.1.1.0.0.searchglobal.0.ini/0.1.1.1.0.0.searchglobal.0_04.04.coSL.6.1.0_Small.final.json,/gpfs/projects/HeinzGroup/asoubki/FlexFringe/data/MLRegTest/Large/04.04.coSL.6.1.0_TestSR.txt,2025-12-29 23:13:28.411216
0.1.1.1.0.0.searchglobal.0,Small,4,4,coSL,6,1,0,Dev,0.99951,1.0,0.99902,0.9995097597822933,0.00049,/gpfs/projects/HeinzGroup/caffeine_underground/mlrt/FlexFringe/FlexFringe/models-ps-small/0.1.1.1.0.0.searchglobal.0.ini/0.1.1.1.0.0.searchglobal.0_04.04.coSL.6.1.0_Small.final.json,/gpfs/projects/HeinzGroup/asoubki/FlexFringe/data/MLRegTest/Large/04.04.coSL.6.1.0_Dev.txt,2025-12-29 23:13:28.411216
0.1.1.1.0.0.searchglobal.0,Small,4,4,coSL,6,1,0,Train,1.0,1.0,1.0,1.0,0.0,/gpfs/projects/HeinzGroup/caffeine_underground/mlrt/FlexFringe/FlexFringe/models-ps-small/0.1.1.1.0.0.searchglobal.0.ini/0.1.1.1.0.0.searchglobal.0_04.04.coSL.6.1.0_Small.final.json,/gpfs/projects/HeinzGroup/asoubki/FlexFringe/data/MLRegTest/Small/04.04.coSL.6.1.0_Train.txt,2025-12-29 23:13:28.411216
0.1.1.1.0.0.searchglobal.0,Small,4,4,coSL,6,1,1,TestSR,0.90966,0.986855866134246,0.83038,0.9018811365018681,0.09034,/gpfs/projects/HeinzGroup/caffeine_underground/mlrt/FlexFringe/FlexFringe/models-ps-small/0.1.1.1.0.0.searchglobal.0.ini/0.1.1.1.0.0.searchglobal.0_04.04.coSL.6.1.1_Small.final.json,/gpfs/projects/HeinzGroup/asoubki/FlexFringe/data/MLRegTest/Large/04.04.coSL.6.1.1_TestSR.txt,2025-12-29 23:13:30.994071
0.1.1.1.0.0.searchglobal.0,Small,4,4,coSL,6,1,1,TestSA,0.8317,0.8237613711786983,0.84396,0.8337383676130639,0.1683,/gpfs/projects/HeinzGroup/caffeine_underground/mlrt/FlexFringe/FlexFringe/models-ps-small/0.1.1.1.0.0.searchglobal.0.ini/0.1.1.1.0.0.searchglobal.0_04.04.coSL.6.1.1_Small.final.json,/gpfs/projects/HeinzGroup/asoubki/FlexFringe/data/MLRegTest/Large/04.04.coSL.6.1.1_TestSA.txt,2025-12-29 23:13:30.994071
0.1.1.1.0.0.searchglobal.0,Small,4,4,coSL,6,1,1,TestLA,0.8229,0.8176523826388069,0.83116,0.824350861880864,0.1771,/gpfs/projects/HeinzGroup/caffeine_underground/mlrt/FlexFringe/FlexFringe/models-ps-small/0.1.1.1.0.0.searchglobal.0.ini/0.1.1.1.0.0.searchglobal.0_04.04.coSL.6.1.1_Small.final.json,/gpfs/projects/HeinzGroup/asoubki/FlexFringe/data/MLRegTest/Large/04.04.coSL.6.1.1_TestLA.txt,2025-12-29 23:13:30.994071
0.1.1.1.0.0.searchglobal.0,Small,4,4,coSL,6,1,1,TestLR,0.9024,0.9772975281112113,0.82394,0.8940903270612236,0.0976,/gpfs/projects/HeinzGroup/caffeine_underground/mlrt/FlexFringe/FlexFringe/models-ps-small/0.1.1.1.0.0.searchglobal.0.ini/0.1.1.1.0.0.searchglobal.0_04.04.coSL.6.1.1_Small.final.json,/gpfs/projects/HeinzGroup/asoubki/FlexFringe/data/MLRegTest/Large/04.04.coSL.6.1.1_TestLR.txt,2025-12-29 23:13:30.994071
0.1.1.1.0.0.searchglobal.0,Small,4,4,coSL,6,1,1,Dev,0.91114,0.9866483594526775,0.83356,0.9036664426183301,0.08886,/gpfs/projects/HeinzGroup/caffeine_underground/mlrt/FlexFringe/FlexFringe/models-ps-small/0.1.1.1.0.0.searchglobal.0.ini/0.1.1.1.0.0.searchglobal.0_04.04.coSL.6.1.1_Small.final.json,/gpfs/projects/HeinzGroup/asoubki/FlexFringe/data/MLRegTest/Large/04.04.coSL.6.1.1_Dev.txt,2025-12-29 23:13:30.994071
0.1.1.1.0.0.searchglobal.0,Small,4,4,coSL,6,1,1,Train,0.913,0.9904988123515439,0.834,0.9055374592833876,0.087,/gpfs/projects/HeinzGroup/caffeine_underground/mlrt/FlexFringe/FlexFringe/models-ps-small/0.1.1.1.0.0.searchglobal.0.ini/0.1.1.1.0.0.searchglobal.0_04.04.coSL.6.1.1_Small.final.json,/gpfs/projects/HeinzGroup/asoubki/FlexFringe/data/MLRegTest/Small/04.04.coSL.6.1.1_Train.txt,2025-12-29 23:13:30.994071
0.1.1.1.0.0.searchglobal.0,Small,4,4,coSL,6,1,2,TestLR,0.88382,0.9111006383616812,0.85064,0.879832854099005,0.11618,/gpfs/projects/HeinzGroup/caffeine_underground/mlrt/FlexFringe/FlexFringe/models-ps-small/0.1.1.1.0.0.searchglobal.0.ini/0.1.1.1.0.0.searchglobal.0_04.04.coSL.6.1.2_Small.final.json,/gpfs/projects/HeinzGroup/asoubki/FlexFringe/data/MLRegTest/Large/04.04.coSL.6.1.2_TestLR.txt,2025-12-29 23:01:07.292330
0.1.1.1.0.0.searchglobal.0,Small,4,4,coSL,6,1,2,TestSR,0.9254,0.9462487411883183,0.90204,0.9236156618610747,0.0746,/gpfs/projects/HeinzGroup/caffeine_underground/mlrt/FlexFringe/FlexFringe/models-ps-small/0.1.1.1.0.0.searchglobal.0.ini/0.1.1.1.0.0.searchglobal.0_04.04.coSL.6.1.2_Small.final.json,/gpfs/projects/HeinzGroup/asoubki/FlexFringe/data/MLRegTest/Large/04.04.coSL.6.1.2_TestSR.txt,2025-12-29 23:01:07.292330
0.1.1.1.0.0.searchglobal.0,Small,4,4,coSL,6,1,2,TestSA,0.76685,0.7113395530071437,0.89818,0.7939151264440968,0.23315,/gpfs/projects/HeinzGroup/caffeine_underground/mlrt/FlexFringe/FlexFringe/models-ps-small/0.1.1.1.0.0.searchglobal.0.ini/0.1.1.1.0.0.searchglobal.0_04.04.coSL.6.1.2_Small.final.json,/gpfs/projects/HeinzGroup/asoubki/FlexFringe/data/MLRegTest/Large/04.04.coSL.6.1.2_TestSA.txt,2025-12-29 23:01:07.292330
0.1.1.1.0.0.searchglobal.0,Small,4,4,coSL,6,1,2,TestLA,0.74203,0.6992967836498082,0.84924,0.7670089684883626,0.25797,/gpfs/projects/HeinzGroup/caffeine_underground/mlrt/FlexFringe/FlexFringe/models-ps-small/0.1.1.1.0.0.searchglobal.0.ini/0.1.1.1.0.0.searchglobal.0_04.04.coSL.6.1.2_Small.final.json,/gpfs/projects/HeinzGroup/asoubki/FlexFringe/data/MLRegTest/Large/04.04.coSL.6.1.2_TestLA.txt,2025-12-29 23:01:07.292330
0.1.1.1.0.0.searchglobal.0,Small,4,4,coSL,6,1,2,Dev,0.92396,0.9462924754726515,0.89894,0.9220086565878275,0.07604,/gpfs/projects/HeinzGroup/caffeine_underground/mlrt/FlexFringe/FlexFringe/models-ps-small/0.1.1.1.0.0.searchglobal.0.ini/0.1.1.1.0.0.searchglobal.0_04.04.coSL.6.1.2_Small.final.json,/gpfs/projects/HeinzGroup/asoubki/FlexFringe/data/MLRegTest/Large/04.04.coSL.6.1.2_Dev.txt,2025-12-29 23:01:07.292330
0.1.1.1.0.0.searchglobal.0,Small,4,4,coSL,6,1,2,Train,0.929,0.9515789473684211,0.904,0.9271794871794872,0.071,/gpfs/projects/HeinzGroup/caffeine_underground/mlrt/FlexFringe/FlexFringe/models-ps-small/0.1.1.1.0.0.searchglobal.0.ini/0.1.1.1.0.0.searchglobal.0_04.04.coSL.6.1.2_Small.final.json,/gpfs/projects/HeinzGroup/asoubki/FlexFringe/data/MLRegTest/Small/04.04.coSL.6.1.2_Train.txt,2025-12-29 23:01:07.292330
0.1.1.1.0.0.searchglobal.0,Small,4,4,coSL,6,1,3,TestSR,0.91914,0.9327812654881876,0.90338,0.9178452409981306,0.08086,/gpfs/projects/HeinzGroup/caffeine_underground/mlrt/FlexFringe/FlexFringe/models-ps-small/0.1.1.1.0.0.searchglobal.0.ini/0.1.1.1.0.0.searchglobal.0_04.04.coSL.6.1.3_Small.final.json,/gpfs/projects/HeinzGroup/asoubki/FlexFringe/data/MLRegTest/Large/04.04.coSL.6.1.3_TestSR.txt,2025-12-29 22:03:12.130061
0.1.1.1.0.0.searchglobal.0,Small,4,4,coSL,6,1,3,TestLA,0.72441,0.6798877755511022,0.84816,0.7547586206896552,0.27559,/gpfs/projects/HeinzGroup/caffeine_underground/mlrt/FlexFringe/FlexFringe/models-ps-small/0.1.1.1.0.0.searchglobal.0.ini/0.1.1.1.0.0.searchglobal.0_04.04.coSL.6.1.3_Small.final.json,/gpfs/projects/HeinzGroup/asoubki/FlexFringe/data/MLRegTest/Large/04.04.coSL.6.1.3_TestLA.txt,2025-12-29 22:03:12.130061
0.1.1.1.0.0.searchglobal.0,Small,4,4,coSL,6,1,3,TestSA,0.74815,0.6913408898141723,0.8966,0.7807044277069093,0.25185,/gpfs/projects/HeinzGroup/caffeine_underground/mlrt/FlexFringe/FlexFringe/models-ps-small/0.1.1.1.0.0.searchglobal.0.ini/0.1.1.1.0.0.searchglobal.0_04.04.coSL.6.1.3_Small.final.json,/gpfs/projects/HeinzGroup/asoubki/FlexFringe/data/MLRegTest/Large/04.04.coSL.6.1.3_TestSA.txt,2025-12-29 22:03:12.130061
0.1.1.1.0.0.searchglobal.0,Small,4,4,coSL,6,1,3,TestLR,0.87272,0.8882661777574066,0.8527,0.8701197983632319,0.12728,/gpfs/projects/HeinzGroup/caffeine_underground/mlrt/FlexFringe/FlexFringe/models-ps-small/0.1.1.1.0.0.searchglobal.0.ini/0.1.1.1.0.0.searchglobal.0_04.04.coSL.6.1.3_Small.final.json,/gpfs/projects/HeinzGroup/asoubki/FlexFringe/data/MLRegTest/Large/04.04.coSL.6.1.3_TestLR.txt,2025-12-29 22:03:12.130061
0.1.1.1.0.0.searchglobal.0,Small,4,4,coSL,6,1,3,Dev,0.91892,0.9324647974563324,0.90326,0.9176300871650039,0.08108,/gpfs/projects/HeinzGroup/caffeine_underground/mlrt/FlexFringe/FlexFringe/models-ps-small/0.1.1.1.0.0.searchglobal.0.ini/0.1.1.1.0.0.searchglobal.0_04.04.coSL.6.1.3_Small.final.json,/gpfs/projects/HeinzGroup/asoubki/FlexFringe/data/MLRegTest/Large/04.04.coSL.6.1.3_Dev.txt,2025-12-29 22:03:12.130061
0.1.1.1.0.0.searchglobal.0,Small,4,4,coSL,6,1,3,Train,0.928,0.929718875502008,0.926,0.9278557114228457,0.072,/gpfs/projects/HeinzGroup/caffeine_underground/mlrt/FlexFringe/FlexFringe/models-ps-small/0.1.1.1.0.0.searchglobal.0.ini/0.1.1.1.0.0.searchglobal.0_04.04.coSL.6.1.3_Small.final.json,/gpfs/projects/HeinzGroup/asoubki/FlexFringe/data/MLRegTest/Small/04.04.coSL.6.1.3_Train.txt,2025-12-29 22:03:12.130061
0.1.1.1.0.0.searchglobal.0,Small,4,4,coSL,6,1,4,TestLA,0.50005,0.5000253285107848,0.98708,0.6637929295306753,0.49995,/gpfs/projects/HeinzGroup/caffeine_underground/mlrt/FlexFringe/FlexFringe/models-ps-small/0.1.1.1.0.0.searchglobal.0.ini/0.1.1.1.0.0.searchglobal.0_04.04.coSL.6.1.4_Small.final.json,/gpfs/projects/HeinzGroup/asoubki/FlexFringe/data/MLRegTest/Large/04.04.coSL.6.1.4_TestLA.txt,2025-12-29 23:08:32.987726
0.1.1.1.0.0.searchglobal.0,Small,4,4,coSL,6,1,4,TestLR,0.50062,0.5003138160025915,0.98846,0.6643590708678353,0.49938,/gpfs/projects/HeinzGroup/caffeine_underground/mlrt/FlexFringe/FlexFringe/models-ps-small/0.1.1.1.0.0.searchglobal.0.ini/0.1.1.1.0.0.searchglobal.0_04.04.coSL.6.1.4_Small.final.json,/gpfs/projects/HeinzGroup/asoubki/FlexFringe/data/MLRegTest/Large/04.04.coSL.6.1.4_TestLR.txt,2025-12-29 23:08:32.987726
0.1.1.1.0.0.searchglobal.0,Small,4,4,coSL,6,1,4,TestSA,0.50008,0.5000405424580893,0.9867,0.663720385841708,0.49992,/gpfs/projects/HeinzGroup/caffeine_underground/mlrt/FlexFringe/FlexFringe/models-ps-small/0.1.1.1.0.0.searchglobal.0.ini/0.1.1.1.0.0.searchglobal.0_04.04.coSL.6.1.4_Small.final.json,/gpfs/projects/HeinzGroup/asoubki/FlexFringe/data/MLRegTest/Large/04.04.coSL.6.1.4_TestSA.txt,2025-12-29 23:08:32.987726
0.1.1.1.0.0.searchglobal.0,Small,4,4,coSL,6,1,4,TestSR,0.49964,0.49981780270056886,0.98758,0.6637229995833165,0.50036,/gpfs/projects/HeinzGroup/caffeine_underground/mlrt/FlexFringe/FlexFringe/models-ps-small/0.1.1.1.0.0.searchglobal.0.ini/0.1.1.1.0.0.searchglobal.0_04.04.coSL.6.1.4_Small.final.json,/gpfs/projects/HeinzGroup/asoubki/FlexFringe/data/MLRegTest/Large/04.04.coSL.6.1.4_TestSR.txt,2025-12-29 23:08:32.987726
0.1.1.1.0.0.searchglobal.0,Small,4,4,coSL,6,1,4,Dev,0.49997,0.4999848078189092,0.98732,0.6638114767875752,0.50003,/gpfs/projects/HeinzGroup/caffeine_underground/mlrt/FlexFringe/FlexFringe/models-ps-small/0.1.1.1.0.0.searchglobal.0.ini/0.1.1.1.0.0.searchglobal.0_04.04.coSL.6.1.4_Small.final.json,/gpfs/projects/HeinzGroup/asoubki/FlexFringe/data/MLRegTest/Large/04.04.coSL.6.1.4_Dev.txt,2025-12-29 23:08:32.987726
0.1.1.1.0.0.searchglobal.0,Small,4,4,coSL,6,1,4,Train,0.505,0.5025380710659898,0.99,0.6666666666666666,0.495,/gpfs/projects/HeinzGroup/caffeine_underground/mlrt/FlexFringe/FlexFringe/models-ps-small/0.1.1.1.0.0.searchglobal.0.ini/0.1.1.1.0.0.searchglobal.0_04.04.coSL.6.1.4_Small.final.json,/gpfs/projects/HeinzGroup/asoubki/FlexFringe/data/MLRegTest/Small/04.04.coSL.6.1.4_Train.txt,2025-12-29 23:08:32.987726
0.1.1.1.0.0.searchglobal.0,Small,4,4,coSL,6,1,5,TestLR,0.50006,0.50003003303634,0.99896,0.66646207218627,0.49994,/gpfs/projects/HeinzGroup/caffeine_underground/mlrt/FlexFringe/FlexFringe/models-ps-small/0.1.1.1.0.0.searchglobal.0.ini/0.1.1.1.0.0.searchglobal.0_04.04.coSL.6.1.5_Small.final.json,/gpfs/projects/HeinzGroup/asoubki/FlexFringe/data/MLRegTest/Large/04.04.coSL.6.1.5_TestLR.txt,2025-12-29 22:14:18.251630
0.1.1.1.0.0.searchglobal.0,Small,4,4,coSL,6,1,5,TestSR,0.5001,0.5000500540583831,0.99902,0.6664932084434126,0.4999,/gpfs/projects/HeinzGroup/caffeine_underground/mlrt/FlexFringe/FlexFringe/models-ps-small/0.1.1.1.0.0.searchglobal.0.ini/0.1.1.1.0.0.searchglobal.0_04.04.coSL.6.1.5_Small.final.json,/gpfs/projects/HeinzGroup/asoubki/FlexFringe/data/MLRegTest/Large/04.04.coSL.6.1.5_TestSR.txt,2025-12-29 22:14:18.251630
0.1.1.1.0.0.searchglobal.0,Small,4,4,coSL,6,1,5,TestLA,0.5,0.5,0.99902,0.6664487465143895,0.5,/gpfs/projects/HeinzGroup/caffeine_underground/mlrt/FlexFringe/FlexFringe/models-ps-small/0.1.1.1.0.0.searchglobal.0.ini/0.1.1.1.0.0.searchglobal.0_04.04.coSL.6.1.5_Small.final.json,/gpfs/projects/HeinzGroup/asoubki/FlexFringe/data/MLRegTest/Large/04.04.coSL.6.1.5_TestLA.txt,2025-12-29 22:14:18.251630
0.1.1.1.0.0.searchglobal.0,Small,4,4,coSL,6,1,5,TestSA,0.5,0.5,0.99916,0.6664798954080952,0.5,/gpfs/projects/HeinzGroup/caffeine_underground/mlrt/FlexFringe/FlexFringe/models-ps-small/0.1.1.1.0.0.searchglobal.0.ini/0.1.1.1.0.0.searchglobal.0_04.04.coSL.6.1.5_Small.final.json,/gpfs/projects/HeinzGroup/asoubki/FlexFringe/data/MLRegTest/Large/04.04.coSL.6.1.5_TestSA.txt,2025-12-29 22:14:18.251630
0.1.1.1.0.0.searchglobal.0,Small,4,4,coSL,6,1,5,Dev,0.49997,0.4999849860370144,0.99904,0.6664398593794819,0.50003,/gpfs/projects/HeinzGroup/caffeine_underground/mlrt/FlexFringe/FlexFringe/models-ps-small/0.1.1.1.0.0.searchglobal.0.ini/0.1.1.1.0.0.searchglobal.0_04.04.coSL.6.1.5_Small.final.json,/gpfs/projects/HeinzGroup/asoubki/FlexFringe/data/MLRegTest/Large/04.04.coSL.6.1.5_Dev.txt,2025-12-29 22:14:18.251630
0.1.1.1.0.0.searchglobal.0,Small,4,4,coSL,6,1,5,Train,0.499,0.4994994994994995,0.998,0.6657771847898599,0.501,/gpfs/projects/HeinzGroup/caffeine_underground/mlrt/FlexFringe/FlexFringe/models-ps-small/0.1.1.1.0.0.searchglobal.0.ini/0.1.1.1.0.0.searchglobal.0_04.04.coSL.6.1.5_Small.final.json,/gpfs/projects/HeinzGroup/asoubki/FlexFringe/data/MLRegTest/Small/04.04.coSL.6.1.5_Train.txt,2025-12-29 22:14:18.251630
0.1.1.1.0.0.searchglobal.0,Small,4,4,coSL,6,1,6,TestLA,0.4914,0.4956431871605739,0.97836,0.6579598644213698,0.5086,/gpfs/projects/HeinzGroup/caffeine_underground/mlrt/FlexFringe/FlexFringe/models-ps-small/0.1.1.1.0.0.searchglobal.0.ini/0.1.1.1.0.0.searchglobal.0_04.04.coSL.6.1.6_Small.final.json,/gpfs/projects/HeinzGroup/asoubki/FlexFringe/data/MLRegTest/Large/04.04.coSL.6.1.6_TestLA.txt,2025-12-29 23:24:19.676870
0.1.1.1.0.0.searchglobal.0,Small,4,4,coSL,6,1,6,TestSA,0.49155,0.49572580400408706,0.98004,0.6584122164072315,0.50845,/gpfs/projects/HeinzGroup/caffeine_underground/mlrt/FlexFringe/FlexFringe/models-ps-small/0.1.1.1.0.0.searchglobal.0.ini/0.1.1.1.0.0.searchglobal.0_04.04.coSL.6.1.6_Small.final.json,/gpfs/projects/HeinzGroup/asoubki/FlexFringe/data/MLRegTest/Large/04.04.coSL.6.1.6_TestSA.txt,2025-12-29 23:24:19.676870
0.1.1.1.0.0.searchglobal.0,Small,4,4,coSL,6,1,6,TestSR,0.4998,0.4998996326555192,0.99614,0.665717684483473,0.5002,/gpfs/projects/HeinzGroup/caffeine_underground/mlrt/FlexFringe/FlexFringe/models-ps-small/0.1.1.1.0.0.searchglobal.0.ini/0.1.1.1.0.0.searchglobal.0_04.04.coSL.6.1.6_Small.final.json,/gpfs/projects/HeinzGroup/asoubki/FlexFringe/data/MLRegTest/Large/04.04.coSL.6.1.6_TestSR.txt,2025-12-29 23:24:19.676870
0.1.1.1.0.0.searchglobal.0,Small,4,4,coSL,6,1,6,TestLR,0.49955,0.49977392614920874,0.9948,0.6653068048821268,0.50045,/gpfs/projects/HeinzGroup/caffeine_underground/mlrt/FlexFringe/FlexFringe/models-ps-small/0.1.1.1.0.0.searchglobal.0.ini/0.1.1.1.0.0.searchglobal.0_04.04.coSL.6.1.6_Small.final.json,/gpfs/projects/HeinzGroup/asoubki/FlexFringe/data/MLRegTest/Large/04.04.coSL.6.1.6_TestLR.txt,2025-12-29 23:24:19.676870
0.1.1.1.0.0.searchglobal.0,Small,4,4,coSL,6,1,6,Dev,0.49975,0.49987450177203496,0.99578,0.6656149943517176,0.50025,/gpfs/projects/HeinzGroup/caffeine_underground/mlrt/FlexFringe/FlexFringe/models-ps-small/0.1.1.1.0.0.searchglobal.0.ini/0.1.1.1.0.0.searchglobal.0_04.04.coSL.6.1.6_Small.final.json,/gpfs/projects/HeinzGroup/asoubki/FlexFringe/data/MLRegTest/Large/04.04.coSL.6.1.6_Dev.txt,2025-12-29 23:24:19.676870
0.1.1.1.0.0.searchglobal.0,Small,4,4,coSL,6,1,6,Train,0.499,0.49949849548645936,0.996,0.6653306613226453,0.501,/gpfs/projects/HeinzGroup/caffeine_underground/mlrt/FlexFringe/FlexFringe/models-ps-small/0.1.1.1.0.0.searchglobal.0.ini/0.1.1.1.0.0.searchglobal.0_04.04.coSL.6.1.6_Small.final.json,/gpfs/projects/HeinzGroup/asoubki/FlexFringe/data/MLRegTest/Small/04.04.coSL.6.1.6_Train.txt,2025-12-29 23:24:19.676870
0.1.1.1.0.0.searchglobal.0,Small,4,4,coSL,6,1,7,TestSA,0.50013,0.500065840786848,0.98736,0.663891933325713,0.49987,/gpfs/projects/HeinzGroup/caffeine_underground/mlrt/FlexFringe/FlexFringe/models-ps-small/0.1.1.1.0.0.searchglobal.0.ini/0.1.1.1.0.0.searchglobal.0_04.04.coSL.6.1.7_Small.final.json,/gpfs/projects/HeinzGroup/asoubki/FlexFringe/data/MLRegTest/Large/04.04.coSL.6.1.7_TestSA.txt,2025-12-29 23:16:12.972370
0.1.1.1.0.0.searchglobal.0,Small,4,4,coSL,6,1,7,TestSR,0.49958,0.49978725990761,0.9867,0.6634972295443542,0.50042,/gpfs/projects/HeinzGroup/caffeine_underground/mlrt/FlexFringe/FlexFringe/models-ps-small/0.1.1.1.0.0.searchglobal.0.ini/0.1.1.1.0.0.searchglobal.0_04.04.coSL.6.1.7_Small.final.json,/gpfs/projects/HeinzGroup/asoubki/FlexFringe/data/MLRegTest/Large/04.04.coSL.6.1.7_TestSR.txt,2025-12-29 23:16:12.972370
0.1.1.1.0.0.searchglobal.0,Small,4,4,coSL,6,1,7,TestLA,0.50006,0.5000303846699212,0.9874,0.6638697271639302,0.49994,/gpfs/projects/HeinzGroup/caffeine_underground/mlrt/FlexFringe/FlexFringe/models-ps-small/0.1.1.1.0.0.searchglobal.0.ini/0.1.1.1.0.0.searchglobal.0_04.04.coSL.6.1.7_Small.final.json,/gpfs/projects/HeinzGroup/asoubki/FlexFringe/data/MLRegTest/Large/04.04.coSL.6.1.7_TestLA.txt,2025-12-29 23:16:12.972370
0.1.1.1.0.0.searchglobal.0,Small,4,4,coSL,6,1,7,TestLR,0.49995,0.49997468533876077,0.98752,0.6638477517024409,0.50005,/gpfs/projects/HeinzGroup/caffeine_underground/mlrt/FlexFringe/FlexFringe/models-ps-small/0.1.1.1.0.0.searchglobal.0.ini/0.1.1.1.0.0.searchglobal.0_04.04.coSL.6.1.7_Small.final.json,/gpfs/projects/HeinzGroup/asoubki/FlexFringe/data/MLRegTest/Large/04.04.coSL.6.1.7_TestLR.txt,2025-12-29 23:16:12.972370
0.1.1.1.0.0.searchglobal.0,Small,4,4,coSL,6,1,7,Dev,0.49993,0.4999645587565187,0.98748,0.6638297872340425,0.50007,/gpfs/projects/HeinzGroup/caffeine_underground/mlrt/FlexFringe/FlexFringe/models-ps-small/0.1.1.1.0.0.searchglobal.0.ini/0.1.1.1.0.0.searchglobal.0_04.04.coSL.6.1.7_Small.final.json,/gpfs/projects/HeinzGroup/asoubki/FlexFringe/data/MLRegTest/Large/04.04.coSL.6.1.7_Dev.txt,2025-12-29 23:16:12.972370
0.1.1.1.0.0.searchglobal.0,Small,4,4,coSL,6,1,7,Train,0.502,0.5010141987829615,0.988,0.6648721399730821,0.498,/gpfs/projects/HeinzGroup/caffeine_underground/mlrt/FlexFringe/FlexFringe/models-ps-small/0.1.1.1.0.0.searchglobal.0.ini/0.1.1.1.0.0.searchglobal.0_04.04.coSL.6.1.7_Small.final.json,/gpfs/projects/HeinzGroup/asoubki/FlexFringe/data/MLRegTest/Small/04.04.coSL.6.1.7_Train.txt,2025-12-29 23:16:12.972370
0.1.1.1.0.0.searchglobal.0,Small,4,4,coSL,6,1,8,TestSA,0.49958,0.4997874149659864,0.98742,0.6636600709753737,0.50042,/gpfs/projects/HeinzGroup/caffeine_underground/mlrt/FlexFringe/FlexFringe/models-ps-small/0.1.1.1.0.0.searchglobal.0.ini/0.1.1.1.0.0.searchglobal.0_04.04.coSL.6.1.8_Small.final.json,/gpfs/projects/HeinzGroup/asoubki/FlexFringe/data/MLRegTest/Large/04.04.coSL.6.1.8_TestSA.txt,2025-12-29 23:37:01.223045
0.1.1.1.0.0.searchglobal.0,Small,4,4,coSL,6,1,8,TestSR,0.49959,0.4997924239816118,0.98718,0.6636102689585168,0.50041,/gpfs/projects/HeinzGroup/caffeine_underground/mlrt/FlexFringe/FlexFringe/models-ps-small/0.1.1.1.0.0.searchglobal.0.ini/0.1.1.1.0.0.searchglobal.0_04.04.coSL.6.1.8_Small.final.json,/gpfs/projects/HeinzGroup/asoubki/FlexFringe/data/MLRegTest/Large/04.04.coSL.6.1.8_TestSR.txt,2025-12-29 23:37:01.223045
0.1.1.1.0.0.searchglobal.0,Small,4,4,coSL,6,1,8,TestLR,0.49913,0.4995600772645908,0.98794,0.6635769507190307,0.50087,/gpfs/projects/HeinzGroup/caffeine_underground/mlrt/FlexFringe/FlexFringe/models-ps-small/0.1.1.1.0.0.searchglobal.0.ini/0.1.1.1.0.0.searchglobal.0_04.04.coSL.6.1.8_Small.final.json,/gpfs/projects/HeinzGroup/asoubki/FlexFringe/data/MLRegTest/Large/04.04.coSL.6.1.8_TestLR.txt,2025-12-29 23:37:01.223045
0.1.1.1.0.0.searchglobal.0,Small,4,4,coSL,6,1,8,TestLA,0.49943,0.4997113368648145,0.98674,0.6634393636834285,0.50057,/gpfs/projects/HeinzGroup/caffeine_underground/mlrt/FlexFringe/FlexFringe/models-ps-small/0.1.1.1.0.0.searchglobal.0.ini/0.1.1.1.0.0.searchglobal.0_04.04.coSL.6.1.8_Small.final.json,/gpfs/projects/HeinzGroup/asoubki/FlexFringe/data/MLRegTest/Large/04.04.coSL.6.1.8_TestLA.txt,2025-12-29 23:37:01.223045
0.1.1.1.0.0.searchglobal.0,Small,4,4,coSL,6,1,8,Dev,0.49901,0.49949873925327337,0.98652,0.6632022641864592,0.50099,/gpfs/projects/HeinzGroup/caffeine_underground/mlrt/FlexFringe/FlexFringe/models-ps-small/0.1.1.1.0.0.searchglobal.0.ini/0.1.1.1.0.0.searchglobal.0_04.04.coSL.6.1.8_Small.final.json,/gpfs/projects/HeinzGroup/asoubki/FlexFringe/data/MLRegTest/Large/04.04.coSL.6.1.8_Dev.txt,2025-12-29 23:37:01.223045
0.1.1.1.0.0.searchglobal.0,Small,4,4,coSL,6,1,8,Train,0.498,0.498989898989899,0.988,0.6630872483221476,0.502,/gpfs/projects/HeinzGroup/caffeine_underground/mlrt/FlexFringe/FlexFringe/models-ps-small/0.1.1.1.0.0.searchglobal.0.ini/0.1.1.1.0.0.searchglobal.0_04.04.coSL.6.1.8_Small.final.json,/gpfs/projects/HeinzGroup/asoubki/FlexFringe/data/MLRegTest/Small/04.04.coSL.6.1.8_Train.txt,2025-12-29 23:37:01.223045
0.1.1.1.0.0.searchglobal.0,Small,4,4,coSL,6,1,9,TestSR,0.50346,0.5017513666734157,0.99126,0.6662589057669042,0.49654,/gpfs/projects/HeinzGroup/caffeine_underground/mlrt/FlexFringe/FlexFringe/models-ps-small/0.1.1.1.0.0.searchglobal.0.ini/0.1.1.1.0.0.searchglobal.0_04.04.coSL.6.1.9_Small.final.json,/gpfs/projects/HeinzGroup/asoubki/FlexFringe/data/MLRegTest/Large/04.04.coSL.6.1.9_TestSR.txt,2025-12-29 23:06:00.213812
0.1.1.1.0.0.searchglobal.0,Small,4,4,coSL,6,1,9,TestSA,0.50121,0.5006139950271478,0.98656,0.66419362439829,0.49879,/gpfs/projects/HeinzGroup/caffeine_underground/mlrt/FlexFringe/FlexFringe/models-ps-small/0.1.1.1.0.0.searchglobal.0.ini/0.1.1.1.0.0.searchglobal.0_04.04.coSL.6.1.9_Small.final.json,/gpfs/projects/HeinzGroup/asoubki/FlexFringe/data/MLRegTest/Large/04.04.coSL.6.1.9_TestSA.txt,2025-12-29 23:06:00.213812
0.1.1.1.0.0.searchglobal.0,Small,4,4,coSL,6,1,9,TestLA,0.50152,0.5007739622795225,0.98348,0.663634646009339,0.49848,/gpfs/projects/HeinzGroup/caffeine_underground/mlrt/FlexFringe/FlexFringe/models-ps-small/0.1.1.1.0.0.searchglobal.0.ini/0.1.1.1.0.0.searchglobal.0_04.04.coSL.6.1.9_Small.final.json,/gpfs/projects/HeinzGroup/asoubki/FlexFringe/data/MLRegTest/Large/04.04.coSL.6.1.9_TestLA.txt,2025-12-29 23:06:00.213812
0.1.1.1.0.0.searchglobal.0,Small,4,4,coSL,6,1,9,TestLR,0.50337,0.5017101911151258,0.98864,0.6656298181475422,0.49663,/gpfs/projects/HeinzGroup/caffeine_underground/mlrt/FlexFringe/FlexFringe/models-ps-small/0.1.1.1.0.0.searchglobal.0.ini/0.1.1.1.0.0.searchglobal.0_04.04.coSL.6.1.9_Small.final.json,/gpfs/projects/HeinzGroup/asoubki/FlexFringe/data/MLRegTest/Large/04.04.coSL.6.1.9_TestLR.txt,2025-12-29 23:06:00.213812
0.1.1.1.0.0.searchglobal.0,Small,4,4,coSL,6,1,9,Dev,0.50228,0.501154711018374,0.98954,0.6653443244624343,0.49772,/gpfs/projects/HeinzGroup/caffeine_underground/mlrt/FlexFringe/FlexFringe/models-ps-small/0.1.1.1.0.0.searchglobal.0.ini/0.1.1.1.0.0.searchglobal.0_04.04.coSL.6.1.9_Small.final.json,/gpfs/projects/HeinzGroup/asoubki/FlexFringe/data/MLRegTest/Large/04.04.coSL.6.1.9_Dev.txt,2025-12-29 23:06:00.213812
0.1.1.1.0.0.searchglobal.0,Small,4,4,coSL,6,1,9,Train,0.501,0.5005025125628141,0.996,0.6662207357859532,0.499,/gpfs/projects/HeinzGroup/caffeine_underground/mlrt/FlexFringe/FlexFringe/models-ps-small/0.1.1.1.0.0.searchglobal.0.ini/0.1.1.1.0.0.searchglobal.0_04.04.coSL.6.1.9_Small.final.json,/gpfs/projects/HeinzGroup/asoubki/FlexFringe/data/MLRegTest/Small/04.04.coSL.6.1.9_Train.txt,2025-12-29 23:06:00.213812
0.1.1.1.0.0.searchglobal.0,Small,4,4,coSP,2,1,0,TestLR,0.5045,0.5022601707684581,1.0,0.6686726847208292,0.4955,/gpfs/projects/HeinzGroup/caffeine_underground/mlrt/FlexFringe/FlexFringe/models-ps-small/0.1.1.1.0.0.searchglobal.0.ini/0.1.1.1.0.0.searchglobal.0_04.04.coSP.2.1.0_Small.final.json,/gpfs/projects/HeinzGroup/asoubki/FlexFringe/data/MLRegTest/Large/04.04.coSP.2.1.0_TestLR.txt,2025-12-29 22:08:14.750834
0.1.1.1.0.0.searchglobal.0,Small,4,4,coSP,2,1,0,TestSR,0.51258,0.5063703943770382,0.99996,0.6722962524707876,0.48742,/gpfs/projects/HeinzGroup/caffeine_underground/mlrt/FlexFringe/FlexFringe/models-ps-small/0.1.1.1.0.0.searchglobal.0.ini/0.1.1.1.0.0.searchglobal.0_04.04.coSP.2.1.0_Small.final.json,/gpfs/projects/HeinzGroup/asoubki/FlexFringe/data/MLRegTest/Large/04.04.coSP.2.1.0_TestSR.txt,2025-12-29 22:08:14.750834
0.1.1.1.0.0.searchglobal.0,Small,4,4,coSP,2,1,0,TestSA,0.51072,0.5054302676635666,0.99778,0.6709749438489369,0.48928,/gpfs/projects/HeinzGroup/caffeine_underground/mlrt/FlexFringe/FlexFringe/models-ps-small/0.1.1.1.0.0.searchglobal.0.ini/0.1.1.1.0.0.searchglobal.0_04.04.coSP.2.1.0_Small.final.json,/gpfs/projects/HeinzGroup/asoubki/FlexFringe/data/MLRegTest/Large/04.04.coSP.2.1.0_TestSA.txt,2025-12-29 22:08:14.750834
0.1.1.1.0.0.searchglobal.0,Small,4,4,coSP,2,1,0,TestLA,0.50462,0.5023219814241486,0.99946,0.668606673623933,0.49538,/gpfs/projects/HeinzGroup/caffeine_underground/mlrt/FlexFringe/FlexFringe/models-ps-small/0.1.1.1.0.0.searchglobal.0.ini/0.1.1.1.0.0.searchglobal.0_04.04.coSP.2.1.0_Small.final.json,/gpfs/projects/HeinzGroup/asoubki/FlexFringe/data/MLRegTest/Large/04.04.coSP.2.1.0_TestLA.txt,2025-12-29 22:08:14.750834
0.1.1.1.0.0.searchglobal.0,Small,4,4,coSP,2,1,0,Dev,0.51238,0.5062677197245848,0.99998,0.6722102715783813,0.48762,/gpfs/projects/HeinzGroup/caffeine_underground/mlrt/FlexFringe/FlexFringe/models-ps-small/0.1.1.1.0.0.searchglobal.0.ini/0.1.1.1.0.0.searchglobal.0_04.04.coSP.2.1.0_Small.final.json,/gpfs/projects/HeinzGroup/asoubki/FlexFringe/data/MLRegTest/Large/04.04.coSP.2.1.0_Dev.txt,2025-12-29 22:08:14.750834
0.1.1.1.0.0.searchglobal.0,Small,4,4,coSP,2,1,0,Train,0.516,0.508130081300813,1.0,0.6738544474393531,0.484,/gpfs/projects/HeinzGroup/caffeine_underground/mlrt/FlexFringe/FlexFringe/models-ps-small/0.1.1.1.0.0.searchglobal.0.ini/0.1.1.1.0.0.searchglobal.0_04.04.coSP.2.1.0_Small.final.json,/gpfs/projects/HeinzGroup/asoubki/FlexFringe/data/MLRegTest/Small/04.04.coSP.2.1.0_Train.txt,2025-12-29 22:08:14.750834
0.1.1.1.0.0.searchglobal.0,Small,4,4,coSP,2,1,1,TestSA,0.58442,0.5490403383214053,0.94514,0.6945881592098301,0.41558,/gpfs/projects/HeinzGroup/caffeine_underground/mlrt/FlexFringe/FlexFringe/models-ps-small/0.1.1.1.0.0.searchglobal.0.ini/0.1.1.1.0.0.searchglobal.0_04.04.coSP.2.1.1_Small.final.json,/gpfs/projects/HeinzGroup/asoubki/FlexFringe/data/MLRegTest/Large/04.04.coSP.2.1.1_TestSA.txt,2025-12-29 22:55:25.834617
0.1.1.1.0.0.searchglobal.0,Small,4,4,coSP,2,1,1,TestSR,0.60888,0.5610998877665544,0.99988,0.7188209920920201,0.39112,/gpfs/projects/HeinzGroup/caffeine_underground/mlrt/FlexFringe/FlexFringe/models-ps-small/0.1.1.1.0.0.searchglobal.0.ini/0.1.1.1.0.0.searchglobal.0_04.04.coSP.2.1.1_Small.final.json,/gpfs/projects/HeinzGroup/asoubki/FlexFringe/data/MLRegTest/Large/04.04.coSP.2.1.1_TestSR.txt,2025-12-29 22:55:25.834617
0.1.1.1.0.0.searchglobal.0,Small,4,4,coSP,2,1,1,TestLA,0.57284,0.5410209046675076,0.96068,0.6922123587733456,0.42716,/gpfs/projects/HeinzGroup/caffeine_underground/mlrt/FlexFringe/FlexFringe/models-ps-small/0.1.1.1.0.0.searchglobal.0.ini/0.1.1.1.0.0.searchglobal.0_04.04.coSP.2.1.1_Small.final.json,/gpfs/projects/HeinzGroup/asoubki/FlexFringe/data/MLRegTest/Large/04.04.coSP.2.1.1_TestLA.txt,2025-12-29 22:55:25.834617
0.1.1.1.0.0.searchglobal.0,Small,4,4,coSP,2,1,1,TestLR,0.59375,0.5517241379310345,1.0,0.7111111111111111,0.40625,/gpfs/projects/HeinzGroup/caffeine_underground/mlrt/FlexFringe/FlexFringe/models-ps-small/0.1.1.1.0.0.searchglobal.0.ini/0.1.1.1.0.0.searchglobal.0_04.04.coSP.2.1.1_Small.final.json,/gpfs/projects/HeinzGroup/asoubki/FlexFringe/data/MLRegTest/Large/04.04.coSP.2.1.1_TestLR.txt,2025-12-29 22:55:25.834617
0.1.1.1.0.0.searchglobal.0,Small,4,4,coSP,2,1,1,Dev,0.61091,0.562385393346908,0.99982,0.7198594581362363,0.38909,/gpfs/projects/HeinzGroup/caffeine_underground/mlrt/FlexFringe/FlexFringe/models-ps-small/0.1.1.1.0.0.searchglobal.0.ini/0.1.1.1.0.0.searchglobal.0_04.04.coSP.2.1.1_Small.final.json,/gpfs/projects/HeinzGroup/asoubki/FlexFringe/data/MLRegTest/Large/04.04.coSP.2.1.1_Dev.txt,2025-12-29 22:55:25.834617
0.1.1.1.0.0.searchglobal.0,Small,4,4,coSP,2,1,1,Train,0.62,0.5681818181818182,1.0,0.7246376811594203,0.38,/gpfs/projects/HeinzGroup/caffeine_underground/mlrt/FlexFringe/FlexFringe/models-ps-small/0.1.1.1.0.0.searchglobal.0.ini/0.1.1.1.0.0.searchglobal.0_04.04.coSP.2.1.1_Small.final.json,/gpfs/projects/HeinzGroup/asoubki/FlexFringe/data/MLRegTest/Small/04.04.coSP.2.1.1_Train.txt,2025-12-29 22:55:25.834617
0.1.1.1.0.0.searchglobal.0,Small,4,4,coSP,2,1,2,TestSA,0.67696,0.6252122721612137,0.8836,0.7322813763840085,0.32304,/gpfs/projects/HeinzGroup/caffeine_underground/mlrt/FlexFringe/FlexFringe/models-ps-small/0.1.1.1.0.0.searchglobal.0.ini/0.1.1.1.0.0.searchglobal.0_04.04.coSP.2.1.2_Small.final.json,/gpfs/projects/HeinzGroup/asoubki/FlexFringe/data/MLRegTest/Large/04.04.coSP.2.1.2_TestSA.txt,2025-12-29 23:23:07.158686
0.1.1.1.0.0.searchglobal.0,Small,4,4,coSP,2,1,2,TestSR,0.73755,0.6557970539239477,0.99992,0.792097404089134,0.26245,/gpfs/projects/HeinzGroup/caffeine_underground/mlrt/FlexFringe/FlexFringe/models-ps-small/0.1.1.1.0.0.searchglobal.0.ini/0.1.1.1.0.0.searchglobal.0_04.04.coSP.2.1.2_Small.final.json,/gpfs/projects/HeinzGroup/asoubki/FlexFringe/data/MLRegTest/Large/04.04.coSP.2.1.2_TestSR.txt,2025-12-29 23:23:07.158686
0.1.1.1.0.0.searchglobal.0,Small,4,4,coSP,2,1,2,TestLR,0.73405,0.6527841242900972,1.0,0.7899206129783957,0.26595,/gpfs/projects/HeinzGroup/caffeine_underground/mlrt/FlexFringe/FlexFringe/models-ps-small/0.1.1.1.0.0.searchglobal.0.ini/0.1.1.1.0.0.searchglobal.0_04.04.coSP.2.1.2_Small.final.json,/gpfs/projects/HeinzGroup/asoubki/FlexFringe/data/MLRegTest/Large/04.04.coSP.2.1.2_TestLR.txt,2025-12-29 23:23:07.158686
0.1.1.1.0.0.searchglobal.0,Small,4,4,coSP,2,1,2,TestLA,0.67622,0.623715248525695,0.88842,0.7328988615739976,0.32378,/gpfs/projects/HeinzGroup/caffeine_underground/mlrt/FlexFringe/FlexFringe/models-ps-small/0.1.1.1.0.0.searchglobal.0.ini/0.1.1.1.0.0.searchglobal.0_04.04.coSP.2.1.2_Small.final.json,/gpfs/projects/HeinzGroup/asoubki/FlexFringe/data/MLRegTest/Large/04.04.coSP.2.1.2_TestLA.txt,2025-12-29 23:23:07.158686
0.1.1.1.0.0.searchglobal.0,Small,4,4,coSP,2,1,2,Dev,0.7361,0.65457235636097,0.99982,0.7911720950843542,0.2639,/gpfs/projects/HeinzGroup/caffeine_underground/mlrt/FlexFringe/FlexFringe/models-ps-small/0.1.1.1.0.0.searchglobal.0.ini/0.1.1.1.0.0.searchglobal.0_04.04.coSP.2.1.2_Small.final.json,/gpfs/projects/HeinzGroup/asoubki/FlexFringe/data/MLRegTest/Large/04.04.coSP.2.1.2_Dev.txt,2025-12-29 23:23:07.158686
0.1.1.1.0.0.searchglobal.0,Small,4,4,coSP,2,1,2,Train,0.729,0.648508430609598,1.0,0.7867820613690008,0.271,/gpfs/projects/HeinzGroup/caffeine_underground/mlrt/FlexFringe/FlexFringe/models-ps-small/0.1.1.1.0.0.searchglobal.0.ini/0.1.1.1.0.0.searchglobal.0_04.04.coSP.2.1.2_Small.final.json,/gpfs/projects/HeinzGroup/asoubki/FlexFringe/data/MLRegTest/Small/04.04.coSP.2.1.2_Train.txt,2025-12-29 23:23:07.158686
0.1.1.1.0.0.searchglobal.0,Small,4,4,coSP,2,1,3,TestLA,0.72873,0.6670610748352981,0.9133,0.7709970706669931,0.27127,/gpfs/projects/HeinzGroup/caffeine_underground/mlrt/FlexFringe/FlexFringe/models-ps-small/0.1.1.1.0.0.searchglobal.0.ini/0.1.1.1.0.0.searchglobal.0_04.04.coSP.2.1.3_Small.final.json,/gpfs/projects/HeinzGroup/asoubki/FlexFringe/data/MLRegTest/Large/04.04.coSP.2.1.3_TestLA.txt,2025-12-29 22:43:35.435466
0.1.1.1.0.0.searchglobal.0,Small,4,4,coSP,2,1,3,TestLR,0.77138,0.6862287612198402,1.0,0.8139213100877407,0.22862,/gpfs/projects/HeinzGroup/caffeine_underground/mlrt/FlexFringe/FlexFringe/models-ps-small/0.1.1.1.0.0.searchglobal.0.ini/0.1.1.1.0.0.searchglobal.0_04.04.coSP.2.1.3_Small.final.json,/gpfs/projects/HeinzGroup/asoubki/FlexFringe/data/MLRegTest/Large/04.04.coSP.2.1.3_TestLR.txt,2025-12-29 22:43:35.435466
0.1.1.1.0.0.searchglobal.0,Small,4,4,coSP,2,1,3,TestSR,0.78401,0.69838364929241,0.99982,0.8223488867503969,0.21599,/gpfs/projects/HeinzGroup/caffeine_underground/mlrt/FlexFringe/FlexFringe/models-ps-small/0.1.1.1.0.0.searchglobal.0.ini/0.1.1.1.0.0.searchglobal.0_04.04.coSP.2.1.3_Small.final.json,/gpfs/projects/HeinzGroup/asoubki/FlexFringe/data/MLRegTest/Large/04.04.coSP.2.1.3_TestSR.txt,2025-12-29 22:43:35.435466
0.1.1.1.0.0.searchglobal.0,Small,4,4,coSP,2,1,3,TestSA,0.73576,0.6771033653846154,0.90136,0.7733013040494167,0.26424,/gpfs/projects/HeinzGroup/caffeine_underground/mlrt/FlexFringe/FlexFringe/models-ps-small/0.1.1.1.0.0.searchglobal.0.ini/0.1.1.1.0.0.searchglobal.0_04.04.coSP.2.1.3_Small.final.json,/gpfs/projects/HeinzGroup/asoubki/FlexFringe/data/MLRegTest/Large/04.04.coSP.2.1.3_TestSA.txt,2025-12-29 22:43:35.435466
0.1.1.1.0.0.searchglobal.0,Small,4,4,coSP,2,1,3,Dev,0.78163,0.6960911281001518,0.99974,0.8207304759011912,0.21837,/gpfs/projects/HeinzGroup/caffeine_underground/mlrt/FlexFringe/FlexFringe/models-ps-small/0.1.1.1.0.0.searchglobal.0.ini/0.1.1.1.0.0.searchglobal.0_04.04.coSP.2.1.3_Small.final.json,/gpfs/projects/HeinzGroup/asoubki/FlexFringe/data/MLRegTest/Large/04.04.coSP.2.1.3_Dev.txt,2025-12-29 22:43:35.435466
0.1.1.1.0.0.searchglobal.0,Small,4,4,coSP,2,1,3,Train,0.785,0.6993006993006993,1.0,0.823045267489712,0.215,/gpfs/projects/HeinzGroup/caffeine_underground/mlrt/FlexFringe/FlexFringe/models-ps-small/0.1.1.1.0.0.searchglobal.0.ini/0.1.1.1.0.0.searchglobal.0_04.04.coSP.2.1.3_Small.final.json,/gpfs/projects/HeinzGroup/asoubki/FlexFringe/data/MLRegTest/Small/04.04.coSP.2.1.3_Train.txt,2025-12-29 22:43:35.435466
0.1.1.1.0.0.searchglobal.0,Small,4,4,coSP,2,1,4,TestLA,0.63043,0.5850626736405494,0.8971,0.7082349783290044,0.36957,/gpfs/projects/HeinzGroup/caffeine_underground/mlrt/FlexFringe/FlexFringe/models-ps-small/0.1.1.1.0.0.searchglobal.0.ini/0.1.1.1.0.0.searchglobal.0_04.04.coSP.2.1.4_Small.final.json,/gpfs/projects/HeinzGroup/asoubki/FlexFringe/data/MLRegTest/Large/04.04.coSP.2.1.4_TestLA.txt,2025-12-29 22:36:25.419596
0.1.1.1.0.0.searchglobal.0,Small,4,4,coSP,2,1,4,TestSR,0.69079,0.6179448819871168,0.9996,0.7637472207577876,0.30921,/gpfs/projects/HeinzGroup/caffeine_underground/mlrt/FlexFringe/FlexFringe/models-ps-small/0.1.1.1.0.0.searchglobal.0.ini/0.1.1.1.0.0.searchglobal.0_04.04.coSP.2.1.4_Small.final.json,/gpfs/projects/HeinzGroup/asoubki/FlexFringe/data/MLRegTest/Large/04.04.coSP.2.1.4_TestSR.txt,2025-12-29 22:36:25.419596
0.1.1.1.0.0.searchglobal.0,Small,4,4,coSP,2,1,4,TestLR,0.68262,0.6117133209356954,0.99998,0.7590787635877816,0.31738,/gpfs/projects/HeinzGroup/caffeine_underground/mlrt/FlexFringe/FlexFringe/models-ps-small/0.1.1.1.0.0.searchglobal.0.ini/0.1.1.1.0.0.searchglobal.0_04.04.coSP.2.1.4_Small.final.json,/gpfs/projects/HeinzGroup/asoubki/FlexFringe/data/MLRegTest/Large/04.04.coSP.2.1.4_TestLR.txt,2025-12-29 22:36:25.419596
0.1.1.1.0.0.searchglobal.0,Small,4,4,coSP,2,1,4,TestSA,0.63756,0.5907004958328937,0.89588,0.711965159895734,0.36244,/gpfs/projects/HeinzGroup/caffeine_underground/mlrt/FlexFringe/FlexFringe/models-ps-small/0.1.1.1.0.0.searchglobal.0.ini/0.1.1.1.0.0.searchglobal.0_04.04.coSP.2.1.4_Small.final.json,/gpfs/projects/HeinzGroup/asoubki/FlexFringe/data/MLRegTest/Large/04.04.coSP.2.1.4_TestSA.txt,2025-12-29 22:36:25.419596
0.1.1.1.0.0.searchglobal.0,Small,4,4,coSP,2,1,4,Dev,0.6911,0.6181935132728037,0.99952,0.7639137280078262,0.3089,/gpfs/projects/HeinzGroup/caffeine_underground/mlrt/FlexFringe/FlexFringe/models-ps-small/0.1.1.1.0.0.searchglobal.0.ini/0.1.1.1.0.0.searchglobal.0_04.04.coSP.2.1.4_Small.final.json,/gpfs/projects/HeinzGroup/asoubki/FlexFringe/data/MLRegTest/Large/04.04.coSP.2.1.4_Dev.txt,2025-12-29 22:36:25.419596
0.1.1.1.0.0.searchglobal.0,Small,4,4,coSP,2,1,4,Train,0.699,0.6242197253433208,1.0,0.7686395080707148,0.301,/gpfs/projects/HeinzGroup/caffeine_underground/mlrt/FlexFringe/FlexFringe/models-ps-small/0.1.1.1.0.0.searchglobal.0.ini/0.1.1.1.0.0.searchglobal.0_04.04.coSP.2.1.4_Small.final.json,/gpfs/projects/HeinzGroup/asoubki/FlexFringe/data/MLRegTest/Small/04.04.coSP.2.1.4_Train.txt,2025-12-29 22:36:25.419596
0.1.1.1.0.0.searchglobal.0,Small,4,4,coSP,2,1,5,TestSR,0.53812,0.5198153615835656,1.0,0.6840506744739651,0.46188,/gpfs/projects/HeinzGroup/caffeine_underground/mlrt/FlexFringe/FlexFringe/models-ps-small/0.1.1.1.0.0.searchglobal.0.ini/0.1.1.1.0.0.searchglobal.0_04.04.coSP.2.1.5_Small.final.json,/gpfs/projects/HeinzGroup/asoubki/FlexFringe/data/MLRegTest/Large/04.04.coSP.2.1.5_TestSR.txt,2025-12-29 23:07:45.063768
0.1.1.1.0.0.searchglobal.0,Small,4,4,coSP,2,1,5,TestSA,0.53374,0.5176114416953753,0.99164,0.6801838260511694,0.46626,/gpfs/projects/HeinzGroup/caffeine_underground/mlrt/FlexFringe/FlexFringe/models-ps-small/0.1.1.1.0.0.searchglobal.0.ini/0.1.1.1.0.0.searchglobal.0_04.04.coSP.2.1.5_Small.final.json,/gpfs/projects/HeinzGroup/asoubki/FlexFringe/data/MLRegTest/Large/04.04.coSP.2.1.5_TestSA.txt,2025-12-29 23:07:45.063768
0.1.1.1.0.0.searchglobal.0,Small,4,4,coSP,2,1,5,TestLA,0.52213,0.5113492999641007,0.99708,0.6760093562493644,0.47787,/gpfs/projects/HeinzGroup/caffeine_underground/mlrt/FlexFringe/FlexFringe/models-ps-small/0.1.1.1.0.0.searchglobal.0.ini/0.1.1.1.0.0.searchglobal.0_04.04.coSP.2.1.5_Small.final.json,/gpfs/projects/HeinzGroup/asoubki/FlexFringe/data/MLRegTest/Large/04.04.coSP.2.1.5_TestLA.txt,2025-12-29 23:07:45.063768
0.1.1.1.0.0.searchglobal.0,Small,4,4,coSP,2,1,5,TestLR,0.52364,0.5121061903396288,1.0,0.6773415698068221,0.47636,/gpfs/projects/HeinzGroup/caffeine_underground/mlrt/FlexFringe/FlexFringe/models-ps-small/0.1.1.1.0.0.searchglobal.0.ini/0.1.1.1.0.0.searchglobal.0_04.04.coSP.2.1.5_Small.final.json,/gpfs/projects/HeinzGroup/asoubki/FlexFringe/data/MLRegTest/Large/04.04.coSP.2.1.5_TestLR.txt,2025-12-29 23:07:45.063768
0.1.1.1.0.0.searchglobal.0,Small,4,4,coSP,2,1,5,Dev,0.53942,0.5205188531928626,1.0,0.6846595188212902,0.46058,/gpfs/projects/HeinzGroup/caffeine_underground/mlrt/FlexFringe/FlexFringe/models-ps-small/0.1.1.1.0.0.searchglobal.0.ini/0.1.1.1.0.0.searchglobal.0_04.04.coSP.2.1.5_Small.final.json,/gpfs/projects/HeinzGroup/asoubki/FlexFringe/data/MLRegTest/Large/04.04.coSP.2.1.5_Dev.txt,2025-12-29 23:07:45.063768
0.1.1.1.0.0.searchglobal.0,Small,4,4,coSP,2,1,5,Train,0.539,0.5202913631633714,1.0,0.6844626967830253,0.461,/gpfs/projects/HeinzGroup/caffeine_underground/mlrt/FlexFringe/FlexFringe/models-ps-small/0.1.1.1.0.0.searchglobal.0.ini/0.1.1.1.0.0.searchglobal.0_04.04.coSP.2.1.5_Small.final.json,/gpfs/projects/HeinzGroup/asoubki/FlexFringe/data/MLRegTest/Small/04.04.coSP.2.1.5_Train.txt,2025-12-29 23:07:45.063768
0.1.1.1.0.0.searchglobal.0,Small,4,4,coSP,2,1,6,TestSA,0.72709,0.6531184680736296,0.96864,0.7801860577503926,0.27291,/gpfs/projects/HeinzGroup/caffeine_underground/mlrt/FlexFringe/FlexFringe/models-ps-small/0.1.1.1.0.0.searchglobal.0.ini/0.1.1.1.0.0.searchglobal.0_04.04.coSP.2.1.6_Small.final.json,/gpfs/projects/HeinzGroup/asoubki/FlexFringe/data/MLRegTest/Large/04.04.coSP.2.1.6_TestSA.txt,2025-12-29 23:28:33.233443
0.1.1.1.0.0.searchglobal.0,Small,4,4,coSP,2,1,6,TestSR,0.74991,0.6665866762655148,1.0,0.7999424041469014,0.25009,/gpfs/projects/HeinzGroup/caffeine_underground/mlrt/FlexFringe/FlexFringe/models-ps-small/0.1.1.1.0.0.searchglobal.0.ini/0.1.1.1.0.0.searchglobal.0_04.04.coSP.2.1.6_Small.final.json,/gpfs/projects/HeinzGroup/asoubki/FlexFringe/data/MLRegTest/Large/04.04.coSP.2.1.6_TestSR.txt,2025-12-29 23:28:33.233443
0.1.1.1.0.0.searchglobal.0,Small,4,4,coSP,2,1,6,TestLA,0.73498,0.657514412119587,0.98088,0.7872862990609198,0.26502,/gpfs/projects/HeinzGroup/caffeine_underground/mlrt/FlexFringe/FlexFringe/models-ps-small/0.1.1.1.0.0.searchglobal.0.ini/0.1.1.1.0.0.searchglobal.0_04.04.coSP.2.1.6_Small.final.json,/gpfs/projects/HeinzGroup/asoubki/FlexFringe/data/MLRegTest/Large/04.04.coSP.2.1.6_TestLA.txt,2025-12-29 23:28:33.233443
0.1.1.1.0.0.searchglobal.0,Small,4,4,coSP,2,1,6,TestLR,0.75182,0.668288379801652,1.0,0.801166498421702,0.24818,/gpfs/projects/HeinzGroup/caffeine_underground/mlrt/FlexFringe/FlexFringe/models-ps-small/0.1.1.1.0.0.searchglobal.0.ini/0.1.1.1.0.0.searchglobal.0_04.04.coSP.2.1.6_Small.final.json,/gpfs/projects/HeinzGroup/asoubki/FlexFringe/data/MLRegTest/Large/04.04.coSP.2.1.6_TestLR.txt,2025-12-29 23:28:33.233443
0.1.1.1.0.0.searchglobal.0,Small,4,4,coSP,2,1,6,Dev,0.74978,0.6664711684572525,1.0,0.7998592247764393,0.25022,/gpfs/projects/HeinzGroup/caffeine_underground/mlrt/FlexFringe/FlexFringe/models-ps-small/0.1.1.1.0.0.searchglobal.0.ini/0.1.1.1.0.0.searchglobal.0_04.04.coSP.2.1.6_Small.final.json,/gpfs/projects/HeinzGroup/asoubki/FlexFringe/data/MLRegTest/Large/04.04.coSP.2.1.6_Dev.txt,2025-12-29 23:28:33.233443
0.1.1.1.0.0.searchglobal.0,Small,4,4,coSP,2,1,6,Train,0.754,0.6702412868632708,1.0,0.8025682182985554,0.246,/gpfs/projects/HeinzGroup/caffeine_underground/mlrt/FlexFringe/FlexFringe/models-ps-small/0.1.1.1.0.0.searchglobal.0.ini/0.1.1.1.0.0.searchglobal.0_04.04.coSP.2.1.6_Small.final.json,/gpfs/projects/HeinzGroup/asoubki/FlexFringe/data/MLRegTest/Small/04.04.coSP.2.1.6_Train.txt,2025-12-29 23:28:33.233443
0.1.1.1.0.0.searchglobal.0,Small,4,4,coSP,2,1,7,TestSA,0.7306,0.6538933824510824,0.97982,0.7843454315492867,0.2694,/gpfs/projects/HeinzGroup/caffeine_underground/mlrt/FlexFringe/FlexFringe/models-ps-small/0.1.1.1.0.0.searchglobal.0.ini/0.1.1.1.0.0.searchglobal.0_04.04.coSP.2.1.7_Small.final.json,/gpfs/projects/HeinzGroup/asoubki/FlexFringe/data/MLRegTest/Large/04.04.coSP.2.1.7_TestSA.txt,2025-12-29 22:43:39.400312
0.1.1.1.0.0.searchglobal.0,Small,4,4,coSP,2,1,7,TestLR,0.74927,0.6660184087488178,1.0,0.7995330726855516,0.25073,/gpfs/projects/HeinzGroup/caffeine_underground/mlrt/FlexFringe/FlexFringe/models-ps-small/0.1.1.1.0.0.searchglobal.0.ini/0.1.1.1.0.0.searchglobal.0_04.04.coSP.2.1.7_Small.final.json,/gpfs/projects/HeinzGroup/asoubki/FlexFringe/data/MLRegTest/Large/04.04.coSP.2.1.7_TestLR.txt,2025-12-29 22:43:39.400312
0.1.1.1.0.0.searchglobal.0,Small,4,4,coSP,2,1,7,TestSR,0.74903,0.6658055581447994,1.0,0.799379681367259,0.25097,/gpfs/projects/HeinzGroup/caffeine_underground/mlrt/FlexFringe/FlexFringe/models-ps-small/0.1.1.1.0.0.searchglobal.0.ini/0.1.1.1.0.0.searchglobal.0_04.04.coSP.2.1.7_Small.final.json,/gpfs/projects/HeinzGroup/asoubki/FlexFringe/data/MLRegTest/Large/04.04.coSP.2.1.7_TestSR.txt,2025-12-29 22:43:39.400312
0.1.1.1.0.0.searchglobal.0,Small,4,4,coSP,2,1,7,TestLA,0.73754,0.6583853416546648,0.98742,0.7900118411367492,0.26246,/gpfs/projects/HeinzGroup/caffeine_underground/mlrt/FlexFringe/FlexFringe/models-ps-small/0.1.1.1.0.0.searchglobal.0.ini/0.1.1.1.0.0.searchglobal.0_04.04.coSP.2.1.7_Small.final.json,/gpfs/projects/HeinzGroup/asoubki/FlexFringe/data/MLRegTest/Large/04.04.coSP.2.1.7_TestLA.txt,2025-12-29 22:43:39.400312
0.1.1.1.0.0.searchglobal.0,Small,4,4,coSP,2,1,7,Dev,0.74973,0.6664267530355739,1.0,0.7998272373167395,0.25027,/gpfs/projects/HeinzGroup/caffeine_underground/mlrt/FlexFringe/FlexFringe/models-ps-small/0.1.1.1.0.0.searchglobal.0.ini/0.1.1.1.0.0.searchglobal.0_04.04.coSP.2.1.7_Small.final.json,/gpfs/projects/HeinzGroup/asoubki/FlexFringe/data/MLRegTest/Large/04.04.coSP.2.1.7_Dev.txt,2025-12-29 22:43:39.400312
0.1.1.1.0.0.searchglobal.0,Small,4,4,coSP,2,1,7,Train,0.758,0.6738544474393531,1.0,0.8051529790660226,0.242,/gpfs/projects/HeinzGroup/caffeine_underground/mlrt/FlexFringe/FlexFringe/models-ps-small/0.1.1.1.0.0.searchglobal.0.ini/0.1.1.1.0.0.searchglobal.0_04.04.coSP.2.1.7_Small.final.json,/gpfs/projects/HeinzGroup/asoubki/FlexFringe/data/MLRegTest/Small/04.04.coSP.2.1.7_Train.txt,2025-12-29 22:43:39.400312
0.1.1.1.0.0.searchglobal.0,Small,4,4,coSP,2,1,8,TestLA,0.79805,0.7178632516117714,0.98208,0.8294384432826871,0.20195,/gpfs/projects/HeinzGroup/caffeine_underground/mlrt/FlexFringe/FlexFringe/models-ps-small/0.1.1.1.0.0.searchglobal.0.ini/0.1.1.1.0.0.searchglobal.0_04.04.coSP.2.1.8_Small.final.json,/gpfs/projects/HeinzGroup/asoubki/FlexFringe/data/MLRegTest/Large/04.04.coSP.2.1.8_TestLA.txt,2025-12-29 22:05:50.406923
0.1.1.1.0.0.searchglobal.0,Small,4,4,coSP,2,1,8,TestSA,0.7904,0.7132784958871915,0.9712,0.8224932249322493,0.2096,/gpfs/projects/HeinzGroup/caffeine_underground/mlrt/FlexFringe/FlexFringe/models-ps-small/0.1.1.1.0.0.searchglobal.0.ini/0.1.1.1.0.0.searchglobal.0_04.04.coSP.2.1.8_Small.final.json,/gpfs/projects/HeinzGroup/asoubki/FlexFringe/data/MLRegTest/Large/04.04.coSP.2.1.8_TestSA.txt,2025-12-29 22:05:50.406923
0.1.1.1.0.0.searchglobal.0,Small,4,4,coSP,2,1,8,TestSR,0.8123,0.7270612185546023,1.0,0.8419634587858887,0.1877,/gpfs/projects/HeinzGroup/caffeine_underground/mlrt/FlexFringe/FlexFringe/models-ps-small/0.1.1.1.0.0.searchglobal.0.ini/0.1.1.1.0.0.searchglobal.0_04.04.coSP.2.1.8_Small.final.json,/gpfs/projects/HeinzGroup/asoubki/FlexFringe/data/MLRegTest/Large/04.04.coSP.2.1.8_TestSR.txt,2025-12-29 22:05:50.406923
0.1.1.1.0.0.searchglobal.0,Small,4,4,coSP,2,1,8,TestLR,0.81266,0.7274420228707772,1.0,0.8422187410514259,0.18734,/gpfs/projects/HeinzGroup/caffeine_underground/mlrt/FlexFringe/FlexFringe/models-ps-small/0.1.1.1.0.0.searchglobal.0.ini/0.1.1.1.0.0.searchglobal.0_04.04.coSP.2.1.8_Small.final.json,/gpfs/projects/HeinzGroup/asoubki/FlexFringe/data/MLRegTest/Large/04.04.coSP.2.1.8_TestLR.txt,2025-12-29 22:05:50.406923
0.1.1.1.0.0.searchglobal.0,Small,4,4,coSP,2,1,8,Dev,0.81204,0.7267864410721554,1.0,0.8417791844843261,0.18796,/gpfs/projects/HeinzGroup/caffeine_underground/mlrt/FlexFringe/FlexFringe/models-ps-small/0.1.1.1.0.0.searchglobal.0.ini/0.1.1.1.0.0.searchglobal.0_04.04.coSP.2.1.8_Small.final.json,/gpfs/projects/HeinzGroup/asoubki/FlexFringe/data/MLRegTest/Large/04.04.coSP.2.1.8_Dev.txt,2025-12-29 22:05:50.406923
0.1.1.1.0.0.searchglobal.0,Small,4,4,coSP,2,1,8,Train,0.819,0.7342143906020558,1.0,0.8467400508044031,0.181,/gpfs/projects/HeinzGroup/caffeine_underground/mlrt/FlexFringe/FlexFringe/models-ps-small/0.1.1.1.0.0.searchglobal.0.ini/0.1.1.1.0.0.searchglobal.0_04.04.coSP.2.1.8_Small.final.json,/gpfs/projects/HeinzGroup/asoubki/FlexFringe/data/MLRegTest/Small/04.04.coSP.2.1.8_Train.txt,2025-12-29 22:05:50.406923
0.1.1.1.0.0.searchglobal.0,Small,4,4,coSP,2,1,9,TestSR,0.75052,0.6671292095853125,1.0,0.800332938502417,0.24948,/gpfs/projects/HeinzGroup/caffeine_underground/mlrt/FlexFringe/FlexFringe/models-ps-small/0.1.1.1.0.0.searchglobal.0.ini/0.1.1.1.0.0.searchglobal.0_04.04.coSP.2.1.9_Small.final.json,/gpfs/projects/HeinzGroup/asoubki/FlexFringe/data/MLRegTest/Large/04.04.coSP.2.1.9_TestSR.txt,2025-12-29 22:57:07.555129
0.1.1.1.0.0.searchglobal.0,Small,4,4,coSP,2,1,9,TestSA,0.71089,0.6454072838093137,0.93606,0.7640245843433973,0.28911,/gpfs/projects/HeinzGroup/caffeine_underground/mlrt/FlexFringe/FlexFringe/models-ps-small/0.1.1.1.0.0.searchglobal.0.ini/0.1.1.1.0.0.searchglobal.0_04.04.coSP.2.1.9_Small.final.json,/gpfs/projects/HeinzGroup/asoubki/FlexFringe/data/MLRegTest/Large/04.04.coSP.2.1.9_TestSA.txt,2025-12-29 22:57:07.555129
0.1.1.1.0.0.searchglobal.0,Small,4,4,coSP,2,1,9,TestLA,0.71939,0.6504134157879582,0.94868,0.7717300230214189,0.28061,/gpfs/projects/HeinzGroup/caffeine_underground/mlrt/FlexFringe/FlexFringe/models-ps-small/0.1.1.1.0.0.searchglobal.0.ini/0.1.1.1.0.0.searchglobal.0_04.04.coSP.2.1.9_Small.final.json,/gpfs/projects/HeinzGroup/asoubki/FlexFringe/data/MLRegTest/Large/04.04.coSP.2.1.9_TestLA.txt,2025-12-29 22:57:07.555129
0.1.1.1.0.0.searchglobal.0,Small,4,4,coSP,2,1,9,TestLR,0.75015,0.6668000266720011,1.0,0.8000960115213825,0.24985,/gpfs/projects/HeinzGroup/caffeine_underground/mlrt/FlexFringe/FlexFringe/models-ps-small/0.1.1.1.0.0.searchglobal.0.ini/0.1.1.1.0.0.searchglobal.0_04.04.coSP.2.1.9_Small.final.json,/gpfs/projects/HeinzGroup/asoubki/FlexFringe/data/MLRegTest/Large/04.04.coSP.2.1.9_TestLR.txt,2025-12-29 22:57:07.555129
0.1.1.1.0.0.searchglobal.0,Small,4,4,coSP,2,1,9,Dev,0.74932,0.6660627697554218,1.0,0.7995650366200787,0.25068,/gpfs/projects/HeinzGroup/caffeine_underground/mlrt/FlexFringe/FlexFringe/models-ps-small/0.1.1.1.0.0.searchglobal.0.ini/0.1.1.1.0.0.searchglobal.0_04.04.coSP.2.1.9_Small.final.json,/gpfs/projects/HeinzGroup/asoubki/FlexFringe/data/MLRegTest/Large/04.04.coSP.2.1.9_Dev.txt,2025-12-29 22:57:07.555129
0.1.1.1.0.0.searchglobal.0,Small,4,4,coSP,2,1,9,Train,0.747,0.6640106241699867,1.0,0.7980845969672785,0.253,/gpfs/projects/HeinzGroup/caffeine_underground/mlrt/FlexFringe/FlexFringe/models-ps-small/0.1.1.1.0.0.searchglobal.0.ini/0.1.1.1.0.0.searchglobal.0_04.04.coSP.2.1.9_Small.final.json,/gpfs/projects/HeinzGroup/asoubki/FlexFringe/data/MLRegTest/Small/04.04.coSP.2.1.9_Train.txt,2025-12-29 22:57:07.555129
0.1.1.1.0.0.searchglobal.0,Small,4,4,coSP,4,1,0,TestSR,0.54149,0.5425879164870357,0.5286,0.535502628886345,0.45851,/gpfs/projects/HeinzGroup/caffeine_underground/mlrt/FlexFringe/FlexFringe/models-ps-small/0.1.1.1.0.0.searchglobal.0.ini/0.1.1.1.0.0.searchglobal.0_04.04.coSP.4.1.0_Small.final.json,/gpfs/projects/HeinzGroup/asoubki/FlexFringe/data/MLRegTest/Large/04.04.coSP.4.1.0_TestSR.txt,2025-12-29 22:25:31.940179
0.1.1.1.0.0.searchglobal.0,Small,4,4,coSP,4,1,0,TestSA,0.52975,0.5311342277664985,0.50752,0.519058674330364,0.47025,/gpfs/projects/HeinzGroup/caffeine_underground/mlrt/FlexFringe/FlexFringe/models-ps-small/0.1.1.1.0.0.searchglobal.0.ini/0.1.1.1.0.0.searchglobal.0_04.04.coSP.4.1.0_Small.final.json,/gpfs/projects/HeinzGroup/asoubki/FlexFringe/data/MLRegTest/Large/04.04.coSP.4.1.0_TestSA.txt,2025-12-29 22:25:31.940179
0.1.1.1.0.0.searchglobal.0,Small,4,4,coSP,4,1,0,TestLR,0.55291,0.5561212584059908,0.5243,0.5397420191684081,0.44709,/gpfs/projects/HeinzGroup/caffeine_underground/mlrt/FlexFringe/FlexFringe/models-ps-small/0.1.1.1.0.0.searchglobal.0.ini/0.1.1.1.0.0.searchglobal.0_04.04.coSP.4.1.0_Small.final.json,/gpfs/projects/HeinzGroup/asoubki/FlexFringe/data/MLRegTest/Large/04.04.coSP.4.1.0_TestLR.txt,2025-12-29 22:25:31.940179
0.1.1.1.0.0.searchglobal.0,Small,4,4,coSP,4,1,0,TestLA,0.52337,0.5259938157631304,0.4729,0.4980358703779765,0.47663,/gpfs/projects/HeinzGroup/caffeine_underground/mlrt/FlexFringe/FlexFringe/models-ps-small/0.1.1.1.0.0.searchglobal.0.ini/0.1.1.1.0.0.searchglobal.0_04.04.coSP.4.1.0_Small.final.json,/gpfs/projects/HeinzGroup/asoubki/FlexFringe/data/MLRegTest/Large/04.04.coSP.4.1.0_TestLA.txt,2025-12-29 22:25:31.940179
0.1.1.1.0.0.searchglobal.0,Small,4,4,coSP,4,1,0,Dev,0.54087,0.5420153381170714,0.52724,0.5345255837059115,0.45913,/gpfs/projects/HeinzGroup/caffeine_underground/mlrt/FlexFringe/FlexFringe/models-ps-small/0.1.1.1.0.0.searchglobal.0.ini/0.1.1.1.0.0.searchglobal.0_04.04.coSP.4.1.0_Small.final.json,/gpfs/projects/HeinzGroup/asoubki/FlexFringe/data/MLRegTest/Large/04.04.coSP.4.1.0_Dev.txt,2025-12-29 22:25:31.940179
0.1.1.1.0.0.searchglobal.0,Small,4,4,coSP,4,1,0,Train,0.555,0.5581395348837209,0.528,0.5426515930113053,0.445,/gpfs/projects/HeinzGroup/caffeine_underground/mlrt/FlexFringe/FlexFringe/models-ps-small/0.1.1.1.0.0.searchglobal.0.ini/0.1.1.1.0.0.searchglobal.0_04.04.coSP.4.1.0_Small.final.json,/gpfs/projects/HeinzGroup/asoubki/FlexFringe/data/MLRegTest/Small/04.04.coSP.4.1.0_Train.txt,2025-12-29 22:25:31.940179
0.1.1.1.0.0.searchglobal.0,Small,4,4,coSP,4,1,1,TestSR,0.60906,0.6512201885745978,0.46966,0.5457355333488264,0.39094,/gpfs/projects/HeinzGroup/caffeine_underground/mlrt/FlexFringe/FlexFringe/models-ps-small/0.1.1.1.0.0.searchglobal.0.ini/0.1.1.1.0.0.searchglobal.0_04.04.coSP.4.1.1_Small.final.json,/gpfs/projects/HeinzGroup/asoubki/FlexFringe/data/MLRegTest/Large/04.04.coSP.4.1.1_TestSR.txt,2025-12-29 23:33:31.095473
0.1.1.1.0.0.searchglobal.0,Small,4,4,coSP,4,1,1,TestLR,0.63355,0.6989067945548241,0.46926,0.5615105718490864,0.36645,/gpfs/projects/HeinzGroup/caffeine_underground/mlrt/FlexFringe/FlexFringe/models-ps-small/0.1.1.1.0.0.searchglobal.0.ini/0.1.1.1.0.0.searchglobal.0_04.04.coSP.4.1.1_Small.final.json,/gpfs/projects/HeinzGroup/asoubki/FlexFringe/data/MLRegTest/Large/04.04.coSP.4.1.1_TestLR.txt,2025-12-29 23:33:31.095473
0.1.1.1.0.0.searchglobal.0,Small,4,4,coSP,4,1,1,TestLA,0.52259,0.5504263583195679,0.24658,0.34058481470738544,0.47741,/gpfs/projects/HeinzGroup/caffeine_underground/mlrt/FlexFringe/FlexFringe/models-ps-small/0.1.1.1.0.0.searchglobal.0.ini/0.1.1.1.0.0.searchglobal.0_04.04.coSP.4.1.1_Small.final.json,/gpfs/projects/HeinzGroup/asoubki/FlexFringe/data/MLRegTest/Large/04.04.coSP.4.1.1_TestLA.txt,2025-12-29 23:33:31.095473
0.1.1.1.0.0.searchglobal.0,Small,4,4,coSP,4,1,1,TestSA,0.53142,0.5548840134153158,0.31766,0.40402421652421655,0.46858,/gpfs/projects/HeinzGroup/caffeine_underground/mlrt/FlexFringe/FlexFringe/models-ps-small/0.1.1.1.0.0.searchglobal.0.ini/0.1.1.1.0.0.searchglobal.0_04.04.coSP.4.1.1_Small.final.json,/gpfs/projects/HeinzGroup/asoubki/FlexFringe/data/MLRegTest/Large/04.04.coSP.4.1.1_TestSA.txt,2025-12-29 23:33:31.095473
0.1.1.1.0.0.searchglobal.0,Small,4,4,coSP,4,1,1,Dev,0.60799,0.6500986851249548,0.46772,0.5440312656299071,0.39201,/gpfs/projects/HeinzGroup/caffeine_underground/mlrt/FlexFringe/FlexFringe/models-ps-small/0.1.1.1.0.0.searchglobal.0.ini/0.1.1.1.0.0.searchglobal.0_04.04.coSP.4.1.1_Small.final.json,/gpfs/projects/HeinzGroup/asoubki/FlexFringe/data/MLRegTest/Large/04.04.coSP.4.1.1_Dev.txt,2025-12-29 23:33:31.095473
0.1.1.1.0.0.searchglobal.0,Small,4,4,coSP,4,1,1,Train,0.582,0.6067708333333334,0.466,0.5271493212669683,0.418,/gpfs/projects/HeinzGroup/caffeine_underground/mlrt/FlexFringe/FlexFringe/models-ps-small/0.1.1.1.0.0.searchglobal.0.ini/0.1.1.1.0.0.searchglobal.0_04.04.coSP.4.1.1_Small.final.json,/gpfs/projects/HeinzGroup/asoubki/FlexFringe/data/MLRegTest/Small/04.04.coSP.4.1.1_Train.txt,2025-12-29 23:33:31.095473
0.1.1.1.0.0.searchglobal.0,Small,4,4,coSP,4,1,2,TestSR,0.60254,0.6237867593799797,0.51672,0.5652278544706731,0.39746,/gpfs/projects/HeinzGroup/caffeine_underground/mlrt/FlexFringe/FlexFringe/models-ps-small/0.1.1.1.0.0.searchglobal.0.ini/0.1.1.1.0.0.searchglobal.0_04.04.coSP.4.1.2_Small.final.json,/gpfs/projects/HeinzGroup/asoubki/FlexFringe/data/MLRegTest/Large/04.04.coSP.4.1.2_TestSR.txt,2025-12-29 23:17:01.343041
0.1.1.1.0.0.searchglobal.0,Small,4,4,coSP,4,1,2,TestLR,0.62358,0.6541128348381304,0.52452,0.5821919328701134,0.37642,/gpfs/projects/HeinzGroup/caffeine_underground/mlrt/FlexFringe/FlexFringe/models-ps-small/0.1.1.1.0.0.searchglobal.0.ini/0.1.1.1.0.0.searchglobal.0_04.04.coSP.4.1.2_Small.final.json,/gpfs/projects/HeinzGroup/asoubki/FlexFringe/data/MLRegTest/Large/04.04.coSP.4.1.2_TestLR.txt,2025-12-29 23:17:01.343041
0.1.1.1.0.0.searchglobal.0,Small,4,4,coSP,4,1,2,TestLA,0.53185,0.5514556205370125,0.34134,0.4216729051625097,0.46815,/gpfs/projects/HeinzGroup/caffeine_underground/mlrt/FlexFringe/FlexFringe/models-ps-small/0.1.1.1.0.0.searchglobal.0.ini/0.1.1.1.0.0.searchglobal.0_04.04.coSP.4.1.2_Small.final.json,/gpfs/projects/HeinzGroup/asoubki/FlexFringe/data/MLRegTest/Large/04.04.coSP.4.1.2_TestLA.txt,2025-12-29 23:17:01.343041
0.1.1.1.0.0.searchglobal.0,Small,4,4,coSP,4,1,2,TestSA,0.54332,0.5605095541401274,0.40128,0.46771411254603945,0.45668,/gpfs/projects/HeinzGroup/caffeine_underground/mlrt/FlexFringe/FlexFringe/models-ps-small/0.1.1.1.0.0.searchglobal.0.ini/0.1.1.1.0.0.searchglobal.0_04.04.coSP.4.1.2_Small.final.json,/gpfs/projects/HeinzGroup/asoubki/FlexFringe/data/MLRegTest/Large/04.04.coSP.4.1.2_TestSA.txt,2025-12-29 23:17:01.343041
0.1.1.1.0.0.searchglobal.0,Small,4,4,coSP,4,1,2,Dev,0.60603,0.6278980000482497,0.52054,0.5692009928814338,0.39397,/gpfs/projects/HeinzGroup/caffeine_underground/mlrt/FlexFringe/FlexFringe/models-ps-small/0.1.1.1.0.0.searchglobal.0.ini/0.1.1.1.0.0.searchglobal.0_04.04.coSP.4.1.2_Small.final.json,/gpfs/projects/HeinzGroup/asoubki/FlexFringe/data/MLRegTest/Large/04.04.coSP.4.1.2_Dev.txt,2025-12-29 23:17:01.343041
0.1.1.1.0.0.searchglobal.0,Small,4,4,coSP,4,1,2,Train,0.615,0.6419753086419753,0.52,0.574585635359116,0.385,/gpfs/projects/HeinzGroup/caffeine_underground/mlrt/FlexFringe/FlexFringe/models-ps-small/0.1.1.1.0.0.searchglobal.0.ini/0.1.1.1.0.0.searchglobal.0_04.04.coSP.4.1.2_Small.final.json,/gpfs/projects/HeinzGroup/asoubki/FlexFringe/data/MLRegTest/Small/04.04.coSP.4.1.2_Train.txt,2025-12-29 23:17:01.343041
0.1.1.1.0.0.searchglobal.0,Small,4,4,coSP,4,1,3,TestLR,0.54331,0.5522651026959187,0.45764,0.5005195060864239,0.45669,/gpfs/projects/HeinzGroup/caffeine_underground/mlrt/FlexFringe/FlexFringe/models-ps-small/0.1.1.1.0.0.searchglobal.0.ini/0.1.1.1.0.0.searchglobal.0_04.04.coSP.4.1.3_Small.final.json,/gpfs/projects/HeinzGroup/asoubki/FlexFringe/data/MLRegTest/Large/04.04.coSP.4.1.3_TestLR.txt,2025-12-29 22:03:13.306762
0.1.1.1.0.0.searchglobal.0,Small,4,4,coSP,4,1,3,TestSR,0.54437,0.5533793700825292,0.45998,0.5023754655366368,0.45563,/gpfs/projects/HeinzGroup/caffeine_underground/mlrt/FlexFringe/FlexFringe/models-ps-small/0.1.1.1.0.0.searchglobal.0.ini/0.1.1.1.0.0.searchglobal.0_04.04.coSP.4.1.3_Small.final.json,/gpfs/projects/HeinzGroup/asoubki/FlexFringe/data/MLRegTest/Large/04.04.coSP.4.1.3_TestSR.txt,2025-12-29 22:03:13.306762
0.1.1.1.0.0.searchglobal.0,Small,4,4,coSP,4,1,3,TestSA,0.51064,0.5138657214345288,0.39432,0.44622487778381315,0.48936,/gpfs/projects/HeinzGroup/caffeine_underground/mlrt/FlexFringe/FlexFringe/models-ps-small/0.1.1.1.0.0.searchglobal.0.ini/0.1.1.1.0.0.searchglobal.0_04.04.coSP.4.1.3_Small.final.json,/gpfs/projects/HeinzGroup/asoubki/FlexFringe/data/MLRegTest/Large/04.04.coSP.4.1.3_TestSA.txt,2025-12-29 22:03:13.306762
0.1.1.1.0.0.searchglobal.0,Small,4,4,coSP,4,1,3,TestLA,0.50459,0.5060825316053112,0.3819,0.4353079299221484,0.49541,/gpfs/projects/HeinzGroup/caffeine_underground/mlrt/FlexFringe/FlexFringe/models-ps-small/0.1.1.1.0.0.searchglobal.0.ini/0.1.1.1.0.0.searchglobal.0_04.04.coSP.4.1.3_Small.final.json,/gpfs/projects/HeinzGroup/asoubki/FlexFringe/data/MLRegTest/Large/04.04.coSP.4.1.3_TestLA.txt,2025-12-29 22:03:13.306762
0.1.1.1.0.0.searchglobal.0,Small,4,4,coSP,4,1,3,Dev,0.5432,0.551923076923077,0.4592,0.5013100436681223,0.4568,/gpfs/projects/HeinzGroup/caffeine_underground/mlrt/FlexFringe/FlexFringe/models-ps-small/0.1.1.1.0.0.searchglobal.0.ini/0.1.1.1.0.0.searchglobal.0_04.04.coSP.4.1.3_Small.final.json,/gpfs/projects/HeinzGroup/asoubki/FlexFringe/data/MLRegTest/Large/04.04.coSP.4.1.3_Dev.txt,2025-12-29 22:03:13.306762
0.1.1.1.0.0.searchglobal.0,Small,4,4,coSP,4,1,3,Train,0.547,0.5555555555555556,0.47,0.5092091007583965,0.453,/gpfs/projects/HeinzGroup/caffeine_underground/mlrt/FlexFringe/FlexFringe/models-ps-small/0.1.1.1.0.0.searchglobal.0.ini/0.1.1.1.0.0.searchglobal.0_04.04.coSP.4.1.3_Small.final.json,/gpfs/projects/HeinzGroup/asoubki/FlexFringe/data/MLRegTest/Small/04.04.coSP.4.1.3_Train.txt,2025-12-29 22:03:13.306762
0.1.1.1.0.0.searchglobal.0,Small,4,4,coSP,4,1,4,TestSR,0.55905,0.5780816121439717,0.43718,0.49785339300559145,0.44095,/gpfs/projects/HeinzGroup/caffeine_underground/mlrt/FlexFringe/FlexFringe/models-ps-small/0.1.1.1.0.0.searchglobal.0.ini/0.1.1.1.0.0.searchglobal.0_04.04.coSP.4.1.4_Small.final.json,/gpfs/projects/HeinzGroup/asoubki/FlexFringe/data/MLRegTest/Large/04.04.coSP.4.1.4_TestSR.txt,2025-12-29 23:10:52.660155
0.1.1.1.0.0.searchglobal.0,Small,4,4,coSP,4,1,4,TestSA,0.51835,0.5266567884017549,0.36254,0.42945308520593706,0.48165,/gpfs/projects/HeinzGroup/caffeine_underground/mlrt/FlexFringe/FlexFringe/models-ps-small/0.1.1.1.0.0.searchglobal.0.ini/0.1.1.1.0.0.searchglobal.0_04.04.coSP.4.1.4_Small.final.json,/gpfs/projects/HeinzGroup/asoubki/FlexFringe/data/MLRegTest/Large/04.04.coSP.4.1.4_TestSA.txt,2025-12-29 23:10:52.660155
0.1.1.1.0.0.searchglobal.0,Small,4,4,coSP,4,1,4,TestLR,0.57613,0.6054870444783151,0.43698,0.5076145669977348,0.42387,/gpfs/projects/HeinzGroup/caffeine_underground/mlrt/FlexFringe/FlexFringe/models-ps-small/0.1.1.1.0.0.searchglobal.0.ini/0.1.1.1.0.0.searchglobal.0_04.04.coSP.4.1.4_Small.final.json,/gpfs/projects/HeinzGroup/asoubki/FlexFringe/data/MLRegTest/Large/04.04.coSP.4.1.4_TestLR.txt,2025-12-29 23:10:52.660155
0.1.1.1.0.0.searchglobal.0,Small,4,4,coSP,4,1,4,TestLA,0.5191,0.5316602572603103,0.32074,0.40010478519035975,0.4809,/gpfs/projects/HeinzGroup/caffeine_underground/mlrt/FlexFringe/FlexFringe/models-ps-small/0.1.1.1.0.0.searchglobal.0.ini/0.1.1.1.0.0.searchglobal.0_04.04.coSP.4.1.4_Small.final.json,/gpfs/projects/HeinzGroup/asoubki/FlexFringe/data/MLRegTest/Large/04.04.coSP.4.1.4_TestLA.txt,2025-12-29 23:10:52.660155
0.1.1.1.0.0.searchglobal.0,Small,4,4,coSP,4,1,4,Dev,0.55737,0.5752827861323255,0.4384,0.4975994007014517,0.44263,/gpfs/projects/HeinzGroup/caffeine_underground/mlrt/FlexFringe/FlexFringe/models-ps-small/0.1.1.1.0.0.searchglobal.0.ini/0.1.1.1.0.0.searchglobal.0_04.04.coSP.4.1.4_Small.final.json,/gpfs/projects/HeinzGroup/asoubki/FlexFringe/data/MLRegTest/Large/04.04.coSP.4.1.4_Dev.txt,2025-12-29 23:10:52.660155
0.1.1.1.0.0.searchglobal.0,Small,4,4,coSP,4,1,4,Train,0.583,0.6050632911392405,0.478,0.5340782122905028,0.417,/gpfs/projects/HeinzGroup/caffeine_underground/mlrt/FlexFringe/FlexFringe/models-ps-small/0.1.1.1.0.0.searchglobal.0.ini/0.1.1.1.0.0.searchglobal.0_04.04.coSP.4.1.4_Small.final.json,/gpfs/projects/HeinzGroup/asoubki/FlexFringe/data/MLRegTest/Small/04.04.coSP.4.1.4_Train.txt,2025-12-29 23:10:52.660155
0.1.1.1.0.0.searchglobal.0,Small,4,4,coSP,4,1,5,TestSA,0.53077,0.5613412543359515,0.28158,0.37503496224078,0.46923,/gpfs/projects/HeinzGroup/caffeine_underground/mlrt/FlexFringe/FlexFringe/models-ps-small/0.1.1.1.0.0.searchglobal.0.ini/0.1.1.1.0.0.searchglobal.0_04.04.coSP.4.1.5_Small.final.json,/gpfs/projects/HeinzGroup/asoubki/FlexFringe/data/MLRegTest/Large/04.04.coSP.4.1.5_TestSA.txt,2025-12-29 22:08:39.901401
0.1.1.1.0.0.searchglobal.0,Small,4,4,coSP,4,1,5,TestLA,0.52689,0.5750823700228961,0.20596,0.3032971564050834,0.47311,/gpfs/projects/HeinzGroup/caffeine_underground/mlrt/FlexFringe/FlexFringe/models-ps-small/0.1.1.1.0.0.searchglobal.0.ini/0.1.1.1.0.0.searchglobal.0_04.04.coSP.4.1.5_Small.final.json,/gpfs/projects/HeinzGroup/asoubki/FlexFringe/data/MLRegTest/Large/04.04.coSP.4.1.5_TestLA.txt,2025-12-29 22:08:39.901401
0.1.1.1.0.0.searchglobal.0,Small,4,4,coSP,4,1,5,TestLR,0.65116,0.752657618506385,0.4503,0.5634807417974322,0.34884,/gpfs/projects/HeinzGroup/caffeine_underground/mlrt/FlexFringe/FlexFringe/models-ps-small/0.1.1.1.0.0.searchglobal.0.ini/0.1.1.1.0.0.searchglobal.0_04.04.coSP.4.1.5_Small.final.json,/gpfs/projects/HeinzGroup/asoubki/FlexFringe/data/MLRegTest/Large/04.04.coSP.4.1.5_TestLR.txt,2025-12-29 22:08:39.901401
0.1.1.1.0.0.searchglobal.0,Small,4,4,coSP,4,1,5,TestSR,0.61592,0.676545842217484,0.44422,0.5363032717614391,0.38408,/gpfs/projects/HeinzGroup/caffeine_underground/mlrt/FlexFringe/FlexFringe/models-ps-small/0.1.1.1.0.0.searchglobal.0.ini/0.1.1.1.0.0.searchglobal.0_04.04.coSP.4.1.5_Small.final.json,/gpfs/projects/HeinzGroup/asoubki/FlexFringe/data/MLRegTest/Large/04.04.coSP.4.1.5_TestSR.txt,2025-12-29 22:08:39.901401
0.1.1.1.0.0.searchglobal.0,Small,4,4,coSP,4,1,5,Dev,0.61895,0.6798947400260125,0.44956,0.541240774852217,0.38105,/gpfs/projects/HeinzGroup/caffeine_underground/mlrt/FlexFringe/FlexFringe/models-ps-small/0.1.1.1.0.0.searchglobal.0.ini/0.1.1.1.0.0.searchglobal.0_04.04.coSP.4.1.5_Small.final.json,/gpfs/projects/HeinzGroup/asoubki/FlexFringe/data/MLRegTest/Large/04.04.coSP.4.1.5_Dev.txt,2025-12-29 22:08:39.901401
0.1.1.1.0.0.searchglobal.0,Small,4,4,coSP,4,1,5,Train,0.607,0.6616314199395771,0.438,0.5270758122743683,0.393,/gpfs/projects/HeinzGroup/caffeine_underground/mlrt/FlexFringe/FlexFringe/models-ps-small/0.1.1.1.0.0.searchglobal.0.ini/0.1.1.1.0.0.searchglobal.0_04.04.coSP.4.1.5_Small.final.json,/gpfs/projects/HeinzGroup/asoubki/FlexFringe/data/MLRegTest/Small/04.04.coSP.4.1.5_Train.txt,2025-12-29 22:08:39.901401
0.1.1.1.0.0.searchglobal.0,Small,4,4,coSP,4,1,6,TestSA,0.52472,0.5512267904509284,0.266,0.3588387653788042,0.47528,/gpfs/projects/HeinzGroup/caffeine_underground/mlrt/FlexFringe/FlexFringe/models-ps-small/0.1.1.1.0.0.searchglobal.0.ini/0.1.1.1.0.0.searchglobal.0_04.04.coSP.4.1.6_Small.final.json,/gpfs/projects/HeinzGroup/asoubki/FlexFringe/data/MLRegTest/Large/04.04.coSP.4.1.6_TestSA.txt,2025-12-29 23:25:37.692241
0.1.1.1.0.0.searchglobal.0,Small,4,4,coSP,4,1,6,TestSR,0.62436,0.6854790597780694,0.4596,0.5502610028255351,0.37564,/gpfs/projects/HeinzGroup/caffeine_underground/mlrt/FlexFringe/FlexFringe/models-ps-small/0.1.1.1.0.0.searchglobal.0.ini/0.1.1.1.0.0.searchglobal.0_04.04.coSP.4.1.6_Small.final.json,/gpfs/projects/HeinzGroup/asoubki/FlexFringe/data/MLRegTest/Large/04.04.coSP.4.1.6_TestSR.txt,2025-12-29 23:25:37.692241
0.1.1.1.0.0.searchglobal.0,Small,4,4,coSP,4,1,6,TestLR,0.65949,0.761399023175009,0.46456,0.5770429900505546,0.34051,/gpfs/projects/HeinzGroup/caffeine_underground/mlrt/FlexFringe/FlexFringe/models-ps-small/0.1.1.1.0.0.searchglobal.0.ini/0.1.1.1.0.0.searchglobal.0_04.04.coSP.4.1.6_Small.final.json,/gpfs/projects/HeinzGroup/asoubki/FlexFringe/data/MLRegTest/Large/04.04.coSP.4.1.6_TestLR.txt,2025-12-29 23:25:37.692241
0.1.1.1.0.0.searchglobal.0,Small,4,4,coSP,4,1,6,TestLA,0.5222,0.5665228335131248,0.18906,0.28350778274300453,0.4778,/gpfs/projects/HeinzGroup/caffeine_underground/mlrt/FlexFringe/FlexFringe/models-ps-small/0.1.1.1.0.0.searchglobal.0.ini/0.1.1.1.0.0.searchglobal.0_04.04.coSP.4.1.6_Small.final.json,/gpfs/projects/HeinzGroup/asoubki/FlexFringe/data/MLRegTest/Large/04.04.coSP.4.1.6_TestLA.txt,2025-12-29 23:25:37.692241
0.1.1.1.0.0.searchglobal.0,Small,4,4,coSP,4,1,6,Dev,0.62612,0.6865349346269893,0.46418,0.5538744242655657,0.37388,/gpfs/projects/HeinzGroup/caffeine_underground/mlrt/FlexFringe/FlexFringe/models-ps-small/0.1.1.1.0.0.searchglobal.0.ini/0.1.1.1.0.0.searchglobal.0_04.04.coSP.4.1.6_Small.final.json,/gpfs/projects/HeinzGroup/asoubki/FlexFringe/data/MLRegTest/Large/04.04.coSP.4.1.6_Dev.txt,2025-12-29 23:25:37.692241
0.1.1.1.0.0.searchglobal.0,Small,4,4,coSP,4,1,6,Train,0.622,0.6837349397590361,0.454,0.5456730769230769,0.378,/gpfs/projects/HeinzGroup/caffeine_underground/mlrt/FlexFringe/FlexFringe/models-ps-small/0.1.1.1.0.0.searchglobal.0.ini/0.1.1.1.0.0.searchglobal.0_04.04.coSP.4.1.6_Small.final.json,/gpfs/projects/HeinzGroup/asoubki/FlexFringe/data/MLRegTest/Small/04.04.coSP.4.1.6_Train.txt,2025-12-29 23:25:37.692241
0.1.1.1.0.0.searchglobal.0,Small,4,4,coSP,4,1,7,TestSA,0.51861,0.5305713440877879,0.32298,0.401531633452267,0.48139,/gpfs/projects/HeinzGroup/caffeine_underground/mlrt/FlexFringe/FlexFringe/models-ps-small/0.1.1.1.0.0.searchglobal.0.ini/0.1.1.1.0.0.searchglobal.0_04.04.coSP.4.1.7_Small.final.json,/gpfs/projects/HeinzGroup/asoubki/FlexFringe/data/MLRegTest/Large/04.04.coSP.4.1.7_TestSA.txt,2025-12-29 23:21:26.979170
0.1.1.1.0.0.searchglobal.0,Small,4,4,coSP,4,1,7,TestLA,0.51301,0.525276860306975,0.27036,0.35698158051099227,0.48699,/gpfs/projects/HeinzGroup/caffeine_underground/mlrt/FlexFringe/FlexFringe/models-ps-small/0.1.1.1.0.0.searchglobal.0.ini/0.1.1.1.0.0.searchglobal.0_04.04.coSP.4.1.7_Small.final.json,/gpfs/projects/HeinzGroup/asoubki/FlexFringe/data/MLRegTest/Large/04.04.coSP.4.1.7_TestLA.txt,2025-12-29 23:21:26.979170
0.1.1.1.0.0.searchglobal.0,Small,4,4,coSP,4,1,7,TestSR,0.57083,0.5997802383568591,0.42576,0.49800568467593836,0.42917,/gpfs/projects/HeinzGroup/caffeine_underground/mlrt/FlexFringe/FlexFringe/models-ps-small/0.1.1.1.0.0.searchglobal.0.ini/0.1.1.1.0.0.searchglobal.0_04.04.coSP.4.1.7_Small.final.json,/gpfs/projects/HeinzGroup/asoubki/FlexFringe/data/MLRegTest/Large/04.04.coSP.4.1.7_TestSR.txt,2025-12-29 23:21:26.979170
0.1.1.1.0.0.searchglobal.0,Small,4,4,coSP,4,1,7,TestLR,0.58967,0.6353918163974029,0.42082,0.5063105335980268,0.41033,/gpfs/projects/HeinzGroup/caffeine_underground/mlrt/FlexFringe/FlexFringe/models-ps-small/0.1.1.1.0.0.searchglobal.0.ini/0.1.1.1.0.0.searchglobal.0_04.04.coSP.4.1.7_Small.final.json,/gpfs/projects/HeinzGroup/asoubki/FlexFringe/data/MLRegTest/Large/04.04.coSP.4.1.7_TestLR.txt,2025-12-29 23:21:26.979170
0.1.1.1.0.0.searchglobal.0,Small,4,4,coSP,4,1,7,Dev,0.57238,0.6019149535342158,0.42748,0.49991813822944686,0.42762,/gpfs/projects/HeinzGroup/caffeine_underground/mlrt/FlexFringe/FlexFringe/models-ps-small/0.1.1.1.0.0.searchglobal.0.ini/0.1.1.1.0.0.searchglobal.0_04.04.coSP.4.1.7_Small.final.json,/gpfs/projects/HeinzGroup/asoubki/FlexFringe/data/MLRegTest/Large/04.04.coSP.4.1.7_Dev.txt,2025-12-29 23:21:26.979170
0.1.1.1.0.0.searchglobal.0,Small,4,4,coSP,4,1,7,Train,0.568,0.592896174863388,0.434,0.5011547344110855,0.432,/gpfs/projects/HeinzGroup/caffeine_underground/mlrt/FlexFringe/FlexFringe/models-ps-small/0.1.1.1.0.0.searchglobal.0.ini/0.1.1.1.0.0.searchglobal.0_04.04.coSP.4.1.7_Small.final.json,/gpfs/projects/HeinzGroup/asoubki/FlexFringe/data/MLRegTest/Small/04.04.coSP.4.1.7_Train.txt,2025-12-29 23:21:26.979170
0.1.1.1.0.0.searchglobal.0,Small,4,4,coSP,4,1,8,TestSA,0.5374,0.6030757358615367,0.21882,0.32112353614510875,0.4626,/gpfs/projects/HeinzGroup/caffeine_underground/mlrt/FlexFringe/FlexFringe/models-ps-small/0.1.1.1.0.0.searchglobal.0.ini/0.1.1.1.0.0.searchglobal.0_04.04.coSP.4.1.8_Small.final.json,/gpfs/projects/HeinzGroup/asoubki/FlexFringe/data/MLRegTest/Large/04.04.coSP.4.1.8_TestSA.txt,2025-12-29 23:06:03.029090
0.1.1.1.0.0.searchglobal.0,Small,4,4,coSP,4,1,8,TestLR,0.70496,0.8671539122957868,0.48408,0.6213163569154944,0.29504,/gpfs/projects/HeinzGroup/caffeine_underground/mlrt/FlexFringe/FlexFringe/models-ps-small/0.1.1.1.0.0.searchglobal.0.ini/0.1.1.1.0.0.searchglobal.0_04.04.coSP.4.1.8_Small.final.json,/gpfs/projects/HeinzGroup/asoubki/FlexFringe/data/MLRegTest/Large/04.04.coSP.4.1.8_TestLR.txt,2025-12-29 23:06:03.029090
0.1.1.1.0.0.searchglobal.0,Small,4,4,coSP,4,1,8,TestSR,0.67665,0.7837386359985865,0.48794,0.6014372172712593,0.32335,/gpfs/projects/HeinzGroup/caffeine_underground/mlrt/FlexFringe/FlexFringe/models-ps-small/0.1.1.1.0.0.searchglobal.0.ini/0.1.1.1.0.0.searchglobal.0_04.04.coSP.4.1.8_Small.final.json,/gpfs/projects/HeinzGroup/asoubki/FlexFringe/data/MLRegTest/Large/04.04.coSP.4.1.8_TestSR.txt,2025-12-29 23:06:03.029090
0.1.1.1.0.0.searchglobal.0,Small,4,4,coSP,4,1,8,TestLA,0.52068,0.6056611485796035,0.11854,0.1982738433747031,0.47932,/gpfs/projects/HeinzGroup/caffeine_underground/mlrt/FlexFringe/FlexFringe/models-ps-small/0.1.1.1.0.0.searchglobal.0.ini/0.1.1.1.0.0.searchglobal.0_04.04.coSP.4.1.8_Small.final.json,/gpfs/projects/HeinzGroup/asoubki/FlexFringe/data/MLRegTest/Large/04.04.coSP.4.1.8_TestLA.txt,2025-12-29 23:06:03.029090
0.1.1.1.0.0.searchglobal.0,Small,4,4,coSP,4,1,8,Dev,0.67674,0.7839105570905353,0.488,0.6015334171535636,0.32326,/gpfs/projects/HeinzGroup/caffeine_underground/mlrt/FlexFringe/FlexFringe/models-ps-small/0.1.1.1.0.0.searchglobal.0.ini/0.1.1.1.0.0.searchglobal.0_04.04.coSP.4.1.8_Small.final.json,/gpfs/projects/HeinzGroup/asoubki/FlexFringe/data/MLRegTest/Large/04.04.coSP.4.1.8_Dev.txt,2025-12-29 23:06:03.029090
0.1.1.1.0.0.searchglobal.0,Small,4,4,coSP,4,1,8,Train,0.674,0.7668711656441718,0.5,0.6053268765133172,0.326,/gpfs/projects/HeinzGroup/caffeine_underground/mlrt/FlexFringe/FlexFringe/models-ps-small/0.1.1.1.0.0.searchglobal.0.ini/0.1.1.1.0.0.searchglobal.0_04.04.coSP.4.1.8_Small.final.json,/gpfs/projects/HeinzGroup/asoubki/FlexFringe/data/MLRegTest/Small/04.04.coSP.4.1.8_Train.txt,2025-12-29 23:06:03.029090
0.1.1.1.0.0.searchglobal.0,Small,4,4,coSP,4,1,9,TestSR,0.57951,0.6037637355466813,0.46264,0.5238639837849467,0.42049,/gpfs/projects/HeinzGroup/caffeine_underground/mlrt/FlexFringe/FlexFringe/models-ps-small/0.1.1.1.0.0.searchglobal.0.ini/0.1.1.1.0.0.searchglobal.0_04.04.coSP.4.1.9_Small.final.json,/gpfs/projects/HeinzGroup/asoubki/FlexFringe/data/MLRegTest/Large/04.04.coSP.4.1.9_TestSR.txt,2025-12-29 22:46:31.042789
0.1.1.1.0.0.searchglobal.0,Small,4,4,coSP,4,1,9,TestSA,0.51458,0.5227088654912466,0.3356,0.4087598353267886,0.48542,/gpfs/projects/HeinzGroup/caffeine_underground/mlrt/FlexFringe/FlexFringe/models-ps-small/0.1.1.1.0.0.searchglobal.0.ini/0.1.1.1.0.0.searchglobal.0_04.04.coSP.4.1.9_Small.final.json,/gpfs/projects/HeinzGroup/asoubki/FlexFringe/data/MLRegTest/Large/04.04.coSP.4.1.9_TestSA.txt,2025-12-29 22:46:31.042789
0.1.1.1.0.0.searchglobal.0,Small,4,4,coSP,4,1,9,TestLA,0.51092,0.519369944657301,0.2928,0.374482017700926,0.48908,/gpfs/projects/HeinzGroup/caffeine_underground/mlrt/FlexFringe/FlexFringe/models-ps-small/0.1.1.1.0.0.searchglobal.0.ini/0.1.1.1.0.0.searchglobal.0_04.04.coSP.4.1.9_Small.final.json,/gpfs/projects/HeinzGroup/asoubki/FlexFringe/data/MLRegTest/Large/04.04.coSP.4.1.9_TestLA.txt,2025-12-29 22:46:31.042789
0.1.1.1.0.0.searchglobal.0,Small,4,4,coSP,4,1,9,TestLR,0.59602,0.6329474966770049,0.45714,0.5308667781493869,0.40398,/gpfs/projects/HeinzGroup/caffeine_underground/mlrt/FlexFringe/FlexFringe/models-ps-small/0.1.1.1.0.0.searchglobal.0.ini/0.1.1.1.0.0.searchglobal.0_04.04.coSP.4.1.9_Small.final.json,/gpfs/projects/HeinzGroup/asoubki/FlexFringe/data/MLRegTest/Large/04.04.coSP.4.1.9_TestLR.txt,2025-12-29 22:46:31.042789
0.1.1.1.0.0.searchglobal.0,Small,4,4,coSP,4,1,9,Dev,0.58135,0.6069916090170187,0.46152,0.5243532499403525,0.41865,/gpfs/projects/HeinzGroup/caffeine_underground/mlrt/FlexFringe/FlexFringe/models-ps-small/0.1.1.1.0.0.searchglobal.0.ini/0.1.1.1.0.0.searchglobal.0_04.04.coSP.4.1.9_Small.final.json,/gpfs/projects/HeinzGroup/asoubki/FlexFringe/data/MLRegTest/Large/04.04.coSP.4.1.9_Dev.txt,2025-12-29 22:46:31.042789
0.1.1.1.0.0.searchglobal.0,Small,4,4,coSP,4,1,9,Train,0.588,0.6111111111111112,0.484,0.5401785714285714,0.412,/gpfs/projects/HeinzGroup/caffeine_underground/mlrt/FlexFringe/FlexFringe/models-ps-small/0.1.1.1.0.0.searchglobal.0.ini/0.1.1.1.0.0.searchglobal.0_04.04.coSP.4.1.9_Small.final.json,/gpfs/projects/HeinzGroup/asoubki/FlexFringe/data/MLRegTest/Small/04.04.coSP.4.1.9_Train.txt,2025-12-29 22:46:31.042789
0.1.1.1.0.0.searchglobal.0,Small,4,4,coSP,6,1,0,TestLR,0.51426,0.518642472415416,0.39672,0.4495614532103438,0.48574,/gpfs/projects/HeinzGroup/caffeine_underground/mlrt/FlexFringe/FlexFringe/models-ps-small/0.1.1.1.0.0.searchglobal.0.ini/0.1.1.1.0.0.searchglobal.0_04.04.coSP.6.1.0_Small.final.json,/gpfs/projects/HeinzGroup/asoubki/FlexFringe/data/MLRegTest/Large/04.04.coSP.6.1.0_TestLR.txt,2025-12-29 23:36:08.685664
0.1.1.1.0.0.searchglobal.0,Small,4,4,coSP,6,1,0,TestSA,0.5024,0.5030652906917339,0.39388,0.4418270740790595,0.4976,/gpfs/projects/HeinzGroup/caffeine_underground/mlrt/FlexFringe/FlexFringe/models-ps-small/0.1.1.1.0.0.searchglobal.0.ini/0.1.1.1.0.0.searchglobal.0_04.04.coSP.6.1.0_Small.final.json,/gpfs/projects/HeinzGroup/asoubki/FlexFringe/data/MLRegTest/Large/04.04.coSP.6.1.0_TestSA.txt,2025-12-29 23:36:08.685664
0.1.1.1.0.0.searchglobal.0,Small,4,4,coSP,6,1,0,TestLA,0.50111,0.5014742210534704,0.37758,0.4307962622793707,0.49889,/gpfs/projects/HeinzGroup/caffeine_underground/mlrt/FlexFringe/FlexFringe/models-ps-small/0.1.1.1.0.0.searchglobal.0.ini/0.1.1.1.0.0.searchglobal.0_04.04.coSP.6.1.0_Small.final.json,/gpfs/projects/HeinzGroup/asoubki/FlexFringe/data/MLRegTest/Large/04.04.coSP.6.1.0_TestLA.txt,2025-12-29 23:36:08.685664
0.1.1.1.0.0.searchglobal.0,Small,4,4,coSP,6,1,0,TestSR,0.50417,0.5053727420310768,0.39224,0.4416768948393708,0.49583,/gpfs/projects/HeinzGroup/caffeine_underground/mlrt/FlexFringe/FlexFringe/models-ps-small/0.1.1.1.0.0.searchglobal.0.ini/0.1.1.1.0.0.searchglobal.0_04.04.coSP.6.1.0_Small.final.json,/gpfs/projects/HeinzGroup/asoubki/FlexFringe/data/MLRegTest/Large/04.04.coSP.6.1.0_TestSR.txt,2025-12-29 23:36:08.685664
0.1.1.1.0.0.searchglobal.0,Small,4,4,coSP,6,1,0,Dev,0.50627,0.508031254002818,0.39662,0.4454652664682428,0.49373,/gpfs/projects/HeinzGroup/caffeine_underground/mlrt/FlexFringe/FlexFringe/models-ps-small/0.1.1.1.0.0.searchglobal.0.ini/0.1.1.1.0.0.searchglobal.0_04.04.coSP.6.1.0_Small.final.json,/gpfs/projects/HeinzGroup/asoubki/FlexFringe/data/MLRegTest/Large/04.04.coSP.6.1.0_Dev.txt,2025-12-29 23:36:08.685664
0.1.1.1.0.0.searchglobal.0,Small,4,4,coSP,6,1,0,Train,0.541,0.5516372795969773,0.438,0.4882943143812709,0.459,/gpfs/projects/HeinzGroup/caffeine_underground/mlrt/FlexFringe/FlexFringe/models-ps-small/0.1.1.1.0.0.searchglobal.0.ini/0.1.1.1.0.0.searchglobal.0_04.04.coSP.6.1.0_Small.final.json,/gpfs/projects/HeinzGroup/asoubki/FlexFringe/data/MLRegTest/Small/04.04.coSP.6.1.0_Train.txt,2025-12-29 23:36:08.685664
0.1.1.1.0.0.searchglobal.0,Small,4,4,coSP,6,1,1,TestLA,0.51221,0.5241485700723864,0.26502,0.3520410196463915,0.48779,/gpfs/projects/HeinzGroup/caffeine_underground/mlrt/FlexFringe/FlexFringe/models-ps-small/0.1.1.1.0.0.searchglobal.0.ini/0.1.1.1.0.0.searchglobal.0_04.04.coSP.6.1.1_Small.final.json,/gpfs/projects/HeinzGroup/asoubki/FlexFringe/data/MLRegTest/Large/04.04.coSP.6.1.1_TestLA.txt,2025-12-29 23:12:12.630596
0.1.1.1.0.0.searchglobal.0,Small,4,4,coSP,6,1,1,TestSA,0.51353,0.521475508714009,0.32854,0.4031116182623526,0.48647,/gpfs/projects/HeinzGroup/caffeine_underground/mlrt/FlexFringe/FlexFringe/models-ps-small/0.1.1.1.0.0.searchglobal.0.ini/0.1.1.1.0.0.searchglobal.0_04.04.coSP.6.1.1_Small.final.json,/gpfs/projects/HeinzGroup/asoubki/FlexFringe/data/MLRegTest/Large/04.04.coSP.6.1.1_TestSA.txt,2025-12-29 23:12:12.630596
0.1.1.1.0.0.searchglobal.0,Small,4,4,coSP,6,1,1,TestSR,0.53739,0.5577309081925702,0.36122,0.4384642462643992,0.46261,/gpfs/projects/HeinzGroup/caffeine_underground/mlrt/FlexFringe/FlexFringe/models-ps-small/0.1.1.1.0.0.searchglobal.0.ini/0.1.1.1.0.0.searchglobal.0_04.04.coSP.6.1.1_Small.final.json,/gpfs/projects/HeinzGroup/asoubki/FlexFringe/data/MLRegTest/Large/04.04.coSP.6.1.1_TestSR.txt,2025-12-29 23:12:12.630596
0.1.1.1.0.0.searchglobal.0,Small,4,4,coSP,6,1,1,TestLR,0.55956,0.6000739296995766,0.35714,0.44777953308758994,0.44044,/gpfs/projects/HeinzGroup/caffeine_underground/mlrt/FlexFringe/FlexFringe/models-ps-small/0.1.1.1.0.0.searchglobal.0.ini/0.1.1.1.0.0.searchglobal.0_04.04.coSP.6.1.1_Small.final.json,/gpfs/projects/HeinzGroup/asoubki/FlexFringe/data/MLRegTest/Large/04.04.coSP.6.1.1_TestLR.txt,2025-12-29 23:12:12.630596
0.1.1.1.0.0.searchglobal.0,Small,4,4,coSP,6,1,1,Dev,0.53618,0.5551995606005127,0.3639,0.4396414246363505,0.46382,/gpfs/projects/HeinzGroup/caffeine_underground/mlrt/FlexFringe/FlexFringe/models-ps-small/0.1.1.1.0.0.searchglobal.0.ini/0.1.1.1.0.0.searchglobal.0_04.04.coSP.6.1.1_Small.final.json,/gpfs/projects/HeinzGroup/asoubki/FlexFringe/data/MLRegTest/Large/04.04.coSP.6.1.1_Dev.txt,2025-12-29 23:12:12.630596
0.1.1.1.0.0.searchglobal.0,Small,4,4,coSP,6,1,1,Train,0.527,0.542319749216301,0.346,0.42246642246642246,0.473,/gpfs/projects/HeinzGroup/caffeine_underground/mlrt/FlexFringe/FlexFringe/models-ps-small/0.1.1.1.0.0.searchglobal.0.ini/0.1.1.1.0.0.searchglobal.0_04.04.coSP.6.1.1_Small.final.json,/gpfs/projects/HeinzGroup/asoubki/FlexFringe/data/MLRegTest/Small/04.04.coSP.6.1.1_Train.txt,2025-12-29 23:12:12.630596
0.1.1.1.0.0.searchglobal.0,Small,4,4,coSP,6,1,2,TestSA,0.51237,0.5173002153785908,0.36988,0.4313419085491714,0.48763,/gpfs/projects/HeinzGroup/caffeine_underground/mlrt/FlexFringe/FlexFringe/models-ps-small/0.1.1.1.0.0.searchglobal.0.ini/0.1.1.1.0.0.searchglobal.0_04.04.coSP.6.1.2_Small.final.json,/gpfs/projects/HeinzGroup/asoubki/FlexFringe/data/MLRegTest/Large/04.04.coSP.6.1.2_TestSA.txt,2025-12-29 22:18:52.004644
0.1.1.1.0.0.searchglobal.0,Small,4,4,coSP,6,1,2,TestSR,0.53417,0.5463171306964513,0.40304,0.46386686155581386,0.46583,/gpfs/projects/HeinzGroup/caffeine_underground/mlrt/FlexFringe/FlexFringe/models-ps-small/0.1.1.1.0.0.searchglobal.0.ini/0.1.1.1.0.0.searchglobal.0_04.04.coSP.6.1.2_Small.final.json,/gpfs/projects/HeinzGroup/asoubki/FlexFringe/data/MLRegTest/Large/04.04.coSP.6.1.2_TestSR.txt,2025-12-29 22:18:52.004644
0.1.1.1.0.0.searchglobal.0,Small,4,4,coSP,6,1,2,TestLA,0.50781,0.5123011497873681,0.32526,0.3978958957734418,0.49219,/gpfs/projects/HeinzGroup/caffeine_underground/mlrt/FlexFringe/FlexFringe/models-ps-small/0.1.1.1.0.0.searchglobal.0.ini/0.1.1.1.0.0.searchglobal.0_04.04.coSP.6.1.2_Small.final.json,/gpfs/projects/HeinzGroup/asoubki/FlexFringe/data/MLRegTest/Large/04.04.coSP.6.1.2_TestLA.txt,2025-12-29 22:18:52.004644
0.1.1.1.0.0.searchglobal.0,Small,4,4,coSP,6,1,2,TestLR,0.54439,0.5624912013965143,0.39956,0.46722873814563187,0.45561,/gpfs/projects/HeinzGroup/caffeine_underground/mlrt/FlexFringe/FlexFringe/models-ps-small/0.1.1.1.0.0.searchglobal.0.ini/0.1.1.1.0.0.searchglobal.0_04.04.coSP.6.1.2_Small.final.json,/gpfs/projects/HeinzGroup/asoubki/FlexFringe/data/MLRegTest/Large/04.04.coSP.6.1.2_TestLR.txt,2025-12-29 22:18:52.004644
0.1.1.1.0.0.searchglobal.0,Small,4,4,coSP,6,1,2,Dev,0.53566,0.5479610501398752,0.40742,0.4673534000183537,0.46434,/gpfs/projects/HeinzGroup/caffeine_underground/mlrt/FlexFringe/FlexFringe/models-ps-small/0.1.1.1.0.0.searchglobal.0.ini/0.1.1.1.0.0.searchglobal.0_04.04.coSP.6.1.2_Small.final.json,/gpfs/projects/HeinzGroup/asoubki/FlexFringe/data/MLRegTest/Large/04.04.coSP.6.1.2_Dev.txt,2025-12-29 22:18:52.004644
0.1.1.1.0.0.searchglobal.0,Small,4,4,coSP,6,1,2,Train,0.53,0.5416666666666666,0.39,0.45348837209302323,0.47,/gpfs/projects/HeinzGroup/caffeine_underground/mlrt/FlexFringe/FlexFringe/models-ps-small/0.1.1.1.0.0.searchglobal.0.ini/0.1.1.1.0.0.searchglobal.0_04.04.coSP.6.1.2_Small.final.json,/gpfs/projects/HeinzGroup/asoubki/FlexFringe/data/MLRegTest/Small/04.04.coSP.6.1.2_Train.txt,2025-12-29 22:18:52.004644
0.1.1.1.0.0.searchglobal.0,Small,4,4,coSP,6,1,3,TestLA,0.51421,0.5298516869039116,0.25222,0.341756886763052,0.48579,/gpfs/projects/HeinzGroup/caffeine_underground/mlrt/FlexFringe/FlexFringe/models-ps-small/0.1.1.1.0.0.searchglobal.0.ini/0.1.1.1.0.0.searchglobal.0_04.04.coSP.6.1.3_Small.final.json,/gpfs/projects/HeinzGroup/asoubki/FlexFringe/data/MLRegTest/Large/04.04.coSP.6.1.3_TestLA.txt,2025-12-29 23:12:22.464260
0.1.1.1.0.0.searchglobal.0,Small,4,4,coSP,6,1,3,TestLR,0.58324,0.6365037717284355,0.38814,0.4822213939619829,0.41676,/gpfs/projects/HeinzGroup/caffeine_underground/mlrt/FlexFringe/FlexFringe/models-ps-small/0.1.1.1.0.0.searchglobal.0.ini/0.1.1.1.0.0.searchglobal.0_04.04.coSP.6.1.3_Small.final.json,/gpfs/projects/HeinzGroup/asoubki/FlexFringe/data/MLRegTest/Large/04.04.coSP.6.1.3_TestLR.txt,2025-12-29 23:12:22.464260
0.1.1.1.0.0.searchglobal.0,Small,4,4,coSP,6,1,3,TestSA,0.51971,0.5313863498837542,0.3337,0.40995589626408185,0.48029,/gpfs/projects/HeinzGroup/caffeine_underground/mlrt/FlexFringe/FlexFringe/models-ps-small/0.1.1.1.0.0.searchglobal.0.ini/0.1.1.1.0.0.searchglobal.0_04.04.coSP.6.1.3_Small.final.json,/gpfs/projects/HeinzGroup/asoubki/FlexFringe/data/MLRegTest/Large/04.04.coSP.6.1.3_TestSA.txt,2025-12-29 23:12:22.464260
0.1.1.1.0.0.searchglobal.0,Small,4,4,coSP,6,1,3,TestSR,0.5533,0.5785764830758344,0.39246,0.4676819676819677,0.4467,/gpfs/projects/HeinzGroup/caffeine_underground/mlrt/FlexFringe/FlexFringe/models-ps-small/0.1.1.1.0.0.searchglobal.0.ini/0.1.1.1.0.0.searchglobal.0_04.04.coSP.6.1.3_Small.final.json,/gpfs/projects/HeinzGroup/asoubki/FlexFringe/data/MLRegTest/Large/04.04.coSP.6.1.3_TestSR.txt,2025-12-29 23:12:22.464260
0.1.1.1.0.0.searchglobal.0,Small,4,4,coSP,6,1,3,Dev,0.55511,0.5814152755207563,0.39356,0.46938994573319814,0.44489,/gpfs/projects/HeinzGroup/caffeine_underground/mlrt/FlexFringe/FlexFringe/models-ps-small/0.1.1.1.0.0.searchglobal.0.ini/0.1.1.1.0.0.searchglobal.0_04.04.coSP.6.1.3_Small.final.json,/gpfs/projects/HeinzGroup/asoubki/FlexFringe/data/MLRegTest/Large/04.04.coSP.6.1.3_Dev.txt,2025-12-29 23:12:22.464260
0.1.1.1.0.0.searchglobal.0,Small,4,4,coSP,6,1,3,Train,0.55,0.5735294117647058,0.39,0.4642857142857143,0.45,/gpfs/projects/HeinzGroup/caffeine_underground/mlrt/FlexFringe/FlexFringe/models-ps-small/0.1.1.1.0.0.searchglobal.0.ini/0.1.1.1.0.0.searchglobal.0_04.04.coSP.6.1.3_Small.final.json,/gpfs/projects/HeinzGroup/asoubki/FlexFringe/data/MLRegTest/Small/04.04.coSP.6.1.3_Train.txt,2025-12-29 23:12:22.464260
0.1.1.1.0.0.searchglobal.0,Small,4,4,coSP,6,1,4,TestSA,0.51412,0.5192443984081121,0.38098,0.4394942666635904,0.48588,/gpfs/projects/HeinzGroup/caffeine_underground/mlrt/FlexFringe/FlexFringe/models-ps-small/0.1.1.1.0.0.searchglobal.0.ini/0.1.1.1.0.0.searchglobal.0_04.04.coSP.6.1.4_Small.final.json,/gpfs/projects/HeinzGroup/asoubki/FlexFringe/data/MLRegTest/Large/04.04.coSP.6.1.4_TestSA.txt,2025-12-29 22:08:40.038032
0.1.1.1.0.0.searchglobal.0,Small,4,4,coSP,6,1,4,TestLA,0.51424,0.5235917826375083,0.31604,0.3941631329508606,0.48576,/gpfs/projects/HeinzGroup/caffeine_underground/mlrt/FlexFringe/FlexFringe/models-ps-small/0.1.1.1.0.0.searchglobal.0.ini/0.1.1.1.0.0.searchglobal.0_04.04.coSP.6.1.4_Small.final.json,/gpfs/projects/HeinzGroup/asoubki/FlexFringe/data/MLRegTest/Large/04.04.coSP.6.1.4_TestLA.txt,2025-12-29 22:08:40.038032
0.1.1.1.0.0.searchglobal.0,Small,4,4,coSP,6,1,4,TestSR,0.54216,0.5554153522607781,0.42256,0.47996365288505227,0.45784,/gpfs/projects/HeinzGroup/caffeine_underground/mlrt/FlexFringe/FlexFringe/models-ps-small/0.1.1.1.0.0.searchglobal.0.ini/0.1.1.1.0.0.searchglobal.0_04.04.coSP.6.1.4_Small.final.json,/gpfs/projects/HeinzGroup/asoubki/FlexFringe/data/MLRegTest/Large/04.04.coSP.6.1.4_TestSR.txt,2025-12-29 22:08:40.038032
0.1.1.1.0.0.searchglobal.0,Small,4,4,coSP,6,1,4,TestLR,0.56986,0.5995043299908842,0.4209,0.49457134799774394,0.43014,/gpfs/projects/HeinzGroup/caffeine_underground/mlrt/FlexFringe/FlexFringe/models-ps-small/0.1.1.1.0.0.searchglobal.0.ini/0.1.1.1.0.0.searchglobal.0_04.04.coSP.6.1.4_Small.final.json,/gpfs/projects/HeinzGroup/asoubki/FlexFringe/data/MLRegTest/Large/04.04.coSP.6.1.4_TestLR.txt,2025-12-29 22:08:40.038032
0.1.1.1.0.0.searchglobal.0,Small,4,4,coSP,6,1,4,Dev,0.54213,0.5550215489094946,0.42498,0.48137282664099224,0.45787,/gpfs/projects/HeinzGroup/caffeine_underground/mlrt/FlexFringe/FlexFringe/models-ps-small/0.1.1.1.0.0.searchglobal.0.ini/0.1.1.1.0.0.searchglobal.0_04.04.coSP.6.1.4_Small.final.json,/gpfs/projects/HeinzGroup/asoubki/FlexFringe/data/MLRegTest/Large/04.04.coSP.6.1.4_Dev.txt,2025-12-29 22:08:40.038032
0.1.1.1.0.0.searchglobal.0,Small,4,4,coSP,6,1,4,Train,0.554,0.5706806282722513,0.436,0.4943310657596372,0.446,/gpfs/projects/HeinzGroup/caffeine_underground/mlrt/FlexFringe/FlexFringe/models-ps-small/0.1.1.1.0.0.searchglobal.0.ini/0.1.1.1.0.0.searchglobal.0_04.04.coSP.6.1.4_Small.final.json,/gpfs/projects/HeinzGroup/asoubki/FlexFringe/data/MLRegTest/Small/04.04.coSP.6.1.4_Train.txt,2025-12-29 22:08:40.038032
0.1.1.1.0.0.searchglobal.0,Small,4,4,coSP,6,1,5,TestLA,0.50409,0.5074398806708625,0.27896,0.3600087756655955,0.49591,/gpfs/projects/HeinzGroup/caffeine_underground/mlrt/FlexFringe/FlexFringe/models-ps-small/0.1.1.1.0.0.searchglobal.0.ini/0.1.1.1.0.0.searchglobal.0_04.04.coSP.6.1.5_Small.final.json,/gpfs/projects/HeinzGroup/asoubki/FlexFringe/data/MLRegTest/Large/04.04.coSP.6.1.5_TestLA.txt,2025-12-29 22:57:09.421071
0.1.1.1.0.0.searchglobal.0,Small,4,4,coSP,6,1,5,TestSA,0.50845,0.5140370111963852,0.30944,0.38632192661581294,0.49155,/gpfs/projects/HeinzGroup/caffeine_underground/mlrt/FlexFringe/FlexFringe/models-ps-small/0.1.1.1.0.0.searchglobal.0.ini/0.1.1.1.0.0.searchglobal.0_04.04.coSP.6.1.5_Small.final.json,/gpfs/projects/HeinzGroup/asoubki/FlexFringe/data/MLRegTest/Large/04.04.coSP.6.1.5_TestSA.txt,2025-12-29 22:57:09.421071
0.1.1.1.0.0.searchglobal.0,Small,4,4,coSP,6,1,5,TestLR,0.54172,0.568940445502016,0.3443,0.4289915024047447,0.45828,/gpfs/projects/HeinzGroup/caffeine_underground/mlrt/FlexFringe/FlexFringe/models-ps-small/0.1.1.1.0.0.searchglobal.0.ini/0.1.1.1.0.0.searchglobal.0_04.04.coSP.6.1.5_Small.final.json,/gpfs/projects/HeinzGroup/asoubki/FlexFringe/data/MLRegTest/Large/04.04.coSP.6.1.5_TestLR.txt,2025-12-29 22:57:09.421071
0.1.1.1.0.0.searchglobal.0,Small,4,4,coSP,6,1,5,TestSR,0.52814,0.5440844717383131,0.3473,0.4239708970164559,0.47186,/gpfs/projects/HeinzGroup/caffeine_underground/mlrt/FlexFringe/FlexFringe/models-ps-small/0.1.1.1.0.0.searchglobal.0.ini/0.1.1.1.0.0.searchglobal.0_04.04.coSP.6.1.5_Small.final.json,/gpfs/projects/HeinzGroup/asoubki/FlexFringe/data/MLRegTest/Large/04.04.coSP.6.1.5_TestSR.txt,2025-12-29 22:57:09.421071
0.1.1.1.0.0.searchglobal.0,Small,4,4,coSP,6,1,5,Dev,0.5282,0.5441895449417075,0.34728,0.4239878888509059,0.4718,/gpfs/projects/HeinzGroup/caffeine_underground/mlrt/FlexFringe/FlexFringe/models-ps-small/0.1.1.1.0.0.searchglobal.0.ini/0.1.1.1.0.0.searchglobal.0_04.04.coSP.6.1.5_Small.final.json,/gpfs/projects/HeinzGroup/asoubki/FlexFringe/data/MLRegTest/Large/04.04.coSP.6.1.5_Dev.txt,2025-12-29 22:57:09.421071
0.1.1.1.0.0.searchglobal.0,Small,4,4,coSP,6,1,5,Train,0.513,0.5205047318611987,0.33,0.4039167686658507,0.487,/gpfs/projects/HeinzGroup/caffeine_underground/mlrt/FlexFringe/FlexFringe/models-ps-small/0.1.1.1.0.0.searchglobal.0.ini/0.1.1.1.0.0.searchglobal.0_04.04.coSP.6.1.5_Small.final.json,/gpfs/projects/HeinzGroup/asoubki/FlexFringe/data/MLRegTest/Small/04.04.coSP.6.1.5_Train.txt,2025-12-29 22:57:09.421071
0.1.1.1.0.0.searchglobal.0,Small,4,4,coSP,6,1,6,TestSA,0.50682,0.5095139780146197,0.36524,0.42547936907341394,0.49318,/gpfs/projects/HeinzGroup/caffeine_underground/mlrt/FlexFringe/FlexFringe/models-ps-small/0.1.1.1.0.0.searchglobal.0.ini/0.1.1.1.0.0.searchglobal.0_04.04.coSP.6.1.6_Small.final.json,/gpfs/projects/HeinzGroup/asoubki/FlexFringe/data/MLRegTest/Large/04.04.coSP.6.1.6_TestSA.txt,2025-12-29 23:31:33.217437
0.1.1.1.0.0.searchglobal.0,Small,4,4,coSP,6,1,6,TestLR,0.53536,0.547887323943662,0.40456,0.4654394845835251,0.46464,/gpfs/projects/HeinzGroup/caffeine_underground/mlrt/FlexFringe/FlexFringe/models-ps-small/0.1.1.1.0.0.searchglobal.0.ini/0.1.1.1.0.0.searchglobal.0_04.04.coSP.6.1.6_Small.final.json,/gpfs/projects/HeinzGroup/asoubki/FlexFringe/data/MLRegTest/Large/04.04.coSP.6.1.6_TestLR.txt,2025-12-29 23:31:33.217437
0.1.1.1.0.0.searchglobal.0,Small,4,4,coSP,6,1,6,TestSR,0.52298,0.5306923816647078,0.39734,0.45443524406422986,0.47702,/gpfs/projects/HeinzGroup/caffeine_underground/mlrt/FlexFringe/FlexFringe/models-ps-small/0.1.1.1.0.0.searchglobal.0.ini/0.1.1.1.0.0.searchglobal.0_04.04.coSP.6.1.6_Small.final.json,/gpfs/projects/HeinzGroup/asoubki/FlexFringe/data/MLRegTest/Large/04.04.coSP.6.1.6_TestSR.txt,2025-12-29 23:31:33.217437
0.1.1.1.0.0.searchglobal.0,Small,4,4,coSP,6,1,6,TestLA,0.50502,0.5074485132648822,0.342,0.40861191426318433,0.49498,/gpfs/projects/HeinzGroup/caffeine_underground/mlrt/FlexFringe/FlexFringe/models-ps-small/0.1.1.1.0.0.searchglobal.0.ini/0.1.1.1.0.0.searchglobal.0_04.04.coSP.6.1.6_Small.final.json,/gpfs/projects/HeinzGroup/asoubki/FlexFringe/data/MLRegTest/Large/04.04.coSP.6.1.6_TestLA.txt,2025-12-29 23:31:33.217437
0.1.1.1.0.0.searchglobal.0,Small,4,4,coSP,6,1,6,Dev,0.5214,0.5284287156597056,0.39778,0.4538898651269997,0.4786,/gpfs/projects/HeinzGroup/caffeine_underground/mlrt/FlexFringe/FlexFringe/models-ps-small/0.1.1.1.0.0.searchglobal.0.ini/0.1.1.1.0.0.searchglobal.0_04.04.coSP.6.1.6_Small.final.json,/gpfs/projects/HeinzGroup/asoubki/FlexFringe/data/MLRegTest/Large/04.04.coSP.6.1.6_Dev.txt,2025-12-29 23:31:33.217437
0.1.1.1.0.0.searchglobal.0,Small,4,4,coSP,6,1,6,Train,0.49,0.48717948717948717,0.38,0.42696629213483145,0.51,/gpfs/projects/HeinzGroup/caffeine_underground/mlrt/FlexFringe/FlexFringe/models-ps-small/0.1.1.1.0.0.searchglobal.0.ini/0.1.1.1.0.0.searchglobal.0_04.04.coSP.6.1.6_Small.final.json,/gpfs/projects/HeinzGroup/asoubki/FlexFringe/data/MLRegTest/Small/04.04.coSP.6.1.6_Train.txt,2025-12-29 23:31:33.217437
0.1.1.1.0.0.searchglobal.0,Small,4,4,coSP,6,1,7,TestSR,0.55577,0.5730298824084017,0.4376,0.4962407720308903,0.44423,/gpfs/projects/HeinzGroup/caffeine_underground/mlrt/FlexFringe/FlexFringe/models-ps-small/0.1.1.1.0.0.searchglobal.0.ini/0.1.1.1.0.0.searchglobal.0_04.04.coSP.6.1.7_Small.final.json,/gpfs/projects/HeinzGroup/asoubki/FlexFringe/data/MLRegTest/Large/04.04.coSP.6.1.7_TestSR.txt,2025-12-29 23:19:07.899805
0.1.1.1.0.0.searchglobal.0,Small,4,4,coSP,6,1,7,TestLR,0.58923,0.6310856471279566,0.42958,0.511191765335872,0.41077,/gpfs/projects/HeinzGroup/caffeine_underground/mlrt/FlexFringe/FlexFringe/models-ps-small/0.1.1.1.0.0.searchglobal.0.ini/0.1.1.1.0.0.searchglobal.0_04.04.coSP.6.1.7_Small.final.json,/gpfs/projects/HeinzGroup/asoubki/FlexFringe/data/MLRegTest/Large/04.04.coSP.6.1.7_TestLR.txt,2025-12-29 23:19:07.899805
0.1.1.1.0.0.searchglobal.0,Small,4,4,coSP,6,1,7,TestLA,0.51387,0.5255819100667675,0.28496,0.36955478608203973,0.48613,/gpfs/projects/HeinzGroup/caffeine_underground/mlrt/FlexFringe/FlexFringe/models-ps-small/0.1.1.1.0.0.searchglobal.0.ini/0.1.1.1.0.0.searchglobal.0_04.04.coSP.6.1.7_Small.final.json,/gpfs/projects/HeinzGroup/asoubki/FlexFringe/data/MLRegTest/Large/04.04.coSP.6.1.7_TestLA.txt,2025-12-29 23:19:07.899805
0.1.1.1.0.0.searchglobal.0,Small,4,4,coSP,6,1,7,TestSA,0.51532,0.521977391404143,0.36386,0.42880712753671013,0.48468,/gpfs/projects/HeinzGroup/caffeine_underground/mlrt/FlexFringe/FlexFringe/models-ps-small/0.1.1.1.0.0.searchglobal.0.ini/0.1.1.1.0.0.searchglobal.0_04.04.coSP.6.1.7_Small.final.json,/gpfs/projects/HeinzGroup/asoubki/FlexFringe/data/MLRegTest/Large/04.04.coSP.6.1.7_TestSA.txt,2025-12-29 23:19:07.899805
0.1.1.1.0.0.searchglobal.0,Small,4,4,coSP,6,1,7,Dev,0.55982,0.5789932389604902,0.43846,0.4990212146043886,0.44018,/gpfs/projects/HeinzGroup/caffeine_underground/mlrt/FlexFringe/FlexFringe/models-ps-small/0.1.1.1.0.0.searchglobal.0.ini/0.1.1.1.0.0.searchglobal.0_04.04.coSP.6.1.7_Small.final.json,/gpfs/projects/HeinzGroup/asoubki/FlexFringe/data/MLRegTest/Large/04.04.coSP.6.1.7_Dev.txt,2025-12-29 23:19:07.899805
0.1.1.1.0.0.searchglobal.0,Small,4,4,coSP,6,1,7,Train,0.54,0.5505050505050505,0.436,0.48660714285714285,0.46,/gpfs/projects/HeinzGroup/caffeine_underground/mlrt/FlexFringe/FlexFringe/models-ps-small/0.1.1.1.0.0.searchglobal.0.ini/0.1.1.1.0.0.searchglobal.0_04.04.coSP.6.1.7_Small.final.json,/gpfs/projects/HeinzGroup/asoubki/FlexFringe/data/MLRegTest/Small/04.04.coSP.6.1.7_Train.txt,2025-12-29 23:19:07.899805
0.1.1.1.0.0.searchglobal.0,Small,4,4,coSP,6,1,8,TestLA,0.5138,0.5355340405809044,0.20798,0.2996052896943156,0.4862,/gpfs/projects/HeinzGroup/caffeine_underground/mlrt/FlexFringe/FlexFringe/models-ps-small/0.1.1.1.0.0.searchglobal.0.ini/0.1.1.1.0.0.searchglobal.0_04.04.coSP.6.1.8_Small.final.json,/gpfs/projects/HeinzGroup/asoubki/FlexFringe/data/MLRegTest/Large/04.04.coSP.6.1.8_TestLA.txt,2025-12-29 22:13:10.469123
0.1.1.1.0.0.searchglobal.0,Small,4,4,coSP,6,1,8,TestLR,0.6118,0.6944889012594809,0.39922,0.5069975362576515,0.3882,/gpfs/projects/HeinzGroup/caffeine_underground/mlrt/FlexFringe/FlexFringe/models-ps-small/0.1.1.1.0.0.searchglobal.0.ini/0.1.1.1.0.0.searchglobal.0_04.04.coSP.6.1.8_Small.final.json,/gpfs/projects/HeinzGroup/asoubki/FlexFringe/data/MLRegTest/Large/04.04.coSP.6.1.8_TestLR.txt,2025-12-29 22:13:10.469123
0.1.1.1.0.0.searchglobal.0,Small,4,4,coSP,6,1,8,TestSR,0.56117,0.5895738761165618,0.40262,0.47848357002792796,0.43883,/gpfs/projects/HeinzGroup/caffeine_underground/mlrt/FlexFringe/FlexFringe/models-ps-small/0.1.1.1.0.0.searchglobal.0.ini/0.1.1.1.0.0.searchglobal.0_04.04.coSP.6.1.8_Small.final.json,/gpfs/projects/HeinzGroup/asoubki/FlexFringe/data/MLRegTest/Large/04.04.coSP.6.1.8_TestSR.txt,2025-12-29 22:13:10.469123
0.1.1.1.0.0.searchglobal.0,Small,4,4,coSP,6,1,8,TestSA,0.5127,0.5207340168484295,0.31896,0.3956043956043956,0.4873,/gpfs/projects/HeinzGroup/caffeine_underground/mlrt/FlexFringe/FlexFringe/models-ps-small/0.1.1.1.0.0.searchglobal.0.ini/0.1.1.1.0.0.searchglobal.0_04.04.coSP.6.1.8_Small.final.json,/gpfs/projects/HeinzGroup/asoubki/FlexFringe/data/MLRegTest/Large/04.04.coSP.6.1.8_TestSA.txt,2025-12-29 22:13:10.469123
0.1.1.1.0.0.searchglobal.0,Small,4,4,coSP,6,1,8,Dev,0.55981,0.5870216790339008,0.40346,0.4782314941030048,0.44019,/gpfs/projects/HeinzGroup/caffeine_underground/mlrt/FlexFringe/FlexFringe/models-ps-small/0.1.1.1.0.0.searchglobal.0.ini/0.1.1.1.0.0.searchglobal.0_04.04.coSP.6.1.8_Small.final.json,/gpfs/projects/HeinzGroup/asoubki/FlexFringe/data/MLRegTest/Large/04.04.coSP.6.1.8_Dev.txt,2025-12-29 22:13:10.469123
0.1.1.1.0.0.searchglobal.0,Small,4,4,coSP,6,1,8,Train,0.569,0.5988538681948424,0.418,0.4923439340400471,0.431,/gpfs/projects/HeinzGroup/caffeine_underground/mlrt/FlexFringe/FlexFringe/models-ps-small/0.1.1.1.0.0.searchglobal.0.ini/0.1.1.1.0.0.searchglobal.0_04.04.coSP.6.1.8_Small.final.json,/gpfs/projects/HeinzGroup/asoubki/FlexFringe/data/MLRegTest/Small/04.04.coSP.6.1.8_Train.txt,2025-12-29 22:13:10.469123
0.1.1.1.0.0.searchglobal.0,Small,4,4,coSP,6,1,9,TestSR,0.54408,0.5583068783068783,0.42208,0.4807289293849658,0.45592,/gpfs/projects/HeinzGroup/caffeine_underground/mlrt/FlexFringe/FlexFringe/models-ps-small/0.1.1.1.0.0.searchglobal.0.ini/0.1.1.1.0.0.searchglobal.0_04.04.coSP.6.1.9_Small.final.json,/gpfs/projects/HeinzGroup/asoubki/FlexFringe/data/MLRegTest/Large/04.04.coSP.6.1.9_TestSR.txt,2025-12-29 23:34:09.617045
0.1.1.1.0.0.searchglobal.0,Small,4,4,coSP,6,1,9,TestLA,0.50911,0.5159740487462738,0.29426,0.37478188881105523,0.49089,/gpfs/projects/HeinzGroup/caffeine_underground/mlrt/FlexFringe/FlexFringe/models-ps-small/0.1.1.1.0.0.searchglobal.0.ini/0.1.1.1.0.0.searchglobal.0_04.04.coSP.6.1.9_Small.final.json,/gpfs/projects/HeinzGroup/asoubki/FlexFringe/data/MLRegTest/Large/04.04.coSP.6.1.9_TestLA.txt,2025-12-29 23:34:09.617045
0.1.1.1.0.0.searchglobal.0,Small,4,4,coSP,6,1,9,TestLR,0.57274,0.6051520758644616,0.41862,0.4948928926088807,0.42726,/gpfs/projects/HeinzGroup/caffeine_underground/mlrt/FlexFringe/FlexFringe/models-ps-small/0.1.1.1.0.0.searchglobal.0.ini/0.1.1.1.0.0.searchglobal.0_04.04.coSP.6.1.9_Small.final.json,/gpfs/projects/HeinzGroup/asoubki/FlexFringe/data/MLRegTest/Large/04.04.coSP.6.1.9_TestLR.txt,2025-12-29 23:34:09.617045
0.1.1.1.0.0.searchglobal.0,Small,4,4,coSP,6,1,9,TestSA,0.51153,0.5162481328034723,0.36634,0.4285630724956423,0.48847,/gpfs/projects/HeinzGroup/caffeine_underground/mlrt/FlexFringe/FlexFringe/models-ps-small/0.1.1.1.0.0.searchglobal.0.ini/0.1.1.1.0.0.searchglobal.0_04.04.coSP.6.1.9_Small.final.json,/gpfs/projects/HeinzGroup/asoubki/FlexFringe/data/MLRegTest/Large/04.04.coSP.6.1.9_TestSA.txt,2025-12-29 23:34:09.617045
0.1.1.1.0.0.searchglobal.0,Small,4,4,coSP,6,1,9,Dev,0.54299,0.5570023071415312,0.42008,0.47894742842809745,0.45701,/gpfs/projects/HeinzGroup/caffeine_underground/mlrt/FlexFringe/FlexFringe/models-ps-small/0.1.1.1.0.0.searchglobal.0.ini/0.1.1.1.0.0.searchglobal.0_04.04.coSP.6.1.9_Small.final.json,/gpfs/projects/HeinzGroup/asoubki/FlexFringe/data/MLRegTest/Large/04.04.coSP.6.1.9_Dev.txt,2025-12-29 23:34:09.617045
0.1.1.1.0.0.searchglobal.0,Small,4,4,coSP,6,1,9,Train,0.531,0.5406824146981627,0.412,0.4676503972758229,0.469,/gpfs/projects/HeinzGroup/caffeine_underground/mlrt/FlexFringe/FlexFringe/models-ps-small/0.1.1.1.0.0.searchglobal.0.ini/0.1.1.1.0.0.searchglobal.0_04.04.coSP.6.1.9_Small.final.json,/gpfs/projects/HeinzGroup/asoubki/FlexFringe/data/MLRegTest/Small/04.04.coSP.6.1.9_Train.txt,2025-12-29 23:34:09.617045
0.1.1.1.0.0.searchglobal.0,Small,4,4,LT,2,1,0,TestSR,0.78674,0.8117552404975211,0.74662,0.7778263949660374,0.21326,/gpfs/projects/HeinzGroup/caffeine_underground/mlrt/FlexFringe/FlexFringe/models-ps-small/0.1.1.1.0.0.searchglobal.0.ini/0.1.1.1.0.0.searchglobal.0_04.04.LT.2.1.0_Small.final.json,/gpfs/projects/HeinzGroup/asoubki/FlexFringe/data/MLRegTest/Large/04.04.LT.2.1.0_TestSR.txt,2025-12-29 22:48:14.511671
0.1.1.1.0.0.searchglobal.0,Small,4,4,LT,2,1,0,TestLR,0.73464,0.7632263854610725,0.68034,0.7194036163688273,0.26536,/gpfs/projects/HeinzGroup/caffeine_underground/mlrt/FlexFringe/FlexFringe/models-ps-small/0.1.1.1.0.0.searchglobal.0.ini/0.1.1.1.0.0.searchglobal.0_04.04.LT.2.1.0_Small.final.json,/gpfs/projects/HeinzGroup/asoubki/FlexFringe/data/MLRegTest/Large/04.04.LT.2.1.0_TestLR.txt,2025-12-29 22:48:14.511671
0.1.1.1.0.0.searchglobal.0,Small,4,4,LT,2,1,0,TestLA,0.62995,0.678116176430275,0.49474,0.572092646769736,0.37005,/gpfs/projects/HeinzGroup/caffeine_underground/mlrt/FlexFringe/FlexFringe/models-ps-small/0.1.1.1.0.0.searchglobal.0.ini/0.1.1.1.0.0.searchglobal.0_04.04.LT.2.1.0_Small.final.json,/gpfs/projects/HeinzGroup/asoubki/FlexFringe/data/MLRegTest/Large/04.04.LT.2.1.0_TestLA.txt,2025-12-29 22:48:14.511671
0.1.1.1.0.0.searchglobal.0,Small,4,4,LT,2,1,0,TestSA,0.71196,0.762417669489427,0.61582,0.6813223286792203,0.28804,/gpfs/projects/HeinzGroup/caffeine_underground/mlrt/FlexFringe/FlexFringe/models-ps-small/0.1.1.1.0.0.searchglobal.0.ini/0.1.1.1.0.0.searchglobal.0_04.04.LT.2.1.0_Small.final.json,/gpfs/projects/HeinzGroup/asoubki/FlexFringe/data/MLRegTest/Large/04.04.LT.2.1.0_TestSA.txt,2025-12-29 22:48:14.511671
0.1.1.1.0.0.searchglobal.0,Small,4,4,LT,2,1,0,Dev,0.78797,0.8142062193126023,0.74622,0.7787320636577094,0.21203,/gpfs/projects/HeinzGroup/caffeine_underground/mlrt/FlexFringe/FlexFringe/models-ps-small/0.1.1.1.0.0.searchglobal.0.ini/0.1.1.1.0.0.searchglobal.0_04.04.LT.2.1.0_Small.final.json,/gpfs/projects/HeinzGroup/asoubki/FlexFringe/data/MLRegTest/Large/04.04.LT.2.1.0_Dev.txt,2025-12-29 22:48:14.511671
0.1.1.1.0.0.searchglobal.0,Small,4,4,LT,2,1,0,Train,0.793,0.8191721132897604,0.752,0.7841501564129302,0.207,/gpfs/projects/HeinzGroup/caffeine_underground/mlrt/FlexFringe/FlexFringe/models-ps-small/0.1.1.1.0.0.searchglobal.0.ini/0.1.1.1.0.0.searchglobal.0_04.04.LT.2.1.0_Small.final.json,/gpfs/projects/HeinzGroup/asoubki/FlexFringe/data/MLRegTest/Small/04.04.LT.2.1.0_Train.txt,2025-12-29 22:48:14.511671
0.1.1.1.0.0.searchglobal.0,Small,4,4,LT,2,1,1,TestSA,0.593,0.5794790277920213,0.67806,0.6249055351777781,0.407,/gpfs/projects/HeinzGroup/caffeine_underground/mlrt/FlexFringe/FlexFringe/models-ps-small/0.1.1.1.0.0.searchglobal.0.ini/0.1.1.1.0.0.searchglobal.0_04.04.LT.2.1.1_Small.final.json,/gpfs/projects/HeinzGroup/asoubki/FlexFringe/data/MLRegTest/Large/04.04.LT.2.1.1_TestSA.txt,2025-12-29 22:05:47.142689
0.1.1.1.0.0.searchglobal.0,Small,4,4,LT,2,1,1,TestLR,0.66911,0.6129221811188718,0.9179,0.7350315105021661,0.33089,/gpfs/projects/HeinzGroup/caffeine_underground/mlrt/FlexFringe/FlexFringe/models-ps-small/0.1.1.1.0.0.searchglobal.0.ini/0.1.1.1.0.0.searchglobal.0_04.04.LT.2.1.1_Small.final.json,/gpfs/projects/HeinzGroup/asoubki/FlexFringe/data/MLRegTest/Large/04.04.LT.2.1.1_TestLR.txt,2025-12-29 22:05:47.142689
0.1.1.1.0.0.searchglobal.0,Small,4,4,LT,2,1,1,TestSR,0.70729,0.658379303494751,0.8617,0.7464419053889,0.29271,/gpfs/projects/HeinzGroup/caffeine_underground/mlrt/FlexFringe/FlexFringe/models-ps-small/0.1.1.1.0.0.searchglobal.0.ini/0.1.1.1.0.0.searchglobal.0_04.04.LT.2.1.1_Small.final.json,/gpfs/projects/HeinzGroup/asoubki/FlexFringe/data/MLRegTest/Large/04.04.LT.2.1.1_TestSR.txt,2025-12-29 22:05:47.142689
0.1.1.1.0.0.searchglobal.0,Small,4,4,LT,2,1,1,TestLA,0.54978,0.5374353266754903,0.71466,0.613505253760044,0.45022,/gpfs/projects/HeinzGroup/caffeine_underground/mlrt/FlexFringe/FlexFringe/models-ps-small/0.1.1.1.0.0.searchglobal.0.ini/0.1.1.1.0.0.searchglobal.0_04.04.LT.2.1.1_Small.final.json,/gpfs/projects/HeinzGroup/asoubki/FlexFringe/data/MLRegTest/Large/04.04.LT.2.1.1_TestLA.txt,2025-12-29 22:05:47.142689
0.1.1.1.0.0.searchglobal.0,Small,4,4,LT,2,1,1,Dev,0.71063,0.6618562404905712,0.8613,0.7485204272293533,0.28937,/gpfs/projects/HeinzGroup/caffeine_underground/mlrt/FlexFringe/FlexFringe/models-ps-small/0.1.1.1.0.0.searchglobal.0.ini/0.1.1.1.0.0.searchglobal.0_04.04.LT.2.1.1_Small.final.json,/gpfs/projects/HeinzGroup/asoubki/FlexFringe/data/MLRegTest/Large/04.04.LT.2.1.1_Dev.txt,2025-12-29 22:05:47.142689
0.1.1.1.0.0.searchglobal.0,Small,4,4,LT,2,1,1,Train,0.723,0.6744913928012519,0.862,0.7568042142230026,0.277,/gpfs/projects/HeinzGroup/caffeine_underground/mlrt/FlexFringe/FlexFringe/models-ps-small/0.1.1.1.0.0.searchglobal.0.ini/0.1.1.1.0.0.searchglobal.0_04.04.LT.2.1.1_Small.final.json,/gpfs/projects/HeinzGroup/asoubki/FlexFringe/data/MLRegTest/Small/04.04.LT.2.1.1_Train.txt,2025-12-29 22:05:47.142689
0.1.1.1.0.0.searchglobal.0,Small,4,4,LT,2,1,2,TestSR,0.67981,0.6677050495252663,0.7159,0.6909631402677373,0.32019,/gpfs/projects/HeinzGroup/caffeine_underground/mlrt/FlexFringe/FlexFringe/models-ps-small/0.1.1.1.0.0.searchglobal.0.ini/0.1.1.1.0.0.searchglobal.0_04.04.LT.2.1.2_Small.final.json,/gpfs/projects/HeinzGroup/asoubki/FlexFringe/data/MLRegTest/Large/04.04.LT.2.1.2_TestSR.txt,2025-12-29 22:14:41.838447
0.1.1.1.0.0.searchglobal.0,Small,4,4,LT,2,1,2,TestSA,0.61138,0.597557984724266,0.68222,0.6370886406932875,0.38862,/gpfs/projects/HeinzGroup/caffeine_underground/mlrt/FlexFringe/FlexFringe/models-ps-small/0.1.1.1.0.0.searchglobal.0.ini/0.1.1.1.0.0.searchglobal.0_04.04.LT.2.1.2_Small.final.json,/gpfs/projects/HeinzGroup/asoubki/FlexFringe/data/MLRegTest/Large/04.04.LT.2.1.2_TestSA.txt,2025-12-29 22:14:41.838447
0.1.1.1.0.0.searchglobal.0,Small,4,4,LT,2,1,2,TestLR,0.63946,0.6401326366559486,0.63706,0.6385926222935044,0.36054,/gpfs/projects/HeinzGroup/caffeine_underground/mlrt/FlexFringe/FlexFringe/models-ps-small/0.1.1.1.0.0.searchglobal.0.ini/0.1.1.1.0.0.searchglobal.0_04.04.LT.2.1.2_Small.final.json,/gpfs/projects/HeinzGroup/asoubki/FlexFringe/data/MLRegTest/Large/04.04.LT.2.1.2_TestLR.txt,2025-12-29 22:14:41.838447
0.1.1.1.0.0.searchglobal.0,Small,4,4,LT,2,1,2,TestLA,0.56367,0.5575709351321048,0.61664,0.5856197232589723,0.43633,/gpfs/projects/HeinzGroup/caffeine_underground/mlrt/FlexFringe/FlexFringe/models-ps-small/0.1.1.1.0.0.searchglobal.0.ini/0.1.1.1.0.0.searchglobal.0_04.04.LT.2.1.2_Small.final.json,/gpfs/projects/HeinzGroup/asoubki/FlexFringe/data/MLRegTest/Large/04.04.LT.2.1.2_TestLA.txt,2025-12-29 22:14:41.838447
0.1.1.1.0.0.searchglobal.0,Small,4,4,LT,2,1,2,Dev,0.68394,0.6722026662672259,0.71802,0.694356336066842,0.31606,/gpfs/projects/HeinzGroup/caffeine_underground/mlrt/FlexFringe/FlexFringe/models-ps-small/0.1.1.1.0.0.searchglobal.0.ini/0.1.1.1.0.0.searchglobal.0_04.04.LT.2.1.2_Small.final.json,/gpfs/projects/HeinzGroup/asoubki/FlexFringe/data/MLRegTest/Large/04.04.LT.2.1.2_Dev.txt,2025-12-29 22:14:41.838447
0.1.1.1.0.0.searchglobal.0,Small,4,4,LT,2,1,2,Train,0.666,0.6492805755395683,0.722,0.6837121212121212,0.334,/gpfs/projects/HeinzGroup/caffeine_underground/mlrt/FlexFringe/FlexFringe/models-ps-small/0.1.1.1.0.0.searchglobal.0.ini/0.1.1.1.0.0.searchglobal.0_04.04.LT.2.1.2_Small.final.json,/gpfs/projects/HeinzGroup/asoubki/FlexFringe/data/MLRegTest/Small/04.04.LT.2.1.2_Train.txt,2025-12-29 22:14:41.838447
0.1.1.1.0.0.searchglobal.0,Small,4,4,LT,2,1,3,TestLA,1.0,1.0,1.0,1.0,0.0,/gpfs/projects/HeinzGroup/caffeine_underground/mlrt/FlexFringe/FlexFringe/models-ps-small/0.1.1.1.0.0.searchglobal.0.ini/0.1.1.1.0.0.searchglobal.0_04.04.LT.2.1.3_Small.final.json,/gpfs/projects/HeinzGroup/asoubki/FlexFringe/data/MLRegTest/Large/04.04.LT.2.1.3_TestLA.txt,2025-12-29 23:35:58.100423
0.1.1.1.0.0.searchglobal.0,Small,4,4,LT,2,1,3,TestLR,1.0,1.0,1.0,1.0,0.0,/gpfs/projects/HeinzGroup/caffeine_underground/mlrt/FlexFringe/FlexFringe/models-ps-small/0.1.1.1.0.0.searchglobal.0.ini/0.1.1.1.0.0.searchglobal.0_04.04.LT.2.1.3_Small.final.json,/gpfs/projects/HeinzGroup/asoubki/FlexFringe/data/MLRegTest/Large/04.04.LT.2.1.3_TestLR.txt,2025-12-29 23:35:58.100423
0.1.1.1.0.0.searchglobal.0,Small,4,4,LT,2,1,3,TestSR,1.0,1.0,1.0,1.0,0.0,/gpfs/projects/HeinzGroup/caffeine_underground/mlrt/FlexFringe/FlexFringe/models-ps-small/0.1.1.1.0.0.searchglobal.0.ini/0.1.1.1.0.0.searchglobal.0_04.04.LT.2.1.3_Small.final.json,/gpfs/projects/HeinzGroup/asoubki/FlexFringe/data/MLRegTest/Large/04.04.LT.2.1.3_TestSR.txt,2025-12-29 23:35:58.100423
0.1.1.1.0.0.searchglobal.0,Small,4,4,LT,2,1,3,TestSA,1.0,1.0,1.0,1.0,0.0,/gpfs/projects/HeinzGroup/caffeine_underground/mlrt/FlexFringe/FlexFringe/models-ps-small/0.1.1.1.0.0.searchglobal.0.ini/0.1.1.1.0.0.searchglobal.0_04.04.LT.2.1.3_Small.final.json,/gpfs/projects/HeinzGroup/asoubki/FlexFringe/data/MLRegTest/Large/04.04.LT.2.1.3_TestSA.txt,2025-12-29 23:35:58.100423
0.1.1.1.0.0.searchglobal.0,Small,4,4,LT,2,1,3,Dev,1.0,1.0,1.0,1.0,0.0,/gpfs/projects/HeinzGroup/caffeine_underground/mlrt/FlexFringe/FlexFringe/models-ps-small/0.1.1.1.0.0.searchglobal.0.ini/0.1.1.1.0.0.searchglobal.0_04.04.LT.2.1.3_Small.final.json,/gpfs/projects/HeinzGroup/asoubki/FlexFringe/data/MLRegTest/Large/04.04.LT.2.1.3_Dev.txt,2025-12-29 23:35:58.100423
0.1.1.1.0.0.searchglobal.0,Small,4,4,LT,2,1,3,Train,1.0,1.0,1.0,1.0,0.0,/gpfs/projects/HeinzGroup/caffeine_underground/mlrt/FlexFringe/FlexFringe/models-ps-small/0.1.1.1.0.0.searchglobal.0.ini/0.1.1.1.0.0.searchglobal.0_04.04.LT.2.1.3_Small.final.json,/gpfs/projects/HeinzGroup/asoubki/FlexFringe/data/MLRegTest/Small/04.04.LT.2.1.3_Train.txt,2025-12-29 23:35:58.100423
0.1.1.1.0.0.searchglobal.0,Small,4,4,LT,2,1,4,TestSR,1.0,1.0,1.0,1.0,0.0,/gpfs/projects/HeinzGroup/caffeine_underground/mlrt/FlexFringe/FlexFringe/models-ps-small/0.1.1.1.0.0.searchglobal.0.ini/0.1.1.1.0.0.searchglobal.0_04.04.LT.2.1.4_Small.final.json,/gpfs/projects/HeinzGroup/asoubki/FlexFringe/data/MLRegTest/Large/04.04.LT.2.1.4_TestSR.txt,2025-12-29 23:11:20.640458
0.1.1.1.0.0.searchglobal.0,Small,4,4,LT,2,1,4,TestLA,1.0,1.0,1.0,1.0,0.0,/gpfs/projects/HeinzGroup/caffeine_underground/mlrt/FlexFringe/FlexFringe/models-ps-small/0.1.1.1.0.0.searchglobal.0.ini/0.1.1.1.0.0.searchglobal.0_04.04.LT.2.1.4_Small.final.json,/gpfs/projects/HeinzGroup/asoubki/FlexFringe/data/MLRegTest/Large/04.04.LT.2.1.4_TestLA.txt,2025-12-29 23:11:20.640458
0.1.1.1.0.0.searchglobal.0,Small,4,4,LT,2,1,4,TestSA,1.0,1.0,1.0,1.0,0.0,/gpfs/projects/HeinzGroup/caffeine_underground/mlrt/FlexFringe/FlexFringe/models-ps-small/0.1.1.1.0.0.searchglobal.0.ini/0.1.1.1.0.0.searchglobal.0_04.04.LT.2.1.4_Small.final.json,/gpfs/projects/HeinzGroup/asoubki/FlexFringe/data/MLRegTest/Large/04.04.LT.2.1.4_TestSA.txt,2025-12-29 23:11:20.640458
0.1.1.1.0.0.searchglobal.0,Small,4,4,LT,2,1,4,TestLR,1.0,1.0,1.0,1.0,0.0,/gpfs/projects/HeinzGroup/caffeine_underground/mlrt/FlexFringe/FlexFringe/models-ps-small/0.1.1.1.0.0.searchglobal.0.ini/0.1.1.1.0.0.searchglobal.0_04.04.LT.2.1.4_Small.final.json,/gpfs/projects/HeinzGroup/asoubki/FlexFringe/data/MLRegTest/Large/04.04.LT.2.1.4_TestLR.txt,2025-12-29 23:11:20.640458
0.1.1.1.0.0.searchglobal.0,Small,4,4,LT,2,1,4,Dev,1.0,1.0,1.0,1.0,0.0,/gpfs/projects/HeinzGroup/caffeine_underground/mlrt/FlexFringe/FlexFringe/models-ps-small/0.1.1.1.0.0.searchglobal.0.ini/0.1.1.1.0.0.searchglobal.0_04.04.LT.2.1.4_Small.final.json,/gpfs/projects/HeinzGroup/asoubki/FlexFringe/data/MLRegTest/Large/04.04.LT.2.1.4_Dev.txt,2025-12-29 23:11:20.640458
0.1.1.1.0.0.searchglobal.0,Small,4,4,LT,2,1,4,Train,1.0,1.0,1.0,1.0,0.0,/gpfs/projects/HeinzGroup/caffeine_underground/mlrt/FlexFringe/FlexFringe/models-ps-small/0.1.1.1.0.0.searchglobal.0.ini/0.1.1.1.0.0.searchglobal.0_04.04.LT.2.1.4_Small.final.json,/gpfs/projects/HeinzGroup/asoubki/FlexFringe/data/MLRegTest/Small/04.04.LT.2.1.4_Train.txt,2025-12-29 23:11:20.640458
0.1.1.1.0.0.searchglobal.0,Small,4,4,LT,2,1,5,TestSR,0.49348,0.4866185042278959,0.2371,0.3188456469702267,0.50652,/gpfs/projects/HeinzGroup/caffeine_underground/mlrt/FlexFringe/FlexFringe/models-ps-small/0.1.1.1.0.0.searchglobal.0.ini/0.1.1.1.0.0.searchglobal.0_04.04.LT.2.1.5_Small.final.json,/gpfs/projects/HeinzGroup/asoubki/FlexFringe/data/MLRegTest/Large/04.04.LT.2.1.5_TestSR.txt,2025-12-29 23:35:09.886700
0.1.1.1.0.0.searchglobal.0,Small,4,4,LT,2,1,5,TestLR,0.49792,0.4957498978340826,0.24262,0.3257956223982812,0.50208,/gpfs/projects/HeinzGroup/caffeine_underground/mlrt/FlexFringe/FlexFringe/models-ps-small/0.1.1.1.0.0.searchglobal.0.ini/0.1.1.1.0.0.searchglobal.0_04.04.LT.2.1.5_Small.final.json,/gpfs/projects/HeinzGroup/asoubki/FlexFringe/data/MLRegTest/Large/04.04.LT.2.1.5_TestLR.txt,2025-12-29 23:35:09.886700
0.1.1.1.0.0.searchglobal.0,Small,4,4,LT,2,1,5,TestSA,0.4989,0.49774645578955995,0.24296,0.32653280649409994,0.5011,/gpfs/projects/HeinzGroup/caffeine_underground/mlrt/FlexFringe/FlexFringe/models-ps-small/0.1.1.1.0.0.searchglobal.0.ini/0.1.1.1.0.0.searchglobal.0_04.04.LT.2.1.5_Small.final.json,/gpfs/projects/HeinzGroup/asoubki/FlexFringe/data/MLRegTest/Large/04.04.LT.2.1.5_TestSA.txt,2025-12-29 23:35:09.886700
0.1.1.1.0.0.searchglobal.0,Small,4,4,LT,2,1,5,TestLA,0.49951,0.49898839753912216,0.2417,0.32565785041566175,0.50049,/gpfs/projects/HeinzGroup/caffeine_underground/mlrt/FlexFringe/FlexFringe/models-ps-small/0.1.1.1.0.0.searchglobal.0.ini/0.1.1.1.0.0.searchglobal.0_04.04.LT.2.1.5_Small.final.json,/gpfs/projects/HeinzGroup/asoubki/FlexFringe/data/MLRegTest/Large/04.04.LT.2.1.5_TestLA.txt,2025-12-29 23:35:09.886700
0.1.1.1.0.0.searchglobal.0,Small,4,4,LT,2,1,5,Dev,0.49501,0.4898325115122866,0.2404,0.3225157300205262,0.50499,/gpfs/projects/HeinzGroup/caffeine_underground/mlrt/FlexFringe/FlexFringe/models-ps-small/0.1.1.1.0.0.searchglobal.0.ini/0.1.1.1.0.0.searchglobal.0_04.04.LT.2.1.5_Small.final.json,/gpfs/projects/HeinzGroup/asoubki/FlexFringe/data/MLRegTest/Large/04.04.LT.2.1.5_Dev.txt,2025-12-29 23:35:09.886700
0.1.1.1.0.0.searchglobal.0,Small,4,4,LT,2,1,5,Train,0.479,0.45643153526970953,0.22,0.2968960863697706,0.521,/gpfs/projects/HeinzGroup/caffeine_underground/mlrt/FlexFringe/FlexFringe/models-ps-small/0.1.1.1.0.0.searchglobal.0.ini/0.1.1.1.0.0.searchglobal.0_04.04.LT.2.1.5_Small.final.json,/gpfs/projects/HeinzGroup/asoubki/FlexFringe/data/MLRegTest/Small/04.04.LT.2.1.5_Train.txt,2025-12-29 23:35:09.886700
0.1.1.1.0.0.searchglobal.0,Small,4,4,LT,2,1,6,TestLA,0.49989,0.4997646454704951,0.23358,0.3183633414657417,0.50011,/gpfs/projects/HeinzGroup/caffeine_underground/mlrt/FlexFringe/FlexFringe/models-ps-small/0.1.1.1.0.0.searchglobal.0.ini/0.1.1.1.0.0.searchglobal.0_04.04.LT.2.1.6_Small.final.json,/gpfs/projects/HeinzGroup/asoubki/FlexFringe/data/MLRegTest/Large/04.04.LT.2.1.6_TestLA.txt,2025-12-29 22:17:33.904585
0.1.1.1.0.0.searchglobal.0,Small,4,4,LT,2,1,6,TestSA,0.50006,0.5001260080645161,0.23814,0.32264795144157815,0.49994,/gpfs/projects/HeinzGroup/caffeine_underground/mlrt/FlexFringe/FlexFringe/models-ps-small/0.1.1.1.0.0.searchglobal.0.ini/0.1.1.1.0.0.searchglobal.0_04.04.LT.2.1.6_Small.final.json,/gpfs/projects/HeinzGroup/asoubki/FlexFringe/data/MLRegTest/Large/04.04.LT.2.1.6_TestSA.txt,2025-12-29 22:17:33.904585
0.1.1.1.0.0.searchglobal.0,Small,4,4,LT,2,1,6,TestSR,0.49689,0.4932739305333276,0.22808,0.31192986774983245,0.50311,/gpfs/projects/HeinzGroup/caffeine_underground/mlrt/FlexFringe/FlexFringe/models-ps-small/0.1.1.1.0.0.searchglobal.0.ini/0.1.1.1.0.0.searchglobal.0_04.04.LT.2.1.6_Small.final.json,/gpfs/projects/HeinzGroup/asoubki/FlexFringe/data/MLRegTest/Large/04.04.LT.2.1.6_TestSR.txt,2025-12-29 22:17:33.904585
0.1.1.1.0.0.searchglobal.0,Small,4,4,LT,2,1,6,TestLR,0.50183,0.503988492219171,0.23124,0.31702334763713136,0.49817,/gpfs/projects/HeinzGroup/caffeine_underground/mlrt/FlexFringe/FlexFringe/models-ps-small/0.1.1.1.0.0.searchglobal.0.ini/0.1.1.1.0.0.searchglobal.0_04.04.LT.2.1.6_Small.final.json,/gpfs/projects/HeinzGroup/asoubki/FlexFringe/data/MLRegTest/Large/04.04.LT.2.1.6_TestLR.txt,2025-12-29 22:17:33.904585
0.1.1.1.0.0.searchglobal.0,Small,4,4,LT,2,1,6,Dev,0.49803,0.49575156351089067,0.22988,0.31410808225729314,0.50197,/gpfs/projects/HeinzGroup/caffeine_underground/mlrt/FlexFringe/FlexFringe/models-ps-small/0.1.1.1.0.0.searchglobal.0.ini/0.1.1.1.0.0.searchglobal.0_04.04.LT.2.1.6_Small.final.json,/gpfs/projects/HeinzGroup/asoubki/FlexFringe/data/MLRegTest/Large/04.04.LT.2.1.6_Dev.txt,2025-12-29 22:17:33.904585
0.1.1.1.0.0.searchglobal.0,Small,4,4,LT,2,1,6,Train,0.526,0.5565217391304348,0.256,0.3506849315068493,0.474,/gpfs/projects/HeinzGroup/caffeine_underground/mlrt/FlexFringe/FlexFringe/models-ps-small/0.1.1.1.0.0.searchglobal.0.ini/0.1.1.1.0.0.searchglobal.0_04.04.LT.2.1.6_Small.final.json,/gpfs/projects/HeinzGroup/asoubki/FlexFringe/data/MLRegTest/Small/04.04.LT.2.1.6_Train.txt,2025-12-29 22:17:33.904585
0.1.1.1.0.0.searchglobal.0,Small,4,4,LT,2,1,7,TestLR,0.49989,0.4997462982609899,0.21668,0.3022921636741584,0.50011,/gpfs/projects/HeinzGroup/caffeine_underground/mlrt/FlexFringe/FlexFringe/models-ps-small/0.1.1.1.0.0.searchglobal.0.ini/0.1.1.1.0.0.searchglobal.0_04.04.LT.2.1.7_Small.final.json,/gpfs/projects/HeinzGroup/asoubki/FlexFringe/data/MLRegTest/Large/04.04.LT.2.1.7_TestLR.txt,2025-12-29 22:07:54.848914
0.1.1.1.0.0.searchglobal.0,Small,4,4,LT,2,1,7,TestSA,0.50482,0.5108431566633672,0.22708,0.3144020158945532,0.49518,/gpfs/projects/HeinzGroup/caffeine_underground/mlrt/FlexFringe/FlexFringe/models-ps-small/0.1.1.1.0.0.searchglobal.0.ini/0.1.1.1.0.0.searchglobal.0_04.04.LT.2.1.7_Small.final.json,/gpfs/projects/HeinzGroup/asoubki/FlexFringe/data/MLRegTest/Large/04.04.LT.2.1.7_TestSA.txt,2025-12-29 22:07:54.848914
0.1.1.1.0.0.searchglobal.0,Small,4,4,LT,2,1,7,TestSR,0.50002,0.5000456996618226,0.21884,0.3044433933390835,0.49998,/gpfs/projects/HeinzGroup/caffeine_underground/mlrt/FlexFringe/FlexFringe/models-ps-small/0.1.1.1.0.0.searchglobal.0.ini/0.1.1.1.0.0.searchglobal.0_04.04.LT.2.1.7_Small.final.json,/gpfs/projects/HeinzGroup/asoubki/FlexFringe/data/MLRegTest/Large/04.04.LT.2.1.7_TestSR.txt,2025-12-29 22:07:54.848914
0.1.1.1.0.0.searchglobal.0,Small,4,4,LT,2,1,7,TestLA,0.50216,0.5049019607843137,0.22248,0.3088627276765882,0.49784,/gpfs/projects/HeinzGroup/caffeine_underground/mlrt/FlexFringe/FlexFringe/models-ps-small/0.1.1.1.0.0.searchglobal.0.ini/0.1.1.1.0.0.searchglobal.0_04.04.LT.2.1.7_Small.final.json,/gpfs/projects/HeinzGroup/asoubki/FlexFringe/data/MLRegTest/Large/04.04.LT.2.1.7_TestLA.txt,2025-12-29 22:07:54.848914
0.1.1.1.0.0.searchglobal.0,Small,4,4,LT,2,1,7,Dev,0.50003,0.5000686844635743,0.21842,0.3040409805258982,0.49997,/gpfs/projects/HeinzGroup/caffeine_underground/mlrt/FlexFringe/FlexFringe/models-ps-small/0.1.1.1.0.0.searchglobal.0.ini/0.1.1.1.0.0.searchglobal.0_04.04.LT.2.1.7_Small.final.json,/gpfs/projects/HeinzGroup/asoubki/FlexFringe/data/MLRegTest/Large/04.04.LT.2.1.7_Dev.txt,2025-12-29 22:07:54.848914
0.1.1.1.0.0.searchglobal.0,Small,4,4,LT,2,1,7,Train,0.496,0.49065420560747663,0.21,0.29411764705882354,0.504,/gpfs/projects/HeinzGroup/caffeine_underground/mlrt/FlexFringe/FlexFringe/models-ps-small/0.1.1.1.0.0.searchglobal.0.ini/0.1.1.1.0.0.searchglobal.0_04.04.LT.2.1.7_Small.final.json,/gpfs/projects/HeinzGroup/asoubki/FlexFringe/data/MLRegTest/Small/04.04.LT.2.1.7_Train.txt,2025-12-29 22:07:54.848914
0.1.1.1.0.0.searchglobal.0,Small,4,4,LT,2,1,8,TestSA,0.50037,0.5007365529322769,0.25154,0.33486427839237454,0.49963,/gpfs/projects/HeinzGroup/caffeine_underground/mlrt/FlexFringe/FlexFringe/models-ps-small/0.1.1.1.0.0.searchglobal.0.ini/0.1.1.1.0.0.searchglobal.0_04.04.LT.2.1.8_Small.final.json,/gpfs/projects/HeinzGroup/asoubki/FlexFringe/data/MLRegTest/Large/04.04.LT.2.1.8_TestSA.txt,2025-12-29 23:30:25.648113
0.1.1.1.0.0.searchglobal.0,Small,4,4,LT,2,1,8,TestLA,0.50012,0.5002444190972788,0.2456,0.32945216504802277,0.49988,/gpfs/projects/HeinzGroup/caffeine_underground/mlrt/FlexFringe/FlexFringe/models-ps-small/0.1.1.1.0.0.searchglobal.0.ini/0.1.1.1.0.0.searchglobal.0_04.04.LT.2.1.8_Small.final.json,/gpfs/projects/HeinzGroup/asoubki/FlexFringe/data/MLRegTest/Large/04.04.LT.2.1.8_TestLA.txt,2025-12-29 23:30:25.648113
0.1.1.1.0.0.searchglobal.0,Small,4,4,LT,2,1,8,TestLR,0.49918,0.498359343737495,0.24908,0.3321509534604614,0.50082,/gpfs/projects/HeinzGroup/caffeine_underground/mlrt/FlexFringe/FlexFringe/models-ps-small/0.1.1.1.0.0.searchglobal.0.ini/0.1.1.1.0.0.searchglobal.0_04.04.LT.2.1.8_Small.final.json,/gpfs/projects/HeinzGroup/asoubki/FlexFringe/data/MLRegTest/Large/04.04.LT.2.1.8_TestLR.txt,2025-12-29 23:30:25.648113
0.1.1.1.0.0.searchglobal.0,Small,4,4,LT,2,1,8,TestSR,0.50152,0.5030180287506949,0.25334,0.3369689553350536,0.49848,/gpfs/projects/HeinzGroup/caffeine_underground/mlrt/FlexFringe/FlexFringe/models-ps-small/0.1.1.1.0.0.searchglobal.0.ini/0.1.1.1.0.0.searchglobal.0_04.04.LT.2.1.8_Small.final.json,/gpfs/projects/HeinzGroup/asoubki/FlexFringe/data/MLRegTest/Large/04.04.LT.2.1.8_TestSR.txt,2025-12-29 23:30:25.648113
0.1.1.1.0.0.searchglobal.0,Small,4,4,LT,2,1,8,Dev,0.50135,0.5026929982046678,0.252,0.3357090521547992,0.49865,/gpfs/projects/HeinzGroup/caffeine_underground/mlrt/FlexFringe/FlexFringe/models-ps-small/0.1.1.1.0.0.searchglobal.0.ini/0.1.1.1.0.0.searchglobal.0_04.04.LT.2.1.8_Small.final.json,/gpfs/projects/HeinzGroup/asoubki/FlexFringe/data/MLRegTest/Large/04.04.LT.2.1.8_Dev.txt,2025-12-29 23:30:25.648113
0.1.1.1.0.0.searchglobal.0,Small,4,4,LT,2,1,8,Train,0.482,0.46120689655172414,0.214,0.2923497267759563,0.518,/gpfs/projects/HeinzGroup/caffeine_underground/mlrt/FlexFringe/FlexFringe/models-ps-small/0.1.1.1.0.0.searchglobal.0.ini/0.1.1.1.0.0.searchglobal.0_04.04.LT.2.1.8_Small.final.json,/gpfs/projects/HeinzGroup/asoubki/FlexFringe/data/MLRegTest/Small/04.04.LT.2.1.8_Train.txt,2025-12-29 23:30:25.648113
0.1.1.1.0.0.searchglobal.0,Small,4,4,LT,2,1,9,TestLA,0.50184,0.5041986126323476,0.22096,0.3072644343085994,0.49816,/gpfs/projects/HeinzGroup/caffeine_underground/mlrt/FlexFringe/FlexFringe/models-ps-small/0.1.1.1.0.0.searchglobal.0.ini/0.1.1.1.0.0.searchglobal.0_04.04.LT.2.1.9_Small.final.json,/gpfs/projects/HeinzGroup/asoubki/FlexFringe/data/MLRegTest/Large/04.04.LT.2.1.9_TestLA.txt,2025-12-29 23:20:41.108197
0.1.1.1.0.0.searchglobal.0,Small,4,4,LT,2,1,9,TestSA,0.50232,0.5053142752428074,0.2206,0.3071225705852871,0.49768,/gpfs/projects/HeinzGroup/caffeine_underground/mlrt/FlexFringe/FlexFringe/models-ps-small/0.1.1.1.0.0.searchglobal.0.ini/0.1.1.1.0.0.searchglobal.0_04.04.LT.2.1.9_Small.final.json,/gpfs/projects/HeinzGroup/asoubki/FlexFringe/data/MLRegTest/Large/04.04.LT.2.1.9_TestSA.txt,2025-12-29 23:20:41.108197
0.1.1.1.0.0.searchglobal.0,Small,4,4,LT,2,1,9,TestSR,0.49382,0.48610111550917595,0.21614,0.2992302580573707,0.50618,/gpfs/projects/HeinzGroup/caffeine_underground/mlrt/FlexFringe/FlexFringe/models-ps-small/0.1.1.1.0.0.searchglobal.0.ini/0.1.1.1.0.0.searchglobal.0_04.04.LT.2.1.9_Small.final.json,/gpfs/projects/HeinzGroup/asoubki/FlexFringe/data/MLRegTest/Large/04.04.LT.2.1.9_TestSR.txt,2025-12-29 23:20:41.108197
0.1.1.1.0.0.searchglobal.0,Small,4,4,LT,2,1,9,TestLR,0.49232,0.4825549700163547,0.21244,0.29500638782425154,0.50768,/gpfs/projects/HeinzGroup/caffeine_underground/mlrt/FlexFringe/FlexFringe/models-ps-small/0.1.1.1.0.0.searchglobal.0.ini/0.1.1.1.0.0.searchglobal.0_04.04.LT.2.1.9_Small.final.json,/gpfs/projects/HeinzGroup/asoubki/FlexFringe/data/MLRegTest/Large/04.04.LT.2.1.9_TestLR.txt,2025-12-29 23:20:41.108197
0.1.1.1.0.0.searchglobal.0,Small,4,4,LT,2,1,9,Dev,0.4931,0.4843679202537381,0.2138,0.29665602886082976,0.5069,/gpfs/projects/HeinzGroup/caffeine_underground/mlrt/FlexFringe/FlexFringe/models-ps-small/0.1.1.1.0.0.searchglobal.0.ini/0.1.1.1.0.0.searchglobal.0_04.04.LT.2.1.9_Small.final.json,/gpfs/projects/HeinzGroup/asoubki/FlexFringe/data/MLRegTest/Large/04.04.LT.2.1.9_Dev.txt,2025-12-29 23:20:41.108197
0.1.1.1.0.0.searchglobal.0,Small,4,4,LT,2,1,9,Train,0.486,0.4692982456140351,0.214,0.29395604395604397,0.514,/gpfs/projects/HeinzGroup/caffeine_underground/mlrt/FlexFringe/FlexFringe/models-ps-small/0.1.1.1.0.0.searchglobal.0.ini/0.1.1.1.0.0.searchglobal.0_04.04.LT.2.1.9_Small.final.json,/gpfs/projects/HeinzGroup/asoubki/FlexFringe/data/MLRegTest/Small/04.04.LT.2.1.9_Train.txt,2025-12-29 23:20:41.108197
0.1.1.1.0.0.searchglobal.0,Small,4,4,LT,4,1,0,TestSA,0.97351,0.9905517684354475,0.95614,0.9730417349358355,0.02649,/gpfs/projects/HeinzGroup/caffeine_underground/mlrt/FlexFringe/FlexFringe/models-ps-small/0.1.1.1.0.0.searchglobal.0.ini/0.1.1.1.0.0.searchglobal.0_04.04.LT.4.1.0_Small.final.json,/gpfs/projects/HeinzGroup/asoubki/FlexFringe/data/MLRegTest/Large/04.04.LT.4.1.0_TestSA.txt,2025-12-29 22:36:26.303128
0.1.1.1.0.0.searchglobal.0,Small,4,4,LT,4,1,0,TestLA,0.95107,0.9899845749418844,0.91136,0.9490466421601808,0.04893,/gpfs/projects/HeinzGroup/caffeine_underground/mlrt/FlexFringe/FlexFringe/models-ps-small/0.1.1.1.0.0.searchglobal.0.ini/0.1.1.1.0.0.searchglobal.0_04.04.LT.4.1.0_Small.final.json,/gpfs/projects/HeinzGroup/asoubki/FlexFringe/data/MLRegTest/Large/04.04.LT.4.1.0_TestLA.txt,2025-12-29 22:36:26.303128
0.1.1.1.0.0.searchglobal.0,Small,4,4,LT,4,1,0,TestSR,0.99145,0.9928002727473276,0.99008,0.9914382704304898,0.00855,/gpfs/projects/HeinzGroup/caffeine_underground/mlrt/FlexFringe/FlexFringe/models-ps-small/0.1.1.1.0.0.searchglobal.0.ini/0.1.1.1.0.0.searchglobal.0_04.04.LT.4.1.0_Small.final.json,/gpfs/projects/HeinzGroup/asoubki/FlexFringe/data/MLRegTest/Large/04.04.LT.4.1.0_TestSR.txt,2025-12-29 22:36:26.303128
0.1.1.1.0.0.searchglobal.0,Small,4,4,LT,4,1,0,TestLR,0.98415,0.9921724102876893,0.976,0.9840197610525785,0.01585,/gpfs/projects/HeinzGroup/caffeine_underground/mlrt/FlexFringe/FlexFringe/models-ps-small/0.1.1.1.0.0.searchglobal.0.ini/0.1.1.1.0.0.searchglobal.0_04.04.LT.4.1.0_Small.final.json,/gpfs/projects/HeinzGroup/asoubki/FlexFringe/data/MLRegTest/Large/04.04.LT.4.1.0_TestLR.txt,2025-12-29 22:36:26.303128
0.1.1.1.0.0.searchglobal.0,Small,4,4,LT,4,1,0,Dev,0.9916,0.9935544757238665,0.98962,0.9915833350033065,0.0084,/gpfs/projects/HeinzGroup/caffeine_underground/mlrt/FlexFringe/FlexFringe/models-ps-small/0.1.1.1.0.0.searchglobal.0.ini/0.1.1.1.0.0.searchglobal.0_04.04.LT.4.1.0_Small.final.json,/gpfs/projects/HeinzGroup/asoubki/FlexFringe/data/MLRegTest/Large/04.04.LT.4.1.0_Dev.txt,2025-12-29 22:36:26.303128
0.1.1.1.0.0.searchglobal.0,Small,4,4,LT,4,1,0,Train,0.983,0.9918533604887984,0.974,0.9828456104944501,0.017,/gpfs/projects/HeinzGroup/caffeine_underground/mlrt/FlexFringe/FlexFringe/models-ps-small/0.1.1.1.0.0.searchglobal.0.ini/0.1.1.1.0.0.searchglobal.0_04.04.LT.4.1.0_Small.final.json,/gpfs/projects/HeinzGroup/asoubki/FlexFringe/data/MLRegTest/Small/04.04.LT.4.1.0_Train.txt,2025-12-29 22:36:26.303128
0.1.1.1.0.0.searchglobal.0,Small,4,4,LT,4,1,1,TestSR,0.91672,0.8998311329444274,0.93784,0.9184424945158257,0.08328,/gpfs/projects/HeinzGroup/caffeine_underground/mlrt/FlexFringe/FlexFringe/models-ps-small/0.1.1.1.0.0.searchglobal.0.ini/0.1.1.1.0.0.searchglobal.0_04.04.LT.4.1.1_Small.final.json,/gpfs/projects/HeinzGroup/asoubki/FlexFringe/data/MLRegTest/Large/04.04.LT.4.1.1_TestSR.txt,2025-12-29 23:25:47.642068
0.1.1.1.0.0.searchglobal.0,Small,4,4,LT,4,1,1,TestLA,0.76785,0.8330390669683934,0.66998,0.7426645827098091,0.23215,/gpfs/projects/HeinzGroup/caffeine_underground/mlrt/FlexFringe/FlexFringe/models-ps-small/0.1.1.1.0.0.searchglobal.0.ini/0.1.1.1.0.0.searchglobal.0_04.04.LT.4.1.1_Small.final.json,/gpfs/projects/HeinzGroup/asoubki/FlexFringe/data/MLRegTest/Large/04.04.LT.4.1.1_TestLA.txt,2025-12-29 23:25:47.642068
0.1.1.1.0.0.searchglobal.0,Small,4,4,LT,4,1,1,TestSA,0.81165,0.870897103277557,0.73178,0.7953006640366035,0.18835,/gpfs/projects/HeinzGroup/caffeine_underground/mlrt/FlexFringe/FlexFringe/models-ps-small/0.1.1.1.0.0.searchglobal.0.ini/0.1.1.1.0.0.searchglobal.0_04.04.LT.4.1.1_Small.final.json,/gpfs/projects/HeinzGroup/asoubki/FlexFringe/data/MLRegTest/Large/04.04.LT.4.1.1_TestSA.txt,2025-12-29 23:25:47.642068
0.1.1.1.0.0.searchglobal.0,Small,4,4,LT,4,1,1,TestLR,0.88312,0.875932176779967,0.89268,0.8842267918697254,0.11688,/gpfs/projects/HeinzGroup/caffeine_underground/mlrt/FlexFringe/FlexFringe/models-ps-small/0.1.1.1.0.0.searchglobal.0.ini/0.1.1.1.0.0.searchglobal.0_04.04.LT.4.1.1_Small.final.json,/gpfs/projects/HeinzGroup/asoubki/FlexFringe/data/MLRegTest/Large/04.04.LT.4.1.1_TestLR.txt,2025-12-29 23:25:47.642068
0.1.1.1.0.0.searchglobal.0,Small,4,4,LT,4,1,1,Dev,0.91546,0.9001425434372231,0.9346,0.917047706890123,0.08454,/gpfs/projects/HeinzGroup/caffeine_underground/mlrt/FlexFringe/FlexFringe/models-ps-small/0.1.1.1.0.0.searchglobal.0.ini/0.1.1.1.0.0.searchglobal.0_04.04.LT.4.1.1_Small.final.json,/gpfs/projects/HeinzGroup/asoubki/FlexFringe/data/MLRegTest/Large/04.04.LT.4.1.1_Dev.txt,2025-12-29 23:25:47.642068
0.1.1.1.0.0.searchglobal.0,Small,4,4,LT,4,1,1,Train,0.898,0.8841698841698842,0.916,0.899803536345776,0.102,/gpfs/projects/HeinzGroup/caffeine_underground/mlrt/FlexFringe/FlexFringe/models-ps-small/0.1.1.1.0.0.searchglobal.0.ini/0.1.1.1.0.0.searchglobal.0_04.04.LT.4.1.1_Small.final.json,/gpfs/projects/HeinzGroup/asoubki/FlexFringe/data/MLRegTest/Small/04.04.LT.4.1.1_Train.txt,2025-12-29 23:25:47.642068
0.1.1.1.0.0.searchglobal.0,Small,4,4,LT,4,1,2,TestSR,0.85264,0.8450489236790607,0.86364,0.8542433234421365,0.14736,/gpfs/projects/HeinzGroup/caffeine_underground/mlrt/FlexFringe/FlexFringe/models-ps-small/0.1.1.1.0.0.searchglobal.0.ini/0.1.1.1.0.0.searchglobal.0_04.04.LT.4.1.2_Small.final.json,/gpfs/projects/HeinzGroup/asoubki/FlexFringe/data/MLRegTest/Large/04.04.LT.4.1.2_TestSR.txt,2025-12-29 23:12:32.029159
0.1.1.1.0.0.searchglobal.0,Small,4,4,LT,4,1,2,TestLR,0.75722,0.7672360054856003,0.73848,0.7525834131626684,0.24278,/gpfs/projects/HeinzGroup/caffeine_underground/mlrt/FlexFringe/FlexFringe/models-ps-small/0.1.1.1.0.0.searchglobal.0.ini/0.1.1.1.0.0.searchglobal.0_04.04.LT.4.1.2_Small.final.json,/gpfs/projects/HeinzGroup/asoubki/FlexFringe/data/MLRegTest/Large/04.04.LT.4.1.2_TestLR.txt,2025-12-29 23:12:32.029159
0.1.1.1.0.0.searchglobal.0,Small,4,4,LT,4,1,2,TestSA,0.6951,0.7670554095488392,0.56038,0.6476285133136095,0.3049,/gpfs/projects/HeinzGroup/caffeine_underground/mlrt/FlexFringe/FlexFringe/models-ps-small/0.1.1.1.0.0.searchglobal.0.ini/0.1.1.1.0.0.searchglobal.0_04.04.LT.4.1.2_Small.final.json,/gpfs/projects/HeinzGroup/asoubki/FlexFringe/data/MLRegTest/Large/04.04.LT.4.1.2_TestSA.txt,2025-12-29 23:12:32.029159
0.1.1.1.0.0.searchglobal.0,Small,4,4,LT,4,1,2,TestLA,0.62443,0.6735473792853357,0.48292,0.5625225686961991,0.37557,/gpfs/projects/HeinzGroup/caffeine_underground/mlrt/FlexFringe/FlexFringe/models-ps-small/0.1.1.1.0.0.searchglobal.0.ini/0.1.1.1.0.0.searchglobal.0_04.04.LT.4.1.2_Small.final.json,/gpfs/projects/HeinzGroup/asoubki/FlexFringe/data/MLRegTest/Large/04.04.LT.4.1.2_TestLA.txt,2025-12-29 23:12:32.029159
0.1.1.1.0.0.searchglobal.0,Small,4,4,LT,4,1,2,Dev,0.85312,0.8453158615294347,0.86442,0.854761198457431,0.14688,/gpfs/projects/HeinzGroup/caffeine_underground/mlrt/FlexFringe/FlexFringe/models-ps-small/0.1.1.1.0.0.searchglobal.0.ini/0.1.1.1.0.0.searchglobal.0_04.04.LT.4.1.2_Small.final.json,/gpfs/projects/HeinzGroup/asoubki/FlexFringe/data/MLRegTest/Large/04.04.LT.4.1.2_Dev.txt,2025-12-29 23:12:32.029159
0.1.1.1.0.0.searchglobal.0,Small,4,4,LT,4,1,2,Train,0.861,0.8574257425742574,0.866,0.8616915422885573,0.139,/gpfs/projects/HeinzGroup/caffeine_underground/mlrt/FlexFringe/FlexFringe/models-ps-small/0.1.1.1.0.0.searchglobal.0.ini/0.1.1.1.0.0.searchglobal.0_04.04.LT.4.1.2_Small.final.json,/gpfs/projects/HeinzGroup/asoubki/FlexFringe/data/MLRegTest/Small/04.04.LT.4.1.2_Train.txt,2025-12-29 23:12:32.029159
0.1.1.1.0.0.searchglobal.0,Small,4,4,LT,4,1,3,TestSR,0.87912,0.8967184295341342,0.85694,0.8763780654926264,0.12088,/gpfs/projects/HeinzGroup/caffeine_underground/mlrt/FlexFringe/FlexFringe/models-ps-small/0.1.1.1.0.0.searchglobal.0.ini/0.1.1.1.0.0.searchglobal.0_04.04.LT.4.1.3_Small.final.json,/gpfs/projects/HeinzGroup/asoubki/FlexFringe/data/MLRegTest/Large/04.04.LT.4.1.3_TestSR.txt,2025-12-29 23:26:01.444611
0.1.1.1.0.0.searchglobal.0,Small,4,4,LT,4,1,3,TestLR,0.8141,0.8420078397212544,0.7733,0.8061926605504587,0.1859,/gpfs/projects/HeinzGroup/caffeine_underground/mlrt/FlexFringe/FlexFringe/models-ps-small/0.1.1.1.0.0.searchglobal.0.ini/0.1.1.1.0.0.searchglobal.0_04.04.LT.4.1.3_Small.final.json,/gpfs/projects/HeinzGroup/asoubki/FlexFringe/data/MLRegTest/Large/04.04.LT.4.1.3_TestLR.txt,2025-12-29 23:26:01.444611
0.1.1.1.0.0.searchglobal.0,Small,4,4,LT,4,1,3,TestSA,0.7935,0.8678129229535315,0.69248,0.7702952234754944,0.2065,/gpfs/projects/HeinzGroup/caffeine_underground/mlrt/FlexFringe/FlexFringe/models-ps-small/0.1.1.1.0.0.searchglobal.0.ini/0.1.1.1.0.0.searchglobal.0_04.04.LT.4.1.3_Small.final.json,/gpfs/projects/HeinzGroup/asoubki/FlexFringe/data/MLRegTest/Large/04.04.LT.4.1.3_TestSA.txt,2025-12-29 23:26:01.444611
0.1.1.1.0.0.searchglobal.0,Small,4,4,LT,4,1,3,TestLA,0.73176,0.8019752957731797,0.6155,0.6964718129766674,0.26824,/gpfs/projects/HeinzGroup/caffeine_underground/mlrt/FlexFringe/FlexFringe/models-ps-small/0.1.1.1.0.0.searchglobal.0.ini/0.1.1.1.0.0.searchglobal.0_04.04.LT.4.1.3_Small.final.json,/gpfs/projects/HeinzGroup/asoubki/FlexFringe/data/MLRegTest/Large/04.04.LT.4.1.3_TestLA.txt,2025-12-29 23:26:01.444611
0.1.1.1.0.0.searchglobal.0,Small,4,4,LT,4,1,3,Dev,0.87796,0.8923840372077572,0.85958,0.875674904749292,0.12204,/gpfs/projects/HeinzGroup/caffeine_underground/mlrt/FlexFringe/FlexFringe/models-ps-small/0.1.1.1.0.0.searchglobal.0.ini/0.1.1.1.0.0.searchglobal.0_04.04.LT.4.1.3_Small.final.json,/gpfs/projects/HeinzGroup/asoubki/FlexFringe/data/MLRegTest/Large/04.04.LT.4.1.3_Dev.txt,2025-12-29 23:26:01.444611
0.1.1.1.0.0.searchglobal.0,Small,4,4,LT,4,1,3,Train,0.869,0.8950749464668094,0.836,0.8645294725956567,0.131,/gpfs/projects/HeinzGroup/caffeine_underground/mlrt/FlexFringe/FlexFringe/models-ps-small/0.1.1.1.0.0.searchglobal.0.ini/0.1.1.1.0.0.searchglobal.0_04.04.LT.4.1.3_Small.final.json,/gpfs/projects/HeinzGroup/asoubki/FlexFringe/data/MLRegTest/Small/04.04.LT.4.1.3_Train.txt,2025-12-29 23:26:01.444611
0.1.1.1.0.0.searchglobal.0,Small,4,4,LT,4,1,4,TestSR,0.90307,0.8985977334309052,0.90868,0.9036107437276877,0.09693,/gpfs/projects/HeinzGroup/caffeine_underground/mlrt/FlexFringe/FlexFringe/models-ps-small/0.1.1.1.0.0.searchglobal.0.ini/0.1.1.1.0.0.searchglobal.0_04.04.LT.4.1.4_Small.final.json,/gpfs/projects/HeinzGroup/asoubki/FlexFringe/data/MLRegTest/Large/04.04.LT.4.1.4_TestSR.txt,2025-12-29 22:47:44.420791
0.1.1.1.0.0.searchglobal.0,Small,4,4,LT,4,1,4,TestSA,0.83155,0.789629086080682,0.90392,0.8429180226973899,0.16845,/gpfs/projects/HeinzGroup/caffeine_underground/mlrt/FlexFringe/FlexFringe/models-ps-small/0.1.1.1.0.0.searchglobal.0.ini/0.1.1.1.0.0.searchglobal.0_04.04.LT.4.1.4_Small.final.json,/gpfs/projects/HeinzGroup/asoubki/FlexFringe/data/MLRegTest/Large/04.04.LT.4.1.4_TestSA.txt,2025-12-29 22:47:44.420791
0.1.1.1.0.0.searchglobal.0,Small,4,4,LT,4,1,4,TestLR,0.8587,0.8371620859495432,0.89064,0.8630734345020059,0.1413,/gpfs/projects/HeinzGroup/caffeine_underground/mlrt/FlexFringe/FlexFringe/models-ps-small/0.1.1.1.0.0.searchglobal.0.ini/0.1.1.1.0.0.searchglobal.0_04.04.LT.4.1.4_Small.final.json,/gpfs/projects/HeinzGroup/asoubki/FlexFringe/data/MLRegTest/Large/04.04.LT.4.1.4_TestLR.txt,2025-12-29 22:47:44.420791
0.1.1.1.0.0.searchglobal.0,Small,4,4,LT,4,1,4,TestLA,0.77939,0.7310650545015466,0.88396,0.8002752202214436,0.22061,/gpfs/projects/HeinzGroup/caffeine_underground/mlrt/FlexFringe/FlexFringe/models-ps-small/0.1.1.1.0.0.searchglobal.0.ini/0.1.1.1.0.0.searchglobal.0_04.04.LT.4.1.4_Small.final.json,/gpfs/projects/HeinzGroup/asoubki/FlexFringe/data/MLRegTest/Large/04.04.LT.4.1.4_TestLA.txt,2025-12-29 22:47:44.420791
0.1.1.1.0.0.searchglobal.0,Small,4,4,LT,4,1,4,Dev,0.90321,0.8993680790792575,0.90802,0.9036733312765598,0.09679,/gpfs/projects/HeinzGroup/caffeine_underground/mlrt/FlexFringe/FlexFringe/models-ps-small/0.1.1.1.0.0.searchglobal.0.ini/0.1.1.1.0.0.searchglobal.0_04.04.LT.4.1.4_Small.final.json,/gpfs/projects/HeinzGroup/asoubki/FlexFringe/data/MLRegTest/Large/04.04.LT.4.1.4_Dev.txt,2025-12-29 22:47:44.420791
0.1.1.1.0.0.searchglobal.0,Small,4,4,LT,4,1,4,Train,0.885,0.8796844181459567,0.892,0.8857994041708044,0.115,/gpfs/projects/HeinzGroup/caffeine_underground/mlrt/FlexFringe/FlexFringe/models-ps-small/0.1.1.1.0.0.searchglobal.0.ini/0.1.1.1.0.0.searchglobal.0_04.04.LT.4.1.4_Small.final.json,/gpfs/projects/HeinzGroup/asoubki/FlexFringe/data/MLRegTest/Small/04.04.LT.4.1.4_Train.txt,2025-12-29 22:47:44.420791
0.1.1.1.0.0.searchglobal.0,Small,4,4,LT,4,1,5,TestLA,0.49924,0.4747675962815405,0.0143,0.027763755678950026,0.50076,/gpfs/projects/HeinzGroup/caffeine_underground/mlrt/FlexFringe/FlexFringe/models-ps-small/0.1.1.1.0.0.searchglobal.0.ini/0.1.1.1.0.0.searchglobal.0_04.04.LT.4.1.5_Small.final.json,/gpfs/projects/HeinzGroup/asoubki/FlexFringe/data/MLRegTest/Large/04.04.LT.4.1.5_TestLA.txt,2025-12-29 23:19:43.270951
0.1.1.1.0.0.searchglobal.0,Small,4,4,LT,4,1,5,TestSA,0.49929,0.47687296416938113,0.01464,0.028407878141069175,0.50071,/gpfs/projects/HeinzGroup/caffeine_underground/mlrt/FlexFringe/FlexFringe/models-ps-small/0.1.1.1.0.0.searchglobal.0.ini/0.1.1.1.0.0.searchglobal.0_04.04.LT.4.1.5_Small.final.json,/gpfs/projects/HeinzGroup/asoubki/FlexFringe/data/MLRegTest/Large/04.04.LT.4.1.5_TestSA.txt,2025-12-29 23:19:43.270951
0.1.1.1.0.0.searchglobal.0,Small,4,4,LT,4,1,5,TestLR,0.49811,0.43827563683866755,0.01342,0.026042576313287148,0.50189,/gpfs/projects/HeinzGroup/caffeine_underground/mlrt/FlexFringe/FlexFringe/models-ps-small/0.1.1.1.0.0.searchglobal.0.ini/0.1.1.1.0.0.searchglobal.0_04.04.LT.4.1.5_Small.final.json,/gpfs/projects/HeinzGroup/asoubki/FlexFringe/data/MLRegTest/Large/04.04.LT.4.1.5_TestLR.txt,2025-12-29 23:19:43.270951
0.1.1.1.0.0.searchglobal.0,Small,4,4,LT,4,1,5,TestSR,0.49784,0.425207756232687,0.01228,0.02387061659279994,0.50216,/gpfs/projects/HeinzGroup/caffeine_underground/mlrt/FlexFringe/FlexFringe/models-ps-small/0.1.1.1.0.0.searchglobal.0.ini/0.1.1.1.0.0.searchglobal.0_04.04.LT.4.1.5_Small.final.json,/gpfs/projects/HeinzGroup/asoubki/FlexFringe/data/MLRegTest/Large/04.04.LT.4.1.5_TestSR.txt,2025-12-29 23:19:43.270951
0.1.1.1.0.0.searchglobal.0,Small,4,4,LT,4,1,5,Dev,0.49808,0.43513513513513513,0.01288,0.02501942501942502,0.50192,/gpfs/projects/HeinzGroup/caffeine_underground/mlrt/FlexFringe/FlexFringe/models-ps-small/0.1.1.1.0.0.searchglobal.0.ini/0.1.1.1.0.0.searchglobal.0_04.04.LT.4.1.5_Small.final.json,/gpfs/projects/HeinzGroup/asoubki/FlexFringe/data/MLRegTest/Large/04.04.LT.4.1.5_Dev.txt,2025-12-29 23:19:43.270951
0.1.1.1.0.0.searchglobal.0,Small,4,4,LT,4,1,5,Train,0.501,0.5333333333333333,0.016,0.031067961165048542,0.499,/gpfs/projects/HeinzGroup/caffeine_underground/mlrt/FlexFringe/FlexFringe/models-ps-small/0.1.1.1.0.0.searchglobal.0.ini/0.1.1.1.0.0.searchglobal.0_04.04.LT.4.1.5_Small.final.json,/gpfs/projects/HeinzGroup/asoubki/FlexFringe/data/MLRegTest/Small/04.04.LT.4.1.5_Train.txt,2025-12-29 23:19:43.270951
0.1.1.1.0.0.searchglobal.0,Small,4,4,LT,4,1,6,TestLA,0.49967,0.4888588791357191,0.01448,0.028126881762203532,0.50033,/gpfs/projects/HeinzGroup/caffeine_underground/mlrt/FlexFringe/FlexFringe/models-ps-small/0.1.1.1.0.0.searchglobal.0.ini/0.1.1.1.0.0.searchglobal.0_04.04.LT.4.1.6_Small.final.json,/gpfs/projects/HeinzGroup/asoubki/FlexFringe/data/MLRegTest/Large/04.04.LT.4.1.6_TestLA.txt,2025-12-29 22:59:08.492881
0.1.1.1.0.0.searchglobal.0,Small,4,4,LT,4,1,6,TestSA,0.49961,0.48625792811839325,0.0138,0.026838328244423268,0.50039,/gpfs/projects/HeinzGroup/caffeine_underground/mlrt/FlexFringe/FlexFringe/models-ps-small/0.1.1.1.0.0.searchglobal.0.ini/0.1.1.1.0.0.searchglobal.0_04.04.LT.4.1.6_Small.final.json,/gpfs/projects/HeinzGroup/asoubki/FlexFringe/data/MLRegTest/Large/04.04.LT.4.1.6_TestSA.txt,2025-12-29 22:59:08.492881
0.1.1.1.0.0.searchglobal.0,Small,4,4,LT,4,1,6,TestLR,0.49923,0.47379169503063306,0.01392,0.02704540597252715,0.50077,/gpfs/projects/HeinzGroup/caffeine_underground/mlrt/FlexFringe/FlexFringe/models-ps-small/0.1.1.1.0.0.searchglobal.0.ini/0.1.1.1.0.0.searchglobal.0_04.04.LT.4.1.6_Small.final.json,/gpfs/projects/HeinzGroup/asoubki/FlexFringe/data/MLRegTest/Large/04.04.LT.4.1.6_TestLR.txt,2025-12-29 22:59:08.492881
0.1.1.1.0.0.searchglobal.0,Small,4,4,LT,4,1,6,TestSR,0.49828,0.4391796322489392,0.01242,0.02415684443925779,0.50172,/gpfs/projects/HeinzGroup/caffeine_underground/mlrt/FlexFringe/FlexFringe/models-ps-small/0.1.1.1.0.0.searchglobal.0.ini/0.1.1.1.0.0.searchglobal.0_04.04.LT.4.1.6_Small.final.json,/gpfs/projects/HeinzGroup/asoubki/FlexFringe/data/MLRegTest/Large/04.04.LT.4.1.6_TestSR.txt,2025-12-29 22:59:08.492881
0.1.1.1.0.0.searchglobal.0,Small,4,4,LT,4,1,6,Dev,0.49917,0.469236471460341,0.01266,0.024654813141443844,0.50083,/gpfs/projects/HeinzGroup/caffeine_underground/mlrt/FlexFringe/FlexFringe/models-ps-small/0.1.1.1.0.0.searchglobal.0.ini/0.1.1.1.0.0.searchglobal.0_04.04.LT.4.1.6_Small.final.json,/gpfs/projects/HeinzGroup/asoubki/FlexFringe/data/MLRegTest/Large/04.04.LT.4.1.6_Dev.txt,2025-12-29 22:59:08.492881
0.1.1.1.0.0.searchglobal.0,Small,4,4,LT,4,1,6,Train,0.504,0.6666666666666666,0.016,0.03125,0.496,/gpfs/projects/HeinzGroup/caffeine_underground/mlrt/FlexFringe/FlexFringe/models-ps-small/0.1.1.1.0.0.searchglobal.0.ini/0.1.1.1.0.0.searchglobal.0_04.04.LT.4.1.6_Small.final.json,/gpfs/projects/HeinzGroup/asoubki/FlexFringe/data/MLRegTest/Small/04.04.LT.4.1.6_Train.txt,2025-12-29 22:59:08.492881
0.1.1.1.0.0.searchglobal.0,Small,4,4,LT,4,1,7,TestLR,0.4997,0.4952859836580767,0.03152,0.05926817344214208,0.5003,/gpfs/projects/HeinzGroup/caffeine_underground/mlrt/FlexFringe/FlexFringe/models-ps-small/0.1.1.1.0.0.searchglobal.0.ini/0.1.1.1.0.0.searchglobal.0_04.04.LT.4.1.7_Small.final.json,/gpfs/projects/HeinzGroup/asoubki/FlexFringe/data/MLRegTest/Large/04.04.LT.4.1.7_TestLR.txt,2025-12-29 22:56:38.032012
0.1.1.1.0.0.searchglobal.0,Small,4,4,LT,4,1,7,TestSA,0.49983,0.4974029941949282,0.03256,0.06111914102828825,0.50017,/gpfs/projects/HeinzGroup/caffeine_underground/mlrt/FlexFringe/FlexFringe/models-ps-small/0.1.1.1.0.0.searchglobal.0.ini/0.1.1.1.0.0.searchglobal.0_04.04.LT.4.1.7_Small.final.json,/gpfs/projects/HeinzGroup/asoubki/FlexFringe/data/MLRegTest/Large/04.04.LT.4.1.7_TestSA.txt,2025-12-29 22:56:38.032012
0.1.1.1.0.0.searchglobal.0,Small,4,4,LT,4,1,7,TestSR,0.4991,0.48582230623818523,0.03084,0.05799826983112047,0.5009,/gpfs/projects/HeinzGroup/caffeine_underground/mlrt/FlexFringe/FlexFringe/models-ps-small/0.1.1.1.0.0.searchglobal.0.ini/0.1.1.1.0.0.searchglobal.0_04.04.LT.4.1.7_Small.final.json,/gpfs/projects/HeinzGroup/asoubki/FlexFringe/data/MLRegTest/Large/04.04.LT.4.1.7_TestSR.txt,2025-12-29 22:56:38.032012
0.1.1.1.0.0.searchglobal.0,Small,4,4,LT,4,1,7,TestLA,0.49994,0.4990808823529412,0.03258,0.061167017122258936,0.50006,/gpfs/projects/HeinzGroup/caffeine_underground/mlrt/FlexFringe/FlexFringe/models-ps-small/0.1.1.1.0.0.searchglobal.0.ini/0.1.1.1.0.0.searchglobal.0_04.04.LT.4.1.7_Small.final.json,/gpfs/projects/HeinzGroup/asoubki/FlexFringe/data/MLRegTest/Large/04.04.LT.4.1.7_TestLA.txt,2025-12-29 22:56:38.032012
0.1.1.1.0.0.searchglobal.0,Small,4,4,LT,4,1,7,Dev,0.4999,0.4984375,0.0319,0.05996240601503759,0.5001,/gpfs/projects/HeinzGroup/caffeine_underground/mlrt/FlexFringe/FlexFringe/models-ps-small/0.1.1.1.0.0.searchglobal.0.ini/0.1.1.1.0.0.searchglobal.0_04.04.LT.4.1.7_Small.final.json,/gpfs/projects/HeinzGroup/asoubki/FlexFringe/data/MLRegTest/Large/04.04.LT.4.1.7_Dev.txt,2025-12-29 22:56:38.032012
0.1.1.1.0.0.searchglobal.0,Small,4,4,LT,4,1,7,Train,0.497,0.45714285714285713,0.032,0.059813084112149535,0.503,/gpfs/projects/HeinzGroup/caffeine_underground/mlrt/FlexFringe/FlexFringe/models-ps-small/0.1.1.1.0.0.searchglobal.0.ini/0.1.1.1.0.0.searchglobal.0_04.04.LT.4.1.7_Small.final.json,/gpfs/projects/HeinzGroup/asoubki/FlexFringe/data/MLRegTest/Small/04.04.LT.4.1.7_Train.txt,2025-12-29 22:56:38.032012
0.1.1.1.0.0.searchglobal.0,Small,4,4,LT,4,1,8,TestLA,0.49963,0.4884878655880523,0.0157,0.030422229542503922,0.50037,/gpfs/projects/HeinzGroup/caffeine_underground/mlrt/FlexFringe/FlexFringe/models-ps-small/0.1.1.1.0.0.searchglobal.0.ini/0.1.1.1.0.0.searchglobal.0_04.04.LT.4.1.8_Small.final.json,/gpfs/projects/HeinzGroup/asoubki/FlexFringe/data/MLRegTest/Large/04.04.LT.4.1.8_TestLA.txt,2025-12-29 22:41:06.854469
0.1.1.1.0.0.searchglobal.0,Small,4,4,LT,4,1,8,TestLR,0.49893,0.46292446292446293,0.01336,0.0259704916120755,0.50107,/gpfs/projects/HeinzGroup/caffeine_underground/mlrt/FlexFringe/FlexFringe/models-ps-small/0.1.1.1.0.0.searchglobal.0.ini/0.1.1.1.0.0.searchglobal.0_04.04.LT.4.1.8_Small.final.json,/gpfs/projects/HeinzGroup/asoubki/FlexFringe/data/MLRegTest/Large/04.04.LT.4.1.8_TestLR.txt,2025-12-29 22:41:06.854469
0.1.1.1.0.0.searchglobal.0,Small,4,4,LT,4,1,8,TestSA,0.49961,0.4865238424326192,0.01408,0.027367970921530895,0.50039,/gpfs/projects/HeinzGroup/caffeine_underground/mlrt/FlexFringe/FlexFringe/models-ps-small/0.1.1.1.0.0.searchglobal.0.ini/0.1.1.1.0.0.searchglobal.0_04.04.LT.4.1.8_Small.final.json,/gpfs/projects/HeinzGroup/asoubki/FlexFringe/data/MLRegTest/Large/04.04.LT.4.1.8_TestSA.txt,2025-12-29 22:41:06.854469
0.1.1.1.0.0.searchglobal.0,Small,4,4,LT,4,1,8,TestSR,0.4988,0.45850622406639,0.01326,0.025774598608249426,0.5012,/gpfs/projects/HeinzGroup/caffeine_underground/mlrt/FlexFringe/FlexFringe/models-ps-small/0.1.1.1.0.0.searchglobal.0.ini/0.1.1.1.0.0.searchglobal.0_04.04.LT.4.1.8_Small.final.json,/gpfs/projects/HeinzGroup/asoubki/FlexFringe/data/MLRegTest/Large/04.04.LT.4.1.8_TestSR.txt,2025-12-29 22:41:06.854469
0.1.1.1.0.0.searchglobal.0,Small,4,4,LT,4,1,8,Dev,0.49885,0.4595924104005622,0.01308,0.025436088909631876,0.50115,/gpfs/projects/HeinzGroup/caffeine_underground/mlrt/FlexFringe/FlexFringe/models-ps-small/0.1.1.1.0.0.searchglobal.0.ini/0.1.1.1.0.0.searchglobal.0_04.04.LT.4.1.8_Small.final.json,/gpfs/projects/HeinzGroup/asoubki/FlexFringe/data/MLRegTest/Large/04.04.LT.4.1.8_Dev.txt,2025-12-29 22:41:06.854469
0.1.1.1.0.0.searchglobal.0,Small,4,4,LT,4,1,8,Train,0.499,0.47058823529411764,0.016,0.030947775628626693,0.501,/gpfs/projects/HeinzGroup/caffeine_underground/mlrt/FlexFringe/FlexFringe/models-ps-small/0.1.1.1.0.0.searchglobal.0.ini/0.1.1.1.0.0.searchglobal.0_04.04.LT.4.1.8_Small.final.json,/gpfs/projects/HeinzGroup/asoubki/FlexFringe/data/MLRegTest/Small/04.04.LT.4.1.8_Train.txt,2025-12-29 22:41:06.854469
0.1.1.1.0.0.searchglobal.0,Small,4,4,LT,4,1,9,TestLR,0.50347,0.536411332633788,0.05112,0.0933442892358258,0.49653,/gpfs/projects/HeinzGroup/caffeine_underground/mlrt/FlexFringe/FlexFringe/models-ps-small/0.1.1.1.0.0.searchglobal.0.ini/0.1.1.1.0.0.searchglobal.0_04.04.LT.4.1.9_Small.final.json,/gpfs/projects/HeinzGroup/asoubki/FlexFringe/data/MLRegTest/Large/04.04.LT.4.1.9_TestLR.txt,2025-12-29 22:44:41.713660
0.1.1.1.0.0.searchglobal.0,Small,4,4,LT,4,1,9,TestSR,0.50966,0.6016842105263158,0.05716,0.10440182648401826,0.49034,/gpfs/projects/HeinzGroup/caffeine_underground/mlrt/FlexFringe/FlexFringe/models-ps-small/0.1.1.1.0.0.searchglobal.0.ini/0.1.1.1.0.0.searchglobal.0_04.04.LT.4.1.9_Small.final.json,/gpfs/projects/HeinzGroup/asoubki/FlexFringe/data/MLRegTest/Large/04.04.LT.4.1.9_TestSR.txt,2025-12-29 22:44:41.713660
0.1.1.1.0.0.searchglobal.0,Small,4,4,LT,4,1,9,TestLA,0.50024,0.5023706045041486,0.05086,0.0923686026660855,0.49976,/gpfs/projects/HeinzGroup/caffeine_underground/mlrt/FlexFringe/FlexFringe/models-ps-small/0.1.1.1.0.0.searchglobal.0.ini/0.1.1.1.0.0.searchglobal.0_04.04.LT.4.1.9_Small.final.json,/gpfs/projects/HeinzGroup/asoubki/FlexFringe/data/MLRegTest/Large/04.04.LT.4.1.9_TestLA.txt,2025-12-29 22:44:41.713660
0.1.1.1.0.0.searchglobal.0,Small,4,4,LT,4,1,9,TestSA,0.50092,0.5080335312609151,0.05818,0.1044036894806733,0.49908,/gpfs/projects/HeinzGroup/caffeine_underground/mlrt/FlexFringe/FlexFringe/models-ps-small/0.1.1.1.0.0.searchglobal.0.ini/0.1.1.1.0.0.searchglobal.0_04.04.LT.4.1.9_Small.final.json,/gpfs/projects/HeinzGroup/asoubki/FlexFringe/data/MLRegTest/Large/04.04.LT.4.1.9_TestSA.txt,2025-12-29 22:44:41.713660
0.1.1.1.0.0.searchglobal.0,Small,4,4,LT,4,1,9,Dev,0.50864,0.5916419176919814,0.05578,0.10194831304602113,0.49136,/gpfs/projects/HeinzGroup/caffeine_underground/mlrt/FlexFringe/FlexFringe/models-ps-small/0.1.1.1.0.0.searchglobal.0.ini/0.1.1.1.0.0.searchglobal.0_04.04.LT.4.1.9_Small.final.json,/gpfs/projects/HeinzGroup/asoubki/FlexFringe/data/MLRegTest/Large/04.04.LT.4.1.9_Dev.txt,2025-12-29 22:44:41.713660
0.1.1.1.0.0.searchglobal.0,Small,4,4,LT,4,1,9,Train,0.521,0.7058823529411765,0.072,0.1306715063520871,0.479,/gpfs/projects/HeinzGroup/caffeine_underground/mlrt/FlexFringe/FlexFringe/models-ps-small/0.1.1.1.0.0.searchglobal.0.ini/0.1.1.1.0.0.searchglobal.0_04.04.LT.4.1.9_Small.final.json,/gpfs/projects/HeinzGroup/asoubki/FlexFringe/data/MLRegTest/Small/04.04.LT.4.1.9_Train.txt,2025-12-29 22:44:41.713660
0.1.1.1.0.0.searchglobal.0,Small,4,4,LT,6,1,0,TestSR,0.99298,1.0,0.98596,0.9929303712058651,0.00702,/gpfs/projects/HeinzGroup/caffeine_underground/mlrt/FlexFringe/FlexFringe/models-ps-small/0.1.1.1.0.0.searchglobal.0.ini/0.1.1.1.0.0.searchglobal.0_04.04.LT.6.1.0_Small.final.json,/gpfs/projects/HeinzGroup/asoubki/FlexFringe/data/MLRegTest/Large/04.04.LT.6.1.0_TestSR.txt,2025-12-29 23:30:55.888560
0.1.1.1.0.0.searchglobal.0,Small,4,4,LT,6,1,0,TestSA,0.98506,1.0,0.97012,0.9848334111627718,0.01494,/gpfs/projects/HeinzGroup/caffeine_underground/mlrt/FlexFringe/FlexFringe/models-ps-small/0.1.1.1.0.0.searchglobal.0.ini/0.1.1.1.0.0.searchglobal.0_04.04.LT.6.1.0_Small.final.json,/gpfs/projects/HeinzGroup/asoubki/FlexFringe/data/MLRegTest/Large/04.04.LT.6.1.0_TestSA.txt,2025-12-29 23:30:55.888560
0.1.1.1.0.0.searchglobal.0,Small,4,4,LT,6,1,0,TestLA,0.98665,1.0,0.9733,0.9864693660365884,0.01335,/gpfs/projects/HeinzGroup/caffeine_underground/mlrt/FlexFringe/FlexFringe/models-ps-small/0.1.1.1.0.0.searchglobal.0.ini/0.1.1.1.0.0.searchglobal.0_04.04.LT.6.1.0_Small.final.json,/gpfs/projects/HeinzGroup/asoubki/FlexFringe/data/MLRegTest/Large/04.04.LT.6.1.0_TestLA.txt,2025-12-29 23:30:55.888560
0.1.1.1.0.0.searchglobal.0,Small,4,4,LT,6,1,0,TestLR,0.99297,1.0,0.98594,0.9929202292113558,0.00703,/gpfs/projects/HeinzGroup/caffeine_underground/mlrt/FlexFringe/FlexFringe/models-ps-small/0.1.1.1.0.0.searchglobal.0.ini/0.1.1.1.0.0.searchglobal.0_04.04.LT.6.1.0_Small.final.json,/gpfs/projects/HeinzGroup/asoubki/FlexFringe/data/MLRegTest/Large/04.04.LT.6.1.0_TestLR.txt,2025-12-29 23:30:55.888560
0.1.1.1.0.0.searchglobal.0,Small,4,4,LT,6,1,0,Dev,0.99209,1.0,0.98418,0.9920269330403492,0.00791,/gpfs/projects/HeinzGroup/caffeine_underground/mlrt/FlexFringe/FlexFringe/models-ps-small/0.1.1.1.0.0.searchglobal.0.ini/0.1.1.1.0.0.searchglobal.0_04.04.LT.6.1.0_Small.final.json,/gpfs/projects/HeinzGroup/asoubki/FlexFringe/data/MLRegTest/Large/04.04.LT.6.1.0_Dev.txt,2025-12-29 23:30:55.888560
0.1.1.1.0.0.searchglobal.0,Small,4,4,LT,6,1,0,Train,0.996,1.0,0.992,0.9959839357429718,0.004,/gpfs/projects/HeinzGroup/caffeine_underground/mlrt/FlexFringe/FlexFringe/models-ps-small/0.1.1.1.0.0.searchglobal.0.ini/0.1.1.1.0.0.searchglobal.0_04.04.LT.6.1.0_Small.final.json,/gpfs/projects/HeinzGroup/asoubki/FlexFringe/data/MLRegTest/Small/04.04.LT.6.1.0_Train.txt,2025-12-29 23:30:55.888560
0.1.1.1.0.0.searchglobal.0,Small,4,4,LT,6,1,1,TestSR,0.99086,1.0,0.98172,0.990775689804816,0.00914,/gpfs/projects/HeinzGroup/caffeine_underground/mlrt/FlexFringe/FlexFringe/models-ps-small/0.1.1.1.0.0.searchglobal.0.ini/0.1.1.1.0.0.searchglobal.0_04.04.LT.6.1.1_Small.final.json,/gpfs/projects/HeinzGroup/asoubki/FlexFringe/data/MLRegTest/Large/04.04.LT.6.1.1_TestSR.txt,2025-12-29 22:45:38.043709
0.1.1.1.0.0.searchglobal.0,Small,4,4,LT,6,1,1,TestLR,0.98999,1.0,0.97998,0.9898887867554218,0.01001,/gpfs/projects/HeinzGroup/caffeine_underground/mlrt/FlexFringe/FlexFringe/models-ps-small/0.1.1.1.0.0.searchglobal.0.ini/0.1.1.1.0.0.searchglobal.0_04.04.LT.6.1.1_Small.final.json,/gpfs/projects/HeinzGroup/asoubki/FlexFringe/data/MLRegTest/Large/04.04.LT.6.1.1_TestLR.txt,2025-12-29 22:45:38.043709
0.1.1.1.0.0.searchglobal.0,Small,4,4,LT,6,1,1,TestSA,0.88059,1.0,0.76118,0.8643977333378757,0.11941,/gpfs/projects/HeinzGroup/caffeine_underground/mlrt/FlexFringe/FlexFringe/models-ps-small/0.1.1.1.0.0.searchglobal.0.ini/0.1.1.1.0.0.searchglobal.0_04.04.LT.6.1.1_Small.final.json,/gpfs/projects/HeinzGroup/asoubki/FlexFringe/data/MLRegTest/Large/04.04.LT.6.1.1_TestSA.txt,2025-12-29 22:45:38.043709
0.1.1.1.0.0.searchglobal.0,Small,4,4,LT,6,1,1,TestLA,0.87628,1.0,0.75256,0.8588122517916648,0.12372,/gpfs/projects/HeinzGroup/caffeine_underground/mlrt/FlexFringe/FlexFringe/models-ps-small/0.1.1.1.0.0.searchglobal.0.ini/0.1.1.1.0.0.searchglobal.0_04.04.LT.6.1.1_Small.final.json,/gpfs/projects/HeinzGroup/asoubki/FlexFringe/data/MLRegTest/Large/04.04.LT.6.1.1_TestLA.txt,2025-12-29 22:45:38.043709
0.1.1.1.0.0.searchglobal.0,Small,4,4,LT,6,1,1,Dev,0.99062,1.0,0.98124,0.9905311824917729,0.00938,/gpfs/projects/HeinzGroup/caffeine_underground/mlrt/FlexFringe/FlexFringe/models-ps-small/0.1.1.1.0.0.searchglobal.0.ini/0.1.1.1.0.0.searchglobal.0_04.04.LT.6.1.1_Small.final.json,/gpfs/projects/HeinzGroup/asoubki/FlexFringe/data/MLRegTest/Large/04.04.LT.6.1.1_Dev.txt,2025-12-29 22:45:38.043709
0.1.1.1.0.0.searchglobal.0,Small,4,4,LT,6,1,1,Train,0.992,1.0,0.984,0.9919354838709677,0.008,/gpfs/projects/HeinzGroup/caffeine_underground/mlrt/FlexFringe/FlexFringe/models-ps-small/0.1.1.1.0.0.searchglobal.0.ini/0.1.1.1.0.0.searchglobal.0_04.04.LT.6.1.1_Small.final.json,/gpfs/projects/HeinzGroup/asoubki/FlexFringe/data/MLRegTest/Small/04.04.LT.6.1.1_Train.txt,2025-12-29 22:45:38.043709
0.1.1.1.0.0.searchglobal.0,Small,4,4,LT,6,1,2,TestLR,0.79585,0.7779552415490708,0.82804,0.8022166461601061,0.20415,/gpfs/projects/HeinzGroup/caffeine_underground/mlrt/FlexFringe/FlexFringe/models-ps-small/0.1.1.1.0.0.searchglobal.0.ini/0.1.1.1.0.0.searchglobal.0_04.04.LT.6.1.2_Small.final.json,/gpfs/projects/HeinzGroup/asoubki/FlexFringe/data/MLRegTest/Large/04.04.LT.6.1.2_TestLR.txt,2025-12-29 22:40:49.239091
0.1.1.1.0.0.searchglobal.0,Small,4,4,LT,6,1,2,TestSR,0.87005,0.858582530669199,0.88604,0.8720951977873798,0.12995,/gpfs/projects/HeinzGroup/caffeine_underground/mlrt/FlexFringe/FlexFringe/models-ps-small/0.1.1.1.0.0.searchglobal.0.ini/0.1.1.1.0.0.searchglobal.0_04.04.LT.6.1.2_Small.final.json,/gpfs/projects/HeinzGroup/asoubki/FlexFringe/data/MLRegTest/Large/04.04.LT.6.1.2_TestSR.txt,2025-12-29 22:40:49.239091
0.1.1.1.0.0.searchglobal.0,Small,4,4,LT,6,1,2,TestLA,0.56481,0.6066971782292319,0.36852,0.4585235968197484,0.43519,/gpfs/projects/HeinzGroup/caffeine_underground/mlrt/FlexFringe/FlexFringe/models-ps-small/0.1.1.1.0.0.searchglobal.0.ini/0.1.1.1.0.0.searchglobal.0_04.04.LT.6.1.2_Small.final.json,/gpfs/projects/HeinzGroup/asoubki/FlexFringe/data/MLRegTest/Large/04.04.LT.6.1.2_TestLA.txt,2025-12-29 22:40:49.239091
0.1.1.1.0.0.searchglobal.0,Small,4,4,LT,6,1,2,TestSA,0.58105,0.6761267330175149,0.31114,0.42616663698996016,0.41895,/gpfs/projects/HeinzGroup/caffeine_underground/mlrt/FlexFringe/FlexFringe/models-ps-small/0.1.1.1.0.0.searchglobal.0.ini/0.1.1.1.0.0.searchglobal.0_04.04.LT.6.1.2_Small.final.json,/gpfs/projects/HeinzGroup/asoubki/FlexFringe/data/MLRegTest/Large/04.04.LT.6.1.2_TestSA.txt,2025-12-29 22:40:49.239091
0.1.1.1.0.0.searchglobal.0,Small,4,4,LT,6,1,2,Dev,0.868,0.8575036916142069,0.88268,0.8699097252335711,0.132,/gpfs/projects/HeinzGroup/caffeine_underground/mlrt/FlexFringe/FlexFringe/models-ps-small/0.1.1.1.0.0.searchglobal.0.ini/0.1.1.1.0.0.searchglobal.0_04.04.LT.6.1.2_Small.final.json,/gpfs/projects/HeinzGroup/asoubki/FlexFringe/data/MLRegTest/Large/04.04.LT.6.1.2_Dev.txt,2025-12-29 22:40:49.239091
0.1.1.1.0.0.searchglobal.0,Small,4,4,LT,6,1,2,Train,0.87,0.8599221789883269,0.884,0.8717948717948718,0.13,/gpfs/projects/HeinzGroup/caffeine_underground/mlrt/FlexFringe/FlexFringe/models-ps-small/0.1.1.1.0.0.searchglobal.0.ini/0.1.1.1.0.0.searchglobal.0_04.04.LT.6.1.2_Small.final.json,/gpfs/projects/HeinzGroup/asoubki/FlexFringe/data/MLRegTest/Small/04.04.LT.6.1.2_Train.txt,2025-12-29 22:40:49.239091
0.1.1.1.0.0.searchglobal.0,Small,4,4,LT,6,1,3,TestSR,0.94991,0.9524527846497315,0.9471,0.9497688504698202,0.05009,/gpfs/projects/HeinzGroup/caffeine_underground/mlrt/FlexFringe/FlexFringe/models-ps-small/0.1.1.1.0.0.searchglobal.0.ini/0.1.1.1.0.0.searchglobal.0_04.04.LT.6.1.3_Small.final.json,/gpfs/projects/HeinzGroup/asoubki/FlexFringe/data/MLRegTest/Large/04.04.LT.6.1.3_TestSR.txt,2025-12-29 23:34:55.510835
0.1.1.1.0.0.searchglobal.0,Small,4,4,LT,6,1,3,TestSA,0.79349,0.9270933379900462,0.63708,0.7552009862610984,0.20651,/gpfs/projects/HeinzGroup/caffeine_underground/mlrt/FlexFringe/FlexFringe/models-ps-small/0.1.1.1.0.0.searchglobal.0.ini/0.1.1.1.0.0.searchglobal.0_04.04.LT.6.1.3_Small.final.json,/gpfs/projects/HeinzGroup/asoubki/FlexFringe/data/MLRegTest/Large/04.04.LT.6.1.3_TestSA.txt,2025-12-29 23:34:55.510835
0.1.1.1.0.0.searchglobal.0,Small,4,4,LT,6,1,3,TestLR,0.9202,0.9308506275120991,0.90784,0.919201328419262,0.0798,/gpfs/projects/HeinzGroup/caffeine_underground/mlrt/FlexFringe/FlexFringe/models-ps-small/0.1.1.1.0.0.searchglobal.0.ini/0.1.1.1.0.0.searchglobal.0_04.04.LT.6.1.3_Small.final.json,/gpfs/projects/HeinzGroup/asoubki/FlexFringe/data/MLRegTest/Large/04.04.LT.6.1.3_TestLR.txt,2025-12-29 23:34:55.510835
0.1.1.1.0.0.searchglobal.0,Small,4,4,LT,6,1,3,TestLA,0.76604,0.8933873543502692,0.60418,0.720858090533801,0.23396,/gpfs/projects/HeinzGroup/caffeine_underground/mlrt/FlexFringe/FlexFringe/models-ps-small/0.1.1.1.0.0.searchglobal.0.ini/0.1.1.1.0.0.searchglobal.0_04.04.LT.6.1.3_Small.final.json,/gpfs/projects/HeinzGroup/asoubki/FlexFringe/data/MLRegTest/Large/04.04.LT.6.1.3_TestLA.txt,2025-12-29 23:34:55.510835
0.1.1.1.0.0.searchglobal.0,Small,4,4,LT,6,1,3,Dev,0.94993,0.9536956740949885,0.94578,0.9497213435758397,0.05007,/gpfs/projects/HeinzGroup/caffeine_underground/mlrt/FlexFringe/FlexFringe/models-ps-small/0.1.1.1.0.0.searchglobal.0.ini/0.1.1.1.0.0.searchglobal.0_04.04.LT.6.1.3_Small.final.json,/gpfs/projects/HeinzGroup/asoubki/FlexFringe/data/MLRegTest/Large/04.04.LT.6.1.3_Dev.txt,2025-12-29 23:34:55.510835
0.1.1.1.0.0.searchglobal.0,Small,4,4,LT,6,1,3,Train,0.947,0.955193482688391,0.938,0.9465186680121089,0.053,/gpfs/projects/HeinzGroup/caffeine_underground/mlrt/FlexFringe/FlexFringe/models-ps-small/0.1.1.1.0.0.searchglobal.0.ini/0.1.1.1.0.0.searchglobal.0_04.04.LT.6.1.3_Small.final.json,/gpfs/projects/HeinzGroup/asoubki/FlexFringe/data/MLRegTest/Small/04.04.LT.6.1.3_Train.txt,2025-12-29 23:34:55.510835
0.1.1.1.0.0.searchglobal.0,Small,4,4,LT,6,1,4,TestLR,0.8996,0.9063783915714111,0.89126,0.8987556218865337,0.1004,/gpfs/projects/HeinzGroup/caffeine_underground/mlrt/FlexFringe/FlexFringe/models-ps-small/0.1.1.1.0.0.searchglobal.0.ini/0.1.1.1.0.0.searchglobal.0_04.04.LT.6.1.4_Small.final.json,/gpfs/projects/HeinzGroup/asoubki/FlexFringe/data/MLRegTest/Large/04.04.LT.6.1.4_TestLR.txt,2025-12-29 22:03:13.696714
0.1.1.1.0.0.searchglobal.0,Small,4,4,LT,6,1,4,TestLA,0.79289,0.7463040516675917,0.88746,0.8107841435449538,0.20711,/gpfs/projects/HeinzGroup/caffeine_underground/mlrt/FlexFringe/FlexFringe/models-ps-small/0.1.1.1.0.0.searchglobal.0.ini/0.1.1.1.0.0.searchglobal.0_04.04.LT.6.1.4_Small.final.json,/gpfs/projects/HeinzGroup/asoubki/FlexFringe/data/MLRegTest/Large/04.04.LT.6.1.4_TestLA.txt,2025-12-29 22:03:13.696714
0.1.1.1.0.0.searchglobal.0,Small,4,4,LT,6,1,4,TestSR,0.93209,0.9435422611837648,0.91918,0.9312018154372955,0.06791,/gpfs/projects/HeinzGroup/caffeine_underground/mlrt/FlexFringe/FlexFringe/models-ps-small/0.1.1.1.0.0.searchglobal.0.ini/0.1.1.1.0.0.searchglobal.0_04.04.LT.6.1.4_Small.final.json,/gpfs/projects/HeinzGroup/asoubki/FlexFringe/data/MLRegTest/Large/04.04.LT.6.1.4_TestSR.txt,2025-12-29 22:03:13.696714
0.1.1.1.0.0.searchglobal.0,Small,4,4,LT,6,1,4,TestSA,0.81926,0.7663074305161657,0.91868,0.8356042276836878,0.18074,/gpfs/projects/HeinzGroup/caffeine_underground/mlrt/FlexFringe/FlexFringe/models-ps-small/0.1.1.1.0.0.searchglobal.0.ini/0.1.1.1.0.0.searchglobal.0_04.04.LT.6.1.4_Small.final.json,/gpfs/projects/HeinzGroup/asoubki/FlexFringe/data/MLRegTest/Large/04.04.LT.6.1.4_TestSA.txt,2025-12-29 22:03:13.696714
0.1.1.1.0.0.searchglobal.0,Small,4,4,LT,6,1,4,Dev,0.93097,0.9427561692247632,0.91766,0.9300388166496063,0.06903,/gpfs/projects/HeinzGroup/caffeine_underground/mlrt/FlexFringe/FlexFringe/models-ps-small/0.1.1.1.0.0.searchglobal.0.ini/0.1.1.1.0.0.searchglobal.0_04.04.LT.6.1.4_Small.final.json,/gpfs/projects/HeinzGroup/asoubki/FlexFringe/data/MLRegTest/Large/04.04.LT.6.1.4_Dev.txt,2025-12-29 22:03:13.696714
0.1.1.1.0.0.searchglobal.0,Small,4,4,LT,6,1,4,Train,0.933,0.9321357285429142,0.934,0.9330669330669331,0.067,/gpfs/projects/HeinzGroup/caffeine_underground/mlrt/FlexFringe/FlexFringe/models-ps-small/0.1.1.1.0.0.searchglobal.0.ini/0.1.1.1.0.0.searchglobal.0_04.04.LT.6.1.4_Small.final.json,/gpfs/projects/HeinzGroup/asoubki/FlexFringe/data/MLRegTest/Small/04.04.LT.6.1.4_Train.txt,2025-12-29 22:03:13.696714
0.1.1.1.0.0.searchglobal.0,Small,4,4,LT,6,1,5,TestLA,0.50021,0.5169082125603864,0.00642,0.012682483554256139,0.49979,/gpfs/projects/HeinzGroup/caffeine_underground/mlrt/FlexFringe/FlexFringe/models-ps-small/0.1.1.1.0.0.searchglobal.0.ini/0.1.1.1.0.0.searchglobal.0_04.04.LT.6.1.5_Small.final.json,/gpfs/projects/HeinzGroup/asoubki/FlexFringe/data/MLRegTest/Large/04.04.LT.6.1.5_TestLA.txt,2025-12-29 23:18:48.315399
0.1.1.1.0.0.searchglobal.0,Small,4,4,LT,6,1,5,TestLR,0.49967,0.47217537942664417,0.0056,0.011068724922420097,0.50033,/gpfs/projects/HeinzGroup/caffeine_underground/mlrt/FlexFringe/FlexFringe/models-ps-small/0.1.1.1.0.0.searchglobal.0.ini/0.1.1.1.0.0.searchglobal.0_04.04.LT.6.1.5_Small.final.json,/gpfs/projects/HeinzGroup/asoubki/FlexFringe/data/MLRegTest/Large/04.04.LT.6.1.5_TestLR.txt,2025-12-29 23:18:48.315399
0.1.1.1.0.0.searchglobal.0,Small,4,4,LT,6,1,5,TestSA,0.50015,0.512,0.0064,0.012641975308641975,0.49985,/gpfs/projects/HeinzGroup/caffeine_underground/mlrt/FlexFringe/FlexFringe/models-ps-small/0.1.1.1.0.0.searchglobal.0.ini/0.1.1.1.0.0.searchglobal.0_04.04.LT.6.1.5_Small.final.json,/gpfs/projects/HeinzGroup/asoubki/FlexFringe/data/MLRegTest/Large/04.04.LT.6.1.5_TestSA.txt,2025-12-29 23:18:48.315399
0.1.1.1.0.0.searchglobal.0,Small,4,4,LT,6,1,5,TestSR,0.49974,0.47987616099071206,0.0062,0.012241835485526991,0.50026,/gpfs/projects/HeinzGroup/caffeine_underground/mlrt/FlexFringe/FlexFringe/models-ps-small/0.1.1.1.0.0.searchglobal.0.ini/0.1.1.1.0.0.searchglobal.0_04.04.LT.6.1.5_Small.final.json,/gpfs/projects/HeinzGroup/asoubki/FlexFringe/data/MLRegTest/Large/04.04.LT.6.1.5_TestSR.txt,2025-12-29 23:18:48.315399
0.1.1.1.0.0.searchglobal.0,Small,4,4,LT,6,1,5,Dev,0.49968,0.4751552795031056,0.00612,0.01208435352657768,0.50032,/gpfs/projects/HeinzGroup/caffeine_underground/mlrt/FlexFringe/FlexFringe/models-ps-small/0.1.1.1.0.0.searchglobal.0.ini/0.1.1.1.0.0.searchglobal.0_04.04.LT.6.1.5_Small.final.json,/gpfs/projects/HeinzGroup/asoubki/FlexFringe/data/MLRegTest/Large/04.04.LT.6.1.5_Dev.txt,2025-12-29 23:18:48.315399
0.1.1.1.0.0.searchglobal.0,Small,4,4,LT,6,1,5,Train,0.501,0.6666666666666666,0.004,0.007952286282306162,0.499,/gpfs/projects/HeinzGroup/caffeine_underground/mlrt/FlexFringe/FlexFringe/models-ps-small/0.1.1.1.0.0.searchglobal.0.ini/0.1.1.1.0.0.searchglobal.0_04.04.LT.6.1.5_Small.final.json,/gpfs/projects/HeinzGroup/asoubki/FlexFringe/data/MLRegTest/Small/04.04.LT.6.1.5_Train.txt,2025-12-29 23:18:48.315399
0.1.1.1.0.0.searchglobal.0,Small,4,4,LT,6,1,6,TestLR,0.50041,0.5258511979823455,0.00834,0.01641958537593763,0.49959,/gpfs/projects/HeinzGroup/caffeine_underground/mlrt/FlexFringe/FlexFringe/models-ps-small/0.1.1.1.0.0.searchglobal.0.ini/0.1.1.1.0.0.searchglobal.0_04.04.LT.6.1.6_Small.final.json,/gpfs/projects/HeinzGroup/asoubki/FlexFringe/data/MLRegTest/Large/04.04.LT.6.1.6_TestLR.txt,2025-12-29 23:14:20.089350
0.1.1.1.0.0.searchglobal.0,Small,4,4,LT,6,1,6,TestSR,0.49954,0.4718826405867971,0.00772,0.015191467590223936,0.50046,/gpfs/projects/HeinzGroup/caffeine_underground/mlrt/FlexFringe/FlexFringe/models-ps-small/0.1.1.1.0.0.searchglobal.0.ini/0.1.1.1.0.0.searchglobal.0_04.04.LT.6.1.6_Small.final.json,/gpfs/projects/HeinzGroup/asoubki/FlexFringe/data/MLRegTest/Large/04.04.LT.6.1.6_TestSR.txt,2025-12-29 23:14:20.089350
0.1.1.1.0.0.searchglobal.0,Small,4,4,LT,6,1,6,TestLA,0.50004,0.5022321428571429,0.009,0.017683118516189877,0.49996,/gpfs/projects/HeinzGroup/caffeine_underground/mlrt/FlexFringe/FlexFringe/models-ps-small/0.1.1.1.0.0.searchglobal.0.ini/0.1.1.1.0.0.searchglobal.0_04.04.LT.6.1.6_Small.final.json,/gpfs/projects/HeinzGroup/asoubki/FlexFringe/data/MLRegTest/Large/04.04.LT.6.1.6_TestLA.txt,2025-12-29 23:14:20.089350
0.1.1.1.0.0.searchglobal.0,Small,4,4,LT,6,1,6,TestSA,0.5,0.5,0.00742,0.014622994757794333,0.5,/gpfs/projects/HeinzGroup/caffeine_underground/mlrt/FlexFringe/FlexFringe/models-ps-small/0.1.1.1.0.0.searchglobal.0.ini/0.1.1.1.0.0.searchglobal.0_04.04.LT.6.1.6_Small.final.json,/gpfs/projects/HeinzGroup/asoubki/FlexFringe/data/MLRegTest/Large/04.04.LT.6.1.6_TestSA.txt,2025-12-29 23:14:20.089350
0.1.1.1.0.0.searchglobal.0,Small,4,4,LT,6,1,6,Dev,0.49976,0.4847715736040609,0.00764,0.015042923525242183,0.50024,/gpfs/projects/HeinzGroup/caffeine_underground/mlrt/FlexFringe/FlexFringe/models-ps-small/0.1.1.1.0.0.searchglobal.0.ini/0.1.1.1.0.0.searchglobal.0_04.04.LT.6.1.6_Small.final.json,/gpfs/projects/HeinzGroup/asoubki/FlexFringe/data/MLRegTest/Large/04.04.LT.6.1.6_Dev.txt,2025-12-29 23:14:20.089350
0.1.1.1.0.0.searchglobal.0,Small,4,4,LT,6,1,6,Train,0.5,0.5,0.006,0.011857707509881422,0.5,/gpfs/projects/HeinzGroup/caffeine_underground/mlrt/FlexFringe/FlexFringe/models-ps-small/0.1.1.1.0.0.searchglobal.0.ini/0.1.1.1.0.0.searchglobal.0_04.04.LT.6.1.6_Small.final.json,/gpfs/projects/HeinzGroup/asoubki/FlexFringe/data/MLRegTest/Small/04.04.LT.6.1.6_Train.txt,2025-12-29 23:14:20.089350
0.1.1.1.0.0.searchglobal.0,Small,4,4,LT,6,1,7,TestLR,0.50003,0.5164835164835165,0.00094,0.001876584615998882,0.49997,/gpfs/projects/HeinzGroup/caffeine_underground/mlrt/FlexFringe/FlexFringe/models-ps-small/0.1.1.1.0.0.searchglobal.0.ini/0.1.1.1.0.0.searchglobal.0_04.04.LT.6.1.7_Small.final.json,/gpfs/projects/HeinzGroup/asoubki/FlexFringe/data/MLRegTest/Large/04.04.LT.6.1.7_TestLR.txt,2025-12-29 23:23:03.318648
0.1.1.1.0.0.searchglobal.0,Small,4,4,LT,6,1,7,TestLA,0.5,0.5,0.00106,0.0021155151079711013,0.5,/gpfs/projects/HeinzGroup/caffeine_underground/mlrt/FlexFringe/FlexFringe/models-ps-small/0.1.1.1.0.0.searchglobal.0.ini/0.1.1.1.0.0.searchglobal.0_04.04.LT.6.1.7_Small.final.json,/gpfs/projects/HeinzGroup/asoubki/FlexFringe/data/MLRegTest/Large/04.04.LT.6.1.7_TestLA.txt,2025-12-29 23:23:03.318648
0.1.1.1.0.0.searchglobal.0,Small,4,4,LT,6,1,7,TestSR,0.49996,0.4827586206896552,0.00112,0.002234815228669487,0.50004,/gpfs/projects/HeinzGroup/caffeine_underground/mlrt/FlexFringe/FlexFringe/models-ps-small/0.1.1.1.0.0.searchglobal.0.ini/0.1.1.1.0.0.searchglobal.0_04.04.LT.6.1.7_Small.final.json,/gpfs/projects/HeinzGroup/asoubki/FlexFringe/data/MLRegTest/Large/04.04.LT.6.1.7_TestSR.txt,2025-12-29 23:23:03.318648
0.1.1.1.0.0.searchglobal.0,Small,4,4,LT,6,1,7,TestSA,0.5,0.5,0.00078,0.0015575701905028157,0.5,/gpfs/projects/HeinzGroup/caffeine_underground/mlrt/FlexFringe/FlexFringe/models-ps-small/0.1.1.1.0.0.searchglobal.0.ini/0.1.1.1.0.0.searchglobal.0_04.04.LT.6.1.7_Small.final.json,/gpfs/projects/HeinzGroup/asoubki/FlexFringe/data/MLRegTest/Large/04.04.LT.6.1.7_TestSA.txt,2025-12-29 23:23:03.318648
0.1.1.1.0.0.searchglobal.0,Small,4,4,LT,6,1,7,Dev,0.49999,0.49504950495049505,0.001,0.0019959681443484163,0.50001,/gpfs/projects/HeinzGroup/caffeine_underground/mlrt/FlexFringe/FlexFringe/models-ps-small/0.1.1.1.0.0.searchglobal.0.ini/0.1.1.1.0.0.searchglobal.0_04.04.LT.6.1.7_Small.final.json,/gpfs/projects/HeinzGroup/asoubki/FlexFringe/data/MLRegTest/Large/04.04.LT.6.1.7_Dev.txt,2025-12-29 23:23:03.318648
0.1.1.1.0.0.searchglobal.0,Small,4,4,LT,6,1,7,Train,0.5,0.0,0.0,0.0,0.5,/gpfs/projects/HeinzGroup/caffeine_underground/mlrt/FlexFringe/FlexFringe/models-ps-small/0.1.1.1.0.0.searchglobal.0.ini/0.1.1.1.0.0.searchglobal.0_04.04.LT.6.1.7_Small.final.json,/gpfs/projects/HeinzGroup/asoubki/FlexFringe/data/MLRegTest/Small/04.04.LT.6.1.7_Train.txt,2025-12-29 23:23:03.318648
0.1.1.1.0.0.searchglobal.0,Small,4,4,LT,6,1,8,TestSR,0.4999,0.49070631970260226,0.00528,0.010447583996200879,0.5001,/gpfs/projects/HeinzGroup/caffeine_underground/mlrt/FlexFringe/FlexFringe/models-ps-small/0.1.1.1.0.0.searchglobal.0.ini/0.1.1.1.0.0.searchglobal.0_04.04.LT.6.1.8_Small.final.json,/gpfs/projects/HeinzGroup/asoubki/FlexFringe/data/MLRegTest/Large/04.04.LT.6.1.8_TestSR.txt,2025-12-29 23:06:09.559309
0.1.1.1.0.0.searchglobal.0,Small,4,4,LT,6,1,8,TestLA,0.50001,0.5010224948875256,0.0049,0.009705084275782844,0.49999,/gpfs/projects/HeinzGroup/caffeine_underground/mlrt/FlexFringe/FlexFringe/models-ps-small/0.1.1.1.0.0.searchglobal.0.ini/0.1.1.1.0.0.searchglobal.0_04.04.LT.6.1.8_Small.final.json,/gpfs/projects/HeinzGroup/asoubki/FlexFringe/data/MLRegTest/Large/04.04.LT.6.1.8_TestLA.txt,2025-12-29 23:06:09.559309
0.1.1.1.0.0.searchglobal.0,Small,4,4,LT,6,1,8,TestLR,0.50031,0.5303326810176126,0.00542,0.010730335966423156,0.49969,/gpfs/projects/HeinzGroup/caffeine_underground/mlrt/FlexFringe/FlexFringe/models-ps-small/0.1.1.1.0.0.searchglobal.0.ini/0.1.1.1.0.0.searchglobal.0_04.04.LT.6.1.8_Small.final.json,/gpfs/projects/HeinzGroup/asoubki/FlexFringe/data/MLRegTest/Large/04.04.LT.6.1.8_TestLR.txt,2025-12-29 23:06:09.559309
0.1.1.1.0.0.searchglobal.0,Small,4,4,LT,6,1,8,TestSA,0.50011,0.5104761904761905,0.00536,0.010608609599208313,0.49989,/gpfs/projects/HeinzGroup/caffeine_underground/mlrt/FlexFringe/FlexFringe/models-ps-small/0.1.1.1.0.0.searchglobal.0.ini/0.1.1.1.0.0.searchglobal.0_04.04.LT.6.1.8_Small.final.json,/gpfs/projects/HeinzGroup/asoubki/FlexFringe/data/MLRegTest/Large/04.04.LT.6.1.8_TestSA.txt,2025-12-29 23:06:09.559309
0.1.1.1.0.0.searchglobal.0,Small,4,4,LT,6,1,8,Dev,0.49972,0.4717741935483871,0.00468,0.0092680608365019,0.50028,/gpfs/projects/HeinzGroup/caffeine_underground/mlrt/FlexFringe/FlexFringe/models-ps-small/0.1.1.1.0.0.searchglobal.0.ini/0.1.1.1.0.0.searchglobal.0_04.04.LT.6.1.8_Small.final.json,/gpfs/projects/HeinzGroup/asoubki/FlexFringe/data/MLRegTest/Large/04.04.LT.6.1.8_Dev.txt,2025-12-29 23:06:09.559309
0.1.1.1.0.0.searchglobal.0,Small,4,4,LT,6,1,8,Train,0.502,0.6666666666666666,0.008,0.015810276679841896,0.498,/gpfs/projects/HeinzGroup/caffeine_underground/mlrt/FlexFringe/FlexFringe/models-ps-small/0.1.1.1.0.0.searchglobal.0.ini/0.1.1.1.0.0.searchglobal.0_04.04.LT.6.1.8_Small.final.json,/gpfs/projects/HeinzGroup/asoubki/FlexFringe/data/MLRegTest/Small/04.04.LT.6.1.8_Train.txt,2025-12-29 23:06:09.559309
0.1.1.1.0.0.searchglobal.0,Small,4,4,LT,6,1,9,TestLA,0.50025,0.5502008032128514,0.00274,0.005452844832732989,0.49975,/gpfs/projects/HeinzGroup/caffeine_underground/mlrt/FlexFringe/FlexFringe/models-ps-small/0.1.1.1.0.0.searchglobal.0.ini/0.1.1.1.0.0.searchglobal.0_04.04.LT.6.1.9_Small.final.json,/gpfs/projects/HeinzGroup/asoubki/FlexFringe/data/MLRegTest/Large/04.04.LT.6.1.9_TestLA.txt,2025-12-29 22:55:33.049058
0.1.1.1.0.0.searchglobal.0,Small,4,4,LT,6,1,9,TestSA,0.50007,0.5102040816326531,0.0035,0.006952307172794629,0.49993,/gpfs/projects/HeinzGroup/caffeine_underground/mlrt/FlexFringe/FlexFringe/models-ps-small/0.1.1.1.0.0.searchglobal.0.ini/0.1.1.1.0.0.searchglobal.0_04.04.LT.6.1.9_Small.final.json,/gpfs/projects/HeinzGroup/asoubki/FlexFringe/data/MLRegTest/Large/04.04.LT.6.1.9_TestSA.txt,2025-12-29 22:55:33.049058
0.1.1.1.0.0.searchglobal.0,Small,4,4,LT,6,1,9,TestLR,0.50067,0.6425531914893617,0.00302,0.00601174479944262,0.49933,/gpfs/projects/HeinzGroup/caffeine_underground/mlrt/FlexFringe/FlexFringe/models-ps-small/0.1.1.1.0.0.searchglobal.0.ini/0.1.1.1.0.0.searchglobal.0_04.04.LT.6.1.9_Small.final.json,/gpfs/projects/HeinzGroup/asoubki/FlexFringe/data/MLRegTest/Large/04.04.LT.6.1.9_TestLR.txt,2025-12-29 22:55:33.049058
0.1.1.1.0.0.searchglobal.0,Small,4,4,LT,6,1,9,TestSR,0.50038,0.5959595959595959,0.00236,0.004701382525200208,0.49962,/gpfs/projects/HeinzGroup/caffeine_underground/mlrt/FlexFringe/FlexFringe/models-ps-small/0.1.1.1.0.0.searchglobal.0.ini/0.1.1.1.0.0.searchglobal.0_04.04.LT.6.1.9_Small.final.json,/gpfs/projects/HeinzGroup/asoubki/FlexFringe/data/MLRegTest/Large/04.04.LT.6.1.9_TestSR.txt,2025-12-29 22:55:33.049058
0.1.1.1.0.0.searchglobal.0,Small,4,4,LT,6,1,9,Dev,0.50042,0.6029411764705882,0.00246,0.00490000796749263,0.49958,/gpfs/projects/HeinzGroup/caffeine_underground/mlrt/FlexFringe/FlexFringe/models-ps-small/0.1.1.1.0.0.searchglobal.0.ini/0.1.1.1.0.0.searchglobal.0_04.04.LT.6.1.9_Small.final.json,/gpfs/projects/HeinzGroup/asoubki/FlexFringe/data/MLRegTest/Large/04.04.LT.6.1.9_Dev.txt,2025-12-29 22:55:33.049058
0.1.1.1.0.0.searchglobal.0,Small,4,4,LT,6,1,9,Train,0.499,0.0,0.0,0.0,0.501,/gpfs/projects/HeinzGroup/caffeine_underground/mlrt/FlexFringe/FlexFringe/models-ps-small/0.1.1.1.0.0.searchglobal.0.ini/0.1.1.1.0.0.searchglobal.0_04.04.LT.6.1.9_Small.final.json,/gpfs/projects/HeinzGroup/asoubki/FlexFringe/data/MLRegTest/Small/04.04.LT.6.1.9_Train.txt,2025-12-29 22:55:33.049058
0.1.1.1.0.0.searchglobal.0,Small,4,4,LTT,2,2,0,TestSA,1.0,1.0,1.0,1.0,0.0,/gpfs/projects/HeinzGroup/caffeine_underground/mlrt/FlexFringe/FlexFringe/models-ps-small/0.1.1.1.0.0.searchglobal.0.ini/0.1.1.1.0.0.searchglobal.0_04.04.LTT.2.2.0_Small.final.json,/gpfs/projects/HeinzGroup/asoubki/FlexFringe/data/MLRegTest/Large/04.04.LTT.2.2.0_TestSA.txt,2025-12-29 22:42:15.182417
0.1.1.1.0.0.searchglobal.0,Small,4,4,LTT,2,2,0,TestSR,1.0,1.0,1.0,1.0,0.0,/gpfs/projects/HeinzGroup/caffeine_underground/mlrt/FlexFringe/FlexFringe/models-ps-small/0.1.1.1.0.0.searchglobal.0.ini/0.1.1.1.0.0.searchglobal.0_04.04.LTT.2.2.0_Small.final.json,/gpfs/projects/HeinzGroup/asoubki/FlexFringe/data/MLRegTest/Large/04.04.LTT.2.2.0_TestSR.txt,2025-12-29 22:42:15.182417
0.1.1.1.0.0.searchglobal.0,Small,4,4,LTT,2,2,0,TestLR,1.0,1.0,1.0,1.0,0.0,/gpfs/projects/HeinzGroup/caffeine_underground/mlrt/FlexFringe/FlexFringe/models-ps-small/0.1.1.1.0.0.searchglobal.0.ini/0.1.1.1.0.0.searchglobal.0_04.04.LTT.2.2.0_Small.final.json,/gpfs/projects/HeinzGroup/asoubki/FlexFringe/data/MLRegTest/Large/04.04.LTT.2.2.0_TestLR.txt,2025-12-29 22:42:15.182417
0.1.1.1.0.0.searchglobal.0,Small,4,4,LTT,2,2,0,TestLA,1.0,1.0,1.0,1.0,0.0,/gpfs/projects/HeinzGroup/caffeine_underground/mlrt/FlexFringe/FlexFringe/models-ps-small/0.1.1.1.0.0.searchglobal.0.ini/0.1.1.1.0.0.searchglobal.0_04.04.LTT.2.2.0_Small.final.json,/gpfs/projects/HeinzGroup/asoubki/FlexFringe/data/MLRegTest/Large/04.04.LTT.2.2.0_TestLA.txt,2025-12-29 22:42:15.182417
0.1.1.1.0.0.searchglobal.0,Small,4,4,LTT,2,2,0,Dev,1.0,1.0,1.0,1.0,0.0,/gpfs/projects/HeinzGroup/caffeine_underground/mlrt/FlexFringe/FlexFringe/models-ps-small/0.1.1.1.0.0.searchglobal.0.ini/0.1.1.1.0.0.searchglobal.0_04.04.LTT.2.2.0_Small.final.json,/gpfs/projects/HeinzGroup/asoubki/FlexFringe/data/MLRegTest/Large/04.04.LTT.2.2.0_Dev.txt,2025-12-29 22:42:15.182417
0.1.1.1.0.0.searchglobal.0,Small,4,4,LTT,2,2,0,Train,1.0,1.0,1.0,1.0,0.0,/gpfs/projects/HeinzGroup/caffeine_underground/mlrt/FlexFringe/FlexFringe/models-ps-small/0.1.1.1.0.0.searchglobal.0.ini/0.1.1.1.0.0.searchglobal.0_04.04.LTT.2.2.0_Small.final.json,/gpfs/projects/HeinzGroup/asoubki/FlexFringe/data/MLRegTest/Small/04.04.LTT.2.2.0_Train.txt,2025-12-29 22:42:15.182417
0.1.1.1.0.0.searchglobal.0,Small,4,4,LTT,2,2,1,TestSA,0.5522,0.5488032909498878,0.587,0.5672593737920371,0.4478,/gpfs/projects/HeinzGroup/caffeine_underground/mlrt/FlexFringe/FlexFringe/models-ps-small/0.1.1.1.0.0.searchglobal.0.ini/0.1.1.1.0.0.searchglobal.0_04.04.LTT.2.2.1_Small.final.json,/gpfs/projects/HeinzGroup/asoubki/FlexFringe/data/MLRegTest/Large/04.04.LTT.2.2.1_TestSA.txt,2025-12-29 23:03:10.782404
0.1.1.1.0.0.searchglobal.0,Small,4,4,LTT,2,2,1,TestSR,0.62474,0.614883035549825,0.66764,0.640176431105571,0.37526,/gpfs/projects/HeinzGroup/caffeine_underground/mlrt/FlexFringe/FlexFringe/models-ps-small/0.1.1.1.0.0.searchglobal.0.ini/0.1.1.1.0.0.searchglobal.0_04.04.LTT.2.2.1_Small.final.json,/gpfs/projects/HeinzGroup/asoubki/FlexFringe/data/MLRegTest/Large/04.04.LTT.2.2.1_TestSR.txt,2025-12-29 23:03:10.782404
0.1.1.1.0.0.searchglobal.0,Small,4,4,LTT,2,2,1,TestLA,0.53486,0.5538661227517152,0.35844,0.4352218363729085,0.46514,/gpfs/projects/HeinzGroup/caffeine_underground/mlrt/FlexFringe/FlexFringe/models-ps-small/0.1.1.1.0.0.searchglobal.0.ini/0.1.1.1.0.0.searchglobal.0_04.04.LTT.2.2.1_Small.final.json,/gpfs/projects/HeinzGroup/asoubki/FlexFringe/data/MLRegTest/Large/04.04.LTT.2.2.1_TestLA.txt,2025-12-29 23:03:10.782404
0.1.1.1.0.0.searchglobal.0,Small,4,4,LTT,2,2,1,TestLR,0.60036,0.65971735947546,0.41454,0.5091503107420964,0.39964,/gpfs/projects/HeinzGroup/caffeine_underground/mlrt/FlexFringe/FlexFringe/models-ps-small/0.1.1.1.0.0.searchglobal.0.ini/0.1.1.1.0.0.searchglobal.0_04.04.LTT.2.2.1_Small.final.json,/gpfs/projects/HeinzGroup/asoubki/FlexFringe/data/MLRegTest/Large/04.04.LTT.2.2.1_TestLR.txt,2025-12-29 23:03:10.782404
0.1.1.1.0.0.searchglobal.0,Small,4,4,LTT,2,2,1,Dev,0.62417,0.6156037612885206,0.66122,0.6375970300371245,0.37583,/gpfs/projects/HeinzGroup/caffeine_underground/mlrt/FlexFringe/FlexFringe/models-ps-small/0.1.1.1.0.0.searchglobal.0.ini/0.1.1.1.0.0.searchglobal.0_04.04.LTT.2.2.1_Small.final.json,/gpfs/projects/HeinzGroup/asoubki/FlexFringe/data/MLRegTest/Large/04.04.LTT.2.2.1_Dev.txt,2025-12-29 23:03:10.782404
0.1.1.1.0.0.searchglobal.0,Small,4,4,LTT,2,2,1,Train,0.629,0.6153846153846154,0.688,0.6496694995278565,0.371,/gpfs/projects/HeinzGroup/caffeine_underground/mlrt/FlexFringe/FlexFringe/models-ps-small/0.1.1.1.0.0.searchglobal.0.ini/0.1.1.1.0.0.searchglobal.0_04.04.LTT.2.2.1_Small.final.json,/gpfs/projects/HeinzGroup/asoubki/FlexFringe/data/MLRegTest/Small/04.04.LTT.2.2.1_Train.txt,2025-12-29 23:03:10.782404
0.1.1.1.0.0.searchglobal.0,Small,4,4,LTT,2,2,2,TestSA,1.0,1.0,1.0,1.0,0.0,/gpfs/projects/HeinzGroup/caffeine_underground/mlrt/FlexFringe/FlexFringe/models-ps-small/0.1.1.1.0.0.searchglobal.0.ini/0.1.1.1.0.0.searchglobal.0_04.04.LTT.2.2.2_Small.final.json,/gpfs/projects/HeinzGroup/asoubki/FlexFringe/data/MLRegTest/Large/04.04.LTT.2.2.2_TestSA.txt,2025-12-29 23:12:45.192661
0.1.1.1.0.0.searchglobal.0,Small,4,4,LTT,2,2,2,TestLA,1.0,1.0,1.0,1.0,0.0,/gpfs/projects/HeinzGroup/caffeine_underground/mlrt/FlexFringe/FlexFringe/models-ps-small/0.1.1.1.0.0.searchglobal.0.ini/0.1.1.1.0.0.searchglobal.0_04.04.LTT.2.2.2_Small.final.json,/gpfs/projects/HeinzGroup/asoubki/FlexFringe/data/MLRegTest/Large/04.04.LTT.2.2.2_TestLA.txt,2025-12-29 23:12:45.192661
0.1.1.1.0.0.searchglobal.0,Small,4,4,LTT,2,2,2,TestLR,1.0,1.0,1.0,1.0,0.0,/gpfs/projects/HeinzGroup/caffeine_underground/mlrt/FlexFringe/FlexFringe/models-ps-small/0.1.1.1.0.0.searchglobal.0.ini/0.1.1.1.0.0.searchglobal.0_04.04.LTT.2.2.2_Small.final.json,/gpfs/projects/HeinzGroup/asoubki/FlexFringe/data/MLRegTest/Large/04.04.LTT.2.2.2_TestLR.txt,2025-12-29 23:12:45.192661
0.1.1.1.0.0.searchglobal.0,Small,4,4,LTT,2,2,2,TestSR,1.0,1.0,1.0,1.0,0.0,/gpfs/projects/HeinzGroup/caffeine_underground/mlrt/FlexFringe/FlexFringe/models-ps-small/0.1.1.1.0.0.searchglobal.0.ini/0.1.1.1.0.0.searchglobal.0_04.04.LTT.2.2.2_Small.final.json,/gpfs/projects/HeinzGroup/asoubki/FlexFringe/data/MLRegTest/Large/04.04.LTT.2.2.2_TestSR.txt,2025-12-29 23:12:45.192661
0.1.1.1.0.0.searchglobal.0,Small,4,4,LTT,2,2,2,Dev,1.0,1.0,1.0,1.0,0.0,/gpfs/projects/HeinzGroup/caffeine_underground/mlrt/FlexFringe/FlexFringe/models-ps-small/0.1.1.1.0.0.searchglobal.0.ini/0.1.1.1.0.0.searchglobal.0_04.04.LTT.2.2.2_Small.final.json,/gpfs/projects/HeinzGroup/asoubki/FlexFringe/data/MLRegTest/Large/04.04.LTT.2.2.2_Dev.txt,2025-12-29 23:12:45.192661
0.1.1.1.0.0.searchglobal.0,Small,4,4,LTT,2,2,2,Train,1.0,1.0,1.0,1.0,0.0,/gpfs/projects/HeinzGroup/caffeine_underground/mlrt/FlexFringe/FlexFringe/models-ps-small/0.1.1.1.0.0.searchglobal.0.ini/0.1.1.1.0.0.searchglobal.0_04.04.LTT.2.2.2_Small.final.json,/gpfs/projects/HeinzGroup/asoubki/FlexFringe/data/MLRegTest/Small/04.04.LTT.2.2.2_Train.txt,2025-12-29 23:12:45.192661
0.1.1.1.0.0.searchglobal.0,Small,4,4,LTT,2,2,3,TestSA,0.50503,0.5040638583224264,0.6239,0.5576161663106527,0.49497,/gpfs/projects/HeinzGroup/caffeine_underground/mlrt/FlexFringe/FlexFringe/models-ps-small/0.1.1.1.0.0.searchglobal.0.ini/0.1.1.1.0.0.searchglobal.0_04.04.LTT.2.2.3_Small.final.json,/gpfs/projects/HeinzGroup/asoubki/FlexFringe/data/MLRegTest/Large/04.04.LTT.2.2.3_TestSA.txt,2025-12-29 22:58:45.892524
0.1.1.1.0.0.searchglobal.0,Small,4,4,LTT,2,2,3,TestSR,0.52803,0.5219894877226013,0.66538,0.5850265969138787,0.47197,/gpfs/projects/HeinzGroup/caffeine_underground/mlrt/FlexFringe/FlexFringe/models-ps-small/0.1.1.1.0.0.searchglobal.0.ini/0.1.1.1.0.0.searchglobal.0_04.04.LTT.2.2.3_Small.final.json,/gpfs/projects/HeinzGroup/asoubki/FlexFringe/data/MLRegTest/Large/04.04.LTT.2.2.3_TestSR.txt,2025-12-29 22:58:45.892524
0.1.1.1.0.0.searchglobal.0,Small,4,4,LTT,2,2,3,TestLR,0.54808,0.5311705824386702,0.81932,0.6445045782071048,0.45192,/gpfs/projects/HeinzGroup/caffeine_underground/mlrt/FlexFringe/FlexFringe/models-ps-small/0.1.1.1.0.0.searchglobal.0.ini/0.1.1.1.0.0.searchglobal.0_04.04.LTT.2.2.3_Small.final.json,/gpfs/projects/HeinzGroup/asoubki/FlexFringe/data/MLRegTest/Large/04.04.LTT.2.2.3_TestLR.txt,2025-12-29 22:58:45.892524
0.1.1.1.0.0.searchglobal.0,Small,4,4,LTT,2,2,3,TestLA,0.50535,0.5035948986037011,0.74946,0.6024065396146643,0.49465,/gpfs/projects/HeinzGroup/caffeine_underground/mlrt/FlexFringe/FlexFringe/models-ps-small/0.1.1.1.0.0.searchglobal.0.ini/0.1.1.1.0.0.searchglobal.0_04.04.LTT.2.2.3_Small.final.json,/gpfs/projects/HeinzGroup/asoubki/FlexFringe/data/MLRegTest/Large/04.04.LTT.2.2.3_TestLA.txt,2025-12-29 22:58:45.892524
0.1.1.1.0.0.searchglobal.0,Small,4,4,LTT,2,2,3,Dev,0.52949,0.5231203449627597,0.66724,0.5864557240166997,0.47051,/gpfs/projects/HeinzGroup/caffeine_underground/mlrt/FlexFringe/FlexFringe/models-ps-small/0.1.1.1.0.0.searchglobal.0.ini/0.1.1.1.0.0.searchglobal.0_04.04.LTT.2.2.3_Small.final.json,/gpfs/projects/HeinzGroup/asoubki/FlexFringe/data/MLRegTest/Large/04.04.LTT.2.2.3_Dev.txt,2025-12-29 22:58:45.892524
0.1.1.1.0.0.searchglobal.0,Small,4,4,LTT,2,2,3,Train,0.562,0.5468277945619335,0.724,0.6230636833046471,0.438,/gpfs/projects/HeinzGroup/caffeine_underground/mlrt/FlexFringe/FlexFringe/models-ps-small/0.1.1.1.0.0.searchglobal.0.ini/0.1.1.1.0.0.searchglobal.0_04.04.LTT.2.2.3_Small.final.json,/gpfs/projects/HeinzGroup/asoubki/FlexFringe/data/MLRegTest/Small/04.04.LTT.2.2.3_Train.txt,2025-12-29 22:58:45.892524
0.1.1.1.0.0.searchglobal.0,Small,4,4,LTT,2,2,4,TestLA,0.51843,0.517937437953789,0.53216,0.5249524034999458,0.48157,/gpfs/projects/HeinzGroup/caffeine_underground/mlrt/FlexFringe/FlexFringe/models-ps-small/0.1.1.1.0.0.searchglobal.0.ini/0.1.1.1.0.0.searchglobal.0_04.04.LTT.2.2.4_Small.final.json,/gpfs/projects/HeinzGroup/asoubki/FlexFringe/data/MLRegTest/Large/04.04.LTT.2.2.4_TestLA.txt,2025-12-29 23:01:54.377833
0.1.1.1.0.0.searchglobal.0,Small,4,4,LTT,2,2,4,TestLR,0.54689,0.5470906059814811,0.54476,0.5459228155972221,0.45311,/gpfs/projects/HeinzGroup/caffeine_underground/mlrt/FlexFringe/FlexFringe/models-ps-small/0.1.1.1.0.0.searchglobal.0.ini/0.1.1.1.0.0.searchglobal.0_04.04.LTT.2.2.4_Small.final.json,/gpfs/projects/HeinzGroup/asoubki/FlexFringe/data/MLRegTest/Large/04.04.LTT.2.2.4_TestLR.txt,2025-12-29 23:01:54.377833
0.1.1.1.0.0.searchglobal.0,Small,4,4,LTT,2,2,4,TestSR,0.63422,0.6404562578484722,0.61202,0.6259153201063612,0.36578,/gpfs/projects/HeinzGroup/caffeine_underground/mlrt/FlexFringe/FlexFringe/models-ps-small/0.1.1.1.0.0.searchglobal.0.ini/0.1.1.1.0.0.searchglobal.0_04.04.LTT.2.2.4_Small.final.json,/gpfs/projects/HeinzGroup/asoubki/FlexFringe/data/MLRegTest/Large/04.04.LTT.2.2.4_TestSR.txt,2025-12-29 23:01:54.377833
0.1.1.1.0.0.searchglobal.0,Small,4,4,LTT,2,2,4,TestSA,0.55745,0.5535045728016094,0.59432,0.5731866097003482,0.44255,/gpfs/projects/HeinzGroup/caffeine_underground/mlrt/FlexFringe/FlexFringe/models-ps-small/0.1.1.1.0.0.searchglobal.0.ini/0.1.1.1.0.0.searchglobal.0_04.04.LTT.2.2.4_Small.final.json,/gpfs/projects/HeinzGroup/asoubki/FlexFringe/data/MLRegTest/Large/04.04.LTT.2.2.4_TestSA.txt,2025-12-29 23:01:54.377833
0.1.1.1.0.0.searchglobal.0,Small,4,4,LTT,2,2,4,Dev,0.63714,0.643818952137254,0.61392,0.6285140973402403,0.36286,/gpfs/projects/HeinzGroup/caffeine_underground/mlrt/FlexFringe/FlexFringe/models-ps-small/0.1.1.1.0.0.searchglobal.0.ini/0.1.1.1.0.0.searchglobal.0_04.04.LTT.2.2.4_Small.final.json,/gpfs/projects/HeinzGroup/asoubki/FlexFringe/data/MLRegTest/Large/04.04.LTT.2.2.4_Dev.txt,2025-12-29 23:01:54.377833
0.1.1.1.0.0.searchglobal.0,Small,4,4,LTT,2,2,4,Train,0.636,0.6531531531531531,0.58,0.614406779661017,0.364,/gpfs/projects/HeinzGroup/caffeine_underground/mlrt/FlexFringe/FlexFringe/models-ps-small/0.1.1.1.0.0.searchglobal.0.ini/0.1.1.1.0.0.searchglobal.0_04.04.LTT.2.2.4_Small.final.json,/gpfs/projects/HeinzGroup/asoubki/FlexFringe/data/MLRegTest/Small/04.04.LTT.2.2.4_Train.txt,2025-12-29 23:01:54.377833
0.1.1.1.0.0.searchglobal.0,Small,4,4,LTT,2,2,5,TestLR,0.53247,0.5726886053279606,0.25582,0.3536600539158084,0.46753,/gpfs/projects/HeinzGroup/caffeine_underground/mlrt/FlexFringe/FlexFringe/models-ps-small/0.1.1.1.0.0.searchglobal.0.ini/0.1.1.1.0.0.searchglobal.0_04.04.LTT.2.2.5_Small.final.json,/gpfs/projects/HeinzGroup/asoubki/FlexFringe/data/MLRegTest/Large/04.04.LTT.2.2.5_TestLR.txt,2025-12-29 23:35:23.254647
0.1.1.1.0.0.searchglobal.0,Small,4,4,LTT,2,2,5,TestLA,0.51925,0.5435382458044963,0.24032,0.33328248297668744,0.48075,/gpfs/projects/HeinzGroup/caffeine_underground/mlrt/FlexFringe/FlexFringe/models-ps-small/0.1.1.1.0.0.searchglobal.0.ini/0.1.1.1.0.0.searchglobal.0_04.04.LTT.2.2.5_Small.final.json,/gpfs/projects/HeinzGroup/asoubki/FlexFringe/data/MLRegTest/Large/04.04.LTT.2.2.5_TestLA.txt,2025-12-29 23:35:23.254647
0.1.1.1.0.0.searchglobal.0,Small,4,4,LTT,2,2,5,TestSA,0.53496,0.5747903474242684,0.26868,0.36618873684784387,0.46504,/gpfs/projects/HeinzGroup/caffeine_underground/mlrt/FlexFringe/FlexFringe/models-ps-small/0.1.1.1.0.0.searchglobal.0.ini/0.1.1.1.0.0.searchglobal.0_04.04.LTT.2.2.5_Small.final.json,/gpfs/projects/HeinzGroup/asoubki/FlexFringe/data/MLRegTest/Large/04.04.LTT.2.2.5_TestSA.txt,2025-12-29 23:35:23.254647
0.1.1.1.0.0.searchglobal.0,Small,4,4,LTT,2,2,5,TestSR,0.56424,0.6516238670694864,0.27608,0.3878399640368622,0.43576,/gpfs/projects/HeinzGroup/caffeine_underground/mlrt/FlexFringe/FlexFringe/models-ps-small/0.1.1.1.0.0.searchglobal.0.ini/0.1.1.1.0.0.searchglobal.0_04.04.LTT.2.2.5_Small.final.json,/gpfs/projects/HeinzGroup/asoubki/FlexFringe/data/MLRegTest/Large/04.04.LTT.2.2.5_TestSR.txt,2025-12-29 23:35:23.254647
0.1.1.1.0.0.searchglobal.0,Small,4,4,LTT,2,2,5,Dev,0.56807,0.6607319952774499,0.27982,0.39314365999297507,0.43193,/gpfs/projects/HeinzGroup/caffeine_underground/mlrt/FlexFringe/FlexFringe/models-ps-small/0.1.1.1.0.0.searchglobal.0.ini/0.1.1.1.0.0.searchglobal.0_04.04.LTT.2.2.5_Small.final.json,/gpfs/projects/HeinzGroup/asoubki/FlexFringe/data/MLRegTest/Large/04.04.LTT.2.2.5_Dev.txt,2025-12-29 23:35:23.254647
0.1.1.1.0.0.searchglobal.0,Small,4,4,LTT,2,2,5,Train,0.554,0.625,0.27,0.3770949720670391,0.446,/gpfs/projects/HeinzGroup/caffeine_underground/mlrt/FlexFringe/FlexFringe/models-ps-small/0.1.1.1.0.0.searchglobal.0.ini/0.1.1.1.0.0.searchglobal.0_04.04.LTT.2.2.5_Small.final.json,/gpfs/projects/HeinzGroup/asoubki/FlexFringe/data/MLRegTest/Small/04.04.LTT.2.2.5_Train.txt,2025-12-29 23:35:23.254647
0.1.1.1.0.0.searchglobal.0,Small,4,4,LTT,2,2,6,TestLR,0.51188,0.5270344074276352,0.2316,0.32179180792530426,0.48812,/gpfs/projects/HeinzGroup/caffeine_underground/mlrt/FlexFringe/FlexFringe/models-ps-small/0.1.1.1.0.0.searchglobal.0.ini/0.1.1.1.0.0.searchglobal.0_04.04.LTT.2.2.6_Small.final.json,/gpfs/projects/HeinzGroup/asoubki/FlexFringe/data/MLRegTest/Large/04.04.LTT.2.2.6_TestLR.txt,2025-12-29 22:24:20.128902
0.1.1.1.0.0.searchglobal.0,Small,4,4,LTT,2,2,6,TestSR,0.51241,0.5278163805083605,0.23548,0.32566694787503286,0.48759,/gpfs/projects/HeinzGroup/caffeine_underground/mlrt/FlexFringe/FlexFringe/models-ps-small/0.1.1.1.0.0.searchglobal.0.ini/0.1.1.1.0.0.searchglobal.0_04.04.LTT.2.2.6_Small.final.json,/gpfs/projects/HeinzGroup/asoubki/FlexFringe/data/MLRegTest/Large/04.04.LTT.2.2.6_TestSR.txt,2025-12-29 22:24:20.128902
0.1.1.1.0.0.searchglobal.0,Small,4,4,LTT,2,2,6,TestSA,0.50657,0.5146357763421697,0.23102,0.318890192559873,0.49343,/gpfs/projects/HeinzGroup/caffeine_underground/mlrt/FlexFringe/FlexFringe/models-ps-small/0.1.1.1.0.0.searchglobal.0.ini/0.1.1.1.0.0.searchglobal.0_04.04.LTT.2.2.6_Small.final.json,/gpfs/projects/HeinzGroup/asoubki/FlexFringe/data/MLRegTest/Large/04.04.LTT.2.2.6_TestSA.txt,2025-12-29 22:24:20.128902
0.1.1.1.0.0.searchglobal.0,Small,4,4,LTT,2,2,6,TestLA,0.50539,0.5118790496760259,0.23226,0.3195344421973668,0.49461,/gpfs/projects/HeinzGroup/caffeine_underground/mlrt/FlexFringe/FlexFringe/models-ps-small/0.1.1.1.0.0.searchglobal.0.ini/0.1.1.1.0.0.searchglobal.0_04.04.LTT.2.2.6_Small.final.json,/gpfs/projects/HeinzGroup/asoubki/FlexFringe/data/MLRegTest/Large/04.04.LTT.2.2.6_TestLA.txt,2025-12-29 22:24:20.128902
0.1.1.1.0.0.searchglobal.0,Small,4,4,LTT,2,2,6,Dev,0.50963,0.5219012963384125,0.22948,0.3187886365214975,0.49037,/gpfs/projects/HeinzGroup/caffeine_underground/mlrt/FlexFringe/FlexFringe/models-ps-small/0.1.1.1.0.0.searchglobal.0.ini/0.1.1.1.0.0.searchglobal.0_04.04.LTT.2.2.6_Small.final.json,/gpfs/projects/HeinzGroup/asoubki/FlexFringe/data/MLRegTest/Large/04.04.LTT.2.2.6_Dev.txt,2025-12-29 22:24:20.128902
0.1.1.1.0.0.searchglobal.0,Small,4,4,LTT,2,2,6,Train,0.493,0.48497854077253216,0.226,0.3083219645293315,0.507,/gpfs/projects/HeinzGroup/caffeine_underground/mlrt/FlexFringe/FlexFringe/models-ps-small/0.1.1.1.0.0.searchglobal.0.ini/0.1.1.1.0.0.searchglobal.0_04.04.LTT.2.2.6_Small.final.json,/gpfs/projects/HeinzGroup/asoubki/FlexFringe/data/MLRegTest/Small/04.04.LTT.2.2.6_Train.txt,2025-12-29 22:24:20.128902
0.1.1.1.0.0.searchglobal.0,Small,4,4,LTT,2,2,7,TestLA,0.51554,0.5317713444553483,0.2601,0.3493338347480391,0.48446,/gpfs/projects/HeinzGroup/caffeine_underground/mlrt/FlexFringe/FlexFringe/models-ps-small/0.1.1.1.0.0.searchglobal.0.ini/0.1.1.1.0.0.searchglobal.0_04.04.LTT.2.2.7_Small.final.json,/gpfs/projects/HeinzGroup/asoubki/FlexFringe/data/MLRegTest/Large/04.04.LTT.2.2.7_TestLA.txt,2025-12-29 22:54:23.562547
0.1.1.1.0.0.searchglobal.0,Small,4,4,LTT,2,2,7,TestSR,0.52309,0.5443237225016316,0.28356,0.3728746696122135,0.47691,/gpfs/projects/HeinzGroup/caffeine_underground/mlrt/FlexFringe/FlexFringe/models-ps-small/0.1.1.1.0.0.searchglobal.0.ini/0.1.1.1.0.0.searchglobal.0_04.04.LTT.2.2.7_Small.final.json,/gpfs/projects/HeinzGroup/asoubki/FlexFringe/data/MLRegTest/Large/04.04.LTT.2.2.7_TestSR.txt,2025-12-29 22:54:23.562547
0.1.1.1.0.0.searchglobal.0,Small,4,4,LTT,2,2,7,TestSA,0.53128,0.5642405323256388,0.27474,0.3695424098135744,0.46872,/gpfs/projects/HeinzGroup/caffeine_underground/mlrt/FlexFringe/FlexFringe/models-ps-small/0.1.1.1.0.0.searchglobal.0.ini/0.1.1.1.0.0.searchglobal.0_04.04.LTT.2.2.7_Small.final.json,/gpfs/projects/HeinzGroup/asoubki/FlexFringe/data/MLRegTest/Large/04.04.LTT.2.2.7_TestSA.txt,2025-12-29 22:54:23.562547
0.1.1.1.0.0.searchglobal.0,Small,4,4,LTT,2,2,7,TestLR,0.51267,0.5236760473894682,0.28024,0.3651002514428651,0.48733,/gpfs/projects/HeinzGroup/caffeine_underground/mlrt/FlexFringe/FlexFringe/models-ps-small/0.1.1.1.0.0.searchglobal.0.ini/0.1.1.1.0.0.searchglobal.0_04.04.LTT.2.2.7_Small.final.json,/gpfs/projects/HeinzGroup/asoubki/FlexFringe/data/MLRegTest/Large/04.04.LTT.2.2.7_TestLR.txt,2025-12-29 22:54:23.562547
0.1.1.1.0.0.searchglobal.0,Small,4,4,LTT,2,2,7,Dev,0.52487,0.5477442887310424,0.28532,0.37519889539088697,0.47513,/gpfs/projects/HeinzGroup/caffeine_underground/mlrt/FlexFringe/FlexFringe/models-ps-small/0.1.1.1.0.0.searchglobal.0.ini/0.1.1.1.0.0.searchglobal.0_04.04.LTT.2.2.7_Small.final.json,/gpfs/projects/HeinzGroup/asoubki/FlexFringe/data/MLRegTest/Large/04.04.LTT.2.2.7_Dev.txt,2025-12-29 22:54:23.562547
0.1.1.1.0.0.searchglobal.0,Small,4,4,LTT,2,2,7,Train,0.546,0.5815602836879432,0.328,0.4194373401534527,0.454,/gpfs/projects/HeinzGroup/caffeine_underground/mlrt/FlexFringe/FlexFringe/models-ps-small/0.1.1.1.0.0.searchglobal.0.ini/0.1.1.1.0.0.searchglobal.0_04.04.LTT.2.2.7_Small.final.json,/gpfs/projects/HeinzGroup/asoubki/FlexFringe/data/MLRegTest/Small/04.04.LTT.2.2.7_Train.txt,2025-12-29 22:54:23.562547
0.1.1.1.0.0.searchglobal.0,Small,4,4,LTT,2,2,8,TestSR,0.49959,0.4987919146679239,0.16928,0.2527736714002001,0.50041,/gpfs/projects/HeinzGroup/caffeine_underground/mlrt/FlexFringe/FlexFringe/models-ps-small/0.1.1.1.0.0.searchglobal.0.ini/0.1.1.1.0.0.searchglobal.0_04.04.LTT.2.2.8_Small.final.json,/gpfs/projects/HeinzGroup/asoubki/FlexFringe/data/MLRegTest/Large/04.04.LTT.2.2.8_TestSR.txt,2025-12-29 23:09:21.109392
0.1.1.1.0.0.searchglobal.0,Small,4,4,LTT,2,2,8,TestSA,0.49964,0.49892984542211655,0.16784,0.2511822807542652,0.50036,/gpfs/projects/HeinzGroup/caffeine_underground/mlrt/FlexFringe/FlexFringe/models-ps-small/0.1.1.1.0.0.searchglobal.0.ini/0.1.1.1.0.0.searchglobal.0_04.04.LTT.2.2.8_Small.final.json,/gpfs/projects/HeinzGroup/asoubki/FlexFringe/data/MLRegTest/Large/04.04.LTT.2.2.8_TestSA.txt,2025-12-29 23:09:21.109392
0.1.1.1.0.0.searchglobal.0,Small,4,4,LTT,2,2,8,TestLR,0.49926,0.49822388632872505,0.20758,0.2930596340637,0.50074,/gpfs/projects/HeinzGroup/caffeine_underground/mlrt/FlexFringe/FlexFringe/models-ps-small/0.1.1.1.0.0.searchglobal.0.ini/0.1.1.1.0.0.searchglobal.0_04.04.LTT.2.2.8_Small.final.json,/gpfs/projects/HeinzGroup/asoubki/FlexFringe/data/MLRegTest/Large/04.04.LTT.2.2.8_TestLR.txt,2025-12-29 23:09:21.109392
0.1.1.1.0.0.searchglobal.0,Small,4,4,LTT,2,2,8,TestLA,0.49911,0.49777555611097224,0.19916,0.28449396471680594,0.50089,/gpfs/projects/HeinzGroup/caffeine_underground/mlrt/FlexFringe/FlexFringe/models-ps-small/0.1.1.1.0.0.searchglobal.0.ini/0.1.1.1.0.0.searchglobal.0_04.04.LTT.2.2.8_Small.final.json,/gpfs/projects/HeinzGroup/asoubki/FlexFringe/data/MLRegTest/Large/04.04.LTT.2.2.8_TestLA.txt,2025-12-29 23:09:21.109392
0.1.1.1.0.0.searchglobal.0,Small,4,4,LTT,2,2,8,Dev,0.50011,0.5003263513914437,0.16864,0.25225494742195564,0.49989,/gpfs/projects/HeinzGroup/caffeine_underground/mlrt/FlexFringe/FlexFringe/models-ps-small/0.1.1.1.0.0.searchglobal.0.ini/0.1.1.1.0.0.searchglobal.0_04.04.LTT.2.2.8_Small.final.json,/gpfs/projects/HeinzGroup/asoubki/FlexFringe/data/MLRegTest/Large/04.04.LTT.2.2.8_Dev.txt,2025-12-29 23:09:21.109392
0.1.1.1.0.0.searchglobal.0,Small,4,4,LTT,2,2,8,Train,0.495,0.48466257668711654,0.158,0.2383107088989442,0.505,/gpfs/projects/HeinzGroup/caffeine_underground/mlrt/FlexFringe/FlexFringe/models-ps-small/0.1.1.1.0.0.searchglobal.0.ini/0.1.1.1.0.0.searchglobal.0_04.04.LTT.2.2.8_Small.final.json,/gpfs/projects/HeinzGroup/asoubki/FlexFringe/data/MLRegTest/Small/04.04.LTT.2.2.8_Train.txt,2025-12-29 23:09:21.109392
0.1.1.1.0.0.searchglobal.0,Small,4,4,LTT,2,2,9,TestSA,0.54,0.5677048070412999,0.3354,0.4216746291174252,0.46,/gpfs/projects/HeinzGroup/caffeine_underground/mlrt/FlexFringe/FlexFringe/models-ps-small/0.1.1.1.0.0.searchglobal.0.ini/0.1.1.1.0.0.searchglobal.0_04.04.LTT.2.2.9_Small.final.json,/gpfs/projects/HeinzGroup/asoubki/FlexFringe/data/MLRegTest/Large/04.04.LTT.2.2.9_TestSA.txt,2025-12-29 23:22:49.169678
0.1.1.1.0.0.searchglobal.0,Small,4,4,LTT,2,2,9,TestLR,0.53549,0.5674791801346161,0.29846,0.39118182890546155,0.46451,/gpfs/projects/HeinzGroup/caffeine_underground/mlrt/FlexFringe/FlexFringe/models-ps-small/0.1.1.1.0.0.searchglobal.0.ini/0.1.1.1.0.0.searchglobal.0_04.04.LTT.2.2.9_Small.final.json,/gpfs/projects/HeinzGroup/asoubki/FlexFringe/data/MLRegTest/Large/04.04.LTT.2.2.9_TestLR.txt,2025-12-29 23:22:49.169678
0.1.1.1.0.0.searchglobal.0,Small,4,4,LTT,2,2,9,TestSR,0.58325,0.6664667066586683,0.3333,0.4443703753083128,0.41675,/gpfs/projects/HeinzGroup/caffeine_underground/mlrt/FlexFringe/FlexFringe/models-ps-small/0.1.1.1.0.0.searchglobal.0.ini/0.1.1.1.0.0.searchglobal.0_04.04.LTT.2.2.9_Small.final.json,/gpfs/projects/HeinzGroup/asoubki/FlexFringe/data/MLRegTest/Large/04.04.LTT.2.2.9_TestSR.txt,2025-12-29 23:22:49.169678
0.1.1.1.0.0.searchglobal.0,Small,4,4,LTT,2,2,9,TestLA,0.51585,0.5278177542209274,0.30074,0.3831619717412631,0.48415,/gpfs/projects/HeinzGroup/caffeine_underground/mlrt/FlexFringe/FlexFringe/models-ps-small/0.1.1.1.0.0.searchglobal.0.ini/0.1.1.1.0.0.searchglobal.0_04.04.LTT.2.2.9_Small.final.json,/gpfs/projects/HeinzGroup/asoubki/FlexFringe/data/MLRegTest/Large/04.04.LTT.2.2.9_TestLA.txt,2025-12-29 23:22:49.169678
0.1.1.1.0.0.searchglobal.0,Small,4,4,LTT,2,2,9,Dev,0.58334,0.6668668909178279,0.33306,0.4442458517846663,0.41666,/gpfs/projects/HeinzGroup/caffeine_underground/mlrt/FlexFringe/FlexFringe/models-ps-small/0.1.1.1.0.0.searchglobal.0.ini/0.1.1.1.0.0.searchglobal.0_04.04.LTT.2.2.9_Small.final.json,/gpfs/projects/HeinzGroup/asoubki/FlexFringe/data/MLRegTest/Large/04.04.LTT.2.2.9_Dev.txt,2025-12-29 23:22:49.169678
0.1.1.1.0.0.searchglobal.0,Small,4,4,LTT,2,2,9,Train,0.588,0.6692307692307692,0.348,0.45789473684210524,0.412,/gpfs/projects/HeinzGroup/caffeine_underground/mlrt/FlexFringe/FlexFringe/models-ps-small/0.1.1.1.0.0.searchglobal.0.ini/0.1.1.1.0.0.searchglobal.0_04.04.LTT.2.2.9_Small.final.json,/gpfs/projects/HeinzGroup/asoubki/FlexFringe/data/MLRegTest/Small/04.04.LTT.2.2.9_Train.txt,2025-12-29 23:22:49.169678
0.1.1.1.0.0.searchglobal.0,Small,4,4,LTT,2,3,0,TestSA,0.83548,0.7883517843636113,0.9172,0.8479088858484636,0.16452,/gpfs/projects/HeinzGroup/caffeine_underground/mlrt/FlexFringe/FlexFringe/models-ps-small/0.1.1.1.0.0.searchglobal.0.ini/0.1.1.1.0.0.searchglobal.0_04.04.LTT.2.3.0_Small.final.json,/gpfs/projects/HeinzGroup/asoubki/FlexFringe/data/MLRegTest/Large/04.04.LTT.2.3.0_TestSA.txt,2025-12-29 23:14:26.305562
0.1.1.1.0.0.searchglobal.0,Small,4,4,LTT,2,3,0,TestLR,0.87647,0.8604998563631141,0.89862,0.8791468962481045,0.12353,/gpfs/projects/HeinzGroup/caffeine_underground/mlrt/FlexFringe/FlexFringe/models-ps-small/0.1.1.1.0.0.searchglobal.0.ini/0.1.1.1.0.0.searchglobal.0_04.04.LTT.2.3.0_Small.final.json,/gpfs/projects/HeinzGroup/asoubki/FlexFringe/data/MLRegTest/Large/04.04.LTT.2.3.0_TestLR.txt,2025-12-29 23:14:26.305562
0.1.1.1.0.0.searchglobal.0,Small,4,4,LTT,2,3,0,TestSR,0.93237,0.9352864190073492,0.92902,0.9321426779712035,0.06763,/gpfs/projects/HeinzGroup/caffeine_underground/mlrt/FlexFringe/FlexFringe/models-ps-small/0.1.1.1.0.0.searchglobal.0.ini/0.1.1.1.0.0.searchglobal.0_04.04.LTT.2.3.0_Small.final.json,/gpfs/projects/HeinzGroup/asoubki/FlexFringe/data/MLRegTest/Large/04.04.LTT.2.3.0_TestSR.txt,2025-12-29 23:14:26.305562
0.1.1.1.0.0.searchglobal.0,Small,4,4,LTT,2,3,0,TestLA,0.76292,0.717850987670688,0.86636,0.7851446385847893,0.23708,/gpfs/projects/HeinzGroup/caffeine_underground/mlrt/FlexFringe/FlexFringe/models-ps-small/0.1.1.1.0.0.searchglobal.0.ini/0.1.1.1.0.0.searchglobal.0_04.04.LTT.2.3.0_Small.final.json,/gpfs/projects/HeinzGroup/asoubki/FlexFringe/data/MLRegTest/Large/04.04.LTT.2.3.0_TestLA.txt,2025-12-29 23:14:26.305562
0.1.1.1.0.0.searchglobal.0,Small,4,4,LTT,2,3,0,Dev,0.93083,0.9357892820294956,0.92514,0.9304341704297453,0.06917,/gpfs/projects/HeinzGroup/caffeine_underground/mlrt/FlexFringe/FlexFringe/models-ps-small/0.1.1.1.0.0.searchglobal.0.ini/0.1.1.1.0.0.searchglobal.0_04.04.LTT.2.3.0_Small.final.json,/gpfs/projects/HeinzGroup/asoubki/FlexFringe/data/MLRegTest/Large/04.04.LTT.2.3.0_Dev.txt,2025-12-29 23:14:26.305562
0.1.1.1.0.0.searchglobal.0,Small,4,4,LTT,2,3,0,Train,0.935,0.946611909650924,0.922,0.9341438703140831,0.065,/gpfs/projects/HeinzGroup/caffeine_underground/mlrt/FlexFringe/FlexFringe/models-ps-small/0.1.1.1.0.0.searchglobal.0.ini/0.1.1.1.0.0.searchglobal.0_04.04.LTT.2.3.0_Small.final.json,/gpfs/projects/HeinzGroup/asoubki/FlexFringe/data/MLRegTest/Small/04.04.LTT.2.3.0_Train.txt,2025-12-29 23:14:26.305562
0.1.1.1.0.0.searchglobal.0,Small,4,4,LTT,2,3,1,TestLA,0.50632,0.5050455053488744,0.63262,0.5616798366332239,0.49368,/gpfs/projects/HeinzGroup/caffeine_underground/mlrt/FlexFringe/FlexFringe/models-ps-small/0.1.1.1.0.0.searchglobal.0.ini/0.1.1.1.0.0.searchglobal.0_04.04.LTT.2.3.1_Small.final.json,/gpfs/projects/HeinzGroup/asoubki/FlexFringe/data/MLRegTest/Large/04.04.LTT.2.3.1_TestLA.txt,2025-12-29 22:58:25.277071
0.1.1.1.0.0.searchglobal.0,Small,4,4,LTT,2,3,1,TestSR,0.5517,0.5397215648913611,0.70248,0.6104381376110116,0.4483,/gpfs/projects/HeinzGroup/caffeine_underground/mlrt/FlexFringe/FlexFringe/models-ps-small/0.1.1.1.0.0.searchglobal.0.ini/0.1.1.1.0.0.searchglobal.0_04.04.LTT.2.3.1_Small.final.json,/gpfs/projects/HeinzGroup/asoubki/FlexFringe/data/MLRegTest/Large/04.04.LTT.2.3.1_TestSR.txt,2025-12-29 22:58:25.277071
0.1.1.1.0.0.searchglobal.0,Small,4,4,LTT,2,3,1,TestSA,0.51713,0.5136014991027615,0.64684,0.5725717219463402,0.48287,/gpfs/projects/HeinzGroup/caffeine_underground/mlrt/FlexFringe/FlexFringe/models-ps-small/0.1.1.1.0.0.searchglobal.0.ini/0.1.1.1.0.0.searchglobal.0_04.04.LTT.2.3.1_Small.final.json,/gpfs/projects/HeinzGroup/asoubki/FlexFringe/data/MLRegTest/Large/04.04.LTT.2.3.1_TestSA.txt,2025-12-29 22:58:25.277071
0.1.1.1.0.0.searchglobal.0,Small,4,4,LTT,2,3,1,TestLR,0.52413,0.5192987507397988,0.6493,0.5770683541153782,0.47587,/gpfs/projects/HeinzGroup/caffeine_underground/mlrt/FlexFringe/FlexFringe/models-ps-small/0.1.1.1.0.0.searchglobal.0.ini/0.1.1.1.0.0.searchglobal.0_04.04.LTT.2.3.1_Small.final.json,/gpfs/projects/HeinzGroup/asoubki/FlexFringe/data/MLRegTest/Large/04.04.LTT.2.3.1_TestLR.txt,2025-12-29 22:58:25.277071
0.1.1.1.0.0.searchglobal.0,Small,4,4,LTT,2,3,1,Dev,0.55487,0.5422447376930539,0.7043,0.6127384877722001,0.44513,/gpfs/projects/HeinzGroup/caffeine_underground/mlrt/FlexFringe/FlexFringe/models-ps-small/0.1.1.1.0.0.searchglobal.0.ini/0.1.1.1.0.0.searchglobal.0_04.04.LTT.2.3.1_Small.final.json,/gpfs/projects/HeinzGroup/asoubki/FlexFringe/data/MLRegTest/Large/04.04.LTT.2.3.1_Dev.txt,2025-12-29 22:58:25.277071
0.1.1.1.0.0.searchglobal.0,Small,4,4,LTT,2,3,1,Train,0.558,0.5444785276073619,0.71,0.6163194444444444,0.442,/gpfs/projects/HeinzGroup/caffeine_underground/mlrt/FlexFringe/FlexFringe/models-ps-small/0.1.1.1.0.0.searchglobal.0.ini/0.1.1.1.0.0.searchglobal.0_04.04.LTT.2.3.1_Small.final.json,/gpfs/projects/HeinzGroup/asoubki/FlexFringe/data/MLRegTest/Small/04.04.LTT.2.3.1_Train.txt,2025-12-29 22:58:25.277071
0.1.1.1.0.0.searchglobal.0,Small,4,4,LTT,2,3,2,TestLA,0.69857,0.7260124291470327,0.63786,0.6790873957989545,0.30143,/gpfs/projects/HeinzGroup/caffeine_underground/mlrt/FlexFringe/FlexFringe/models-ps-small/0.1.1.1.0.0.searchglobal.0.ini/0.1.1.1.0.0.searchglobal.0_04.04.LTT.2.3.2_Small.final.json,/gpfs/projects/HeinzGroup/asoubki/FlexFringe/data/MLRegTest/Large/04.04.LTT.2.3.2_TestLA.txt,2025-12-29 22:35:46.862702
0.1.1.1.0.0.searchglobal.0,Small,4,4,LTT,2,3,2,TestSR,0.82877,0.8542245781886353,0.79284,0.8223884157789372,0.17123,/gpfs/projects/HeinzGroup/caffeine_underground/mlrt/FlexFringe/FlexFringe/models-ps-small/0.1.1.1.0.0.searchglobal.0.ini/0.1.1.1.0.0.searchglobal.0_04.04.LTT.2.3.2_Small.final.json,/gpfs/projects/HeinzGroup/asoubki/FlexFringe/data/MLRegTest/Large/04.04.LTT.2.3.2_TestSR.txt,2025-12-29 22:35:46.862702
0.1.1.1.0.0.searchglobal.0,Small,4,4,LTT,2,3,2,TestSA,0.811,0.839578965758211,0.76892,0.8026975112744279,0.189,/gpfs/projects/HeinzGroup/caffeine_underground/mlrt/FlexFringe/FlexFringe/models-ps-small/0.1.1.1.0.0.searchglobal.0.ini/0.1.1.1.0.0.searchglobal.0_04.04.LTT.2.3.2_Small.final.json,/gpfs/projects/HeinzGroup/asoubki/FlexFringe/data/MLRegTest/Large/04.04.LTT.2.3.2_TestSA.txt,2025-12-29 22:35:46.862702
0.1.1.1.0.0.searchglobal.0,Small,4,4,LTT,2,3,2,TestLR,0.67932,0.725707380928406,0.57656,0.6425928402657037,0.32068,/gpfs/projects/HeinzGroup/caffeine_underground/mlrt/FlexFringe/FlexFringe/models-ps-small/0.1.1.1.0.0.searchglobal.0.ini/0.1.1.1.0.0.searchglobal.0_04.04.LTT.2.3.2_Small.final.json,/gpfs/projects/HeinzGroup/asoubki/FlexFringe/data/MLRegTest/Large/04.04.LTT.2.3.2_TestLR.txt,2025-12-29 22:35:46.862702
0.1.1.1.0.0.searchglobal.0,Small,4,4,LTT,2,3,2,Dev,0.82936,0.8546539173881208,0.7937,0.8230499616317897,0.17064,/gpfs/projects/HeinzGroup/caffeine_underground/mlrt/FlexFringe/FlexFringe/models-ps-small/0.1.1.1.0.0.searchglobal.0.ini/0.1.1.1.0.0.searchglobal.0_04.04.LTT.2.3.2_Small.final.json,/gpfs/projects/HeinzGroup/asoubki/FlexFringe/data/MLRegTest/Large/04.04.LTT.2.3.2_Dev.txt,2025-12-29 22:35:46.862702
0.1.1.1.0.0.searchglobal.0,Small,4,4,LTT,2,3,2,Train,0.828,0.8565217391304348,0.788,0.8208333333333333,0.172,/gpfs/projects/HeinzGroup/caffeine_underground/mlrt/FlexFringe/FlexFringe/models-ps-small/0.1.1.1.0.0.searchglobal.0.ini/0.1.1.1.0.0.searchglobal.0_04.04.LTT.2.3.2_Small.final.json,/gpfs/projects/HeinzGroup/asoubki/FlexFringe/data/MLRegTest/Small/04.04.LTT.2.3.2_Train.txt,2025-12-29 22:35:46.862702
0.1.1.1.0.0.searchglobal.0,Small,4,4,LTT,2,3,3,TestSR,0.53634,0.5473201729256733,0.42032,0.475485870721057,0.46366,/gpfs/projects/HeinzGroup/caffeine_underground/mlrt/FlexFringe/FlexFringe/models-ps-small/0.1.1.1.0.0.searchglobal.0.ini/0.1.1.1.0.0.searchglobal.0_04.04.LTT.2.3.3_Small.final.json,/gpfs/projects/HeinzGroup/asoubki/FlexFringe/data/MLRegTest/Large/04.04.LTT.2.3.3_TestSR.txt,2025-12-29 23:23:45.108416
0.1.1.1.0.0.searchglobal.0,Small,4,4,LTT,2,3,3,TestLA,0.51416,0.5143018745959922,0.5092,0.511738221579032,0.48584,/gpfs/projects/HeinzGroup/caffeine_underground/mlrt/FlexFringe/FlexFringe/models-ps-small/0.1.1.1.0.0.searchglobal.0.ini/0.1.1.1.0.0.searchglobal.0_04.04.LTT.2.3.3_Small.final.json,/gpfs/projects/HeinzGroup/asoubki/FlexFringe/data/MLRegTest/Large/04.04.LTT.2.3.3_TestLA.txt,2025-12-29 23:23:45.108416
0.1.1.1.0.0.searchglobal.0,Small,4,4,LTT,2,3,3,TestSA,0.51612,0.5218428184281843,0.38512,0.44317606444188723,0.48388,/gpfs/projects/HeinzGroup/caffeine_underground/mlrt/FlexFringe/FlexFringe/models-ps-small/0.1.1.1.0.0.searchglobal.0.ini/0.1.1.1.0.0.searchglobal.0_04.04.LTT.2.3.3_Small.final.json,/gpfs/projects/HeinzGroup/asoubki/FlexFringe/data/MLRegTest/Large/04.04.LTT.2.3.3_TestSA.txt,2025-12-29 23:23:45.108416
0.1.1.1.0.0.searchglobal.0,Small,4,4,LTT,2,3,3,TestLR,0.57067,0.5675892805906769,0.59346,0.5802364121667204,0.42933,/gpfs/projects/HeinzGroup/caffeine_underground/mlrt/FlexFringe/FlexFringe/models-ps-small/0.1.1.1.0.0.searchglobal.0.ini/0.1.1.1.0.0.searchglobal.0_04.04.LTT.2.3.3_Small.final.json,/gpfs/projects/HeinzGroup/asoubki/FlexFringe/data/MLRegTest/Large/04.04.LTT.2.3.3_TestLR.txt,2025-12-29 23:23:45.108416
0.1.1.1.0.0.searchglobal.0,Small,4,4,LTT,2,3,3,Dev,0.53698,0.5486835176408636,0.41678,0.47372130029552173,0.46302,/gpfs/projects/HeinzGroup/caffeine_underground/mlrt/FlexFringe/FlexFringe/models-ps-small/0.1.1.1.0.0.searchglobal.0.ini/0.1.1.1.0.0.searchglobal.0_04.04.LTT.2.3.3_Small.final.json,/gpfs/projects/HeinzGroup/asoubki/FlexFringe/data/MLRegTest/Large/04.04.LTT.2.3.3_Dev.txt,2025-12-29 23:23:45.108416
0.1.1.1.0.0.searchglobal.0,Small,4,4,LTT,2,3,3,Train,0.523,0.5316804407713499,0.386,0.44727694090382386,0.477,/gpfs/projects/HeinzGroup/caffeine_underground/mlrt/FlexFringe/FlexFringe/models-ps-small/0.1.1.1.0.0.searchglobal.0.ini/0.1.1.1.0.0.searchglobal.0_04.04.LTT.2.3.3_Small.final.json,/gpfs/projects/HeinzGroup/asoubki/FlexFringe/data/MLRegTest/Small/04.04.LTT.2.3.3_Train.txt,2025-12-29 23:23:45.108416
0.1.1.1.0.0.searchglobal.0,Small,4,4,LTT,2,3,4,TestLA,0.53516,0.5320802919708029,0.58316,0.5564503816793893,0.46484,/gpfs/projects/HeinzGroup/caffeine_underground/mlrt/FlexFringe/FlexFringe/models-ps-small/0.1.1.1.0.0.searchglobal.0.ini/0.1.1.1.0.0.searchglobal.0_04.04.LTT.2.3.4_Small.final.json,/gpfs/projects/HeinzGroup/asoubki/FlexFringe/data/MLRegTest/Large/04.04.LTT.2.3.4_TestLA.txt,2025-12-29 23:36:48.725837
0.1.1.1.0.0.searchglobal.0,Small,4,4,LTT,2,3,4,TestSA,0.56511,0.5547280827099269,0.65996,0.6027857697401471,0.43489,/gpfs/projects/HeinzGroup/caffeine_underground/mlrt/FlexFringe/FlexFringe/models-ps-small/0.1.1.1.0.0.searchglobal.0.ini/0.1.1.1.0.0.searchglobal.0_04.04.LTT.2.3.4_Small.final.json,/gpfs/projects/HeinzGroup/asoubki/FlexFringe/data/MLRegTest/Large/04.04.LTT.2.3.4_TestSA.txt,2025-12-29 23:36:48.725837
0.1.1.1.0.0.searchglobal.0,Small,4,4,LTT,2,3,4,TestSR,0.7254,0.7439816418427433,0.68732,0.7145292747837658,0.2746,/gpfs/projects/HeinzGroup/caffeine_underground/mlrt/FlexFringe/FlexFringe/models-ps-small/0.1.1.1.0.0.searchglobal.0.ini/0.1.1.1.0.0.searchglobal.0_04.04.LTT.2.3.4_Small.final.json,/gpfs/projects/HeinzGroup/asoubki/FlexFringe/data/MLRegTest/Large/04.04.LTT.2.3.4_TestSR.txt,2025-12-29 23:36:48.725837
0.1.1.1.0.0.searchglobal.0,Small,4,4,LTT,2,3,4,TestLR,0.63447,0.6408977556109726,0.61166,0.6259376375116406,0.36553,/gpfs/projects/HeinzGroup/caffeine_underground/mlrt/FlexFringe/FlexFringe/models-ps-small/0.1.1.1.0.0.searchglobal.0.ini/0.1.1.1.0.0.searchglobal.0_04.04.LTT.2.3.4_Small.final.json,/gpfs/projects/HeinzGroup/asoubki/FlexFringe/data/MLRegTest/Large/04.04.LTT.2.3.4_TestLR.txt,2025-12-29 23:36:48.725837
0.1.1.1.0.0.searchglobal.0,Small,4,4,LTT,2,3,4,Dev,0.72685,0.7450260309779438,0.68976,0.7163286288438172,0.27315,/gpfs/projects/HeinzGroup/caffeine_underground/mlrt/FlexFringe/FlexFringe/models-ps-small/0.1.1.1.0.0.searchglobal.0.ini/0.1.1.1.0.0.searchglobal.0_04.04.LTT.2.3.4_Small.final.json,/gpfs/projects/HeinzGroup/asoubki/FlexFringe/data/MLRegTest/Large/04.04.LTT.2.3.4_Dev.txt,2025-12-29 23:36:48.725837
0.1.1.1.0.0.searchglobal.0,Small,4,4,LTT,2,3,4,Train,0.712,0.7245762711864406,0.684,0.7037037037037037,0.288,/gpfs/projects/HeinzGroup/caffeine_underground/mlrt/FlexFringe/FlexFringe/models-ps-small/0.1.1.1.0.0.searchglobal.0.ini/0.1.1.1.0.0.searchglobal.0_04.04.LTT.2.3.4_Small.final.json,/gpfs/projects/HeinzGroup/asoubki/FlexFringe/data/MLRegTest/Small/04.04.LTT.2.3.4_Train.txt,2025-12-29 23:36:48.725837
0.1.1.1.0.0.searchglobal.0,Small,4,4,LTT,2,3,5,TestSA,0.54297,0.5726605566640739,0.33866,0.4256180170669482,0.45703,/gpfs/projects/HeinzGroup/caffeine_underground/mlrt/FlexFringe/FlexFringe/models-ps-small/0.1.1.1.0.0.searchglobal.0.ini/0.1.1.1.0.0.searchglobal.0_04.04.LTT.2.3.5_Small.final.json,/gpfs/projects/HeinzGroup/asoubki/FlexFringe/data/MLRegTest/Large/04.04.LTT.2.3.5_TestSA.txt,2025-12-29 22:06:21.467140
0.1.1.1.0.0.searchglobal.0,Small,4,4,LTT,2,3,5,TestSR,0.61622,0.7472765957446809,0.35122,0.47785034013605443,0.38378,/gpfs/projects/HeinzGroup/caffeine_underground/mlrt/FlexFringe/FlexFringe/models-ps-small/0.1.1.1.0.0.searchglobal.0.ini/0.1.1.1.0.0.searchglobal.0_04.04.LTT.2.3.5_Small.final.json,/gpfs/projects/HeinzGroup/asoubki/FlexFringe/data/MLRegTest/Large/04.04.LTT.2.3.5_TestSR.txt,2025-12-29 22:06:21.467140
0.1.1.1.0.0.searchglobal.0,Small,4,4,LTT,2,3,5,TestLA,0.5242,0.545983126852626,0.28734,0.37652331158109914,0.4758,/gpfs/projects/HeinzGroup/caffeine_underground/mlrt/FlexFringe/FlexFringe/models-ps-small/0.1.1.1.0.0.searchglobal.0.ini/0.1.1.1.0.0.searchglobal.0_04.04.LTT.2.3.5_Small.final.json,/gpfs/projects/HeinzGroup/asoubki/FlexFringe/data/MLRegTest/Large/04.04.LTT.2.3.5_TestLA.txt,2025-12-29 22:06:21.467140
0.1.1.1.0.0.searchglobal.0,Small,4,4,LTT,2,3,5,TestLR,0.56438,0.6329945463559742,0.30642,0.41294269850681903,0.43562,/gpfs/projects/HeinzGroup/caffeine_underground/mlrt/FlexFringe/FlexFringe/models-ps-small/0.1.1.1.0.0.searchglobal.0.ini/0.1.1.1.0.0.searchglobal.0_04.04.LTT.2.3.5_Small.final.json,/gpfs/projects/HeinzGroup/asoubki/FlexFringe/data/MLRegTest/Large/04.04.LTT.2.3.5_TestLR.txt,2025-12-29 22:06:21.467140
0.1.1.1.0.0.searchglobal.0,Small,4,4,LTT,2,3,5,Dev,0.61449,0.7460140100562981,0.34718,0.4738429622350517,0.38551,/gpfs/projects/HeinzGroup/caffeine_underground/mlrt/FlexFringe/FlexFringe/models-ps-small/0.1.1.1.0.0.searchglobal.0.ini/0.1.1.1.0.0.searchglobal.0_04.04.LTT.2.3.5_Small.final.json,/gpfs/projects/HeinzGroup/asoubki/FlexFringe/data/MLRegTest/Large/04.04.LTT.2.3.5_Dev.txt,2025-12-29 22:06:21.467140
0.1.1.1.0.0.searchglobal.0,Small,4,4,LTT,2,3,5,Train,0.593,0.7066666666666667,0.318,0.4386206896551724,0.407,/gpfs/projects/HeinzGroup/caffeine_underground/mlrt/FlexFringe/FlexFringe/models-ps-small/0.1.1.1.0.0.searchglobal.0.ini/0.1.1.1.0.0.searchglobal.0_04.04.LTT.2.3.5_Small.final.json,/gpfs/projects/HeinzGroup/asoubki/FlexFringe/data/MLRegTest/Small/04.04.LTT.2.3.5_Train.txt,2025-12-29 22:06:21.467140
0.1.1.1.0.0.searchglobal.0,Small,4,4,LTT,2,3,6,TestSR,0.50203,0.5041251778093884,0.24808,0.3325246297165069,0.49797,/gpfs/projects/HeinzGroup/caffeine_underground/mlrt/FlexFringe/FlexFringe/models-ps-small/0.1.1.1.0.0.searchglobal.0.ini/0.1.1.1.0.0.searchglobal.0_04.04.LTT.2.3.6_Small.final.json,/gpfs/projects/HeinzGroup/asoubki/FlexFringe/data/MLRegTest/Large/04.04.LTT.2.3.6_TestSR.txt,2025-12-29 22:31:49.239082
0.1.1.1.0.0.searchglobal.0,Small,4,4,LTT,2,3,6,TestSA,0.50367,0.5075319131469852,0.2473,0.3325578580745801,0.49633,/gpfs/projects/HeinzGroup/caffeine_underground/mlrt/FlexFringe/FlexFringe/models-ps-small/0.1.1.1.0.0.searchglobal.0.ini/0.1.1.1.0.0.searchglobal.0_04.04.LTT.2.3.6_Small.final.json,/gpfs/projects/HeinzGroup/asoubki/FlexFringe/data/MLRegTest/Large/04.04.LTT.2.3.6_TestSA.txt,2025-12-29 22:31:49.239082
0.1.1.1.0.0.searchglobal.0,Small,4,4,LTT,2,3,6,TestLR,0.50657,0.5132990567183515,0.25358,0.3394599804554156,0.49343,/gpfs/projects/HeinzGroup/caffeine_underground/mlrt/FlexFringe/FlexFringe/models-ps-small/0.1.1.1.0.0.searchglobal.0.ini/0.1.1.1.0.0.searchglobal.0_04.04.LTT.2.3.6_Small.final.json,/gpfs/projects/HeinzGroup/asoubki/FlexFringe/data/MLRegTest/Large/04.04.LTT.2.3.6_TestLR.txt,2025-12-29 22:31:49.239082
0.1.1.1.0.0.searchglobal.0,Small,4,4,LTT,2,3,6,TestLA,0.50309,0.5061590591987244,0.25394,0.33820336951455016,0.49691,/gpfs/projects/HeinzGroup/caffeine_underground/mlrt/FlexFringe/FlexFringe/models-ps-small/0.1.1.1.0.0.searchglobal.0.ini/0.1.1.1.0.0.searchglobal.0_04.04.LTT.2.3.6_Small.final.json,/gpfs/projects/HeinzGroup/asoubki/FlexFringe/data/MLRegTest/Large/04.04.LTT.2.3.6_TestLA.txt,2025-12-29 22:31:49.239082
0.1.1.1.0.0.searchglobal.0,Small,4,4,LTT,2,3,6,Dev,0.50266,0.5053916004540295,0.24934,0.3339315369368404,0.49734,/gpfs/projects/HeinzGroup/caffeine_underground/mlrt/FlexFringe/FlexFringe/models-ps-small/0.1.1.1.0.0.searchglobal.0.ini/0.1.1.1.0.0.searchglobal.0_04.04.LTT.2.3.6_Small.final.json,/gpfs/projects/HeinzGroup/asoubki/FlexFringe/data/MLRegTest/Large/04.04.LTT.2.3.6_Dev.txt,2025-12-29 22:31:49.239082
0.1.1.1.0.0.searchglobal.0,Small,4,4,LTT,2,3,6,Train,0.506,0.5120967741935484,0.254,0.339572192513369,0.494,/gpfs/projects/HeinzGroup/caffeine_underground/mlrt/FlexFringe/FlexFringe/models-ps-small/0.1.1.1.0.0.searchglobal.0.ini/0.1.1.1.0.0.searchglobal.0_04.04.LTT.2.3.6_Small.final.json,/gpfs/projects/HeinzGroup/asoubki/FlexFringe/data/MLRegTest/Small/04.04.LTT.2.3.6_Train.txt,2025-12-29 22:31:49.239082
0.1.1.1.0.0.searchglobal.0,Small,4,4,LTT,2,3,7,TestSR,0.54858,0.6287774361149401,0.2372,0.34445703000203304,0.45142,/gpfs/projects/HeinzGroup/caffeine_underground/mlrt/FlexFringe/FlexFringe/models-ps-small/0.1.1.1.0.0.searchglobal.0.ini/0.1.1.1.0.0.searchglobal.0_04.04.LTT.2.3.7_Small.final.json,/gpfs/projects/HeinzGroup/asoubki/FlexFringe/data/MLRegTest/Large/04.04.LTT.2.3.7_TestSR.txt,2025-12-29 22:27:19.058055
0.1.1.1.0.0.searchglobal.0,Small,4,4,LTT,2,3,7,TestLA,0.53409,0.5968300857808329,0.21012,0.31081460881913525,0.46591,/gpfs/projects/HeinzGroup/caffeine_underground/mlrt/FlexFringe/FlexFringe/models-ps-small/0.1.1.1.0.0.searchglobal.0.ini/0.1.1.1.0.0.searchglobal.0_04.04.LTT.2.3.7_Small.final.json,/gpfs/projects/HeinzGroup/asoubki/FlexFringe/data/MLRegTest/Large/04.04.LTT.2.3.7_TestLA.txt,2025-12-29 22:27:19.058055
0.1.1.1.0.0.searchglobal.0,Small,4,4,LTT,2,3,7,TestLR,0.5315,0.5856350587211832,0.21542,0.31497836004211016,0.4685,/gpfs/projects/HeinzGroup/caffeine_underground/mlrt/FlexFringe/FlexFringe/models-ps-small/0.1.1.1.0.0.searchglobal.0.ini/0.1.1.1.0.0.searchglobal.0_04.04.LTT.2.3.7_Small.final.json,/gpfs/projects/HeinzGroup/asoubki/FlexFringe/data/MLRegTest/Large/04.04.LTT.2.3.7_TestLR.txt,2025-12-29 22:27:19.058055
0.1.1.1.0.0.searchglobal.0,Small,4,4,LTT,2,3,7,TestSA,0.55721,0.6576293602248305,0.23868,0.350242857352488,0.44279,/gpfs/projects/HeinzGroup/caffeine_underground/mlrt/FlexFringe/FlexFringe/models-ps-small/0.1.1.1.0.0.searchglobal.0.ini/0.1.1.1.0.0.searchglobal.0_04.04.LTT.2.3.7_Small.final.json,/gpfs/projects/HeinzGroup/asoubki/FlexFringe/data/MLRegTest/Large/04.04.LTT.2.3.7_TestSA.txt,2025-12-29 22:27:19.058055
0.1.1.1.0.0.searchglobal.0,Small,4,4,LTT,2,3,7,Dev,0.54783,0.6261672381957267,0.23738,0.34425349865854543,0.45217,/gpfs/projects/HeinzGroup/caffeine_underground/mlrt/FlexFringe/FlexFringe/models-ps-small/0.1.1.1.0.0.searchglobal.0.ini/0.1.1.1.0.0.searchglobal.0_04.04.LTT.2.3.7_Small.final.json,/gpfs/projects/HeinzGroup/asoubki/FlexFringe/data/MLRegTest/Large/04.04.LTT.2.3.7_Dev.txt,2025-12-29 22:27:19.058055
0.1.1.1.0.0.searchglobal.0,Small,4,4,LTT,2,3,7,Train,0.54,0.6030927835051546,0.234,0.3371757925072046,0.46,/gpfs/projects/HeinzGroup/caffeine_underground/mlrt/FlexFringe/FlexFringe/models-ps-small/0.1.1.1.0.0.searchglobal.0.ini/0.1.1.1.0.0.searchglobal.0_04.04.LTT.2.3.7_Small.final.json,/gpfs/projects/HeinzGroup/asoubki/FlexFringe/data/MLRegTest/Small/04.04.LTT.2.3.7_Train.txt,2025-12-29 22:27:19.058055
0.1.1.1.0.0.searchglobal.0,Small,4,4,LTT,2,3,8,TestSA,0.5028,0.514687368862778,0.09812,0.1648189209164819,0.4972,/gpfs/projects/HeinzGroup/caffeine_underground/mlrt/FlexFringe/FlexFringe/models-ps-small/0.1.1.1.0.0.searchglobal.0.ini/0.1.1.1.0.0.searchglobal.0_04.04.LTT.2.3.8_Small.final.json,/gpfs/projects/HeinzGroup/asoubki/FlexFringe/data/MLRegTest/Large/04.04.LTT.2.3.8_TestSA.txt,2025-12-29 23:16:20.671242
0.1.1.1.0.0.searchglobal.0,Small,4,4,LTT,2,3,8,TestSR,0.50585,0.5292880744968459,0.10572,0.17623818494007035,0.49415,/gpfs/projects/HeinzGroup/caffeine_underground/mlrt/FlexFringe/FlexFringe/models-ps-small/0.1.1.1.0.0.searchglobal.0.ini/0.1.1.1.0.0.searchglobal.0_04.04.LTT.2.3.8_Small.final.json,/gpfs/projects/HeinzGroup/asoubki/FlexFringe/data/MLRegTest/Large/04.04.LTT.2.3.8_TestSR.txt,2025-12-29 23:16:20.671242
0.1.1.1.0.0.searchglobal.0,Small,4,4,LTT,2,3,8,TestLR,0.507,0.5240582897992851,0.15248,0.2362273037119663,0.493,/gpfs/projects/HeinzGroup/caffeine_underground/mlrt/FlexFringe/FlexFringe/models-ps-small/0.1.1.1.0.0.searchglobal.0.ini/0.1.1.1.0.0.searchglobal.0_04.04.LTT.2.3.8_Small.final.json,/gpfs/projects/HeinzGroup/asoubki/FlexFringe/data/MLRegTest/Large/04.04.LTT.2.3.8_TestLR.txt,2025-12-29 23:16:20.671242
0.1.1.1.0.0.searchglobal.0,Small,4,4,LTT,2,3,8,TestLA,0.50087,0.5030627332253749,0.1429,0.2225752690684236,0.49913,/gpfs/projects/HeinzGroup/caffeine_underground/mlrt/FlexFringe/FlexFringe/models-ps-small/0.1.1.1.0.0.searchglobal.0.ini/0.1.1.1.0.0.searchglobal.0_04.04.LTT.2.3.8_Small.final.json,/gpfs/projects/HeinzGroup/asoubki/FlexFringe/data/MLRegTest/Large/04.04.LTT.2.3.8_TestLA.txt,2025-12-29 23:16:20.671242
0.1.1.1.0.0.searchglobal.0,Small,4,4,LTT,2,3,8,Dev,0.50429,0.5214693223901511,0.1042,0.17369272057475288,0.49571,/gpfs/projects/HeinzGroup/caffeine_underground/mlrt/FlexFringe/FlexFringe/models-ps-small/0.1.1.1.0.0.searchglobal.0.ini/0.1.1.1.0.0.searchglobal.0_04.04.LTT.2.3.8_Small.final.json,/gpfs/projects/HeinzGroup/asoubki/FlexFringe/data/MLRegTest/Large/04.04.LTT.2.3.8_Dev.txt,2025-12-29 23:16:20.671242
0.1.1.1.0.0.searchglobal.0,Small,4,4,LTT,2,3,8,Train,0.503,0.5142857142857142,0.108,0.17851239669421487,0.497,/gpfs/projects/HeinzGroup/caffeine_underground/mlrt/FlexFringe/FlexFringe/models-ps-small/0.1.1.1.0.0.searchglobal.0.ini/0.1.1.1.0.0.searchglobal.0_04.04.LTT.2.3.8_Small.final.json,/gpfs/projects/HeinzGroup/asoubki/FlexFringe/data/MLRegTest/Small/04.04.LTT.2.3.8_Train.txt,2025-12-29 23:16:20.671242
0.1.1.1.0.0.searchglobal.0,Small,4,4,LTT,2,3,9,TestSA,0.51532,0.5320314460148867,0.25446,0.34426495657115025,0.48468,/gpfs/projects/HeinzGroup/caffeine_underground/mlrt/FlexFringe/FlexFringe/models-ps-small/0.1.1.1.0.0.searchglobal.0.ini/0.1.1.1.0.0.searchglobal.0_04.04.LTT.2.3.9_Small.final.json,/gpfs/projects/HeinzGroup/asoubki/FlexFringe/data/MLRegTest/Large/04.04.LTT.2.3.9_TestSA.txt,2025-12-29 22:23:06.342464
0.1.1.1.0.0.searchglobal.0,Small,4,4,LTT,2,3,9,TestLR,0.52753,0.5678580231698299,0.23038,0.3277797538592872,0.47247,/gpfs/projects/HeinzGroup/caffeine_underground/mlrt/FlexFringe/FlexFringe/models-ps-small/0.1.1.1.0.0.searchglobal.0.ini/0.1.1.1.0.0.searchglobal.0_04.04.LTT.2.3.9_Small.final.json,/gpfs/projects/HeinzGroup/asoubki/FlexFringe/data/MLRegTest/Large/04.04.LTT.2.3.9_TestLR.txt,2025-12-29 22:23:06.342464
0.1.1.1.0.0.searchglobal.0,Small,4,4,LTT,2,3,9,TestSR,0.56031,0.6498385093167702,0.26156,0.3729910873440285,0.43969,/gpfs/projects/HeinzGroup/caffeine_underground/mlrt/FlexFringe/FlexFringe/models-ps-small/0.1.1.1.0.0.searchglobal.0.ini/0.1.1.1.0.0.searchglobal.0_04.04.LTT.2.3.9_Small.final.json,/gpfs/projects/HeinzGroup/asoubki/FlexFringe/data/MLRegTest/Large/04.04.LTT.2.3.9_TestSR.txt,2025-12-29 22:23:06.342464
0.1.1.1.0.0.searchglobal.0,Small,4,4,LTT,2,3,9,TestLA,0.5067,0.5157099981241793,0.21994,0.308367449946722,0.4933,/gpfs/projects/HeinzGroup/caffeine_underground/mlrt/FlexFringe/FlexFringe/models-ps-small/0.1.1.1.0.0.searchglobal.0.ini/0.1.1.1.0.0.searchglobal.0_04.04.LTT.2.3.9_Small.final.json,/gpfs/projects/HeinzGroup/asoubki/FlexFringe/data/MLRegTest/Large/04.04.LTT.2.3.9_TestLA.txt,2025-12-29 22:23:06.342464
0.1.1.1.0.0.searchglobal.0,Small,4,4,LTT,2,3,9,Dev,0.5613,0.6519282244473085,0.26304,0.37483968421352637,0.4387,/gpfs/projects/HeinzGroup/caffeine_underground/mlrt/FlexFringe/FlexFringe/models-ps-small/0.1.1.1.0.0.searchglobal.0.ini/0.1.1.1.0.0.searchglobal.0_04.04.LTT.2.3.9_Small.final.json,/gpfs/projects/HeinzGroup/asoubki/FlexFringe/data/MLRegTest/Large/04.04.LTT.2.3.9_Dev.txt,2025-12-29 22:23:06.342464
0.1.1.1.0.0.searchglobal.0,Small,4,4,LTT,2,3,9,Train,0.556,0.6217391304347826,0.286,0.3917808219178082,0.444,/gpfs/projects/HeinzGroup/caffeine_underground/mlrt/FlexFringe/FlexFringe/models-ps-small/0.1.1.1.0.0.searchglobal.0.ini/0.1.1.1.0.0.searchglobal.0_04.04.LTT.2.3.9_Small.final.json,/gpfs/projects/HeinzGroup/asoubki/FlexFringe/data/MLRegTest/Small/04.04.LTT.2.3.9_Train.txt,2025-12-29 22:23:06.342464
0.1.1.1.0.0.searchglobal.0,Small,4,4,LTT,2,5,0,TestSA,0.54813,0.5304069848249371,0.83956,0.6501010507731739,0.45187,/gpfs/projects/HeinzGroup/caffeine_underground/mlrt/FlexFringe/FlexFringe/models-ps-small/0.1.1.1.0.0.searchglobal.0.ini/0.1.1.1.0.0.searchglobal.0_04.04.LTT.2.5.0_Small.final.json,/gpfs/projects/HeinzGroup/asoubki/FlexFringe/data/MLRegTest/Large/04.04.LTT.2.5.0_TestSA.txt,2025-12-29 23:14:44.046512
0.1.1.1.0.0.searchglobal.0,Small,4,4,LTT,2,5,0,TestLA,0.54823,0.5416357326611302,0.62742,0.5813804798042976,0.45177,/gpfs/projects/HeinzGroup/caffeine_underground/mlrt/FlexFringe/FlexFringe/models-ps-small/0.1.1.1.0.0.searchglobal.0.ini/0.1.1.1.0.0.searchglobal.0_04.04.LTT.2.5.0_Small.final.json,/gpfs/projects/HeinzGroup/asoubki/FlexFringe/data/MLRegTest/Large/04.04.LTT.2.5.0_TestLA.txt,2025-12-29 23:14:44.046512
0.1.1.1.0.0.searchglobal.0,Small,4,4,LTT,2,5,0,TestLR,0.72988,0.7643027961736572,0.66476,0.7110645216498375,0.27012,/gpfs/projects/HeinzGroup/caffeine_underground/mlrt/FlexFringe/FlexFringe/models-ps-small/0.1.1.1.0.0.searchglobal.0.ini/0.1.1.1.0.0.searchglobal.0_04.04.LTT.2.5.0_Small.final.json,/gpfs/projects/HeinzGroup/asoubki/FlexFringe/data/MLRegTest/Large/04.04.LTT.2.5.0_TestLR.txt,2025-12-29 23:14:44.046512
0.1.1.1.0.0.searchglobal.0,Small,4,4,LTT,2,5,0,TestSR,0.85155,0.8514726760112775,0.85166,0.8515663277039526,0.14845,/gpfs/projects/HeinzGroup/caffeine_underground/mlrt/FlexFringe/FlexFringe/models-ps-small/0.1.1.1.0.0.searchglobal.0.ini/0.1.1.1.0.0.searchglobal.0_04.04.LTT.2.5.0_Small.final.json,/gpfs/projects/HeinzGroup/asoubki/FlexFringe/data/MLRegTest/Large/04.04.LTT.2.5.0_TestSR.txt,2025-12-29 23:14:44.046512
0.1.1.1.0.0.searchglobal.0,Small,4,4,LTT,2,5,0,Dev,0.8497,0.8491692627206646,0.85046,0.849814141252648,0.1503,/gpfs/projects/HeinzGroup/caffeine_underground/mlrt/FlexFringe/FlexFringe/models-ps-small/0.1.1.1.0.0.searchglobal.0.ini/0.1.1.1.0.0.searchglobal.0_04.04.LTT.2.5.0_Small.final.json,/gpfs/projects/HeinzGroup/asoubki/FlexFringe/data/MLRegTest/Large/04.04.LTT.2.5.0_Dev.txt,2025-12-29 23:14:44.046512
0.1.1.1.0.0.searchglobal.0,Small,4,4,LTT,2,5,0,Train,0.85,0.8514056224899599,0.848,0.8496993987975952,0.15,/gpfs/projects/HeinzGroup/caffeine_underground/mlrt/FlexFringe/FlexFringe/models-ps-small/0.1.1.1.0.0.searchglobal.0.ini/0.1.1.1.0.0.searchglobal.0_04.04.LTT.2.5.0_Small.final.json,/gpfs/projects/HeinzGroup/asoubki/FlexFringe/data/MLRegTest/Small/04.04.LTT.2.5.0_Train.txt,2025-12-29 23:14:44.046512
0.1.1.1.0.0.searchglobal.0,Small,4,4,LTT,2,5,1,TestLA,0.50833,0.5060561557588007,0.69606,0.5860422823368947,0.49167,/gpfs/projects/HeinzGroup/caffeine_underground/mlrt/FlexFringe/FlexFringe/models-ps-small/0.1.1.1.0.0.searchglobal.0.ini/0.1.1.1.0.0.searchglobal.0_04.04.LTT.2.5.1_Small.final.json,/gpfs/projects/HeinzGroup/asoubki/FlexFringe/data/MLRegTest/Large/04.04.LTT.2.5.1_TestLA.txt,2025-12-29 22:32:56.155338
0.1.1.1.0.0.searchglobal.0,Small,4,4,LTT,2,5,1,TestLR,0.55896,0.5410905441570026,0.7764,0.6377316335917992,0.44104,/gpfs/projects/HeinzGroup/caffeine_underground/mlrt/FlexFringe/FlexFringe/models-ps-small/0.1.1.1.0.0.searchglobal.0.ini/0.1.1.1.0.0.searchglobal.0_04.04.LTT.2.5.1_Small.final.json,/gpfs/projects/HeinzGroup/asoubki/FlexFringe/data/MLRegTest/Large/04.04.LTT.2.5.1_TestLR.txt,2025-12-29 22:32:56.155338
0.1.1.1.0.0.searchglobal.0,Small,4,4,LTT,2,5,1,TestSR,0.61691,0.584339696143358,0.81,0.6789093865508888,0.38309,/gpfs/projects/HeinzGroup/caffeine_underground/mlrt/FlexFringe/FlexFringe/models-ps-small/0.1.1.1.0.0.searchglobal.0.ini/0.1.1.1.0.0.searchglobal.0_04.04.LTT.2.5.1_Small.final.json,/gpfs/projects/HeinzGroup/asoubki/FlexFringe/data/MLRegTest/Large/04.04.LTT.2.5.1_TestSR.txt,2025-12-29 22:32:56.155338
0.1.1.1.0.0.searchglobal.0,Small,4,4,LTT,2,5,1,TestSA,0.51705,0.5138238012615739,0.63374,0.5675164996552311,0.48295,/gpfs/projects/HeinzGroup/caffeine_underground/mlrt/FlexFringe/FlexFringe/models-ps-small/0.1.1.1.0.0.searchglobal.0.ini/0.1.1.1.0.0.searchglobal.0_04.04.LTT.2.5.1_Small.final.json,/gpfs/projects/HeinzGroup/asoubki/FlexFringe/data/MLRegTest/Large/04.04.LTT.2.5.1_TestSA.txt,2025-12-29 22:32:56.155338
0.1.1.1.0.0.searchglobal.0,Small,4,4,LTT,2,5,1,Dev,0.6156,0.5830364325939548,0.81168,0.6786168149287674,0.3844,/gpfs/projects/HeinzGroup/caffeine_underground/mlrt/FlexFringe/FlexFringe/models-ps-small/0.1.1.1.0.0.searchglobal.0.ini/0.1.1.1.0.0.searchglobal.0_04.04.LTT.2.5.1_Small.final.json,/gpfs/projects/HeinzGroup/asoubki/FlexFringe/data/MLRegTest/Large/04.04.LTT.2.5.1_Dev.txt,2025-12-29 22:32:56.155338
0.1.1.1.0.0.searchglobal.0,Small,4,4,LTT,2,5,1,Train,0.607,0.5761024182076814,0.81,0.6733167082294265,0.393,/gpfs/projects/HeinzGroup/caffeine_underground/mlrt/FlexFringe/FlexFringe/models-ps-small/0.1.1.1.0.0.searchglobal.0.ini/0.1.1.1.0.0.searchglobal.0_04.04.LTT.2.5.1_Small.final.json,/gpfs/projects/HeinzGroup/asoubki/FlexFringe/data/MLRegTest/Small/04.04.LTT.2.5.1_Train.txt,2025-12-29 22:32:56.155338
0.1.1.1.0.0.searchglobal.0,Small,4,4,LTT,2,5,2,TestLR,0.78037,0.9270417644012551,0.60864,0.7348328443623456,0.21963,/gpfs/projects/HeinzGroup/caffeine_underground/mlrt/FlexFringe/FlexFringe/models-ps-small/0.1.1.1.0.0.searchglobal.0.ini/0.1.1.1.0.0.searchglobal.0_04.04.LTT.2.5.2_Small.final.json,/gpfs/projects/HeinzGroup/asoubki/FlexFringe/data/MLRegTest/Large/04.04.LTT.2.5.2_TestLR.txt,2025-12-29 22:59:19.128668
0.1.1.1.0.0.searchglobal.0,Small,4,4,LTT,2,5,2,TestSA,0.92006,0.963601447995762,0.8731,0.9161210442373877,0.07994,/gpfs/projects/HeinzGroup/caffeine_underground/mlrt/FlexFringe/FlexFringe/models-ps-small/0.1.1.1.0.0.searchglobal.0.ini/0.1.1.1.0.0.searchglobal.0_04.04.LTT.2.5.2_Small.final.json,/gpfs/projects/HeinzGroup/asoubki/FlexFringe/data/MLRegTest/Large/04.04.LTT.2.5.2_TestSA.txt,2025-12-29 22:59:19.128668
0.1.1.1.0.0.searchglobal.0,Small,4,4,LTT,2,5,2,TestSR,0.94434,0.9618534841177449,0.92538,0.943264290956536,0.05566,/gpfs/projects/HeinzGroup/caffeine_underground/mlrt/FlexFringe/FlexFringe/models-ps-small/0.1.1.1.0.0.searchglobal.0.ini/0.1.1.1.0.0.searchglobal.0_04.04.LTT.2.5.2_Small.final.json,/gpfs/projects/HeinzGroup/asoubki/FlexFringe/data/MLRegTest/Large/04.04.LTT.2.5.2_TestSR.txt,2025-12-29 22:59:19.128668
0.1.1.1.0.0.searchglobal.0,Small,4,4,LTT,2,5,2,TestLA,0.7617,0.8951262229737891,0.59286,0.7132922662303287,0.2383,/gpfs/projects/HeinzGroup/caffeine_underground/mlrt/FlexFringe/FlexFringe/models-ps-small/0.1.1.1.0.0.searchglobal.0.ini/0.1.1.1.0.0.searchglobal.0_04.04.LTT.2.5.2_Small.final.json,/gpfs/projects/HeinzGroup/asoubki/FlexFringe/data/MLRegTest/Large/04.04.LTT.2.5.2_TestLA.txt,2025-12-29 22:59:19.128668
0.1.1.1.0.0.searchglobal.0,Small,4,4,LTT,2,5,2,Dev,0.94399,0.9626727246201622,0.9238,0.942835855931252,0.05601,/gpfs/projects/HeinzGroup/caffeine_underground/mlrt/FlexFringe/FlexFringe/models-ps-small/0.1.1.1.0.0.searchglobal.0.ini/0.1.1.1.0.0.searchglobal.0_04.04.LTT.2.5.2_Small.final.json,/gpfs/projects/HeinzGroup/asoubki/FlexFringe/data/MLRegTest/Large/04.04.LTT.2.5.2_Dev.txt,2025-12-29 22:59:19.128668
0.1.1.1.0.0.searchglobal.0,Small,4,4,LTT,2,5,2,Train,0.915,0.940552016985138,0.886,0.9124613800205973,0.085,/gpfs/projects/HeinzGroup/caffeine_underground/mlrt/FlexFringe/FlexFringe/models-ps-small/0.1.1.1.0.0.searchglobal.0.ini/0.1.1.1.0.0.searchglobal.0_04.04.LTT.2.5.2_Small.final.json,/gpfs/projects/HeinzGroup/asoubki/FlexFringe/data/MLRegTest/Small/04.04.LTT.2.5.2_Train.txt,2025-12-29 22:59:19.128668
0.1.1.1.0.0.searchglobal.0,Small,4,4,LTT,2,5,3,TestLA,0.50728,0.5304959785522788,0.12664,0.20446912942392148,0.49272,/gpfs/projects/HeinzGroup/caffeine_underground/mlrt/FlexFringe/FlexFringe/models-ps-small/0.1.1.1.0.0.searchglobal.0.ini/0.1.1.1.0.0.searchglobal.0_04.04.LTT.2.5.3_Small.final.json,/gpfs/projects/HeinzGroup/asoubki/FlexFringe/data/MLRegTest/Large/04.04.LTT.2.5.3_TestLA.txt,2025-12-29 23:30:20.611897
0.1.1.1.0.0.searchglobal.0,Small,4,4,LTT,2,5,3,TestSR,0.57105,0.6347328099518337,0.33472,0.4383045032540233,0.42895,/gpfs/projects/HeinzGroup/caffeine_underground/mlrt/FlexFringe/FlexFringe/models-ps-small/0.1.1.1.0.0.searchglobal.0.ini/0.1.1.1.0.0.searchglobal.0_04.04.LTT.2.5.3_Small.final.json,/gpfs/projects/HeinzGroup/asoubki/FlexFringe/data/MLRegTest/Large/04.04.LTT.2.5.3_TestSR.txt,2025-12-29 23:30:20.611897
0.1.1.1.0.0.searchglobal.0,Small,4,4,LTT,2,5,3,TestSA,0.5321,0.5613579019802737,0.29368,0.38561937025657184,0.4679,/gpfs/projects/HeinzGroup/caffeine_underground/mlrt/FlexFringe/FlexFringe/models-ps-small/0.1.1.1.0.0.searchglobal.0.ini/0.1.1.1.0.0.searchglobal.0_04.04.LTT.2.5.3_Small.final.json,/gpfs/projects/HeinzGroup/asoubki/FlexFringe/data/MLRegTest/Large/04.04.LTT.2.5.3_TestSA.txt,2025-12-29 23:30:20.611897
0.1.1.1.0.0.searchglobal.0,Small,4,4,LTT,2,5,3,TestLR,0.51118,0.5455731289744008,0.13384,0.21494876818809625,0.48882,/gpfs/projects/HeinzGroup/caffeine_underground/mlrt/FlexFringe/FlexFringe/models-ps-small/0.1.1.1.0.0.searchglobal.0.ini/0.1.1.1.0.0.searchglobal.0_04.04.LTT.2.5.3_Small.final.json,/gpfs/projects/HeinzGroup/asoubki/FlexFringe/data/MLRegTest/Large/04.04.LTT.2.5.3_TestLR.txt,2025-12-29 23:30:20.611897
0.1.1.1.0.0.searchglobal.0,Small,4,4,LTT,2,5,3,Dev,0.56971,0.6320515249100208,0.33366,0.4367563322206951,0.43029,/gpfs/projects/HeinzGroup/caffeine_underground/mlrt/FlexFringe/FlexFringe/models-ps-small/0.1.1.1.0.0.searchglobal.0.ini/0.1.1.1.0.0.searchglobal.0_04.04.LTT.2.5.3_Small.final.json,/gpfs/projects/HeinzGroup/asoubki/FlexFringe/data/MLRegTest/Large/04.04.LTT.2.5.3_Dev.txt,2025-12-29 23:30:20.611897
0.1.1.1.0.0.searchglobal.0,Small,4,4,LTT,2,5,3,Train,0.597,0.6789667896678967,0.368,0.4773022049286641,0.403,/gpfs/projects/HeinzGroup/caffeine_underground/mlrt/FlexFringe/FlexFringe/models-ps-small/0.1.1.1.0.0.searchglobal.0.ini/0.1.1.1.0.0.searchglobal.0_04.04.LTT.2.5.3_Small.final.json,/gpfs/projects/HeinzGroup/asoubki/FlexFringe/data/MLRegTest/Small/04.04.LTT.2.5.3_Train.txt,2025-12-29 23:30:20.611897
0.1.1.1.0.0.searchglobal.0,Small,4,4,LTT,2,5,4,TestLR,0.83242,0.8376604908174874,0.82466,0.8311094090139483,0.16758,/gpfs/projects/HeinzGroup/caffeine_underground/mlrt/FlexFringe/FlexFringe/models-ps-small/0.1.1.1.0.0.searchglobal.0.ini/0.1.1.1.0.0.searchglobal.0_04.04.LTT.2.5.4_Small.final.json,/gpfs/projects/HeinzGroup/asoubki/FlexFringe/data/MLRegTest/Large/04.04.LTT.2.5.4_TestLR.txt,2025-12-29 22:33:23.474286
0.1.1.1.0.0.searchglobal.0,Small,4,4,LTT,2,5,4,TestLA,0.6086,0.5829919911964296,0.76288,0.6609141629414007,0.3914,/gpfs/projects/HeinzGroup/caffeine_underground/mlrt/FlexFringe/FlexFringe/models-ps-small/0.1.1.1.0.0.searchglobal.0.ini/0.1.1.1.0.0.searchglobal.0_04.04.LTT.2.5.4_Small.final.json,/gpfs/projects/HeinzGroup/asoubki/FlexFringe/data/MLRegTest/Large/04.04.LTT.2.5.4_TestLA.txt,2025-12-29 22:33:23.474286
0.1.1.1.0.0.searchglobal.0,Small,4,4,LTT,2,5,4,TestSA,0.64605,0.6045289932866692,0.84466,0.7046996103820259,0.35395,/gpfs/projects/HeinzGroup/caffeine_underground/mlrt/FlexFringe/FlexFringe/models-ps-small/0.1.1.1.0.0.searchglobal.0.ini/0.1.1.1.0.0.searchglobal.0_04.04.LTT.2.5.4_Small.final.json,/gpfs/projects/HeinzGroup/asoubki/FlexFringe/data/MLRegTest/Large/04.04.LTT.2.5.4_TestSA.txt,2025-12-29 22:33:23.474286
0.1.1.1.0.0.searchglobal.0,Small,4,4,LTT,2,5,4,TestSR,0.90253,0.9194856082869589,0.88232,0.9005194990763327,0.09747,/gpfs/projects/HeinzGroup/caffeine_underground/mlrt/FlexFringe/FlexFringe/models-ps-small/0.1.1.1.0.0.searchglobal.0.ini/0.1.1.1.0.0.searchglobal.0_04.04.LTT.2.5.4_Small.final.json,/gpfs/projects/HeinzGroup/asoubki/FlexFringe/data/MLRegTest/Large/04.04.LTT.2.5.4_TestSR.txt,2025-12-29 22:33:23.474286
0.1.1.1.0.0.searchglobal.0,Small,4,4,LTT,2,5,4,Dev,0.90188,0.9186773346668333,0.88182,0.8998714206992264,0.09812,/gpfs/projects/HeinzGroup/caffeine_underground/mlrt/FlexFringe/FlexFringe/models-ps-small/0.1.1.1.0.0.searchglobal.0.ini/0.1.1.1.0.0.searchglobal.0_04.04.LTT.2.5.4_Small.final.json,/gpfs/projects/HeinzGroup/asoubki/FlexFringe/data/MLRegTest/Large/04.04.LTT.2.5.4_Dev.txt,2025-12-29 22:33:23.474286
0.1.1.1.0.0.searchglobal.0,Small,4,4,LTT,2,5,4,Train,0.897,0.9026369168356998,0.89,0.8962739174219537,0.103,/gpfs/projects/HeinzGroup/caffeine_underground/mlrt/FlexFringe/FlexFringe/models-ps-small/0.1.1.1.0.0.searchglobal.0.ini/0.1.1.1.0.0.searchglobal.0_04.04.LTT.2.5.4_Small.final.json,/gpfs/projects/HeinzGroup/asoubki/FlexFringe/data/MLRegTest/Small/04.04.LTT.2.5.4_Train.txt,2025-12-29 22:33:23.474286
0.1.1.1.0.0.searchglobal.0,Small,4,4,LTT,2,5,5,TestLR,0.60817,0.6919064684384203,0.39,0.4988296688538429,0.39183,/gpfs/projects/HeinzGroup/caffeine_underground/mlrt/FlexFringe/FlexFringe/models-ps-small/0.1.1.1.0.0.searchglobal.0.ini/0.1.1.1.0.0.searchglobal.0_04.04.LTT.2.5.5_Small.final.json,/gpfs/projects/HeinzGroup/asoubki/FlexFringe/data/MLRegTest/Large/04.04.LTT.2.5.5_TestLR.txt,2025-12-29 23:11:12.596637
0.1.1.1.0.0.searchglobal.0,Small,4,4,LTT,2,5,5,TestSR,0.6761,0.8408826945412311,0.4344,0.5728603455096928,0.3239,/gpfs/projects/HeinzGroup/caffeine_underground/mlrt/FlexFringe/FlexFringe/models-ps-small/0.1.1.1.0.0.searchglobal.0.ini/0.1.1.1.0.0.searchglobal.0_04.04.LTT.2.5.5_Small.final.json,/gpfs/projects/HeinzGroup/asoubki/FlexFringe/data/MLRegTest/Large/04.04.LTT.2.5.5_TestSR.txt,2025-12-29 23:11:12.596637
0.1.1.1.0.0.searchglobal.0,Small,4,4,LTT,2,5,5,TestLA,0.51728,0.5239083513199402,0.37866,0.43959692586314986,0.48272,/gpfs/projects/HeinzGroup/caffeine_underground/mlrt/FlexFringe/FlexFringe/models-ps-small/0.1.1.1.0.0.searchglobal.0.ini/0.1.1.1.0.0.searchglobal.0_04.04.LTT.2.5.5_Small.final.json,/gpfs/projects/HeinzGroup/asoubki/FlexFringe/data/MLRegTest/Large/04.04.LTT.2.5.5_TestLA.txt,2025-12-29 23:11:12.596637
0.1.1.1.0.0.searchglobal.0,Small,4,4,LTT,2,5,5,TestSA,0.5322,0.5402077818290795,0.43262,0.480464672041936,0.4678,/gpfs/projects/HeinzGroup/caffeine_underground/mlrt/FlexFringe/FlexFringe/models-ps-small/0.1.1.1.0.0.searchglobal.0.ini/0.1.1.1.0.0.searchglobal.0_04.04.LTT.2.5.5_Small.final.json,/gpfs/projects/HeinzGroup/asoubki/FlexFringe/data/MLRegTest/Large/04.04.LTT.2.5.5_TestSA.txt,2025-12-29 23:11:12.596637
0.1.1.1.0.0.searchglobal.0,Small,4,4,LTT,2,5,5,Dev,0.67954,0.8450303635944346,0.43972,0.5784419479596937,0.32046,/gpfs/projects/HeinzGroup/caffeine_underground/mlrt/FlexFringe/FlexFringe/models-ps-small/0.1.1.1.0.0.searchglobal.0.ini/0.1.1.1.0.0.searchglobal.0_04.04.LTT.2.5.5_Small.final.json,/gpfs/projects/HeinzGroup/asoubki/FlexFringe/data/MLRegTest/Large/04.04.LTT.2.5.5_Dev.txt,2025-12-29 23:11:12.596637
0.1.1.1.0.0.searchglobal.0,Small,4,4,LTT,2,5,5,Train,0.697,0.8608058608058609,0.47,0.6080206985769728,0.303,/gpfs/projects/HeinzGroup/caffeine_underground/mlrt/FlexFringe/FlexFringe/models-ps-small/0.1.1.1.0.0.searchglobal.0.ini/0.1.1.1.0.0.searchglobal.0_04.04.LTT.2.5.5_Small.final.json,/gpfs/projects/HeinzGroup/asoubki/FlexFringe/data/MLRegTest/Small/04.04.LTT.2.5.5_Train.txt,2025-12-29 23:11:12.596637
0.1.1.1.0.0.searchglobal.0,Small,4,4,LTT,2,5,6,TestSA,0.50104,0.5021033896933905,0.24826,0.3322448542597896,0.49896,/gpfs/projects/HeinzGroup/caffeine_underground/mlrt/FlexFringe/FlexFringe/models-ps-small/0.1.1.1.0.0.searchglobal.0.ini/0.1.1.1.0.0.searchglobal.0_04.04.LTT.2.5.6_Small.final.json,/gpfs/projects/HeinzGroup/asoubki/FlexFringe/data/MLRegTest/Large/04.04.LTT.2.5.6_TestSA.txt,2025-12-29 22:30:09.619460
0.1.1.1.0.0.searchglobal.0,Small,4,4,LTT,2,5,6,TestLR,0.50055,0.5011050833835644,0.2494,0.33304400080122853,0.49945,/gpfs/projects/HeinzGroup/caffeine_underground/mlrt/FlexFringe/FlexFringe/models-ps-small/0.1.1.1.0.0.searchglobal.0.ini/0.1.1.1.0.0.searchglobal.0_04.04.LTT.2.5.6_Small.final.json,/gpfs/projects/HeinzGroup/asoubki/FlexFringe/data/MLRegTest/Large/04.04.LTT.2.5.6_TestLR.txt,2025-12-29 22:30:09.619460
0.1.1.1.0.0.searchglobal.0,Small,4,4,LTT,2,5,6,TestSR,0.49937,0.498747066544688,0.25078,0.333745891058144,0.50063,/gpfs/projects/HeinzGroup/caffeine_underground/mlrt/FlexFringe/FlexFringe/models-ps-small/0.1.1.1.0.0.searchglobal.0.ini/0.1.1.1.0.0.searchglobal.0_04.04.LTT.2.5.6_Small.final.json,/gpfs/projects/HeinzGroup/asoubki/FlexFringe/data/MLRegTest/Large/04.04.LTT.2.5.6_TestSR.txt,2025-12-29 22:30:09.619460
0.1.1.1.0.0.searchglobal.0,Small,4,4,LTT,2,5,6,TestLA,0.50184,0.5037048969072165,0.25016,0.3342954885610434,0.49816,/gpfs/projects/HeinzGroup/caffeine_underground/mlrt/FlexFringe/FlexFringe/models-ps-small/0.1.1.1.0.0.searchglobal.0.ini/0.1.1.1.0.0.searchglobal.0_04.04.LTT.2.5.6_Small.final.json,/gpfs/projects/HeinzGroup/asoubki/FlexFringe/data/MLRegTest/Large/04.04.LTT.2.5.6_TestLA.txt,2025-12-29 22:30:09.619460
0.1.1.1.0.0.searchglobal.0,Small,4,4,LTT,2,5,6,Dev,0.50126,0.5025268730948179,0.25058,0.3344098649442161,0.49874,/gpfs/projects/HeinzGroup/caffeine_underground/mlrt/FlexFringe/FlexFringe/models-ps-small/0.1.1.1.0.0.searchglobal.0.ini/0.1.1.1.0.0.searchglobal.0_04.04.LTT.2.5.6_Small.final.json,/gpfs/projects/HeinzGroup/asoubki/FlexFringe/data/MLRegTest/Large/04.04.LTT.2.5.6_Dev.txt,2025-12-29 22:30:09.619460
0.1.1.1.0.0.searchglobal.0,Small,4,4,LTT,2,5,6,Train,0.507,0.5136186770428015,0.264,0.3487450462351387,0.493,/gpfs/projects/HeinzGroup/caffeine_underground/mlrt/FlexFringe/FlexFringe/models-ps-small/0.1.1.1.0.0.searchglobal.0.ini/0.1.1.1.0.0.searchglobal.0_04.04.LTT.2.5.6_Small.final.json,/gpfs/projects/HeinzGroup/asoubki/FlexFringe/data/MLRegTest/Small/04.04.LTT.2.5.6_Train.txt,2025-12-29 22:30:09.619460
0.1.1.1.0.0.searchglobal.0,Small,4,4,LTT,2,5,7,TestSA,0.57968,0.7854686156491831,0.21924,0.3427981737444493,0.42032,/gpfs/projects/HeinzGroup/caffeine_underground/mlrt/FlexFringe/FlexFringe/models-ps-small/0.1.1.1.0.0.searchglobal.0.ini/0.1.1.1.0.0.searchglobal.0_04.04.LTT.2.5.7_Small.final.json,/gpfs/projects/HeinzGroup/asoubki/FlexFringe/data/MLRegTest/Large/04.04.LTT.2.5.7_TestSA.txt,2025-12-29 23:34:32.600236
0.1.1.1.0.0.searchglobal.0,Small,4,4,LTT,2,5,7,TestSR,0.57316,0.7743774377437744,0.20648,0.32602791637718687,0.42684,/gpfs/projects/HeinzGroup/caffeine_underground/mlrt/FlexFringe/FlexFringe/models-ps-small/0.1.1.1.0.0.searchglobal.0.ini/0.1.1.1.0.0.searchglobal.0_04.04.LTT.2.5.7_Small.final.json,/gpfs/projects/HeinzGroup/asoubki/FlexFringe/data/MLRegTest/Large/04.04.LTT.2.5.7_TestSR.txt,2025-12-29 23:34:32.600236
0.1.1.1.0.0.searchglobal.0,Small,4,4,LTT,2,5,7,TestLA,0.55718,0.787394451145959,0.15666,0.26132648295189165,0.44282,/gpfs/projects/HeinzGroup/caffeine_underground/mlrt/FlexFringe/FlexFringe/models-ps-small/0.1.1.1.0.0.searchglobal.0.ini/0.1.1.1.0.0.searchglobal.0_04.04.LTT.2.5.7_Small.final.json,/gpfs/projects/HeinzGroup/asoubki/FlexFringe/data/MLRegTest/Large/04.04.LTT.2.5.7_TestLA.txt,2025-12-29 23:34:32.600236
0.1.1.1.0.0.searchglobal.0,Small,4,4,LTT,2,5,7,TestLR,0.55351,0.7885880703268255,0.14622,0.24669737308295794,0.44649,/gpfs/projects/HeinzGroup/caffeine_underground/mlrt/FlexFringe/FlexFringe/models-ps-small/0.1.1.1.0.0.searchglobal.0.ini/0.1.1.1.0.0.searchglobal.0_04.04.LTT.2.5.7_Small.final.json,/gpfs/projects/HeinzGroup/asoubki/FlexFringe/data/MLRegTest/Large/04.04.LTT.2.5.7_TestLR.txt,2025-12-29 23:34:32.600236
0.1.1.1.0.0.searchglobal.0,Small,4,4,LTT,2,5,7,Dev,0.57204,0.7731270852289961,0.20392,0.32271950370323477,0.42796,/gpfs/projects/HeinzGroup/caffeine_underground/mlrt/FlexFringe/FlexFringe/models-ps-small/0.1.1.1.0.0.searchglobal.0.ini/0.1.1.1.0.0.searchglobal.0_04.04.LTT.2.5.7_Small.final.json,/gpfs/projects/HeinzGroup/asoubki/FlexFringe/data/MLRegTest/Large/04.04.LTT.2.5.7_Dev.txt,2025-12-29 23:34:32.600236
0.1.1.1.0.0.searchglobal.0,Small,4,4,LTT,2,5,7,Train,0.569,0.7518248175182481,0.206,0.32339089481946626,0.431,/gpfs/projects/HeinzGroup/caffeine_underground/mlrt/FlexFringe/FlexFringe/models-ps-small/0.1.1.1.0.0.searchglobal.0.ini/0.1.1.1.0.0.searchglobal.0_04.04.LTT.2.5.7_Small.final.json,/gpfs/projects/HeinzGroup/asoubki/FlexFringe/data/MLRegTest/Small/04.04.LTT.2.5.7_Train.txt,2025-12-29 23:34:32.600236
0.1.1.1.0.0.searchglobal.0,Small,4,4,LTT,2,5,8,TestLA,0.50112,0.5097765363128491,0.0584,0.10479471719781798,0.49888,/gpfs/projects/HeinzGroup/caffeine_underground/mlrt/FlexFringe/FlexFringe/models-ps-small/0.1.1.1.0.0.searchglobal.0.ini/0.1.1.1.0.0.searchglobal.0_04.04.LTT.2.5.8_Small.final.json,/gpfs/projects/HeinzGroup/asoubki/FlexFringe/data/MLRegTest/Large/04.04.LTT.2.5.8_TestLA.txt,2025-12-29 22:53:08.656972
0.1.1.1.0.0.searchglobal.0,Small,4,4,LTT,2,5,8,TestSA,0.50764,0.5535313901345291,0.079,0.1382665919910389,0.49236,/gpfs/projects/HeinzGroup/caffeine_underground/mlrt/FlexFringe/FlexFringe/models-ps-small/0.1.1.1.0.0.searchglobal.0.ini/0.1.1.1.0.0.searchglobal.0_04.04.LTT.2.5.8_Small.final.json,/gpfs/projects/HeinzGroup/asoubki/FlexFringe/data/MLRegTest/Large/04.04.LTT.2.5.8_TestSA.txt,2025-12-29 22:53:08.656972
0.1.1.1.0.0.searchglobal.0,Small,4,4,LTT,2,5,8,TestLR,0.50269,0.5230347662270937,0.06108,0.10938591307150916,0.49731,/gpfs/projects/HeinzGroup/caffeine_underground/mlrt/FlexFringe/FlexFringe/models-ps-small/0.1.1.1.0.0.searchglobal.0.ini/0.1.1.1.0.0.searchglobal.0_04.04.LTT.2.5.8_Small.final.json,/gpfs/projects/HeinzGroup/asoubki/FlexFringe/data/MLRegTest/Large/04.04.LTT.2.5.8_TestLR.txt,2025-12-29 22:53:08.656972
0.1.1.1.0.0.searchglobal.0,Small,4,4,LTT,2,5,8,TestSR,0.51396,0.5998855180309102,0.08384,0.14711869165438338,0.48604,/gpfs/projects/HeinzGroup/caffeine_underground/mlrt/FlexFringe/FlexFringe/models-ps-small/0.1.1.1.0.0.searchglobal.0.ini/0.1.1.1.0.0.searchglobal.0_04.04.LTT.2.5.8_Small.final.json,/gpfs/projects/HeinzGroup/asoubki/FlexFringe/data/MLRegTest/Large/04.04.LTT.2.5.8_TestSR.txt,2025-12-29 22:53:08.656972
0.1.1.1.0.0.searchglobal.0,Small,4,4,LTT,2,5,8,Dev,0.51476,0.6044142614601019,0.08544,0.1497161281278475,0.48524,/gpfs/projects/HeinzGroup/caffeine_underground/mlrt/FlexFringe/FlexFringe/models-ps-small/0.1.1.1.0.0.searchglobal.0.ini/0.1.1.1.0.0.searchglobal.0_04.04.LTT.2.5.8_Small.final.json,/gpfs/projects/HeinzGroup/asoubki/FlexFringe/data/MLRegTest/Large/04.04.LTT.2.5.8_Dev.txt,2025-12-29 22:53:08.656972
0.1.1.1.0.0.searchglobal.0,Small,4,4,LTT,2,5,8,Train,0.498,0.48484848484848486,0.064,0.11307420494699646,0.502,/gpfs/projects/HeinzGroup/caffeine_underground/mlrt/FlexFringe/FlexFringe/models-ps-small/0.1.1.1.0.0.searchglobal.0.ini/0.1.1.1.0.0.searchglobal.0_04.04.LTT.2.5.8_Small.final.json,/gpfs/projects/HeinzGroup/asoubki/FlexFringe/data/MLRegTest/Small/04.04.LTT.2.5.8_Train.txt,2025-12-29 22:53:08.656972
0.1.1.1.0.0.searchglobal.0,Small,4,4,LTT,2,5,9,TestSR,0.67688,0.8404419123874047,0.43666,0.5747189976045698,0.32312,/gpfs/projects/HeinzGroup/caffeine_underground/mlrt/FlexFringe/FlexFringe/models-ps-small/0.1.1.1.0.0.searchglobal.0.ini/0.1.1.1.0.0.searchglobal.0_04.04.LTT.2.5.9_Small.final.json,/gpfs/projects/HeinzGroup/asoubki/FlexFringe/data/MLRegTest/Large/04.04.LTT.2.5.9_TestSR.txt,2025-12-29 23:12:35.219640
0.1.1.1.0.0.searchglobal.0,Small,4,4,LTT,2,5,9,TestSA,0.52147,0.5265895524236495,0.4252,0.4704945061024864,0.47853,/gpfs/projects/HeinzGroup/caffeine_underground/mlrt/FlexFringe/FlexFringe/models-ps-small/0.1.1.1.0.0.searchglobal.0.ini/0.1.1.1.0.0.searchglobal.0_04.04.LTT.2.5.9_Small.final.json,/gpfs/projects/HeinzGroup/asoubki/FlexFringe/data/MLRegTest/Large/04.04.LTT.2.5.9_TestSA.txt,2025-12-29 23:12:35.219640
0.1.1.1.0.0.searchglobal.0,Small,4,4,LTT,2,5,9,TestLR,0.59906,0.730823003075776,0.31364,0.4389151669512161,0.40094,/gpfs/projects/HeinzGroup/caffeine_underground/mlrt/FlexFringe/FlexFringe/models-ps-small/0.1.1.1.0.0.searchglobal.0.ini/0.1.1.1.0.0.searchglobal.0_04.04.LTT.2.5.9_Small.final.json,/gpfs/projects/HeinzGroup/asoubki/FlexFringe/data/MLRegTest/Large/04.04.LTT.2.5.9_TestLR.txt,2025-12-29 23:12:35.219640
0.1.1.1.0.0.searchglobal.0,Small,4,4,LTT,2,5,9,TestLA,0.51474,0.5259598450158507,0.29864,0.3809669600714377,0.48526,/gpfs/projects/HeinzGroup/caffeine_underground/mlrt/FlexFringe/FlexFringe/models-ps-small/0.1.1.1.0.0.searchglobal.0.ini/0.1.1.1.0.0.searchglobal.0_04.04.LTT.2.5.9_Small.final.json,/gpfs/projects/HeinzGroup/asoubki/FlexFringe/data/MLRegTest/Large/04.04.LTT.2.5.9_TestLA.txt,2025-12-29 23:12:35.219640
0.1.1.1.0.0.searchglobal.0,Small,4,4,LTT,2,5,9,Dev,0.67797,0.8403258500019123,0.43944,0.5770943044374697,0.32203,/gpfs/projects/HeinzGroup/caffeine_underground/mlrt/FlexFringe/FlexFringe/models-ps-small/0.1.1.1.0.0.searchglobal.0.ini/0.1.1.1.0.0.searchglobal.0_04.04.LTT.2.5.9_Small.final.json,/gpfs/projects/HeinzGroup/asoubki/FlexFringe/data/MLRegTest/Large/04.04.LTT.2.5.9_Dev.txt,2025-12-29 23:12:35.219640
0.1.1.1.0.0.searchglobal.0,Small,4,4,LTT,2,5,9,Train,0.677,0.8390804597701149,0.438,0.5755584756898817,0.323,/gpfs/projects/HeinzGroup/caffeine_underground/mlrt/FlexFringe/FlexFringe/models-ps-small/0.1.1.1.0.0.searchglobal.0.ini/0.1.1.1.0.0.searchglobal.0_04.04.LTT.2.5.9_Small.final.json,/gpfs/projects/HeinzGroup/asoubki/FlexFringe/data/MLRegTest/Small/04.04.LTT.2.5.9_Train.txt,2025-12-29 23:12:35.219640
0.1.1.1.0.0.searchglobal.0,Small,4,4,LTT,4,2,0,TestSR,0.90457,0.9109061731905991,0.89686,0.9038285178727993,0.09543,/gpfs/projects/HeinzGroup/caffeine_underground/mlrt/FlexFringe/FlexFringe/models-ps-small/0.1.1.1.0.0.searchglobal.0.ini/0.1.1.1.0.0.searchglobal.0_04.04.LTT.4.2.0_Small.final.json,/gpfs/projects/HeinzGroup/asoubki/FlexFringe/data/MLRegTest/Large/04.04.LTT.4.2.0_TestSR.txt,2025-12-29 22:58:26.213677
0.1.1.1.0.0.searchglobal.0,Small,4,4,LTT,4,2,0,TestLA,0.5587,0.5378787878787878,0.83354,0.653838913118509,0.4413,/gpfs/projects/HeinzGroup/caffeine_underground/mlrt/FlexFringe/FlexFringe/models-ps-small/0.1.1.1.0.0.searchglobal.0.ini/0.1.1.1.0.0.searchglobal.0_04.04.LTT.4.2.0_Small.final.json,/gpfs/projects/HeinzGroup/asoubki/FlexFringe/data/MLRegTest/Large/04.04.LTT.4.2.0_TestLA.txt,2025-12-29 22:58:26.213677
0.1.1.1.0.0.searchglobal.0,Small,4,4,LTT,4,2,0,TestLR,0.84815,0.8539332696256837,0.83998,0.846899166187754,0.15185,/gpfs/projects/HeinzGroup/caffeine_underground/mlrt/FlexFringe/FlexFringe/models-ps-small/0.1.1.1.0.0.searchglobal.0.ini/0.1.1.1.0.0.searchglobal.0_04.04.LTT.4.2.0_Small.final.json,/gpfs/projects/HeinzGroup/asoubki/FlexFringe/data/MLRegTest/Large/04.04.LTT.4.2.0_TestLR.txt,2025-12-29 22:58:26.213677
0.1.1.1.0.0.searchglobal.0,Small,4,4,LTT,4,2,0,TestSA,0.57387,0.5452873450470224,0.88944,0.6760871713401796,0.42613,/gpfs/projects/HeinzGroup/caffeine_underground/mlrt/FlexFringe/FlexFringe/models-ps-small/0.1.1.1.0.0.searchglobal.0.ini/0.1.1.1.0.0.searchglobal.0_04.04.LTT.4.2.0_Small.final.json,/gpfs/projects/HeinzGroup/asoubki/FlexFringe/data/MLRegTest/Large/04.04.LTT.4.2.0_TestSA.txt,2025-12-29 22:58:26.213677
0.1.1.1.0.0.searchglobal.0,Small,4,4,LTT,4,2,0,Dev,0.90448,0.9110736208788975,0.89646,0.9037077360430654,0.09552,/gpfs/projects/HeinzGroup/caffeine_underground/mlrt/FlexFringe/FlexFringe/models-ps-small/0.1.1.1.0.0.searchglobal.0.ini/0.1.1.1.0.0.searchglobal.0_04.04.LTT.4.2.0_Small.final.json,/gpfs/projects/HeinzGroup/asoubki/FlexFringe/data/MLRegTest/Large/04.04.LTT.4.2.0_Dev.txt,2025-12-29 22:58:26.213677
0.1.1.1.0.0.searchglobal.0,Small,4,4,LTT,4,2,0,Train,0.906,0.9142857142857143,0.896,0.9050505050505051,0.094,/gpfs/projects/HeinzGroup/caffeine_underground/mlrt/FlexFringe/FlexFringe/models-ps-small/0.1.1.1.0.0.searchglobal.0.ini/0.1.1.1.0.0.searchglobal.0_04.04.LTT.4.2.0_Small.final.json,/gpfs/projects/HeinzGroup/asoubki/FlexFringe/data/MLRegTest/Small/04.04.LTT.4.2.0_Train.txt,2025-12-29 22:58:26.213677
0.1.1.1.0.0.searchglobal.0,Small,4,4,LTT,4,2,1,TestLR,0.65784,0.6269667621223334,0.77942,0.6949303660906935,0.34216,/gpfs/projects/HeinzGroup/caffeine_underground/mlrt/FlexFringe/FlexFringe/models-ps-small/0.1.1.1.0.0.searchglobal.0.ini/0.1.1.1.0.0.searchglobal.0_04.04.LTT.4.2.1_Small.final.json,/gpfs/projects/HeinzGroup/asoubki/FlexFringe/data/MLRegTest/Large/04.04.LTT.4.2.1_TestLR.txt,2025-12-29 23:16:32.925144
0.1.1.1.0.0.searchglobal.0,Small,4,4,LTT,4,2,1,TestSR,0.71038,0.6616964368063455,0.86092,0.7482747231734663,0.28962,/gpfs/projects/HeinzGroup/caffeine_underground/mlrt/FlexFringe/FlexFringe/models-ps-small/0.1.1.1.0.0.searchglobal.0.ini/0.1.1.1.0.0.searchglobal.0_04.04.LTT.4.2.1_Small.final.json,/gpfs/projects/HeinzGroup/asoubki/FlexFringe/data/MLRegTest/Large/04.04.LTT.4.2.1_TestSR.txt,2025-12-29 23:16:32.925144
0.1.1.1.0.0.searchglobal.0,Small,4,4,LTT,4,2,1,TestSA,0.56765,0.5662442960380721,0.57826,0.5721890739256489,0.43235,/gpfs/projects/HeinzGroup/caffeine_underground/mlrt/FlexFringe/FlexFringe/models-ps-small/0.1.1.1.0.0.searchglobal.0.ini/0.1.1.1.0.0.searchglobal.0_04.04.LTT.4.2.1_Small.final.json,/gpfs/projects/HeinzGroup/asoubki/FlexFringe/data/MLRegTest/Large/04.04.LTT.4.2.1_TestSA.txt,2025-12-29 23:16:32.925144
0.1.1.1.0.0.searchglobal.0,Small,4,4,LTT,4,2,1,TestLA,0.5476,0.5458027019745199,0.56722,0.5563052902061553,0.4524,/gpfs/projects/HeinzGroup/caffeine_underground/mlrt/FlexFringe/FlexFringe/models-ps-small/0.1.1.1.0.0.searchglobal.0.ini/0.1.1.1.0.0.searchglobal.0_04.04.LTT.4.2.1_Small.final.json,/gpfs/projects/HeinzGroup/asoubki/FlexFringe/data/MLRegTest/Large/04.04.LTT.4.2.1_TestLA.txt,2025-12-29 23:16:32.925144
0.1.1.1.0.0.searchglobal.0,Small,4,4,LTT,4,2,1,Dev,0.71237,0.6635855247954892,0.86148,0.7496932408559668,0.28763,/gpfs/projects/HeinzGroup/caffeine_underground/mlrt/FlexFringe/FlexFringe/models-ps-small/0.1.1.1.0.0.searchglobal.0.ini/0.1.1.1.0.0.searchglobal.0_04.04.LTT.4.2.1_Small.final.json,/gpfs/projects/HeinzGroup/asoubki/FlexFringe/data/MLRegTest/Large/04.04.LTT.4.2.1_Dev.txt,2025-12-29 23:16:32.925144
0.1.1.1.0.0.searchglobal.0,Small,4,4,LTT,4,2,1,Train,0.704,0.6588785046728972,0.846,0.7408056042031523,0.296,/gpfs/projects/HeinzGroup/caffeine_underground/mlrt/FlexFringe/FlexFringe/models-ps-small/0.1.1.1.0.0.searchglobal.0.ini/0.1.1.1.0.0.searchglobal.0_04.04.LTT.4.2.1_Small.final.json,/gpfs/projects/HeinzGroup/asoubki/FlexFringe/data/MLRegTest/Small/04.04.LTT.4.2.1_Train.txt,2025-12-29 23:16:32.925144
0.1.1.1.0.0.searchglobal.0,Small,4,4,LTT,4,2,2,TestSR,0.99084,0.9834147494484715,0.99852,0.990909812638933,0.00916,/gpfs/projects/HeinzGroup/caffeine_underground/mlrt/FlexFringe/FlexFringe/models-ps-small/0.1.1.1.0.0.searchglobal.0.ini/0.1.1.1.0.0.searchglobal.0_04.04.LTT.4.2.2_Small.final.json,/gpfs/projects/HeinzGroup/asoubki/FlexFringe/data/MLRegTest/Large/04.04.LTT.4.2.2_TestSR.txt,2025-12-29 22:54:22.742409
0.1.1.1.0.0.searchglobal.0,Small,4,4,LTT,4,2,2,TestSA,0.97279,0.9827441850966938,0.96248,0.9725065424526872,0.02721,/gpfs/projects/HeinzGroup/caffeine_underground/mlrt/FlexFringe/FlexFringe/models-ps-small/0.1.1.1.0.0.searchglobal.0.ini/0.1.1.1.0.0.searchglobal.0_04.04.LTT.4.2.2_Small.final.json,/gpfs/projects/HeinzGroup/asoubki/FlexFringe/data/MLRegTest/Large/04.04.LTT.4.2.2_TestSA.txt,2025-12-29 22:54:22.742409
0.1.1.1.0.0.searchglobal.0,Small,4,4,LTT,4,2,2,TestLR,0.98938,0.9843044889557439,0.99462,0.9894353587203056,0.01062,/gpfs/projects/HeinzGroup/caffeine_underground/mlrt/FlexFringe/FlexFringe/models-ps-small/0.1.1.1.0.0.searchglobal.0.ini/0.1.1.1.0.0.searchglobal.0_04.04.LTT.4.2.2_Small.final.json,/gpfs/projects/HeinzGroup/asoubki/FlexFringe/data/MLRegTest/Large/04.04.LTT.4.2.2_TestLR.txt,2025-12-29 22:54:22.742409
0.1.1.1.0.0.searchglobal.0,Small,4,4,LTT,4,2,2,TestLA,0.95398,0.9810537023693469,0.92584,0.9526475006688206,0.04602,/gpfs/projects/HeinzGroup/caffeine_underground/mlrt/FlexFringe/FlexFringe/models-ps-small/0.1.1.1.0.0.searchglobal.0.ini/0.1.1.1.0.0.searchglobal.0_04.04.LTT.4.2.2_Small.final.json,/gpfs/projects/HeinzGroup/asoubki/FlexFringe/data/MLRegTest/Large/04.04.LTT.4.2.2_TestLA.txt,2025-12-29 22:54:22.742409
0.1.1.1.0.0.searchglobal.0,Small,4,4,LTT,4,2,2,Dev,0.99064,0.9828753641445556,0.99868,0.9907146541803896,0.00936,/gpfs/projects/HeinzGroup/caffeine_underground/mlrt/FlexFringe/FlexFringe/models-ps-small/0.1.1.1.0.0.searchglobal.0.ini/0.1.1.1.0.0.searchglobal.0_04.04.LTT.4.2.2_Small.final.json,/gpfs/projects/HeinzGroup/asoubki/FlexFringe/data/MLRegTest/Large/04.04.LTT.4.2.2_Dev.txt,2025-12-29 22:54:22.742409
0.1.1.1.0.0.searchglobal.0,Small,4,4,LTT,4,2,2,Train,0.985,0.9840319361277445,0.986,0.985014985014985,0.015,/gpfs/projects/HeinzGroup/caffeine_underground/mlrt/FlexFringe/FlexFringe/models-ps-small/0.1.1.1.0.0.searchglobal.0.ini/0.1.1.1.0.0.searchglobal.0_04.04.LTT.4.2.2_Small.final.json,/gpfs/projects/HeinzGroup/asoubki/FlexFringe/data/MLRegTest/Small/04.04.LTT.4.2.2_Train.txt,2025-12-29 22:54:22.742409
0.1.1.1.0.0.searchglobal.0,Small,4,4,LTT,4,2,3,TestLA,0.61029,0.578644875140832,0.81148,0.6755633996287015,0.38971,/gpfs/projects/HeinzGroup/caffeine_underground/mlrt/FlexFringe/FlexFringe/models-ps-small/0.1.1.1.0.0.searchglobal.0.ini/0.1.1.1.0.0.searchglobal.0_04.04.LTT.4.2.3_Small.final.json,/gpfs/projects/HeinzGroup/asoubki/FlexFringe/data/MLRegTest/Large/04.04.LTT.4.2.3_TestLA.txt,2025-12-29 23:10:07.913480
0.1.1.1.0.0.searchglobal.0,Small,4,4,LTT,4,2,3,TestSR,0.67304,0.6112053674712732,0.95106,0.7441667579537097,0.32696,/gpfs/projects/HeinzGroup/caffeine_underground/mlrt/FlexFringe/FlexFringe/models-ps-small/0.1.1.1.0.0.searchglobal.0.ini/0.1.1.1.0.0.searchglobal.0_04.04.LTT.4.2.3_Small.final.json,/gpfs/projects/HeinzGroup/asoubki/FlexFringe/data/MLRegTest/Large/04.04.LTT.4.2.3_TestSR.txt,2025-12-29 23:10:07.913480
0.1.1.1.0.0.searchglobal.0,Small,4,4,LTT,4,2,3,TestLR,0.66272,0.6081857348013403,0.91476,0.7306156352832178,0.33728,/gpfs/projects/HeinzGroup/caffeine_underground/mlrt/FlexFringe/FlexFringe/models-ps-small/0.1.1.1.0.0.searchglobal.0.ini/0.1.1.1.0.0.searchglobal.0_04.04.LTT.4.2.3_Small.final.json,/gpfs/projects/HeinzGroup/asoubki/FlexFringe/data/MLRegTest/Large/04.04.LTT.4.2.3_TestLR.txt,2025-12-29 23:10:07.913480
0.1.1.1.0.0.searchglobal.0,Small,4,4,LTT,4,2,3,TestSA,0.62472,0.5854082778645191,0.85486,0.6949290324678492,0.37528,/gpfs/projects/HeinzGroup/caffeine_underground/mlrt/FlexFringe/FlexFringe/models-ps-small/0.1.1.1.0.0.searchglobal.0.ini/0.1.1.1.0.0.searchglobal.0_04.04.LTT.4.2.3_Small.final.json,/gpfs/projects/HeinzGroup/asoubki/FlexFringe/data/MLRegTest/Large/04.04.LTT.4.2.3_TestSA.txt,2025-12-29 23:10:07.913480
0.1.1.1.0.0.searchglobal.0,Small,4,4,LTT,4,2,3,Dev,0.67339,0.61121159643384,0.95294,0.7447461998358798,0.32661,/gpfs/projects/HeinzGroup/caffeine_underground/mlrt/FlexFringe/FlexFringe/models-ps-small/0.1.1.1.0.0.searchglobal.0.ini/0.1.1.1.0.0.searchglobal.0_04.04.LTT.4.2.3_Small.final.json,/gpfs/projects/HeinzGroup/asoubki/FlexFringe/data/MLRegTest/Large/04.04.LTT.4.2.3_Dev.txt,2025-12-29 23:10:07.913480
0.1.1.1.0.0.searchglobal.0,Small,4,4,LTT,4,2,3,Train,0.683,0.6180645161290322,0.958,0.7513725490196078,0.317,/gpfs/projects/HeinzGroup/caffeine_underground/mlrt/FlexFringe/FlexFringe/models-ps-small/0.1.1.1.0.0.searchglobal.0.ini/0.1.1.1.0.0.searchglobal.0_04.04.LTT.4.2.3_Small.final.json,/gpfs/projects/HeinzGroup/asoubki/FlexFringe/data/MLRegTest/Small/04.04.LTT.4.2.3_Train.txt,2025-12-29 23:10:07.913480
0.1.1.1.0.0.searchglobal.0,Small,4,4,LTT,4,2,4,TestSR,0.98571,0.9884944181836468,0.98286,0.9856691570977285,0.01429,/gpfs/projects/HeinzGroup/caffeine_underground/mlrt/FlexFringe/FlexFringe/models-ps-small/0.1.1.1.0.0.searchglobal.0.ini/0.1.1.1.0.0.searchglobal.0_04.04.LTT.4.2.4_Small.final.json,/gpfs/projects/HeinzGroup/asoubki/FlexFringe/data/MLRegTest/Large/04.04.LTT.4.2.4_TestSR.txt,2025-12-29 22:03:11.938426
0.1.1.1.0.0.searchglobal.0,Small,4,4,LTT,4,2,4,TestLA,0.87468,0.8329305135951661,0.93738,0.8820739625482262,0.12532,/gpfs/projects/HeinzGroup/caffeine_underground/mlrt/FlexFringe/FlexFringe/models-ps-small/0.1.1.1.0.0.searchglobal.0.ini/0.1.1.1.0.0.searchglobal.0_04.04.LTT.4.2.4_Small.final.json,/gpfs/projects/HeinzGroup/asoubki/FlexFringe/data/MLRegTest/Large/04.04.LTT.4.2.4_TestLA.txt,2025-12-29 22:03:11.938426
0.1.1.1.0.0.searchglobal.0,Small,4,4,LTT,4,2,4,TestSA,0.90467,0.8578047357159277,0.97016,0.9105294277750143,0.09533,/gpfs/projects/HeinzGroup/caffeine_underground/mlrt/FlexFringe/FlexFringe/models-ps-small/0.1.1.1.0.0.searchglobal.0.ini/0.1.1.1.0.0.searchglobal.0_04.04.LTT.4.2.4_Small.final.json,/gpfs/projects/HeinzGroup/asoubki/FlexFringe/data/MLRegTest/Large/04.04.LTT.4.2.4_TestSA.txt,2025-12-29 22:03:11.938426
0.1.1.1.0.0.searchglobal.0,Small,4,4,LTT,4,2,4,TestLR,0.97087,0.9784777969718524,0.96292,0.9706365606572249,0.02913,/gpfs/projects/HeinzGroup/caffeine_underground/mlrt/FlexFringe/FlexFringe/models-ps-small/0.1.1.1.0.0.searchglobal.0.ini/0.1.1.1.0.0.searchglobal.0_04.04.LTT.4.2.4_Small.final.json,/gpfs/projects/HeinzGroup/asoubki/FlexFringe/data/MLRegTest/Large/04.04.LTT.4.2.4_TestLR.txt,2025-12-29 22:03:11.938426
0.1.1.1.0.0.searchglobal.0,Small,4,4,LTT,4,2,4,Dev,0.98572,0.9885339555841648,0.98284,0.9856787548138639,0.01428,/gpfs/projects/HeinzGroup/caffeine_underground/mlrt/FlexFringe/FlexFringe/models-ps-small/0.1.1.1.0.0.searchglobal.0.ini/0.1.1.1.0.0.searchglobal.0_04.04.LTT.4.2.4_Small.final.json,/gpfs/projects/HeinzGroup/asoubki/FlexFringe/data/MLRegTest/Large/04.04.LTT.4.2.4_Dev.txt,2025-12-29 22:03:11.938426
0.1.1.1.0.0.searchglobal.0,Small,4,4,LTT,4,2,4,Train,0.984,0.9801587301587301,0.988,0.9840637450199203,0.016,/gpfs/projects/HeinzGroup/caffeine_underground/mlrt/FlexFringe/FlexFringe/models-ps-small/0.1.1.1.0.0.searchglobal.0.ini/0.1.1.1.0.0.searchglobal.0_04.04.LTT.4.2.4_Small.final.json,/gpfs/projects/HeinzGroup/asoubki/FlexFringe/data/MLRegTest/Small/04.04.LTT.4.2.4_Train.txt,2025-12-29 22:03:11.938426
0.1.1.1.0.0.searchglobal.0,Small,4,4,LTT,4,2,5,TestSA,0.51912,0.5854486950303897,0.131,0.2140942668497091,0.48088,/gpfs/projects/HeinzGroup/caffeine_underground/mlrt/FlexFringe/FlexFringe/models-ps-small/0.1.1.1.0.0.searchglobal.0.ini/0.1.1.1.0.0.searchglobal.0_04.04.LTT.4.2.5_Small.final.json,/gpfs/projects/HeinzGroup/asoubki/FlexFringe/data/MLRegTest/Large/04.04.LTT.4.2.5_TestSA.txt,2025-12-29 23:12:32.996830
0.1.1.1.0.0.searchglobal.0,Small,4,4,LTT,4,2,5,TestLA,0.51083,0.5761282159426402,0.08196,0.14350498135275683,0.48917,/gpfs/projects/HeinzGroup/caffeine_underground/mlrt/FlexFringe/FlexFringe/models-ps-small/0.1.1.1.0.0.searchglobal.0.ini/0.1.1.1.0.0.searchglobal.0_04.04.LTT.4.2.5_Small.final.json,/gpfs/projects/HeinzGroup/asoubki/FlexFringe/data/MLRegTest/Large/04.04.LTT.4.2.5_TestLA.txt,2025-12-29 23:12:32.996830
0.1.1.1.0.0.searchglobal.0,Small,4,4,LTT,4,2,5,TestSR,0.55831,0.8712593913154209,0.13684,0.2365305169999827,0.44169,/gpfs/projects/HeinzGroup/caffeine_underground/mlrt/FlexFringe/FlexFringe/models-ps-small/0.1.1.1.0.0.searchglobal.0.ini/0.1.1.1.0.0.searchglobal.0_04.04.LTT.4.2.5_Small.final.json,/gpfs/projects/HeinzGroup/asoubki/FlexFringe/data/MLRegTest/Large/04.04.LTT.4.2.5_TestSR.txt,2025-12-29 23:12:32.996830
0.1.1.1.0.0.searchglobal.0,Small,4,4,LTT,4,2,5,TestLR,0.53149,0.807219512195122,0.08274,0.1500952380952381,0.46851,/gpfs/projects/HeinzGroup/caffeine_underground/mlrt/FlexFringe/FlexFringe/models-ps-small/0.1.1.1.0.0.searchglobal.0.ini/0.1.1.1.0.0.searchglobal.0_04.04.LTT.4.2.5_Small.final.json,/gpfs/projects/HeinzGroup/asoubki/FlexFringe/data/MLRegTest/Large/04.04.LTT.4.2.5_TestLR.txt,2025-12-29 23:12:32.996830
0.1.1.1.0.0.searchglobal.0,Small,4,4,LTT,4,2,5,Dev,0.56021,0.8791084246316585,0.13962,0.24096926183531522,0.43979,/gpfs/projects/HeinzGroup/caffeine_underground/mlrt/FlexFringe/FlexFringe/models-ps-small/0.1.1.1.0.0.searchglobal.0.ini/0.1.1.1.0.0.searchglobal.0_04.04.LTT.4.2.5_Small.final.json,/gpfs/projects/HeinzGroup/asoubki/FlexFringe/data/MLRegTest/Large/04.04.LTT.4.2.5_Dev.txt,2025-12-29 23:12:32.996830
0.1.1.1.0.0.searchglobal.0,Small,4,4,LTT,4,2,5,Train,0.543,0.7654320987654321,0.124,0.2134251290877797,0.457,/gpfs/projects/HeinzGroup/caffeine_underground/mlrt/FlexFringe/FlexFringe/models-ps-small/0.1.1.1.0.0.searchglobal.0.ini/0.1.1.1.0.0.searchglobal.0_04.04.LTT.4.2.5_Small.final.json,/gpfs/projects/HeinzGroup/asoubki/FlexFringe/data/MLRegTest/Small/04.04.LTT.4.2.5_Train.txt,2025-12-29 23:12:32.996830
0.1.1.1.0.0.searchglobal.0,Small,4,4,LTT,4,2,6,TestLR,0.49977,0.493886230728336,0.01858,0.0358127252751489,0.50023,/gpfs/projects/HeinzGroup/caffeine_underground/mlrt/FlexFringe/FlexFringe/models-ps-small/0.1.1.1.0.0.searchglobal.0.ini/0.1.1.1.0.0.searchglobal.0_04.04.LTT.4.2.6_Small.final.json,/gpfs/projects/HeinzGroup/asoubki/FlexFringe/data/MLRegTest/Large/04.04.LTT.4.2.6_TestLR.txt,2025-12-29 23:07:07.881572
0.1.1.1.0.0.searchglobal.0,Small,4,4,LTT,4,2,6,TestSA,0.50002,0.5005219206680585,0.01918,0.03694429462978658,0.49998,/gpfs/projects/HeinzGroup/caffeine_underground/mlrt/FlexFringe/FlexFringe/models-ps-small/0.1.1.1.0.0.searchglobal.0.ini/0.1.1.1.0.0.searchglobal.0_04.04.LTT.4.2.6_Small.final.json,/gpfs/projects/HeinzGroup/asoubki/FlexFringe/data/MLRegTest/Large/04.04.LTT.4.2.6_TestSA.txt,2025-12-29 23:07:07.881572
0.1.1.1.0.0.searchglobal.0,Small,4,4,LTT,4,2,6,TestSR,0.50026,0.5069667738478028,0.01892,0.03647861797709482,0.49974,/gpfs/projects/HeinzGroup/caffeine_underground/mlrt/FlexFringe/FlexFringe/models-ps-small/0.1.1.1.0.0.searchglobal.0.ini/0.1.1.1.0.0.searchglobal.0_04.04.LTT.4.2.6_Small.final.json,/gpfs/projects/HeinzGroup/asoubki/FlexFringe/data/MLRegTest/Large/04.04.LTT.4.2.6_TestSR.txt,2025-12-29 23:07:07.881572
0.1.1.1.0.0.searchglobal.0,Small,4,4,LTT,4,2,6,TestLA,0.50003,0.5007759958613555,0.01936,0.03727880153274411,0.49997,/gpfs/projects/HeinzGroup/caffeine_underground/mlrt/FlexFringe/FlexFringe/models-ps-small/0.1.1.1.0.0.searchglobal.0.ini/0.1.1.1.0.0.searchglobal.0_04.04.LTT.4.2.6_Small.final.json,/gpfs/projects/HeinzGroup/asoubki/FlexFringe/data/MLRegTest/Large/04.04.LTT.4.2.6_TestLA.txt,2025-12-29 23:07:07.881572
0.1.1.1.0.0.searchglobal.0,Small,4,4,LTT,4,2,6,Dev,0.49986,0.49648946840521563,0.0198,0.03808131707504712,0.50014,/gpfs/projects/HeinzGroup/caffeine_underground/mlrt/FlexFringe/FlexFringe/models-ps-small/0.1.1.1.0.0.searchglobal.0.ini/0.1.1.1.0.0.searchglobal.0_04.04.LTT.4.2.6_Small.final.json,/gpfs/projects/HeinzGroup/asoubki/FlexFringe/data/MLRegTest/Large/04.04.LTT.4.2.6_Dev.txt,2025-12-29 23:07:07.881572
0.1.1.1.0.0.searchglobal.0,Small,4,4,LTT,4,2,6,Train,0.492,0.2777777777777778,0.01,0.019305019305019305,0.508,/gpfs/projects/HeinzGroup/caffeine_underground/mlrt/FlexFringe/FlexFringe/models-ps-small/0.1.1.1.0.0.searchglobal.0.ini/0.1.1.1.0.0.searchglobal.0_04.04.LTT.4.2.6_Small.final.json,/gpfs/projects/HeinzGroup/asoubki/FlexFringe/data/MLRegTest/Small/04.04.LTT.4.2.6_Train.txt,2025-12-29 23:07:07.881572
0.1.1.1.0.0.searchglobal.0,Small,4,4,LTT,4,2,7,TestSR,0.49872,0.4548022598870056,0.01288,0.025050567916601835,0.50128,/gpfs/projects/HeinzGroup/caffeine_underground/mlrt/FlexFringe/FlexFringe/models-ps-small/0.1.1.1.0.0.searchglobal.0.ini/0.1.1.1.0.0.searchglobal.0_04.04.LTT.4.2.7_Small.final.json,/gpfs/projects/HeinzGroup/asoubki/FlexFringe/data/MLRegTest/Large/04.04.LTT.4.2.7_TestSR.txt,2025-12-29 23:14:37.567988
0.1.1.1.0.0.searchglobal.0,Small,4,4,LTT,4,2,7,TestLA,0.49993,0.4978540772532189,0.01624,0.0314539714512599,0.50007,/gpfs/projects/HeinzGroup/caffeine_underground/mlrt/FlexFringe/FlexFringe/models-ps-small/0.1.1.1.0.0.searchglobal.0.ini/0.1.1.1.0.0.searchglobal.0_04.04.LTT.4.2.7_Small.final.json,/gpfs/projects/HeinzGroup/asoubki/FlexFringe/data/MLRegTest/Large/04.04.LTT.4.2.7_TestLA.txt,2025-12-29 23:14:37.567988
0.1.1.1.0.0.searchglobal.0,Small,4,4,LTT,4,2,7,TestSA,0.50002,0.5006329113924051,0.01582,0.030670802636680886,0.49998,/gpfs/projects/HeinzGroup/caffeine_underground/mlrt/FlexFringe/FlexFringe/models-ps-small/0.1.1.1.0.0.searchglobal.0.ini/0.1.1.1.0.0.searchglobal.0_04.04.LTT.4.2.7_Small.final.json,/gpfs/projects/HeinzGroup/asoubki/FlexFringe/data/MLRegTest/Large/04.04.LTT.4.2.7_TestSA.txt,2025-12-29 23:14:37.567988
0.1.1.1.0.0.searchglobal.0,Small,4,4,LTT,4,2,7,TestLR,0.49971,0.4895608351331893,0.0136,0.02646480764365915,0.50029,/gpfs/projects/HeinzGroup/caffeine_underground/mlrt/FlexFringe/FlexFringe/models-ps-small/0.1.1.1.0.0.searchglobal.0.ini/0.1.1.1.0.0.searchglobal.0_04.04.LTT.4.2.7_Small.final.json,/gpfs/projects/HeinzGroup/asoubki/FlexFringe/data/MLRegTest/Large/04.04.LTT.4.2.7_TestLR.txt,2025-12-29 23:14:37.567988
0.1.1.1.0.0.searchglobal.0,Small,4,4,LTT,4,2,7,Dev,0.49845,0.44666207845836203,0.01298,0.02522690610848736,0.50155,/gpfs/projects/HeinzGroup/caffeine_underground/mlrt/FlexFringe/FlexFringe/models-ps-small/0.1.1.1.0.0.searchglobal.0.ini/0.1.1.1.0.0.searchglobal.0_04.04.LTT.4.2.7_Small.final.json,/gpfs/projects/HeinzGroup/asoubki/FlexFringe/data/MLRegTest/Large/04.04.LTT.4.2.7_Dev.txt,2025-12-29 23:14:37.567988
0.1.1.1.0.0.searchglobal.0,Small,4,4,LTT,4,2,7,Train,0.498,0.42857142857142855,0.012,0.023346303501945526,0.502,/gpfs/projects/HeinzGroup/caffeine_underground/mlrt/FlexFringe/FlexFringe/models-ps-small/0.1.1.1.0.0.searchglobal.0.ini/0.1.1.1.0.0.searchglobal.0_04.04.LTT.4.2.7_Small.final.json,/gpfs/projects/HeinzGroup/asoubki/FlexFringe/data/MLRegTest/Small/04.04.LTT.4.2.7_Train.txt,2025-12-29 23:14:37.567988
0.1.1.1.0.0.searchglobal.0,Small,4,4,LTT,4,2,8,TestSR,0.5005,0.5128865979381443,0.0199,0.038313438582980364,0.4995,/gpfs/projects/HeinzGroup/caffeine_underground/mlrt/FlexFringe/FlexFringe/models-ps-small/0.1.1.1.0.0.searchglobal.0.ini/0.1.1.1.0.0.searchglobal.0_04.04.LTT.4.2.8_Small.final.json,/gpfs/projects/HeinzGroup/asoubki/FlexFringe/data/MLRegTest/Large/04.04.LTT.4.2.8_TestSR.txt,2025-12-29 22:50:59.086020
0.1.1.1.0.0.searchglobal.0,Small,4,4,LTT,4,2,8,TestSA,0.49991,0.4977645305514158,0.02004,0.03852882933112876,0.50009,/gpfs/projects/HeinzGroup/caffeine_underground/mlrt/FlexFringe/FlexFringe/models-ps-small/0.1.1.1.0.0.searchglobal.0.ini/0.1.1.1.0.0.searchglobal.0_04.04.LTT.4.2.8_Small.final.json,/gpfs/projects/HeinzGroup/asoubki/FlexFringe/data/MLRegTest/Large/04.04.LTT.4.2.8_TestSA.txt,2025-12-29 22:50:59.086020
0.1.1.1.0.0.searchglobal.0,Small,4,4,LTT,4,2,8,TestLR,0.49948,0.48647242455775236,0.0187,0.03601556180424483,0.50052,/gpfs/projects/HeinzGroup/caffeine_underground/mlrt/FlexFringe/FlexFringe/models-ps-small/0.1.1.1.0.0.searchglobal.0.ini/0.1.1.1.0.0.searchglobal.0_04.04.LTT.4.2.8_Small.final.json,/gpfs/projects/HeinzGroup/asoubki/FlexFringe/data/MLRegTest/Large/04.04.LTT.4.2.8_TestLR.txt,2025-12-29 22:50:59.086020
0.1.1.1.0.0.searchglobal.0,Small,4,4,LTT,4,2,8,TestLA,0.4998,0.4948559670781893,0.01924,0.037039889111350685,0.5002,/gpfs/projects/HeinzGroup/caffeine_underground/mlrt/FlexFringe/FlexFringe/models-ps-small/0.1.1.1.0.0.searchglobal.0.ini/0.1.1.1.0.0.searchglobal.0_04.04.LTT.4.2.8_Small.final.json,/gpfs/projects/HeinzGroup/asoubki/FlexFringe/data/MLRegTest/Large/04.04.LTT.4.2.8_TestLA.txt,2025-12-29 22:50:59.086020
0.1.1.1.0.0.searchglobal.0,Small,4,4,LTT,4,2,8,Dev,0.49951,0.4872196139801774,0.01868,0.035980507348267424,0.50049,/gpfs/projects/HeinzGroup/caffeine_underground/mlrt/FlexFringe/FlexFringe/models-ps-small/0.1.1.1.0.0.searchglobal.0.ini/0.1.1.1.0.0.searchglobal.0_04.04.LTT.4.2.8_Small.final.json,/gpfs/projects/HeinzGroup/asoubki/FlexFringe/data/MLRegTest/Large/04.04.LTT.4.2.8_Dev.txt,2025-12-29 22:50:59.086020
0.1.1.1.0.0.searchglobal.0,Small,4,4,LTT,4,2,8,Train,0.496,0.35714285714285715,0.01,0.019455252918287938,0.504,/gpfs/projects/HeinzGroup/caffeine_underground/mlrt/FlexFringe/FlexFringe/models-ps-small/0.1.1.1.0.0.searchglobal.0.ini/0.1.1.1.0.0.searchglobal.0_04.04.LTT.4.2.8_Small.final.json,/gpfs/projects/HeinzGroup/asoubki/FlexFringe/data/MLRegTest/Small/04.04.LTT.4.2.8_Train.txt,2025-12-29 22:50:59.086020
0.1.1.1.0.0.searchglobal.0,Small,4,4,LTT,4,2,9,TestSR,0.6517,0.94320439406334,0.32284,0.48103227344518285,0.3483,/gpfs/projects/HeinzGroup/caffeine_underground/mlrt/FlexFringe/FlexFringe/models-ps-small/0.1.1.1.0.0.searchglobal.0.ini/0.1.1.1.0.0.searchglobal.0_04.04.LTT.4.2.9_Small.final.json,/gpfs/projects/HeinzGroup/asoubki/FlexFringe/data/MLRegTest/Large/04.04.LTT.4.2.9_TestSR.txt,2025-12-29 22:31:48.428909
0.1.1.1.0.0.searchglobal.0,Small,4,4,LTT,4,2,9,TestLA,0.53957,0.5827028382727919,0.2788,0.3771491957848031,0.46043,/gpfs/projects/HeinzGroup/caffeine_underground/mlrt/FlexFringe/FlexFringe/models-ps-small/0.1.1.1.0.0.searchglobal.0.ini/0.1.1.1.0.0.searchglobal.0_04.04.LTT.4.2.9_Small.final.json,/gpfs/projects/HeinzGroup/asoubki/FlexFringe/data/MLRegTest/Large/04.04.LTT.4.2.9_TestLA.txt,2025-12-29 22:31:48.428909
0.1.1.1.0.0.searchglobal.0,Small,4,4,LTT,4,2,9,TestSA,0.55246,0.5963205052878966,0.32478,0.4205251709136109,0.44754,/gpfs/projects/HeinzGroup/caffeine_underground/mlrt/FlexFringe/FlexFringe/models-ps-small/0.1.1.1.0.0.searchglobal.0.ini/0.1.1.1.0.0.searchglobal.0_04.04.LTT.4.2.9_Small.final.json,/gpfs/projects/HeinzGroup/asoubki/FlexFringe/data/MLRegTest/Large/04.04.LTT.4.2.9_TestSA.txt,2025-12-29 22:31:48.428909
0.1.1.1.0.0.searchglobal.0,Small,4,4,LTT,4,2,9,TestLR,0.62041,0.9008055389121896,0.27062,0.41620399563218036,0.37959,/gpfs/projects/HeinzGroup/caffeine_underground/mlrt/FlexFringe/FlexFringe/models-ps-small/0.1.1.1.0.0.searchglobal.0.ini/0.1.1.1.0.0.searchglobal.0_04.04.LTT.4.2.9_Small.final.json,/gpfs/projects/HeinzGroup/asoubki/FlexFringe/data/MLRegTest/Large/04.04.LTT.4.2.9_TestLR.txt,2025-12-29 22:31:48.428909
0.1.1.1.0.0.searchglobal.0,Small,4,4,LTT,4,2,9,Dev,0.64924,0.9431642712911272,0.31762,0.4752087136060325,0.35076,/gpfs/projects/HeinzGroup/caffeine_underground/mlrt/FlexFringe/FlexFringe/models-ps-small/0.1.1.1.0.0.searchglobal.0.ini/0.1.1.1.0.0.searchglobal.0_04.04.LTT.4.2.9_Small.final.json,/gpfs/projects/HeinzGroup/asoubki/FlexFringe/data/MLRegTest/Large/04.04.LTT.4.2.9_Dev.txt,2025-12-29 22:31:48.428909
0.1.1.1.0.0.searchglobal.0,Small,4,4,LTT,4,2,9,Train,0.641,0.9325153374233128,0.304,0.45852187028657615,0.359,/gpfs/projects/HeinzGroup/caffeine_underground/mlrt/FlexFringe/FlexFringe/models-ps-small/0.1.1.1.0.0.searchglobal.0.ini/0.1.1.1.0.0.searchglobal.0_04.04.LTT.4.2.9_Small.final.json,/gpfs/projects/HeinzGroup/asoubki/FlexFringe/data/MLRegTest/Small/04.04.LTT.4.2.9_Train.txt,2025-12-29 22:31:48.428909
0.1.1.1.0.0.searchglobal.0,Small,4,4,LTT,4,3,0,TestLA,0.74379,0.6717919808329222,0.95334,0.7881774213550494,0.25621,/gpfs/projects/HeinzGroup/caffeine_underground/mlrt/FlexFringe/FlexFringe/models-ps-small/0.1.1.1.0.0.searchglobal.0.ini/0.1.1.1.0.0.searchglobal.0_04.04.LTT.4.3.0_Small.final.json,/gpfs/projects/HeinzGroup/asoubki/FlexFringe/data/MLRegTest/Large/04.04.LTT.4.3.0_TestLA.txt,2025-12-29 22:13:13.193189
0.1.1.1.0.0.searchglobal.0,Small,4,4,LTT,4,3,0,TestSA,0.75704,0.6784801688701255,0.97712,0.8008655170152776,0.24296,/gpfs/projects/HeinzGroup/caffeine_underground/mlrt/FlexFringe/FlexFringe/models-ps-small/0.1.1.1.0.0.searchglobal.0.ini/0.1.1.1.0.0.searchglobal.0_04.04.LTT.4.3.0_Small.final.json,/gpfs/projects/HeinzGroup/asoubki/FlexFringe/data/MLRegTest/Large/04.04.LTT.4.3.0_TestSA.txt,2025-12-29 22:13:13.193189
0.1.1.1.0.0.searchglobal.0,Small,4,4,LTT,4,3,0,TestLR,0.96997,0.9725311186631543,0.96726,0.9698883975573805,0.03003,/gpfs/projects/HeinzGroup/caffeine_underground/mlrt/FlexFringe/FlexFringe/models-ps-small/0.1.1.1.0.0.searchglobal.0.ini/0.1.1.1.0.0.searchglobal.0_04.04.LTT.4.3.0_Small.final.json,/gpfs/projects/HeinzGroup/asoubki/FlexFringe/data/MLRegTest/Large/04.04.LTT.4.3.0_TestLR.txt,2025-12-29 22:13:13.193189
0.1.1.1.0.0.searchglobal.0,Small,4,4,LTT,4,3,0,TestSR,0.9846,0.9841545777884346,0.98506,0.9846070807428583,0.0154,/gpfs/projects/HeinzGroup/caffeine_underground/mlrt/FlexFringe/FlexFringe/models-ps-small/0.1.1.1.0.0.searchglobal.0.ini/0.1.1.1.0.0.searchglobal.0_04.04.LTT.4.3.0_Small.final.json,/gpfs/projects/HeinzGroup/asoubki/FlexFringe/data/MLRegTest/Large/04.04.LTT.4.3.0_TestSR.txt,2025-12-29 22:13:13.193189
0.1.1.1.0.0.searchglobal.0,Small,4,4,LTT,4,3,0,Dev,0.98422,0.9841619005719313,0.98428,0.9842209467431954,0.01578,/gpfs/projects/HeinzGroup/caffeine_underground/mlrt/FlexFringe/FlexFringe/models-ps-small/0.1.1.1.0.0.searchglobal.0.ini/0.1.1.1.0.0.searchglobal.0_04.04.LTT.4.3.0_Small.final.json,/gpfs/projects/HeinzGroup/asoubki/FlexFringe/data/MLRegTest/Large/04.04.LTT.4.3.0_Dev.txt,2025-12-29 22:13:13.193189
0.1.1.1.0.0.searchglobal.0,Small,4,4,LTT,4,3,0,Train,0.977,0.9760479041916168,0.978,0.977022977022977,0.023,/gpfs/projects/HeinzGroup/caffeine_underground/mlrt/FlexFringe/FlexFringe/models-ps-small/0.1.1.1.0.0.searchglobal.0.ini/0.1.1.1.0.0.searchglobal.0_04.04.LTT.4.3.0_Small.final.json,/gpfs/projects/HeinzGroup/asoubki/FlexFringe/data/MLRegTest/Small/04.04.LTT.4.3.0_Train.txt,2025-12-29 22:13:13.193189
0.1.1.1.0.0.searchglobal.0,Small,4,4,LTT,4,3,1,TestSA,0.584,0.5936747256668748,0.53236,0.5613480113037244,0.416,/gpfs/projects/HeinzGroup/caffeine_underground/mlrt/FlexFringe/FlexFringe/models-ps-small/0.1.1.1.0.0.searchglobal.0.ini/0.1.1.1.0.0.searchglobal.0_04.04.LTT.4.3.1_Small.final.json,/gpfs/projects/HeinzGroup/asoubki/FlexFringe/data/MLRegTest/Large/04.04.LTT.4.3.1_TestSA.txt,2025-12-29 23:22:47.342500
0.1.1.1.0.0.searchglobal.0,Small,4,4,LTT,4,3,1,TestLR,0.75272,0.6877563150074294,0.92572,0.7891901108269395,0.24728,/gpfs/projects/HeinzGroup/caffeine_underground/mlrt/FlexFringe/FlexFringe/models-ps-small/0.1.1.1.0.0.searchglobal.0.ini/0.1.1.1.0.0.searchglobal.0_04.04.LTT.4.3.1_Small.final.json,/gpfs/projects/HeinzGroup/asoubki/FlexFringe/data/MLRegTest/Large/04.04.LTT.4.3.1_TestLR.txt,2025-12-29 23:22:47.342500
0.1.1.1.0.0.searchglobal.0,Small,4,4,LTT,4,3,1,TestLA,0.56805,0.5685614685554234,0.56432,0.5664327943228241,0.43195,/gpfs/projects/HeinzGroup/caffeine_underground/mlrt/FlexFringe/FlexFringe/models-ps-small/0.1.1.1.0.0.searchglobal.0.ini/0.1.1.1.0.0.searchglobal.0_04.04.LTT.4.3.1_Small.final.json,/gpfs/projects/HeinzGroup/asoubki/FlexFringe/data/MLRegTest/Large/04.04.LTT.4.3.1_TestLA.txt,2025-12-29 23:22:47.342500
0.1.1.1.0.0.searchglobal.0,Small,4,4,LTT,4,3,1,TestSR,0.79998,0.7272989028308178,0.95986,0.8275511259785495,0.20002,/gpfs/projects/HeinzGroup/caffeine_underground/mlrt/FlexFringe/FlexFringe/models-ps-small/0.1.1.1.0.0.searchglobal.0.ini/0.1.1.1.0.0.searchglobal.0_04.04.LTT.4.3.1_Small.final.json,/gpfs/projects/HeinzGroup/asoubki/FlexFringe/data/MLRegTest/Large/04.04.LTT.4.3.1_TestSR.txt,2025-12-29 23:22:47.342500
0.1.1.1.0.0.searchglobal.0,Small,4,4,LTT,4,3,1,Dev,0.80204,0.7291862688560415,0.96098,0.82918874143614,0.19796,/gpfs/projects/HeinzGroup/caffeine_underground/mlrt/FlexFringe/FlexFringe/models-ps-small/0.1.1.1.0.0.searchglobal.0.ini/0.1.1.1.0.0.searchglobal.0_04.04.LTT.4.3.1_Small.final.json,/gpfs/projects/HeinzGroup/asoubki/FlexFringe/data/MLRegTest/Large/04.04.LTT.4.3.1_Dev.txt,2025-12-29 23:22:47.342500
0.1.1.1.0.0.searchglobal.0,Small,4,4,LTT,4,3,1,Train,0.785,0.7155824508320726,0.946,0.8148148148148148,0.215,/gpfs/projects/HeinzGroup/caffeine_underground/mlrt/FlexFringe/FlexFringe/models-ps-small/0.1.1.1.0.0.searchglobal.0.ini/0.1.1.1.0.0.searchglobal.0_04.04.LTT.4.3.1_Small.final.json,/gpfs/projects/HeinzGroup/asoubki/FlexFringe/data/MLRegTest/Small/04.04.LTT.4.3.1_Train.txt,2025-12-29 23:22:47.342500
0.1.1.1.0.0.searchglobal.0,Small,4,4,LTT,4,3,2,TestLR,0.98263,0.9733615802585378,0.99242,0.9827984036284773,0.01737,/gpfs/projects/HeinzGroup/caffeine_underground/mlrt/FlexFringe/FlexFringe/models-ps-small/0.1.1.1.0.0.searchglobal.0.ini/0.1.1.1.0.0.searchglobal.0_04.04.LTT.4.3.2_Small.final.json,/gpfs/projects/HeinzGroup/asoubki/FlexFringe/data/MLRegTest/Large/04.04.LTT.4.3.2_TestLR.txt,2025-12-29 23:00:06.137919
0.1.1.1.0.0.searchglobal.0,Small,4,4,LTT,4,3,2,TestLA,0.94469,0.9705813879658829,0.91718,0.9431253791812769,0.05531,/gpfs/projects/HeinzGroup/caffeine_underground/mlrt/FlexFringe/FlexFringe/models-ps-small/0.1.1.1.0.0.searchglobal.0.ini/0.1.1.1.0.0.searchglobal.0_04.04.LTT.4.3.2_Small.final.json,/gpfs/projects/HeinzGroup/asoubki/FlexFringe/data/MLRegTest/Large/04.04.LTT.4.3.2_TestLA.txt,2025-12-29 23:00:06.137919
0.1.1.1.0.0.searchglobal.0,Small,4,4,LTT,4,3,2,TestSA,0.95738,0.9771532298447672,0.93666,0.9564782289028674,0.04262,/gpfs/projects/HeinzGroup/caffeine_underground/mlrt/FlexFringe/FlexFringe/models-ps-small/0.1.1.1.0.0.searchglobal.0.ini/0.1.1.1.0.0.searchglobal.0_04.04.LTT.4.3.2_Small.final.json,/gpfs/projects/HeinzGroup/asoubki/FlexFringe/data/MLRegTest/Large/04.04.LTT.4.3.2_TestSA.txt,2025-12-29 23:00:06.137919
0.1.1.1.0.0.searchglobal.0,Small,4,4,LTT,4,3,2,TestSR,0.98632,0.9765600501724678,0.99656,0.9864586632879315,0.01368,/gpfs/projects/HeinzGroup/caffeine_underground/mlrt/FlexFringe/FlexFringe/models-ps-small/0.1.1.1.0.0.searchglobal.0.ini/0.1.1.1.0.0.searchglobal.0_04.04.LTT.4.3.2_Small.final.json,/gpfs/projects/HeinzGroup/asoubki/FlexFringe/data/MLRegTest/Large/04.04.LTT.4.3.2_TestSR.txt,2025-12-29 23:00:06.137919
0.1.1.1.0.0.searchglobal.0,Small,4,4,LTT,4,3,2,Dev,0.98677,0.9780409718539469,0.9959,0.9868896970657893,0.01323,/gpfs/projects/HeinzGroup/caffeine_underground/mlrt/FlexFringe/FlexFringe/models-ps-small/0.1.1.1.0.0.searchglobal.0.ini/0.1.1.1.0.0.searchglobal.0_04.04.LTT.4.3.2_Small.final.json,/gpfs/projects/HeinzGroup/asoubki/FlexFringe/data/MLRegTest/Large/04.04.LTT.4.3.2_Dev.txt,2025-12-29 23:00:06.137919
0.1.1.1.0.0.searchglobal.0,Small,4,4,LTT,4,3,2,Train,0.98,0.9819277108433735,0.978,0.9799599198396793,0.02,/gpfs/projects/HeinzGroup/caffeine_underground/mlrt/FlexFringe/FlexFringe/models-ps-small/0.1.1.1.0.0.searchglobal.0.ini/0.1.1.1.0.0.searchglobal.0_04.04.LTT.4.3.2_Small.final.json,/gpfs/projects/HeinzGroup/asoubki/FlexFringe/data/MLRegTest/Small/04.04.LTT.4.3.2_Train.txt,2025-12-29 23:00:06.137919
0.1.1.1.0.0.searchglobal.0,Small,4,4,LTT,4,3,3,TestSR,0.68542,0.6210629407155915,0.95122,0.7514773265918786,0.31458,/gpfs/projects/HeinzGroup/caffeine_underground/mlrt/FlexFringe/FlexFringe/models-ps-small/0.1.1.1.0.0.searchglobal.0.ini/0.1.1.1.0.0.searchglobal.0_04.04.LTT.4.3.3_Small.final.json,/gpfs/projects/HeinzGroup/asoubki/FlexFringe/data/MLRegTest/Large/04.04.LTT.4.3.3_TestSR.txt,2025-12-29 22:23:23.748926
0.1.1.1.0.0.searchglobal.0,Small,4,4,LTT,4,3,3,TestLR,0.67872,0.6212614666449546,0.91564,0.7402580603434337,0.32128,/gpfs/projects/HeinzGroup/caffeine_underground/mlrt/FlexFringe/FlexFringe/models-ps-small/0.1.1.1.0.0.searchglobal.0.ini/0.1.1.1.0.0.searchglobal.0_04.04.LTT.4.3.3_Small.final.json,/gpfs/projects/HeinzGroup/asoubki/FlexFringe/data/MLRegTest/Large/04.04.LTT.4.3.3_TestLR.txt,2025-12-29 22:23:23.748926
0.1.1.1.0.0.searchglobal.0,Small,4,4,LTT,4,3,3,TestLA,0.63259,0.5944467397033892,0.83452,0.6943166407361494,0.36741,/gpfs/projects/HeinzGroup/caffeine_underground/mlrt/FlexFringe/FlexFringe/models-ps-small/0.1.1.1.0.0.searchglobal.0.ini/0.1.1.1.0.0.searchglobal.0_04.04.LTT.4.3.3_Small.final.json,/gpfs/projects/HeinzGroup/asoubki/FlexFringe/data/MLRegTest/Large/04.04.LTT.4.3.3_TestLA.txt,2025-12-29 22:23:23.748926
0.1.1.1.0.0.searchglobal.0,Small,4,4,LTT,4,3,3,TestSA,0.63537,0.5923712043671102,0.86812,0.7042141553437437,0.36463,/gpfs/projects/HeinzGroup/caffeine_underground/mlrt/FlexFringe/FlexFringe/models-ps-small/0.1.1.1.0.0.searchglobal.0.ini/0.1.1.1.0.0.searchglobal.0_04.04.LTT.4.3.3_Small.final.json,/gpfs/projects/HeinzGroup/asoubki/FlexFringe/data/MLRegTest/Large/04.04.LTT.4.3.3_TestSA.txt,2025-12-29 22:23:23.748926
0.1.1.1.0.0.searchglobal.0,Small,4,4,LTT,4,3,3,Dev,0.68262,0.6187262703489884,0.9517,0.7499133230371607,0.31738,/gpfs/projects/HeinzGroup/caffeine_underground/mlrt/FlexFringe/FlexFringe/models-ps-small/0.1.1.1.0.0.searchglobal.0.ini/0.1.1.1.0.0.searchglobal.0_04.04.LTT.4.3.3_Small.final.json,/gpfs/projects/HeinzGroup/asoubki/FlexFringe/data/MLRegTest/Large/04.04.LTT.4.3.3_Dev.txt,2025-12-29 22:23:23.748926
0.1.1.1.0.0.searchglobal.0,Small,4,4,LTT,4,3,3,Train,0.681,0.6170763260025873,0.954,0.7494108405341713,0.319,/gpfs/projects/HeinzGroup/caffeine_underground/mlrt/FlexFringe/FlexFringe/models-ps-small/0.1.1.1.0.0.searchglobal.0.ini/0.1.1.1.0.0.searchglobal.0_04.04.LTT.4.3.3_Small.final.json,/gpfs/projects/HeinzGroup/asoubki/FlexFringe/data/MLRegTest/Small/04.04.LTT.4.3.3_Train.txt,2025-12-29 22:23:23.748926
0.1.1.1.0.0.searchglobal.0,Small,4,4,LTT,4,3,4,TestSA,0.52148,0.5114674980780729,0.95804,0.6668987024558668,0.47852,/gpfs/projects/HeinzGroup/caffeine_underground/mlrt/FlexFringe/FlexFringe/models-ps-small/0.1.1.1.0.0.searchglobal.0.ini/0.1.1.1.0.0.searchglobal.0_04.04.LTT.4.3.4_Small.final.json,/gpfs/projects/HeinzGroup/asoubki/FlexFringe/data/MLRegTest/Large/04.04.LTT.4.3.4_TestSA.txt,2025-12-29 22:33:35.349859
0.1.1.1.0.0.searchglobal.0,Small,4,4,LTT,4,3,4,TestLR,0.905,0.9244037389445445,0.88214,0.902777493501443,0.095,/gpfs/projects/HeinzGroup/caffeine_underground/mlrt/FlexFringe/FlexFringe/models-ps-small/0.1.1.1.0.0.searchglobal.0.ini/0.1.1.1.0.0.searchglobal.0_04.04.LTT.4.3.4_Small.final.json,/gpfs/projects/HeinzGroup/asoubki/FlexFringe/data/MLRegTest/Large/04.04.LTT.4.3.4_TestLR.txt,2025-12-29 22:33:35.349859
0.1.1.1.0.0.searchglobal.0,Small,4,4,LTT,4,3,4,TestLA,0.53241,0.5190568589404363,0.88276,0.6537268115673714,0.46759,/gpfs/projects/HeinzGroup/caffeine_underground/mlrt/FlexFringe/FlexFringe/models-ps-small/0.1.1.1.0.0.searchglobal.0.ini/0.1.1.1.0.0.searchglobal.0_04.04.LTT.4.3.4_Small.final.json,/gpfs/projects/HeinzGroup/asoubki/FlexFringe/data/MLRegTest/Large/04.04.LTT.4.3.4_TestLA.txt,2025-12-29 22:33:35.349859
0.1.1.1.0.0.searchglobal.0,Small,4,4,LTT,4,3,4,TestSR,0.95383,0.949452334264266,0.9587,0.9540537581975778,0.04617,/gpfs/projects/HeinzGroup/caffeine_underground/mlrt/FlexFringe/FlexFringe/models-ps-small/0.1.1.1.0.0.searchglobal.0.ini/0.1.1.1.0.0.searchglobal.0_04.04.LTT.4.3.4_Small.final.json,/gpfs/projects/HeinzGroup/asoubki/FlexFringe/data/MLRegTest/Large/04.04.LTT.4.3.4_TestSR.txt,2025-12-29 22:33:35.349859
0.1.1.1.0.0.searchglobal.0,Small,4,4,LTT,4,3,4,Dev,0.955,0.950298879695974,0.96022,0.9552336801894112,0.045,/gpfs/projects/HeinzGroup/caffeine_underground/mlrt/FlexFringe/FlexFringe/models-ps-small/0.1.1.1.0.0.searchglobal.0.ini/0.1.1.1.0.0.searchglobal.0_04.04.LTT.4.3.4_Small.final.json,/gpfs/projects/HeinzGroup/asoubki/FlexFringe/data/MLRegTest/Large/04.04.LTT.4.3.4_Dev.txt,2025-12-29 22:33:35.349859
0.1.1.1.0.0.searchglobal.0,Small,4,4,LTT,4,3,4,Train,0.945,0.9354207436399217,0.956,0.9455984174085065,0.055,/gpfs/projects/HeinzGroup/caffeine_underground/mlrt/FlexFringe/FlexFringe/models-ps-small/0.1.1.1.0.0.searchglobal.0.ini/0.1.1.1.0.0.searchglobal.0_04.04.LTT.4.3.4_Small.final.json,/gpfs/projects/HeinzGroup/asoubki/FlexFringe/data/MLRegTest/Small/04.04.LTT.4.3.4_Train.txt,2025-12-29 22:33:35.349859
0.1.1.1.0.0.searchglobal.0,Small,4,4,LTT,4,3,5,TestLR,0.53476,0.9222546161321672,0.07592,0.1402912262547121,0.46524,/gpfs/projects/HeinzGroup/caffeine_underground/mlrt/FlexFringe/FlexFringe/models-ps-small/0.1.1.1.0.0.searchglobal.0.ini/0.1.1.1.0.0.searchglobal.0_04.04.LTT.4.3.5_Small.final.json,/gpfs/projects/HeinzGroup/asoubki/FlexFringe/data/MLRegTest/Large/04.04.LTT.4.3.5_TestLR.txt,2025-12-29 23:04:17.211785
0.1.1.1.0.0.searchglobal.0,Small,4,4,LTT,4,3,5,TestLA,0.50822,0.5583972719522592,0.0786,0.1378028682632631,0.49178,/gpfs/projects/HeinzGroup/caffeine_underground/mlrt/FlexFringe/FlexFringe/models-ps-small/0.1.1.1.0.0.searchglobal.0.ini/0.1.1.1.0.0.searchglobal.0_04.04.LTT.4.3.5_Small.final.json,/gpfs/projects/HeinzGroup/asoubki/FlexFringe/data/MLRegTest/Large/04.04.LTT.4.3.5_TestLA.txt,2025-12-29 23:04:17.211785
0.1.1.1.0.0.searchglobal.0,Small,4,4,LTT,4,3,5,TestSR,0.53924,0.9594847775175644,0.08194,0.1509858116823291,0.46076,/gpfs/projects/HeinzGroup/caffeine_underground/mlrt/FlexFringe/FlexFringe/models-ps-small/0.1.1.1.0.0.searchglobal.0.ini/0.1.1.1.0.0.searchglobal.0_04.04.LTT.4.3.5_Small.final.json,/gpfs/projects/HeinzGroup/asoubki/FlexFringe/data/MLRegTest/Large/04.04.LTT.4.3.5_TestSR.txt,2025-12-29 23:04:17.211785
0.1.1.1.0.0.searchglobal.0,Small,4,4,LTT,4,3,5,TestSA,0.51108,0.5735333156357845,0.08642,0.15020683421976572,0.48892,/gpfs/projects/HeinzGroup/caffeine_underground/mlrt/FlexFringe/FlexFringe/models-ps-small/0.1.1.1.0.0.searchglobal.0.ini/0.1.1.1.0.0.searchglobal.0_04.04.LTT.4.3.5_Small.final.json,/gpfs/projects/HeinzGroup/asoubki/FlexFringe/data/MLRegTest/Large/04.04.LTT.4.3.5_TestSA.txt,2025-12-29 23:04:17.211785
0.1.1.1.0.0.searchglobal.0,Small,4,4,LTT,4,3,5,Dev,0.54,0.9564125969876769,0.08382,0.15413188187267846,0.46,/gpfs/projects/HeinzGroup/caffeine_underground/mlrt/FlexFringe/FlexFringe/models-ps-small/0.1.1.1.0.0.searchglobal.0.ini/0.1.1.1.0.0.searchglobal.0_04.04.LTT.4.3.5_Small.final.json,/gpfs/projects/HeinzGroup/asoubki/FlexFringe/data/MLRegTest/Large/04.04.LTT.4.3.5_Dev.txt,2025-12-29 23:04:17.211785
0.1.1.1.0.0.searchglobal.0,Small,4,4,LTT,4,3,5,Train,0.518,0.78125,0.05,0.09398496240601503,0.482,/gpfs/projects/HeinzGroup/caffeine_underground/mlrt/FlexFringe/FlexFringe/models-ps-small/0.1.1.1.0.0.searchglobal.0.ini/0.1.1.1.0.0.searchglobal.0_04.04.LTT.4.3.5_Small.final.json,/gpfs/projects/HeinzGroup/asoubki/FlexFringe/data/MLRegTest/Small/04.04.LTT.4.3.5_Train.txt,2025-12-29 23:04:17.211785
0.1.1.1.0.0.searchglobal.0,Small,4,4,LTT,4,3,6,TestSA,0.5,0.5,0.01506,0.029239311924824294,0.5,/gpfs/projects/HeinzGroup/caffeine_underground/mlrt/FlexFringe/FlexFringe/models-ps-small/0.1.1.1.0.0.searchglobal.0.ini/0.1.1.1.0.0.searchglobal.0_04.04.LTT.4.3.6_Small.final.json,/gpfs/projects/HeinzGroup/asoubki/FlexFringe/data/MLRegTest/Large/04.04.LTT.4.3.6_TestSA.txt,2025-12-29 22:50:49.130793
0.1.1.1.0.0.searchglobal.0,Small,4,4,LTT,4,3,6,TestSR,0.49977,0.4927261227071474,0.01558,0.030204920416432406,0.50023,/gpfs/projects/HeinzGroup/caffeine_underground/mlrt/FlexFringe/FlexFringe/models-ps-small/0.1.1.1.0.0.searchglobal.0.ini/0.1.1.1.0.0.searchglobal.0_04.04.LTT.4.3.6_Small.final.json,/gpfs/projects/HeinzGroup/asoubki/FlexFringe/data/MLRegTest/Large/04.04.LTT.4.3.6_TestSR.txt,2025-12-29 22:50:49.130793
0.1.1.1.0.0.searchglobal.0,Small,4,4,LTT,4,3,6,TestLA,0.5,0.5,0.01562,0.030293627089717234,0.5,/gpfs/projects/HeinzGroup/caffeine_underground/mlrt/FlexFringe/FlexFringe/models-ps-small/0.1.1.1.0.0.searchglobal.0.ini/0.1.1.1.0.0.searchglobal.0_04.04.LTT.4.3.6_Small.final.json,/gpfs/projects/HeinzGroup/asoubki/FlexFringe/data/MLRegTest/Large/04.04.LTT.4.3.6_TestLA.txt,2025-12-29 22:50:49.130793
0.1.1.1.0.0.searchglobal.0,Small,4,4,LTT,4,3,6,TestLR,0.49942,0.481266149870801,0.0149,0.02890509816093738,0.50058,/gpfs/projects/HeinzGroup/caffeine_underground/mlrt/FlexFringe/FlexFringe/models-ps-small/0.1.1.1.0.0.searchglobal.0.ini/0.1.1.1.0.0.searchglobal.0_04.04.LTT.4.3.6_Small.final.json,/gpfs/projects/HeinzGroup/asoubki/FlexFringe/data/MLRegTest/Large/04.04.LTT.4.3.6_TestLR.txt,2025-12-29 22:50:49.130793
0.1.1.1.0.0.searchglobal.0,Small,4,4,LTT,4,3,6,Dev,0.49992,0.4973958333333333,0.01528,0.029649177274138468,0.50008,/gpfs/projects/HeinzGroup/caffeine_underground/mlrt/FlexFringe/FlexFringe/models-ps-small/0.1.1.1.0.0.searchglobal.0.ini/0.1.1.1.0.0.searchglobal.0_04.04.LTT.4.3.6_Small.final.json,/gpfs/projects/HeinzGroup/asoubki/FlexFringe/data/MLRegTest/Large/04.04.LTT.4.3.6_Dev.txt,2025-12-29 22:50:49.130793
0.1.1.1.0.0.searchglobal.0,Small,4,4,LTT,4,3,6,Train,0.5,0.5,0.018,0.03474903474903475,0.5,/gpfs/projects/HeinzGroup/caffeine_underground/mlrt/FlexFringe/FlexFringe/models-ps-small/0.1.1.1.0.0.searchglobal.0.ini/0.1.1.1.0.0.searchglobal.0_04.04.LTT.4.3.6_Small.final.json,/gpfs/projects/HeinzGroup/asoubki/FlexFringe/data/MLRegTest/Small/04.04.LTT.4.3.6_Train.txt,2025-12-29 22:50:49.130793
0.1.1.1.0.0.searchglobal.0,Small,4,4,LTT,4,3,7,TestSR,0.4988,0.45548961424332346,0.01228,0.02391524499493651,0.5012,/gpfs/projects/HeinzGroup/caffeine_underground/mlrt/FlexFringe/FlexFringe/models-ps-small/0.1.1.1.0.0.searchglobal.0.ini/0.1.1.1.0.0.searchglobal.0_04.04.LTT.4.3.7_Small.final.json,/gpfs/projects/HeinzGroup/asoubki/FlexFringe/data/MLRegTest/Large/04.04.LTT.4.3.7_TestSR.txt,2025-12-29 23:37:04.336258
0.1.1.1.0.0.searchglobal.0,Small,4,4,LTT,4,3,7,TestLR,0.49872,0.45362318840579713,0.01252,0.024367458154924096,0.50128,/gpfs/projects/HeinzGroup/caffeine_underground/mlrt/FlexFringe/FlexFringe/models-ps-small/0.1.1.1.0.0.searchglobal.0.ini/0.1.1.1.0.0.searchglobal.0_04.04.LTT.4.3.7_Small.final.json,/gpfs/projects/HeinzGroup/asoubki/FlexFringe/data/MLRegTest/Large/04.04.LTT.4.3.7_TestLR.txt,2025-12-29 23:37:04.336258
0.1.1.1.0.0.searchglobal.0,Small,4,4,LTT,4,3,7,TestSA,0.49957,0.48700906344410877,0.01612,0.031207046752492498,0.50043,/gpfs/projects/HeinzGroup/caffeine_underground/mlrt/FlexFringe/FlexFringe/models-ps-small/0.1.1.1.0.0.searchglobal.0.ini/0.1.1.1.0.0.searchglobal.0_04.04.LTT.4.3.7_Small.final.json,/gpfs/projects/HeinzGroup/asoubki/FlexFringe/data/MLRegTest/Large/04.04.LTT.4.3.7_TestSA.txt,2025-12-29 23:37:04.336258
0.1.1.1.0.0.searchglobal.0,Small,4,4,LTT,4,3,7,TestLA,0.49968,0.4897828863346105,0.01534,0.029748283752860413,0.50032,/gpfs/projects/HeinzGroup/caffeine_underground/mlrt/FlexFringe/FlexFringe/models-ps-small/0.1.1.1.0.0.searchglobal.0.ini/0.1.1.1.0.0.searchglobal.0_04.04.LTT.4.3.7_Small.final.json,/gpfs/projects/HeinzGroup/asoubki/FlexFringe/data/MLRegTest/Large/04.04.LTT.4.3.7_TestLA.txt,2025-12-29 23:37:04.336258
0.1.1.1.0.0.searchglobal.0,Small,4,4,LTT,4,3,7,Dev,0.49933,0.4763250883392226,0.01348,0.026218029757852767,0.50067,/gpfs/projects/HeinzGroup/caffeine_underground/mlrt/FlexFringe/FlexFringe/models-ps-small/0.1.1.1.0.0.searchglobal.0.ini/0.1.1.1.0.0.searchglobal.0_04.04.LTT.4.3.7_Small.final.json,/gpfs/projects/HeinzGroup/asoubki/FlexFringe/data/MLRegTest/Large/04.04.LTT.4.3.7_Dev.txt,2025-12-29 23:37:04.336258
0.1.1.1.0.0.searchglobal.0,Small,4,4,LTT,4,3,7,Train,0.499,0.46153846153846156,0.012,0.023391812865497075,0.501,/gpfs/projects/HeinzGroup/caffeine_underground/mlrt/FlexFringe/FlexFringe/models-ps-small/0.1.1.1.0.0.searchglobal.0.ini/0.1.1.1.0.0.searchglobal.0_04.04.LTT.4.3.7_Small.final.json,/gpfs/projects/HeinzGroup/asoubki/FlexFringe/data/MLRegTest/Small/04.04.LTT.4.3.7_Train.txt,2025-12-29 23:37:04.336258
0.1.1.1.0.0.searchglobal.0,Small,4,4,LTT,4,3,8,TestSA,0.50007,0.5017994858611825,0.01952,0.037578207719703535,0.49993,/gpfs/projects/HeinzGroup/caffeine_underground/mlrt/FlexFringe/FlexFringe/models-ps-small/0.1.1.1.0.0.searchglobal.0.ini/0.1.1.1.0.0.searchglobal.0_04.04.LTT.4.3.8_Small.final.json,/gpfs/projects/HeinzGroup/asoubki/FlexFringe/data/MLRegTest/Large/04.04.LTT.4.3.8_TestSA.txt,2025-12-29 22:43:54.449601
0.1.1.1.0.0.searchglobal.0,Small,4,4,LTT,4,3,8,TestSR,0.49986,0.496588693957115,0.02038,0.03915315453776992,0.50014,/gpfs/projects/HeinzGroup/caffeine_underground/mlrt/FlexFringe/FlexFringe/models-ps-small/0.1.1.1.0.0.searchglobal.0.ini/0.1.1.1.0.0.searchglobal.0_04.04.LTT.4.3.8_Small.final.json,/gpfs/projects/HeinzGroup/asoubki/FlexFringe/data/MLRegTest/Large/04.04.LTT.4.3.8_TestSR.txt,2025-12-29 22:43:54.449601
0.1.1.1.0.0.searchglobal.0,Small,4,4,LTT,4,3,8,TestLA,0.50028,0.5064995357474467,0.02182,0.04183763469724278,0.49972,/gpfs/projects/HeinzGroup/caffeine_underground/mlrt/FlexFringe/FlexFringe/models-ps-small/0.1.1.1.0.0.searchglobal.0.ini/0.1.1.1.0.0.searchglobal.0_04.04.LTT.4.3.8_Small.final.json,/gpfs/projects/HeinzGroup/asoubki/FlexFringe/data/MLRegTest/Large/04.04.LTT.4.3.8_TestLA.txt,2025-12-29 22:43:54.449601
0.1.1.1.0.0.searchglobal.0,Small,4,4,LTT,4,3,8,TestLR,0.4996,0.4901185770750988,0.01984,0.03813624481008765,0.5004,/gpfs/projects/HeinzGroup/caffeine_underground/mlrt/FlexFringe/FlexFringe/models-ps-small/0.1.1.1.0.0.searchglobal.0.ini/0.1.1.1.0.0.searchglobal.0_04.04.LTT.4.3.8_Small.final.json,/gpfs/projects/HeinzGroup/asoubki/FlexFringe/data/MLRegTest/Large/04.04.LTT.4.3.8_TestLR.txt,2025-12-29 22:43:54.449601
0.1.1.1.0.0.searchglobal.0,Small,4,4,LTT,4,3,8,Dev,0.49985,0.4962140333165068,0.01966,0.03782151170620034,0.50015,/gpfs/projects/HeinzGroup/caffeine_underground/mlrt/FlexFringe/FlexFringe/models-ps-small/0.1.1.1.0.0.searchglobal.0.ini/0.1.1.1.0.0.searchglobal.0_04.04.LTT.4.3.8_Small.final.json,/gpfs/projects/HeinzGroup/asoubki/FlexFringe/data/MLRegTest/Large/04.04.LTT.4.3.8_Dev.txt,2025-12-29 22:43:54.449601
0.1.1.1.0.0.searchglobal.0,Small,4,4,LTT,4,3,8,Train,0.5,0.5,0.022,0.0421455938697318,0.5,/gpfs/projects/HeinzGroup/caffeine_underground/mlrt/FlexFringe/FlexFringe/models-ps-small/0.1.1.1.0.0.searchglobal.0.ini/0.1.1.1.0.0.searchglobal.0_04.04.LTT.4.3.8_Small.final.json,/gpfs/projects/HeinzGroup/asoubki/FlexFringe/data/MLRegTest/Small/04.04.LTT.4.3.8_Train.txt,2025-12-29 22:43:54.449601
0.1.1.1.0.0.searchglobal.0,Small,4,4,LTT,4,3,9,TestSA,0.73549,0.6658683984391508,0.94536,0.7813732053857027,0.26451,/gpfs/projects/HeinzGroup/caffeine_underground/mlrt/FlexFringe/FlexFringe/models-ps-small/0.1.1.1.0.0.searchglobal.0.ini/0.1.1.1.0.0.searchglobal.0_04.04.LTT.4.3.9_Small.final.json,/gpfs/projects/HeinzGroup/asoubki/FlexFringe/data/MLRegTest/Large/04.04.LTT.4.3.9_TestSA.txt,2025-12-29 23:31:12.644858
0.1.1.1.0.0.searchglobal.0,Small,4,4,LTT,4,3,9,TestSR,0.96046,0.9639488956956311,0.9567,0.9603107684895206,0.03954,/gpfs/projects/HeinzGroup/caffeine_underground/mlrt/FlexFringe/FlexFringe/models-ps-small/0.1.1.1.0.0.searchglobal.0.ini/0.1.1.1.0.0.searchglobal.0_04.04.LTT.4.3.9_Small.final.json,/gpfs/projects/HeinzGroup/asoubki/FlexFringe/data/MLRegTest/Large/04.04.LTT.4.3.9_TestSR.txt,2025-12-29 23:31:12.644858
0.1.1.1.0.0.searchglobal.0,Small,4,4,LTT,4,3,9,TestLR,0.93337,0.9306397440228948,0.93654,0.9335805496575854,0.06663,/gpfs/projects/HeinzGroup/caffeine_underground/mlrt/FlexFringe/FlexFringe/models-ps-small/0.1.1.1.0.0.searchglobal.0.ini/0.1.1.1.0.0.searchglobal.0_04.04.LTT.4.3.9_Small.final.json,/gpfs/projects/HeinzGroup/asoubki/FlexFringe/data/MLRegTest/Large/04.04.LTT.4.3.9_TestLR.txt,2025-12-29 23:31:12.644858
0.1.1.1.0.0.searchglobal.0,Small,4,4,LTT,4,3,9,TestLA,0.70114,0.6385414370729557,0.92706,0.7562157400156617,0.29886,/gpfs/projects/HeinzGroup/caffeine_underground/mlrt/FlexFringe/FlexFringe/models-ps-small/0.1.1.1.0.0.searchglobal.0.ini/0.1.1.1.0.0.searchglobal.0_04.04.LTT.4.3.9_Small.final.json,/gpfs/projects/HeinzGroup/asoubki/FlexFringe/data/MLRegTest/Large/04.04.LTT.4.3.9_TestLA.txt,2025-12-29 23:31:12.644858
0.1.1.1.0.0.searchglobal.0,Small,4,4,LTT,4,3,9,Dev,0.9592,0.9616745757258908,0.95652,0.9590903621706173,0.0408,/gpfs/projects/HeinzGroup/caffeine_underground/mlrt/FlexFringe/FlexFringe/models-ps-small/0.1.1.1.0.0.searchglobal.0.ini/0.1.1.1.0.0.searchglobal.0_04.04.LTT.4.3.9_Small.final.json,/gpfs/projects/HeinzGroup/asoubki/FlexFringe/data/MLRegTest/Large/04.04.LTT.4.3.9_Dev.txt,2025-12-29 23:31:12.644858
0.1.1.1.0.0.searchglobal.0,Small,4,4,LTT,4,3,9,Train,0.967,0.9794661190965093,0.954,0.9665653495440729,0.033,/gpfs/projects/HeinzGroup/caffeine_underground/mlrt/FlexFringe/FlexFringe/models-ps-small/0.1.1.1.0.0.searchglobal.0.ini/0.1.1.1.0.0.searchglobal.0_04.04.LTT.4.3.9_Small.final.json,/gpfs/projects/HeinzGroup/asoubki/FlexFringe/data/MLRegTest/Small/04.04.LTT.4.3.9_Train.txt,2025-12-29 23:31:12.644858
0.1.1.1.0.0.searchglobal.0,Small,4,4,LTT,6,2,0,TestLR,0.99613,0.9996173289561137,0.99264,0.9961164463979287,0.00387,/gpfs/projects/HeinzGroup/caffeine_underground/mlrt/FlexFringe/FlexFringe/models-ps-small/0.1.1.1.0.0.searchglobal.0.ini/0.1.1.1.0.0.searchglobal.0_04.04.LTT.6.2.0_Small.final.json,/gpfs/projects/HeinzGroup/asoubki/FlexFringe/data/MLRegTest/Large/04.04.LTT.6.2.0_TestLR.txt,2025-12-29 22:33:07.782911
0.1.1.1.0.0.searchglobal.0,Small,4,4,LTT,6,2,0,TestSR,0.99847,0.9996792237214058,0.99726,0.9984681464572133,0.00153,/gpfs/projects/HeinzGroup/caffeine_underground/mlrt/FlexFringe/FlexFringe/models-ps-small/0.1.1.1.0.0.searchglobal.0.ini/0.1.1.1.0.0.searchglobal.0_04.04.LTT.6.2.0_Small.final.json,/gpfs/projects/HeinzGroup/asoubki/FlexFringe/data/MLRegTest/Large/04.04.LTT.6.2.0_TestSR.txt,2025-12-29 22:33:07.782911
0.1.1.1.0.0.searchglobal.0,Small,4,4,LTT,6,2,0,TestLA,0.9655,0.9442472133150099,0.98942,0.9663059614032347,0.0345,/gpfs/projects/HeinzGroup/caffeine_underground/mlrt/FlexFringe/FlexFringe/models-ps-small/0.1.1.1.0.0.searchglobal.0.ini/0.1.1.1.0.0.searchglobal.0_04.04.LTT.6.2.0_Small.final.json,/gpfs/projects/HeinzGroup/asoubki/FlexFringe/data/MLRegTest/Large/04.04.LTT.6.2.0_TestLA.txt,2025-12-29 22:33:07.782911
0.1.1.1.0.0.searchglobal.0,Small,4,4,LTT,6,2,0,TestSA,0.96955,0.9460435071720338,0.9959,0.9703317581721634,0.03045,/gpfs/projects/HeinzGroup/caffeine_underground/mlrt/FlexFringe/FlexFringe/models-ps-small/0.1.1.1.0.0.searchglobal.0.ini/0.1.1.1.0.0.searchglobal.0_04.04.LTT.6.2.0_Small.final.json,/gpfs/projects/HeinzGroup/asoubki/FlexFringe/data/MLRegTest/Large/04.04.LTT.6.2.0_TestSA.txt,2025-12-29 22:33:07.782911
0.1.1.1.0.0.searchglobal.0,Small,4,4,LTT,6,2,0,Dev,0.99855,0.9996792751618658,0.99742,0.9985483596464004,0.00145,/gpfs/projects/HeinzGroup/caffeine_underground/mlrt/FlexFringe/FlexFringe/models-ps-small/0.1.1.1.0.0.searchglobal.0.ini/0.1.1.1.0.0.searchglobal.0_04.04.LTT.6.2.0_Small.final.json,/gpfs/projects/HeinzGroup/asoubki/FlexFringe/data/MLRegTest/Large/04.04.LTT.6.2.0_Dev.txt,2025-12-29 22:33:07.782911
0.1.1.1.0.0.searchglobal.0,Small,4,4,LTT,6,2,0,Train,0.998,1.0,0.996,0.9979959919839679,0.002,/gpfs/projects/HeinzGroup/caffeine_underground/mlrt/FlexFringe/FlexFringe/models-ps-small/0.1.1.1.0.0.searchglobal.0.ini/0.1.1.1.0.0.searchglobal.0_04.04.LTT.6.2.0_Small.final.json,/gpfs/projects/HeinzGroup/asoubki/FlexFringe/data/MLRegTest/Small/04.04.LTT.6.2.0_Train.txt,2025-12-29 22:33:07.782911
0.1.1.1.0.0.searchglobal.0,Small,4,4,LTT,6,2,1,TestSA,0.70031,0.8471938156480743,0.48878,0.6199094448742501,0.29969,/gpfs/projects/HeinzGroup/caffeine_underground/mlrt/FlexFringe/FlexFringe/models-ps-small/0.1.1.1.0.0.searchglobal.0.ini/0.1.1.1.0.0.searchglobal.0_04.04.LTT.6.2.1_Small.final.json,/gpfs/projects/HeinzGroup/asoubki/FlexFringe/data/MLRegTest/Large/04.04.LTT.6.2.1_TestSA.txt,2025-12-29 22:38:42.357768
0.1.1.1.0.0.searchglobal.0,Small,4,4,LTT,6,2,1,TestLR,0.94112,0.9055157198014341,0.98502,0.9435961298974997,0.05888,/gpfs/projects/HeinzGroup/caffeine_underground/mlrt/FlexFringe/FlexFringe/models-ps-small/0.1.1.1.0.0.searchglobal.0.ini/0.1.1.1.0.0.searchglobal.0_04.04.LTT.6.2.1_Small.final.json,/gpfs/projects/HeinzGroup/asoubki/FlexFringe/data/MLRegTest/Large/04.04.LTT.6.2.1_TestLR.txt,2025-12-29 22:38:42.357768
0.1.1.1.0.0.searchglobal.0,Small,4,4,LTT,6,2,1,TestSR,0.95202,0.917192749289327,0.99376,0.9539424424520514,0.04798,/gpfs/projects/HeinzGroup/caffeine_underground/mlrt/FlexFringe/FlexFringe/models-ps-small/0.1.1.1.0.0.searchglobal.0.ini/0.1.1.1.0.0.searchglobal.0_04.04.LTT.6.2.1_Small.final.json,/gpfs/projects/HeinzGroup/asoubki/FlexFringe/data/MLRegTest/Large/04.04.LTT.6.2.1_TestSR.txt,2025-12-29 22:38:42.357768
0.1.1.1.0.0.searchglobal.0,Small,4,4,LTT,6,2,1,TestLA,0.69592,0.8311697092630156,0.49172,0.6178939432018095,0.30408,/gpfs/projects/HeinzGroup/caffeine_underground/mlrt/FlexFringe/FlexFringe/models-ps-small/0.1.1.1.0.0.searchglobal.0.ini/0.1.1.1.0.0.searchglobal.0_04.04.LTT.6.2.1_Small.final.json,/gpfs/projects/HeinzGroup/asoubki/FlexFringe/data/MLRegTest/Large/04.04.LTT.6.2.1_TestLA.txt,2025-12-29 22:38:42.357768
0.1.1.1.0.0.searchglobal.0,Small,4,4,LTT,6,2,1,Dev,0.95284,0.9183665927568366,0.99404,0.9547061083365348,0.04716,/gpfs/projects/HeinzGroup/caffeine_underground/mlrt/FlexFringe/FlexFringe/models-ps-small/0.1.1.1.0.0.searchglobal.0.ini/0.1.1.1.0.0.searchglobal.0_04.04.LTT.6.2.1_Small.final.json,/gpfs/projects/HeinzGroup/asoubki/FlexFringe/data/MLRegTest/Large/04.04.LTT.6.2.1_Dev.txt,2025-12-29 22:38:42.357768
0.1.1.1.0.0.searchglobal.0,Small,4,4,LTT,6,2,1,Train,0.958,0.922509225092251,1.0,0.9596928982725528,0.042,/gpfs/projects/HeinzGroup/caffeine_underground/mlrt/FlexFringe/FlexFringe/models-ps-small/0.1.1.1.0.0.searchglobal.0.ini/0.1.1.1.0.0.searchglobal.0_04.04.LTT.6.2.1_Small.final.json,/gpfs/projects/HeinzGroup/asoubki/FlexFringe/data/MLRegTest/Small/04.04.LTT.6.2.1_Train.txt,2025-12-29 22:38:42.357768
0.1.1.1.0.0.searchglobal.0,Small,4,4,LTT,6,2,2,TestSR,0.96813,0.9612027349214793,0.97564,0.9683675596271998,0.03187,/gpfs/projects/HeinzGroup/caffeine_underground/mlrt/FlexFringe/FlexFringe/models-ps-small/0.1.1.1.0.0.searchglobal.0.ini/0.1.1.1.0.0.searchglobal.0_04.04.LTT.6.2.2_Small.final.json,/gpfs/projects/HeinzGroup/asoubki/FlexFringe/data/MLRegTest/Large/04.04.LTT.6.2.2_TestSR.txt,2025-12-29 22:46:29.675279
0.1.1.1.0.0.searchglobal.0,Small,4,4,LTT,6,2,2,TestSA,0.68384,0.9113487872549897,0.4073,0.5629889696735134,0.31616,/gpfs/projects/HeinzGroup/caffeine_underground/mlrt/FlexFringe/FlexFringe/models-ps-small/0.1.1.1.0.0.searchglobal.0.ini/0.1.1.1.0.0.searchglobal.0_04.04.LTT.6.2.2_Small.final.json,/gpfs/projects/HeinzGroup/asoubki/FlexFringe/data/MLRegTest/Large/04.04.LTT.6.2.2_TestSA.txt,2025-12-29 22:46:29.675279
0.1.1.1.0.0.searchglobal.0,Small,4,4,LTT,6,2,2,TestLR,0.95259,0.9383777919838825,0.9688,0.953346257171254,0.04741,/gpfs/projects/HeinzGroup/caffeine_underground/mlrt/FlexFringe/FlexFringe/models-ps-small/0.1.1.1.0.0.searchglobal.0.ini/0.1.1.1.0.0.searchglobal.0_04.04.LTT.6.2.2_Small.final.json,/gpfs/projects/HeinzGroup/asoubki/FlexFringe/data/MLRegTest/Large/04.04.LTT.6.2.2_TestLR.txt,2025-12-29 22:46:29.675279
0.1.1.1.0.0.searchglobal.0,Small,4,4,LTT,6,2,2,TestLA,0.67427,0.8612112921278448,0.4155,0.560554753585257,0.32573,/gpfs/projects/HeinzGroup/caffeine_underground/mlrt/FlexFringe/FlexFringe/models-ps-small/0.1.1.1.0.0.searchglobal.0.ini/0.1.1.1.0.0.searchglobal.0_04.04.LTT.6.2.2_Small.final.json,/gpfs/projects/HeinzGroup/asoubki/FlexFringe/data/MLRegTest/Large/04.04.LTT.6.2.2_TestLA.txt,2025-12-29 22:46:29.675279
0.1.1.1.0.0.searchglobal.0,Small,4,4,LTT,6,2,2,Dev,0.9681,0.9611277484435338,0.97566,0.9683393544801302,0.0319,/gpfs/projects/HeinzGroup/caffeine_underground/mlrt/FlexFringe/FlexFringe/models-ps-small/0.1.1.1.0.0.searchglobal.0.ini/0.1.1.1.0.0.searchglobal.0_04.04.LTT.6.2.2_Small.final.json,/gpfs/projects/HeinzGroup/asoubki/FlexFringe/data/MLRegTest/Large/04.04.LTT.6.2.2_Dev.txt,2025-12-29 22:46:29.675279
0.1.1.1.0.0.searchglobal.0,Small,4,4,LTT,6,2,2,Train,0.958,0.9616935483870968,0.954,0.9578313253012049,0.042,/gpfs/projects/HeinzGroup/caffeine_underground/mlrt/FlexFringe/FlexFringe/models-ps-small/0.1.1.1.0.0.searchglobal.0.ini/0.1.1.1.0.0.searchglobal.0_04.04.LTT.6.2.2_Small.final.json,/gpfs/projects/HeinzGroup/asoubki/FlexFringe/data/MLRegTest/Small/04.04.LTT.6.2.2_Train.txt,2025-12-29 22:46:29.675279
0.1.1.1.0.0.searchglobal.0,Small,4,4,LTT,6,2,3,TestLR,0.89805,0.8469933922624963,0.97162,0.905036467114394,0.10195,/gpfs/projects/HeinzGroup/caffeine_underground/mlrt/FlexFringe/FlexFringe/models-ps-small/0.1.1.1.0.0.searchglobal.0.ini/0.1.1.1.0.0.searchglobal.0_04.04.LTT.6.2.3_Small.final.json,/gpfs/projects/HeinzGroup/asoubki/FlexFringe/data/MLRegTest/Large/04.04.LTT.6.2.3_TestLR.txt,2025-12-29 23:36:36.576419
0.1.1.1.0.0.searchglobal.0,Small,4,4,LTT,6,2,3,TestLA,0.79732,0.8211215276277704,0.76026,0.7895195962365257,0.20268,/gpfs/projects/HeinzGroup/caffeine_underground/mlrt/FlexFringe/FlexFringe/models-ps-small/0.1.1.1.0.0.searchglobal.0.ini/0.1.1.1.0.0.searchglobal.0_04.04.LTT.6.2.3_Small.final.json,/gpfs/projects/HeinzGroup/asoubki/FlexFringe/data/MLRegTest/Large/04.04.LTT.6.2.3_TestLA.txt,2025-12-29 23:36:36.576419
0.1.1.1.0.0.searchglobal.0,Small,4,4,LTT,6,2,3,TestSR,0.91063,0.8592626292673538,0.98212,0.9165927820138312,0.08937,/gpfs/projects/HeinzGroup/caffeine_underground/mlrt/FlexFringe/FlexFringe/models-ps-small/0.1.1.1.0.0.searchglobal.0.ini/0.1.1.1.0.0.searchglobal.0_04.04.LTT.6.2.3_Small.final.json,/gpfs/projects/HeinzGroup/asoubki/FlexFringe/data/MLRegTest/Large/04.04.LTT.6.2.3_TestSR.txt,2025-12-29 23:36:36.576419
0.1.1.1.0.0.searchglobal.0,Small,4,4,LTT,6,2,3,TestSA,0.80896,0.8351121523710356,0.76994,0.8012029386667777,0.19104,/gpfs/projects/HeinzGroup/caffeine_underground/mlrt/FlexFringe/FlexFringe/models-ps-small/0.1.1.1.0.0.searchglobal.0.ini/0.1.1.1.0.0.searchglobal.0_04.04.LTT.6.2.3_Small.final.json,/gpfs/projects/HeinzGroup/asoubki/FlexFringe/data/MLRegTest/Large/04.04.LTT.6.2.3_TestSA.txt,2025-12-29 23:36:36.576419
0.1.1.1.0.0.searchglobal.0,Small,4,4,LTT,6,2,3,Dev,0.91139,0.8594244176903318,0.98368,0.917363772859954,0.08861,/gpfs/projects/HeinzGroup/caffeine_underground/mlrt/FlexFringe/FlexFringe/models-ps-small/0.1.1.1.0.0.searchglobal.0.ini/0.1.1.1.0.0.searchglobal.0_04.04.LTT.6.2.3_Small.final.json,/gpfs/projects/HeinzGroup/asoubki/FlexFringe/data/MLRegTest/Large/04.04.LTT.6.2.3_Dev.txt,2025-12-29 23:36:36.576419
0.1.1.1.0.0.searchglobal.0,Small,4,4,LTT,6,2,3,Train,0.92,0.8697183098591549,0.988,0.9250936329588015,0.08,/gpfs/projects/HeinzGroup/caffeine_underground/mlrt/FlexFringe/FlexFringe/models-ps-small/0.1.1.1.0.0.searchglobal.0.ini/0.1.1.1.0.0.searchglobal.0_04.04.LTT.6.2.3_Small.final.json,/gpfs/projects/HeinzGroup/asoubki/FlexFringe/data/MLRegTest/Small/04.04.LTT.6.2.3_Train.txt,2025-12-29 23:36:36.576419
0.1.1.1.0.0.searchglobal.0,Small,4,4,LTT,6,2,4,TestSA,0.93298,0.8839155878701898,0.99688,0.9370053576463954,0.06702,/gpfs/projects/HeinzGroup/caffeine_underground/mlrt/FlexFringe/FlexFringe/models-ps-small/0.1.1.1.0.0.searchglobal.0.ini/0.1.1.1.0.0.searchglobal.0_04.04.LTT.6.2.4_Small.final.json,/gpfs/projects/HeinzGroup/asoubki/FlexFringe/data/MLRegTest/Large/04.04.LTT.6.2.4_TestSA.txt,2025-12-29 23:09:44.581601
0.1.1.1.0.0.searchglobal.0,Small,4,4,LTT,6,2,4,TestLA,0.93071,0.8821400053233963,0.99426,0.9348502656198581,0.06929,/gpfs/projects/HeinzGroup/caffeine_underground/mlrt/FlexFringe/FlexFringe/models-ps-small/0.1.1.1.0.0.searchglobal.0.ini/0.1.1.1.0.0.searchglobal.0_04.04.LTT.6.2.4_Small.final.json,/gpfs/projects/HeinzGroup/asoubki/FlexFringe/data/MLRegTest/Large/04.04.LTT.6.2.4_TestLA.txt,2025-12-29 23:09:44.581601
0.1.1.1.0.0.searchglobal.0,Small,4,4,LTT,6,2,4,TestLR,0.99733,0.998117024899341,0.99654,0.9973278890323355,0.00267,/gpfs/projects/HeinzGroup/caffeine_underground/mlrt/FlexFringe/FlexFringe/models-ps-small/0.1.1.1.0.0.searchglobal.0.ini/0.1.1.1.0.0.searchglobal.0_04.04.LTT.6.2.4_Small.final.json,/gpfs/projects/HeinzGroup/asoubki/FlexFringe/data/MLRegTest/Large/04.04.LTT.6.2.4_TestLR.txt,2025-12-29 23:09:44.581601
0.1.1.1.0.0.searchglobal.0,Small,4,4,LTT,6,2,4,TestSR,0.99893,0.9993794414973476,0.99848,0.9989295182832274,0.00107,/gpfs/projects/HeinzGroup/caffeine_underground/mlrt/FlexFringe/FlexFringe/models-ps-small/0.1.1.1.0.0.searchglobal.0.ini/0.1.1.1.0.0.searchglobal.0_04.04.LTT.6.2.4_Small.final.json,/gpfs/projects/HeinzGroup/asoubki/FlexFringe/data/MLRegTest/Large/04.04.LTT.6.2.4_TestSR.txt,2025-12-29 23:09:44.581601
0.1.1.1.0.0.searchglobal.0,Small,4,4,LTT,6,2,4,Dev,0.99855,0.9989791220449586,0.99812,0.9985493762317796,0.00145,/gpfs/projects/HeinzGroup/caffeine_underground/mlrt/FlexFringe/FlexFringe/models-ps-small/0.1.1.1.0.0.searchglobal.0.ini/0.1.1.1.0.0.searchglobal.0_04.04.LTT.6.2.4_Small.final.json,/gpfs/projects/HeinzGroup/asoubki/FlexFringe/data/MLRegTest/Large/04.04.LTT.6.2.4_Dev.txt,2025-12-29 23:09:44.581601
0.1.1.1.0.0.searchglobal.0,Small,4,4,LTT,6,2,4,Train,0.998,0.9960159362549801,1.0,0.998003992015968,0.002,/gpfs/projects/HeinzGroup/caffeine_underground/mlrt/FlexFringe/FlexFringe/models-ps-small/0.1.1.1.0.0.searchglobal.0.ini/0.1.1.1.0.0.searchglobal.0_04.04.LTT.6.2.4_Small.final.json,/gpfs/projects/HeinzGroup/asoubki/FlexFringe/data/MLRegTest/Small/04.04.LTT.6.2.4_Train.txt,2025-12-29 23:09:44.581601
0.1.1.1.0.0.searchglobal.0,Small,4,4,LTT,6,2,5,TestLA,0.50022,0.6078431372549019,0.00124,0.002474951099756497,0.49978,/gpfs/projects/HeinzGroup/caffeine_underground/mlrt/FlexFringe/FlexFringe/models-ps-small/0.1.1.1.0.0.searchglobal.0.ini/0.1.1.1.0.0.searchglobal.0_04.04.LTT.6.2.5_Small.final.json,/gpfs/projects/HeinzGroup/asoubki/FlexFringe/data/MLRegTest/Large/04.04.LTT.6.2.5_TestLA.txt,2025-12-29 22:11:10.004883
0.1.1.1.0.0.searchglobal.0,Small,4,4,LTT,6,2,5,TestSR,0.5005,0.9464285714285714,0.00106,0.002117628256352885,0.4995,/gpfs/projects/HeinzGroup/caffeine_underground/mlrt/FlexFringe/FlexFringe/models-ps-small/0.1.1.1.0.0.searchglobal.0.ini/0.1.1.1.0.0.searchglobal.0_04.04.LTT.6.2.5_Small.final.json,/gpfs/projects/HeinzGroup/asoubki/FlexFringe/data/MLRegTest/Large/04.04.LTT.6.2.5_TestSR.txt,2025-12-29 22:11:10.004883
0.1.1.1.0.0.searchglobal.0,Small,4,4,LTT,6,2,5,TestLR,0.50032,0.8809523809523809,0.00074,0.0014787578434115342,0.49968,/gpfs/projects/HeinzGroup/caffeine_underground/mlrt/FlexFringe/FlexFringe/models-ps-small/0.1.1.1.0.0.searchglobal.0.ini/0.1.1.1.0.0.searchglobal.0_04.04.LTT.6.2.5_Small.final.json,/gpfs/projects/HeinzGroup/asoubki/FlexFringe/data/MLRegTest/Large/04.04.LTT.6.2.5_TestLR.txt,2025-12-29 22:11:10.004883
0.1.1.1.0.0.searchglobal.0,Small,4,4,LTT,6,2,5,TestSA,0.50037,0.6504065040650406,0.0016,0.003192147317598707,0.49963,/gpfs/projects/HeinzGroup/caffeine_underground/mlrt/FlexFringe/FlexFringe/models-ps-small/0.1.1.1.0.0.searchglobal.0.ini/0.1.1.1.0.0.searchglobal.0_04.04.LTT.6.2.5_Small.final.json,/gpfs/projects/HeinzGroup/asoubki/FlexFringe/data/MLRegTest/Large/04.04.LTT.6.2.5_TestSA.txt,2025-12-29 22:11:10.004883
0.1.1.1.0.0.searchglobal.0,Small,4,4,LTT,6,2,5,Dev,0.50034,0.925,0.00074,0.0014788169464428457,0.49966,/gpfs/projects/HeinzGroup/caffeine_underground/mlrt/FlexFringe/FlexFringe/models-ps-small/0.1.1.1.0.0.searchglobal.0.ini/0.1.1.1.0.0.searchglobal.0_04.04.LTT.6.2.5_Small.final.json,/gpfs/projects/HeinzGroup/asoubki/FlexFringe/data/MLRegTest/Large/04.04.LTT.6.2.5_Dev.txt,2025-12-29 22:11:10.004883
0.1.1.1.0.0.searchglobal.0,Small,4,4,LTT,6,2,5,Train,0.5,0.0,0.0,0.0,0.5,/gpfs/projects/HeinzGroup/caffeine_underground/mlrt/FlexFringe/FlexFringe/models-ps-small/0.1.1.1.0.0.searchglobal.0.ini/0.1.1.1.0.0.searchglobal.0_04.04.LTT.6.2.5_Small.final.json,/gpfs/projects/HeinzGroup/asoubki/FlexFringe/data/MLRegTest/Small/04.04.LTT.6.2.5_Train.txt,2025-12-29 22:11:10.004883
0.1.1.1.0.0.searchglobal.0,Small,4,4,LTT,6,2,6,TestSA,0.5,0.5,0.00086,0.0017170466797108972,0.5,/gpfs/projects/HeinzGroup/caffeine_underground/mlrt/FlexFringe/FlexFringe/models-ps-small/0.1.1.1.0.0.searchglobal.0.ini/0.1.1.1.0.0.searchglobal.0_04.04.LTT.6.2.6_Small.final.json,/gpfs/projects/HeinzGroup/asoubki/FlexFringe/data/MLRegTest/Large/04.04.LTT.6.2.6_TestSA.txt,2025-12-29 23:31:00.901887
0.1.1.1.0.0.searchglobal.0,Small,4,4,LTT,6,2,6,TestSR,0.49988,0.4375,0.00084,0.001676780581283935,0.50012,/gpfs/projects/HeinzGroup/caffeine_underground/mlrt/FlexFringe/FlexFringe/models-ps-small/0.1.1.1.0.0.searchglobal.0.ini/0.1.1.1.0.0.searchglobal.0_04.04.LTT.6.2.6_Small.final.json,/gpfs/projects/HeinzGroup/asoubki/FlexFringe/data/MLRegTest/Large/04.04.LTT.6.2.6_TestSR.txt,2025-12-29 23:31:00.901887
0.1.1.1.0.0.searchglobal.0,Small,4,4,LTT,6,2,6,TestLR,0.49999,0.4942528735632184,0.00086,0.0017170123984267375,0.50001,/gpfs/projects/HeinzGroup/caffeine_underground/mlrt/FlexFringe/FlexFringe/models-ps-small/0.1.1.1.0.0.searchglobal.0.ini/0.1.1.1.0.0.searchglobal.0_04.04.LTT.6.2.6_Small.final.json,/gpfs/projects/HeinzGroup/asoubki/FlexFringe/data/MLRegTest/Large/04.04.LTT.6.2.6_TestLR.txt,2025-12-29 23:31:00.901887
0.1.1.1.0.0.searchglobal.0,Small,4,4,LTT,6,2,6,TestLA,0.5,0.5,0.00096,0.0019163206643244969,0.5,/gpfs/projects/HeinzGroup/caffeine_underground/mlrt/FlexFringe/FlexFringe/models-ps-small/0.1.1.1.0.0.searchglobal.0.ini/0.1.1.1.0.0.searchglobal.0_04.04.LTT.6.2.6_Small.final.json,/gpfs/projects/HeinzGroup/asoubki/FlexFringe/data/MLRegTest/Large/04.04.LTT.6.2.6_TestLA.txt,2025-12-29 23:31:00.901887
0.1.1.1.0.0.searchglobal.0,Small,4,4,LTT,6,2,6,Dev,0.50002,0.5119047619047619,0.00086,0.0017171152463860714,0.49998,/gpfs/projects/HeinzGroup/caffeine_underground/mlrt/FlexFringe/FlexFringe/models-ps-small/0.1.1.1.0.0.searchglobal.0.ini/0.1.1.1.0.0.searchglobal.0_04.04.LTT.6.2.6_Small.final.json,/gpfs/projects/HeinzGroup/asoubki/FlexFringe/data/MLRegTest/Large/04.04.LTT.6.2.6_Dev.txt,2025-12-29 23:31:00.901887
0.1.1.1.0.0.searchglobal.0,Small,4,4,LTT,6,2,6,Train,0.501,1.0,0.002,0.003992015968063872,0.499,/gpfs/projects/HeinzGroup/caffeine_underground/mlrt/FlexFringe/FlexFringe/models-ps-small/0.1.1.1.0.0.searchglobal.0.ini/0.1.1.1.0.0.searchglobal.0_04.04.LTT.6.2.6_Small.final.json,/gpfs/projects/HeinzGroup/asoubki/FlexFringe/data/MLRegTest/Small/04.04.LTT.6.2.6_Train.txt,2025-12-29 23:31:00.901887
0.1.1.1.0.0.searchglobal.0,Small,4,4,LTT,6,2,7,TestSA,0.4999,0.4264705882352941,0.00058,0.001158424542622034,0.5001,/gpfs/projects/HeinzGroup/caffeine_underground/mlrt/FlexFringe/FlexFringe/models-ps-small/0.1.1.1.0.0.searchglobal.0.ini/0.1.1.1.0.0.searchglobal.0_04.04.LTT.6.2.7_Small.final.json,/gpfs/projects/HeinzGroup/asoubki/FlexFringe/data/MLRegTest/Large/04.04.LTT.6.2.7_TestSA.txt,2025-12-29 22:57:58.639573
0.1.1.1.0.0.searchglobal.0,Small,4,4,LTT,6,2,7,TestLR,0.49981,0.32727272727272727,0.00036,0.000719208870242733,0.50019,/gpfs/projects/HeinzGroup/caffeine_underground/mlrt/FlexFringe/FlexFringe/models-ps-small/0.1.1.1.0.0.searchglobal.0.ini/0.1.1.1.0.0.searchglobal.0_04.04.LTT.6.2.7_Small.final.json,/gpfs/projects/HeinzGroup/asoubki/FlexFringe/data/MLRegTest/Large/04.04.LTT.6.2.7_TestLR.txt,2025-12-29 22:57:58.639573
0.1.1.1.0.0.searchglobal.0,Small,4,4,LTT,6,2,7,TestSR,0.49973,0.3373493975903614,0.00056,0.001118143881157279,0.50027,/gpfs/projects/HeinzGroup/caffeine_underground/mlrt/FlexFringe/FlexFringe/models-ps-small/0.1.1.1.0.0.searchglobal.0.ini/0.1.1.1.0.0.searchglobal.0_04.04.LTT.6.2.7_Small.final.json,/gpfs/projects/HeinzGroup/asoubki/FlexFringe/data/MLRegTest/Large/04.04.LTT.6.2.7_TestSR.txt,2025-12-29 22:57:58.639573
0.1.1.1.0.0.searchglobal.0,Small,4,4,LTT,6,2,7,TestLA,0.49996,0.4642857142857143,0.00052,0.0010388365031165094,0.50004,/gpfs/projects/HeinzGroup/caffeine_underground/mlrt/FlexFringe/FlexFringe/models-ps-small/0.1.1.1.0.0.searchglobal.0.ini/0.1.1.1.0.0.searchglobal.0_04.04.LTT.6.2.7_Small.final.json,/gpfs/projects/HeinzGroup/asoubki/FlexFringe/data/MLRegTest/Large/04.04.LTT.6.2.7_TestLA.txt,2025-12-29 22:57:58.639573
0.1.1.1.0.0.searchglobal.0,Small,4,4,LTT,6,2,7,Dev,0.49984,0.39473684210526316,0.0006,0.0011981787682722263,0.50016,/gpfs/projects/HeinzGroup/caffeine_underground/mlrt/FlexFringe/FlexFringe/models-ps-small/0.1.1.1.0.0.searchglobal.0.ini/0.1.1.1.0.0.searchglobal.0_04.04.LTT.6.2.7_Small.final.json,/gpfs/projects/HeinzGroup/asoubki/FlexFringe/data/MLRegTest/Large/04.04.LTT.6.2.7_Dev.txt,2025-12-29 22:57:58.639573
0.1.1.1.0.0.searchglobal.0,Small,4,4,LTT,6,2,7,Train,0.5,0.0,0.0,0.0,0.5,/gpfs/projects/HeinzGroup/caffeine_underground/mlrt/FlexFringe/FlexFringe/models-ps-small/0.1.1.1.0.0.searchglobal.0.ini/0.1.1.1.0.0.searchglobal.0_04.04.LTT.6.2.7_Small.final.json,/gpfs/projects/HeinzGroup/asoubki/FlexFringe/data/MLRegTest/Small/04.04.LTT.6.2.7_Train.txt,2025-12-29 22:57:58.639573
0.1.1.1.0.0.searchglobal.0,Small,4,4,LTT,6,2,8,TestSA,0.5,0.5,0.0011,0.002195170624625823,0.5,/gpfs/projects/HeinzGroup/caffeine_underground/mlrt/FlexFringe/FlexFringe/models-ps-small/0.1.1.1.0.0.searchglobal.0.ini/0.1.1.1.0.0.searchglobal.0_04.04.LTT.6.2.8_Small.final.json,/gpfs/projects/HeinzGroup/asoubki/FlexFringe/data/MLRegTest/Large/04.04.LTT.6.2.8_TestSA.txt,2025-12-29 22:12:58.784238
0.1.1.1.0.0.searchglobal.0,Small,4,4,LTT,6,2,8,TestSR,0.49992,0.45652173913043476,0.00084,0.0016769144773616546,0.50008,/gpfs/projects/HeinzGroup/caffeine_underground/mlrt/FlexFringe/FlexFringe/models-ps-small/0.1.1.1.0.0.searchglobal.0.ini/0.1.1.1.0.0.searchglobal.0_04.04.LTT.6.2.8_Small.final.json,/gpfs/projects/HeinzGroup/asoubki/FlexFringe/data/MLRegTest/Large/04.04.LTT.6.2.8_TestSR.txt,2025-12-29 22:12:58.784238
0.1.1.1.0.0.searchglobal.0,Small,4,4,LTT,6,2,8,TestLR,0.49999,0.49523809523809526,0.00104,0.002075641153577487,0.50001,/gpfs/projects/HeinzGroup/caffeine_underground/mlrt/FlexFringe/FlexFringe/models-ps-small/0.1.1.1.0.0.searchglobal.0.ini/0.1.1.1.0.0.searchglobal.0_04.04.LTT.6.2.8_Small.final.json,/gpfs/projects/HeinzGroup/asoubki/FlexFringe/data/MLRegTest/Large/04.04.LTT.6.2.8_TestLR.txt,2025-12-29 22:12:58.784238
0.1.1.1.0.0.searchglobal.0,Small,4,4,LTT,6,2,8,TestLA,0.5,0.5,0.00096,0.0019163206643244969,0.5,/gpfs/projects/HeinzGroup/caffeine_underground/mlrt/FlexFringe/FlexFringe/models-ps-small/0.1.1.1.0.0.searchglobal.0.ini/0.1.1.1.0.0.searchglobal.0_04.04.LTT.6.2.8_Small.final.json,/gpfs/projects/HeinzGroup/asoubki/FlexFringe/data/MLRegTest/Large/04.04.LTT.6.2.8_TestLA.txt,2025-12-29 22:12:58.784238
0.1.1.1.0.0.searchglobal.0,Small,4,4,LTT,6,2,8,Dev,0.49996,0.4772727272727273,0.00084,0.0016770483948251077,0.50004,/gpfs/projects/HeinzGroup/caffeine_underground/mlrt/FlexFringe/FlexFringe/models-ps-small/0.1.1.1.0.0.searchglobal.0.ini/0.1.1.1.0.0.searchglobal.0_04.04.LTT.6.2.8_Small.final.json,/gpfs/projects/HeinzGroup/asoubki/FlexFringe/data/MLRegTest/Large/04.04.LTT.6.2.8_Dev.txt,2025-12-29 22:12:58.784238
0.1.1.1.0.0.searchglobal.0,Small,4,4,LTT,6,2,8,Train,0.5,0.0,0.0,0.0,0.5,/gpfs/projects/HeinzGroup/caffeine_underground/mlrt/FlexFringe/FlexFringe/models-ps-small/0.1.1.1.0.0.searchglobal.0.ini/0.1.1.1.0.0.searchglobal.0_04.04.LTT.6.2.8_Small.final.json,/gpfs/projects/HeinzGroup/asoubki/FlexFringe/data/MLRegTest/Small/04.04.LTT.6.2.8_Train.txt,2025-12-29 22:12:58.784238
0.1.1.1.0.0.searchglobal.0,Small,4,4,LTT,6,2,9,TestLA,0.50021,0.6666666666666666,0.00084,0.0016778858638115974,0.49979,/gpfs/projects/HeinzGroup/caffeine_underground/mlrt/FlexFringe/FlexFringe/models-ps-small/0.1.1.1.0.0.searchglobal.0.ini/0.1.1.1.0.0.searchglobal.0_04.04.LTT.6.2.9_Small.final.json,/gpfs/projects/HeinzGroup/asoubki/FlexFringe/data/MLRegTest/Large/04.04.LTT.6.2.9_TestLA.txt,2025-12-29 22:39:59.543530
0.1.1.1.0.0.searchglobal.0,Small,4,4,LTT,6,2,9,TestSA,0.50018,0.6,0.00108,0.002156118985825514,0.49982,/gpfs/projects/HeinzGroup/caffeine_underground/mlrt/FlexFringe/FlexFringe/models-ps-small/0.1.1.1.0.0.searchglobal.0.ini/0.1.1.1.0.0.searchglobal.0_04.04.LTT.6.2.9_Small.final.json,/gpfs/projects/HeinzGroup/asoubki/FlexFringe/data/MLRegTest/Large/04.04.LTT.6.2.9_TestSA.txt,2025-12-29 22:39:59.543530
0.1.1.1.0.0.searchglobal.0,Small,4,4,LTT,6,2,9,TestSR,0.50036,0.9285714285714286,0.00078,0.0015586906998121578,0.49964,/gpfs/projects/HeinzGroup/caffeine_underground/mlrt/FlexFringe/FlexFringe/models-ps-small/0.1.1.1.0.0.searchglobal.0.ini/0.1.1.1.0.0.searchglobal.0_04.04.LTT.6.2.9_Small.final.json,/gpfs/projects/HeinzGroup/asoubki/FlexFringe/data/MLRegTest/Large/04.04.LTT.6.2.9_TestSR.txt,2025-12-29 22:39:59.543530
0.1.1.1.0.0.searchglobal.0,Small,4,4,LTT,6,2,9,TestLR,0.50036,0.875,0.00084,0.001678388746803069,0.49964,/gpfs/projects/HeinzGroup/caffeine_underground/mlrt/FlexFringe/FlexFringe/models-ps-small/0.1.1.1.0.0.searchglobal.0.ini/0.1.1.1.0.0.searchglobal.0_04.04.LTT.6.2.9_Small.final.json,/gpfs/projects/HeinzGroup/asoubki/FlexFringe/data/MLRegTest/Large/04.04.LTT.6.2.9_TestLR.txt,2025-12-29 22:39:59.543530
0.1.1.1.0.0.searchglobal.0,Small,4,4,LTT,6,2,9,Dev,0.50027,0.9354838709677419,0.00058,0.0011592812456277107,0.49973,/gpfs/projects/HeinzGroup/caffeine_underground/mlrt/FlexFringe/FlexFringe/models-ps-small/0.1.1.1.0.0.searchglobal.0.ini/0.1.1.1.0.0.searchglobal.0_04.04.LTT.6.2.9_Small.final.json,/gpfs/projects/HeinzGroup/asoubki/FlexFringe/data/MLRegTest/Large/04.04.LTT.6.2.9_Dev.txt,2025-12-29 22:39:59.543530
0.1.1.1.0.0.searchglobal.0,Small,4,4,LTT,6,2,9,Train,0.5,0.0,0.0,0.0,0.5,/gpfs/projects/HeinzGroup/caffeine_underground/mlrt/FlexFringe/FlexFringe/models-ps-small/0.1.1.1.0.0.searchglobal.0.ini/0.1.1.1.0.0.searchglobal.0_04.04.LTT.6.2.9_Small.final.json,/gpfs/projects/HeinzGroup/asoubki/FlexFringe/data/MLRegTest/Small/04.04.LTT.6.2.9_Train.txt,2025-12-29 22:39:59.543530
0.1.1.1.0.0.searchglobal.0,Small,4,4,PLT,2,2,0,TestLR,0.87461,0.951326474060866,0.78962,0.8629632463033191,0.12539,/gpfs/projects/HeinzGroup/caffeine_underground/mlrt/FlexFringe/FlexFringe/models-ps-small/0.1.1.1.0.0.searchglobal.0.ini/0.1.1.1.0.0.searchglobal.0_04.04.PLT.2.2.0_Small.final.json,/gpfs/projects/HeinzGroup/asoubki/FlexFringe/data/MLRegTest/Large/04.04.PLT.2.2.0_TestLR.txt,2025-12-29 22:45:03.202737
0.1.1.1.0.0.searchglobal.0,Small,4,4,PLT,2,2,0,TestSR,0.83804,0.8706904114395999,0.794,0.8305786853006402,0.16196,/gpfs/projects/HeinzGroup/caffeine_underground/mlrt/FlexFringe/FlexFringe/models-ps-small/0.1.1.1.0.0.searchglobal.0.ini/0.1.1.1.0.0.searchglobal.0_04.04.PLT.2.2.0_Small.final.json,/gpfs/projects/HeinzGroup/asoubki/FlexFringe/data/MLRegTest/Large/04.04.PLT.2.2.0_TestSR.txt,2025-12-29 22:45:03.202737
0.1.1.1.0.0.searchglobal.0,Small,4,4,PLT,2,2,0,TestSA,0.80577,0.8472843740771869,0.746,0.7934228858896227,0.19423,/gpfs/projects/HeinzGroup/caffeine_underground/mlrt/FlexFringe/FlexFringe/models-ps-small/0.1.1.1.0.0.searchglobal.0.ini/0.1.1.1.0.0.searchglobal.0_04.04.PLT.2.2.0_Small.final.json,/gpfs/projects/HeinzGroup/asoubki/FlexFringe/data/MLRegTest/Large/04.04.PLT.2.2.0_TestSA.txt,2025-12-29 22:45:03.202737
0.1.1.1.0.0.searchglobal.0,Small,4,4,PLT,2,2,0,TestLA,0.8417,0.9052803871335041,0.76326,0.8282260514779287,0.1583,/gpfs/projects/HeinzGroup/caffeine_underground/mlrt/FlexFringe/FlexFringe/models-ps-small/0.1.1.1.0.0.searchglobal.0.ini/0.1.1.1.0.0.searchglobal.0_04.04.PLT.2.2.0_Small.final.json,/gpfs/projects/HeinzGroup/asoubki/FlexFringe/data/MLRegTest/Large/04.04.PLT.2.2.0_TestLA.txt,2025-12-29 22:45:03.202737
0.1.1.1.0.0.searchglobal.0,Small,4,4,PLT,2,2,0,Dev,0.8373,0.8704151109158796,0.7926,0.8296870093164451,0.1627,/gpfs/projects/HeinzGroup/caffeine_underground/mlrt/FlexFringe/FlexFringe/models-ps-small/0.1.1.1.0.0.searchglobal.0.ini/0.1.1.1.0.0.searchglobal.0_04.04.PLT.2.2.0_Small.final.json,/gpfs/projects/HeinzGroup/asoubki/FlexFringe/data/MLRegTest/Large/04.04.PLT.2.2.0_Dev.txt,2025-12-29 22:45:03.202737
0.1.1.1.0.0.searchglobal.0,Small,4,4,PLT,2,2,0,Train,0.826,0.8482905982905983,0.794,0.8202479338842975,0.174,/gpfs/projects/HeinzGroup/caffeine_underground/mlrt/FlexFringe/FlexFringe/models-ps-small/0.1.1.1.0.0.searchglobal.0.ini/0.1.1.1.0.0.searchglobal.0_04.04.PLT.2.2.0_Small.final.json,/gpfs/projects/HeinzGroup/asoubki/FlexFringe/data/MLRegTest/Small/04.04.PLT.2.2.0_Train.txt,2025-12-29 22:45:03.202737
0.1.1.1.0.0.searchglobal.0,Small,4,4,PLT,2,2,1,TestSR,0.83795,0.8700479600551869,0.79458,0.8306032635397176,0.16205,/gpfs/projects/HeinzGroup/caffeine_underground/mlrt/FlexFringe/FlexFringe/models-ps-small/0.1.1.1.0.0.searchglobal.0.ini/0.1.1.1.0.0.searchglobal.0_04.04.PLT.2.2.1_Small.final.json,/gpfs/projects/HeinzGroup/asoubki/FlexFringe/data/MLRegTest/Large/04.04.PLT.2.2.1_TestSR.txt,2025-12-29 23:14:33.213392
0.1.1.1.0.0.searchglobal.0,Small,4,4,PLT,2,2,1,TestLA,0.84184,0.907690105905925,0.76108,0.8279448239850311,0.15816,/gpfs/projects/HeinzGroup/caffeine_underground/mlrt/FlexFringe/FlexFringe/models-ps-small/0.1.1.1.0.0.searchglobal.0.ini/0.1.1.1.0.0.searchglobal.0_04.04.PLT.2.2.1_Small.final.json,/gpfs/projects/HeinzGroup/asoubki/FlexFringe/data/MLRegTest/Large/04.04.PLT.2.2.1_TestLA.txt,2025-12-29 23:14:33.213392
0.1.1.1.0.0.searchglobal.0,Small,4,4,PLT,2,2,1,TestLR,0.87437,0.9522359933318837,0.78828,0.8625356982635052,0.12563,/gpfs/projects/HeinzGroup/caffeine_underground/mlrt/FlexFringe/FlexFringe/models-ps-small/0.1.1.1.0.0.searchglobal.0.ini/0.1.1.1.0.0.searchglobal.0_04.04.PLT.2.2.1_Small.final.json,/gpfs/projects/HeinzGroup/asoubki/FlexFringe/data/MLRegTest/Large/04.04.PLT.2.2.1_TestLR.txt,2025-12-29 23:14:33.213392
0.1.1.1.0.0.searchglobal.0,Small,4,4,PLT,2,2,1,TestSA,0.8066,0.8483299250170416,0.7467,0.7942772045527071,0.1934,/gpfs/projects/HeinzGroup/caffeine_underground/mlrt/FlexFringe/FlexFringe/models-ps-small/0.1.1.1.0.0.searchglobal.0.ini/0.1.1.1.0.0.searchglobal.0_04.04.PLT.2.2.1_Small.final.json,/gpfs/projects/HeinzGroup/asoubki/FlexFringe/data/MLRegTest/Large/04.04.PLT.2.2.1_TestSA.txt,2025-12-29 23:14:33.213392
0.1.1.1.0.0.searchglobal.0,Small,4,4,PLT,2,2,1,Dev,0.83861,0.8716170240786673,0.7942,0.8311095762827154,0.16139,/gpfs/projects/HeinzGroup/caffeine_underground/mlrt/FlexFringe/FlexFringe/models-ps-small/0.1.1.1.0.0.searchglobal.0.ini/0.1.1.1.0.0.searchglobal.0_04.04.PLT.2.2.1_Small.final.json,/gpfs/projects/HeinzGroup/asoubki/FlexFringe/data/MLRegTest/Large/04.04.PLT.2.2.1_Dev.txt,2025-12-29 23:14:33.213392
0.1.1.1.0.0.searchglobal.0,Small,4,4,PLT,2,2,1,Train,0.83,0.84375,0.81,0.826530612244898,0.17,/gpfs/projects/HeinzGroup/caffeine_underground/mlrt/FlexFringe/FlexFringe/models-ps-small/0.1.1.1.0.0.searchglobal.0.ini/0.1.1.1.0.0.searchglobal.0_04.04.PLT.2.2.1_Small.final.json,/gpfs/projects/HeinzGroup/asoubki/FlexFringe/data/MLRegTest/Small/04.04.PLT.2.2.1_Train.txt,2025-12-29 23:14:33.213392
0.1.1.1.0.0.searchglobal.0,Small,4,4,PLT,2,2,2,TestSA,0.51741,0.5123302029773793,0.7234,0.5998391363112464,0.48259,/gpfs/projects/HeinzGroup/caffeine_underground/mlrt/FlexFringe/FlexFringe/models-ps-small/0.1.1.1.0.0.searchglobal.0.ini/0.1.1.1.0.0.searchglobal.0_04.04.PLT.2.2.2_Small.final.json,/gpfs/projects/HeinzGroup/asoubki/FlexFringe/data/MLRegTest/Large/04.04.PLT.2.2.2_TestSA.txt,2025-12-29 23:33:28.315843
0.1.1.1.0.0.searchglobal.0,Small,4,4,PLT,2,2,2,TestSR,0.55062,0.5358478273185655,0.75666,0.6273921262976352,0.44938,/gpfs/projects/HeinzGroup/caffeine_underground/mlrt/FlexFringe/FlexFringe/models-ps-small/0.1.1.1.0.0.searchglobal.0.ini/0.1.1.1.0.0.searchglobal.0_04.04.PLT.2.2.2_Small.final.json,/gpfs/projects/HeinzGroup/asoubki/FlexFringe/data/MLRegTest/Large/04.04.PLT.2.2.2_TestSR.txt,2025-12-29 23:33:28.315843
0.1.1.1.0.0.searchglobal.0,Small,4,4,PLT,2,2,2,TestLR,0.54078,0.5234055741769594,0.91194,0.6650864961054873,0.45922,/gpfs/projects/HeinzGroup/caffeine_underground/mlrt/FlexFringe/FlexFringe/models-ps-small/0.1.1.1.0.0.searchglobal.0.ini/0.1.1.1.0.0.searchglobal.0_04.04.PLT.2.2.2_Small.final.json,/gpfs/projects/HeinzGroup/asoubki/FlexFringe/data/MLRegTest/Large/04.04.PLT.2.2.2_TestLR.txt,2025-12-29 23:33:28.315843
0.1.1.1.0.0.searchglobal.0,Small,4,4,PLT,2,2,2,TestLA,0.51015,0.5058668485486052,0.87518,0.6411434180933753,0.48985,/gpfs/projects/HeinzGroup/caffeine_underground/mlrt/FlexFringe/FlexFringe/models-ps-small/0.1.1.1.0.0.searchglobal.0.ini/0.1.1.1.0.0.searchglobal.0_04.04.PLT.2.2.2_Small.final.json,/gpfs/projects/HeinzGroup/asoubki/FlexFringe/data/MLRegTest/Large/04.04.PLT.2.2.2_TestLA.txt,2025-12-29 23:33:28.315843
0.1.1.1.0.0.searchglobal.0,Small,4,4,PLT,2,2,2,Dev,0.54647,0.5330497987283616,0.7495,0.6230102324962802,0.45353,/gpfs/projects/HeinzGroup/caffeine_underground/mlrt/FlexFringe/FlexFringe/models-ps-small/0.1.1.1.0.0.searchglobal.0.ini/0.1.1.1.0.0.searchglobal.0_04.04.PLT.2.2.2_Small.final.json,/gpfs/projects/HeinzGroup/asoubki/FlexFringe/data/MLRegTest/Large/04.04.PLT.2.2.2_Dev.txt,2025-12-29 23:33:28.315843
0.1.1.1.0.0.searchglobal.0,Small,4,4,PLT,2,2,2,Train,0.56,0.5432276657060519,0.754,0.6314907872696818,0.44,/gpfs/projects/HeinzGroup/caffeine_underground/mlrt/FlexFringe/FlexFringe/models-ps-small/0.1.1.1.0.0.searchglobal.0.ini/0.1.1.1.0.0.searchglobal.0_04.04.PLT.2.2.2_Small.final.json,/gpfs/projects/HeinzGroup/asoubki/FlexFringe/data/MLRegTest/Small/04.04.PLT.2.2.2_Train.txt,2025-12-29 23:33:28.315843
0.1.1.1.0.0.searchglobal.0,Small,4,4,PLT,2,2,3,TestLR,0.88997,0.8213702965075075,0.9967,0.9005809908469093,0.11003,/gpfs/projects/HeinzGroup/caffeine_underground/mlrt/FlexFringe/FlexFringe/models-ps-small/0.1.1.1.0.0.searchglobal.0.ini/0.1.1.1.0.0.searchglobal.0_04.04.PLT.2.2.3_Small.final.json,/gpfs/projects/HeinzGroup/asoubki/FlexFringe/data/MLRegTest/Large/04.04.PLT.2.2.3_TestLR.txt,2025-12-29 22:17:45.737890
0.1.1.1.0.0.searchglobal.0,Small,4,4,PLT,2,2,3,TestSA,0.85951,0.8093091284522068,0.94066,0.870055033991583,0.14049,/gpfs/projects/HeinzGroup/caffeine_underground/mlrt/FlexFringe/FlexFringe/models-ps-small/0.1.1.1.0.0.searchglobal.0.ini/0.1.1.1.0.0.searchglobal.0_04.04.PLT.2.2.3_Small.final.json,/gpfs/projects/HeinzGroup/asoubki/FlexFringe/data/MLRegTest/Large/04.04.PLT.2.2.3_TestSA.txt,2025-12-29 22:17:45.737890
0.1.1.1.0.0.searchglobal.0,Small,4,4,PLT,2,2,3,TestSR,0.8809,0.818744769874477,0.9784,0.8914806378132119,0.1191,/gpfs/projects/HeinzGroup/caffeine_underground/mlrt/FlexFringe/FlexFringe/models-ps-small/0.1.1.1.0.0.searchglobal.0.ini/0.1.1.1.0.0.searchglobal.0_04.04.PLT.2.2.3_Small.final.json,/gpfs/projects/HeinzGroup/asoubki/FlexFringe/data/MLRegTest/Large/04.04.PLT.2.2.3_TestSR.txt,2025-12-29 22:17:45.737890
0.1.1.1.0.0.searchglobal.0,Small,4,4,PLT,2,2,3,TestLA,0.8721,0.8134159900272901,0.96572,0.8830489566759935,0.1279,/gpfs/projects/HeinzGroup/caffeine_underground/mlrt/FlexFringe/FlexFringe/models-ps-small/0.1.1.1.0.0.searchglobal.0.ini/0.1.1.1.0.0.searchglobal.0_04.04.PLT.2.2.3_Small.final.json,/gpfs/projects/HeinzGroup/asoubki/FlexFringe/data/MLRegTest/Large/04.04.PLT.2.2.3_TestLA.txt,2025-12-29 22:17:45.737890
0.1.1.1.0.0.searchglobal.0,Small,4,4,PLT,2,2,3,Dev,0.88248,0.820506804317222,0.97916,0.8928402086296823,0.11752,/gpfs/projects/HeinzGroup/caffeine_underground/mlrt/FlexFringe/FlexFringe/models-ps-small/0.1.1.1.0.0.searchglobal.0.ini/0.1.1.1.0.0.searchglobal.0_04.04.PLT.2.2.3_Small.final.json,/gpfs/projects/HeinzGroup/asoubki/FlexFringe/data/MLRegTest/Large/04.04.PLT.2.2.3_Dev.txt,2025-12-29 22:17:45.737890
0.1.1.1.0.0.searchglobal.0,Small,4,4,PLT,2,2,3,Train,0.865,0.7967479674796748,0.98,0.8789237668161435,0.135,/gpfs/projects/HeinzGroup/caffeine_underground/mlrt/FlexFringe/FlexFringe/models-ps-small/0.1.1.1.0.0.searchglobal.0.ini/0.1.1.1.0.0.searchglobal.0_04.04.PLT.2.2.3_Small.final.json,/gpfs/projects/HeinzGroup/asoubki/FlexFringe/data/MLRegTest/Small/04.04.PLT.2.2.3_Train.txt,2025-12-29 22:17:45.737890
0.1.1.1.0.0.searchglobal.0,Small,4,4,PLT,2,2,4,TestSA,0.59033,0.5798800870165013,0.65574,0.6154813639819412,0.40967,/gpfs/projects/HeinzGroup/caffeine_underground/mlrt/FlexFringe/FlexFringe/models-ps-small/0.1.1.1.0.0.searchglobal.0.ini/0.1.1.1.0.0.searchglobal.0_04.04.PLT.2.2.4_Small.final.json,/gpfs/projects/HeinzGroup/asoubki/FlexFringe/data/MLRegTest/Large/04.04.PLT.2.2.4_TestSA.txt,2025-12-29 22:30:36.942251
0.1.1.1.0.0.searchglobal.0,Small,4,4,PLT,2,2,4,TestLA,0.53801,0.5346522016592214,0.58646,0.559359053841385,0.46199,/gpfs/projects/HeinzGroup/caffeine_underground/mlrt/FlexFringe/FlexFringe/models-ps-small/0.1.1.1.0.0.searchglobal.0.ini/0.1.1.1.0.0.searchglobal.0_04.04.PLT.2.2.4_Small.final.json,/gpfs/projects/HeinzGroup/asoubki/FlexFringe/data/MLRegTest/Large/04.04.PLT.2.2.4_TestLA.txt,2025-12-29 22:30:36.942251
0.1.1.1.0.0.searchglobal.0,Small,4,4,PLT,2,2,4,TestSR,0.65185,0.6253570426139647,0.75752,0.6851230475639205,0.34815,/gpfs/projects/HeinzGroup/caffeine_underground/mlrt/FlexFringe/FlexFringe/models-ps-small/0.1.1.1.0.0.searchglobal.0.ini/0.1.1.1.0.0.searchglobal.0_04.04.PLT.2.2.4_Small.final.json,/gpfs/projects/HeinzGroup/asoubki/FlexFringe/data/MLRegTest/Large/04.04.PLT.2.2.4_TestSR.txt,2025-12-29 22:30:36.942251
0.1.1.1.0.0.searchglobal.0,Small,4,4,PLT,2,2,4,TestLR,0.58389,0.5722305453668785,0.6646,0.6149660871094003,0.41611,/gpfs/projects/HeinzGroup/caffeine_underground/mlrt/FlexFringe/FlexFringe/models-ps-small/0.1.1.1.0.0.searchglobal.0.ini/0.1.1.1.0.0.searchglobal.0_04.04.PLT.2.2.4_Small.final.json,/gpfs/projects/HeinzGroup/asoubki/FlexFringe/data/MLRegTest/Large/04.04.PLT.2.2.4_TestLR.txt,2025-12-29 22:30:36.942251
0.1.1.1.0.0.searchglobal.0,Small,4,4,PLT,2,2,4,Dev,0.65321,0.6259929935362906,0.76122,0.6870154601492766,0.34679,/gpfs/projects/HeinzGroup/caffeine_underground/mlrt/FlexFringe/FlexFringe/models-ps-small/0.1.1.1.0.0.searchglobal.0.ini/0.1.1.1.0.0.searchglobal.0_04.04.PLT.2.2.4_Small.final.json,/gpfs/projects/HeinzGroup/asoubki/FlexFringe/data/MLRegTest/Large/04.04.PLT.2.2.4_Dev.txt,2025-12-29 22:30:36.942251
0.1.1.1.0.0.searchglobal.0,Small,4,4,PLT,2,2,4,Train,0.685,0.6533996683250415,0.788,0.71441523118767,0.315,/gpfs/projects/HeinzGroup/caffeine_underground/mlrt/FlexFringe/FlexFringe/models-ps-small/0.1.1.1.0.0.searchglobal.0.ini/0.1.1.1.0.0.searchglobal.0_04.04.PLT.2.2.4_Small.final.json,/gpfs/projects/HeinzGroup/asoubki/FlexFringe/data/MLRegTest/Small/04.04.PLT.2.2.4_Train.txt,2025-12-29 22:30:36.942251
0.1.1.1.0.0.searchglobal.0,Small,4,4,PLT,2,2,5,TestLA,0.57023,0.7717668911074994,0.19944,0.3169688975063969,0.42977,/gpfs/projects/HeinzGroup/caffeine_underground/mlrt/FlexFringe/FlexFringe/models-ps-small/0.1.1.1.0.0.searchglobal.0.ini/0.1.1.1.0.0.searchglobal.0_04.04.PLT.2.2.5_Small.final.json,/gpfs/projects/HeinzGroup/asoubki/FlexFringe/data/MLRegTest/Large/04.04.PLT.2.2.5_TestLA.txt,2025-12-29 22:11:21.346851
0.1.1.1.0.0.searchglobal.0,Small,4,4,PLT,2,2,5,TestSA,0.55273,0.6788063750423873,0.20018,0.3091821762298247,0.44727,/gpfs/projects/HeinzGroup/caffeine_underground/mlrt/FlexFringe/FlexFringe/models-ps-small/0.1.1.1.0.0.searchglobal.0.ini/0.1.1.1.0.0.searchglobal.0_04.04.PLT.2.2.5_Small.final.json,/gpfs/projects/HeinzGroup/asoubki/FlexFringe/data/MLRegTest/Large/04.04.PLT.2.2.5_TestSA.txt,2025-12-29 22:11:21.346851
0.1.1.1.0.0.searchglobal.0,Small,4,4,PLT,2,2,5,TestSR,0.56426,0.7164219318334905,0.21272,0.32803873793294885,0.43574,/gpfs/projects/HeinzGroup/caffeine_underground/mlrt/FlexFringe/FlexFringe/models-ps-small/0.1.1.1.0.0.searchglobal.0.ini/0.1.1.1.0.0.searchglobal.0_04.04.PLT.2.2.5_Small.final.json,/gpfs/projects/HeinzGroup/asoubki/FlexFringe/data/MLRegTest/Large/04.04.PLT.2.2.5_TestSR.txt,2025-12-29 22:11:21.346851
0.1.1.1.0.0.searchglobal.0,Small,4,4,PLT,2,2,5,TestLR,0.58648,0.8563540464809626,0.20782,0.3344706601860495,0.41352,/gpfs/projects/HeinzGroup/caffeine_underground/mlrt/FlexFringe/FlexFringe/models-ps-small/0.1.1.1.0.0.searchglobal.0.ini/0.1.1.1.0.0.searchglobal.0_04.04.PLT.2.2.5_Small.final.json,/gpfs/projects/HeinzGroup/asoubki/FlexFringe/data/MLRegTest/Large/04.04.PLT.2.2.5_TestLR.txt,2025-12-29 22:11:21.346851
0.1.1.1.0.0.searchglobal.0,Small,4,4,PLT,2,2,5,Dev,0.5627,0.716475624913686,0.20752,0.32182624608417854,0.4373,/gpfs/projects/HeinzGroup/caffeine_underground/mlrt/FlexFringe/FlexFringe/models-ps-small/0.1.1.1.0.0.searchglobal.0.ini/0.1.1.1.0.0.searchglobal.0_04.04.PLT.2.2.5_Small.final.json,/gpfs/projects/HeinzGroup/asoubki/FlexFringe/data/MLRegTest/Large/04.04.PLT.2.2.5_Dev.txt,2025-12-29 22:11:21.346851
0.1.1.1.0.0.searchglobal.0,Small,4,4,PLT,2,2,5,Train,0.545,0.6666666666666666,0.18,0.28346456692913385,0.455,/gpfs/projects/HeinzGroup/caffeine_underground/mlrt/FlexFringe/FlexFringe/models-ps-small/0.1.1.1.0.0.searchglobal.0.ini/0.1.1.1.0.0.searchglobal.0_04.04.PLT.2.2.5_Small.final.json,/gpfs/projects/HeinzGroup/asoubki/FlexFringe/data/MLRegTest/Small/04.04.PLT.2.2.5_Train.txt,2025-12-29 22:11:21.346851
0.1.1.1.0.0.searchglobal.0,Small,4,4,PLT,2,2,6,TestLA,0.55076,0.7364890048453224,0.15808,0.2602911150628993,0.44924,/gpfs/projects/HeinzGroup/caffeine_underground/mlrt/FlexFringe/FlexFringe/models-ps-small/0.1.1.1.0.0.searchglobal.0.ini/0.1.1.1.0.0.searchglobal.0_04.04.PLT.2.2.6_Small.final.json,/gpfs/projects/HeinzGroup/asoubki/FlexFringe/data/MLRegTest/Large/04.04.PLT.2.2.6_TestLA.txt,2025-12-29 22:05:54.970454
0.1.1.1.0.0.searchglobal.0,Small,4,4,PLT,2,2,6,TestSR,0.549,0.7077679782903663,0.16692,0.2701320559295702,0.451,/gpfs/projects/HeinzGroup/caffeine_underground/mlrt/FlexFringe/FlexFringe/models-ps-small/0.1.1.1.0.0.searchglobal.0.ini/0.1.1.1.0.0.searchglobal.0_04.04.PLT.2.2.6_Small.final.json,/gpfs/projects/HeinzGroup/asoubki/FlexFringe/data/MLRegTest/Large/04.04.PLT.2.2.6_TestSR.txt,2025-12-29 22:05:54.970454
0.1.1.1.0.0.searchglobal.0,Small,4,4,PLT,2,2,6,TestSA,0.53656,0.6538720538720538,0.15536,0.2510665804783452,0.46344,/gpfs/projects/HeinzGroup/caffeine_underground/mlrt/FlexFringe/FlexFringe/models-ps-small/0.1.1.1.0.0.searchglobal.0.ini/0.1.1.1.0.0.searchglobal.0_04.04.PLT.2.2.6_Small.final.json,/gpfs/projects/HeinzGroup/asoubki/FlexFringe/data/MLRegTest/Large/04.04.PLT.2.2.6_TestSA.txt,2025-12-29 22:05:54.970454
0.1.1.1.0.0.searchglobal.0,Small,4,4,PLT,2,2,6,TestLR,0.56889,0.8541174051608924,0.16616,0.2781991394176838,0.43111,/gpfs/projects/HeinzGroup/caffeine_underground/mlrt/FlexFringe/FlexFringe/models-ps-small/0.1.1.1.0.0.searchglobal.0.ini/0.1.1.1.0.0.searchglobal.0_04.04.PLT.2.2.6_Small.final.json,/gpfs/projects/HeinzGroup/asoubki/FlexFringe/data/MLRegTest/Large/04.04.PLT.2.2.6_TestLR.txt,2025-12-29 22:05:54.970454
0.1.1.1.0.0.searchglobal.0,Small,4,4,PLT,2,2,6,Dev,0.54911,0.709210189997444,0.16648,0.26966000939469037,0.45089,/gpfs/projects/HeinzGroup/caffeine_underground/mlrt/FlexFringe/FlexFringe/models-ps-small/0.1.1.1.0.0.searchglobal.0.ini/0.1.1.1.0.0.searchglobal.0_04.04.PLT.2.2.6_Small.final.json,/gpfs/projects/HeinzGroup/asoubki/FlexFringe/data/MLRegTest/Large/04.04.PLT.2.2.6_Dev.txt,2025-12-29 22:05:54.970454
0.1.1.1.0.0.searchglobal.0,Small,4,4,PLT,2,2,6,Train,0.561,0.7364341085271318,0.19,0.302066772655008,0.439,/gpfs/projects/HeinzGroup/caffeine_underground/mlrt/FlexFringe/FlexFringe/models-ps-small/0.1.1.1.0.0.searchglobal.0.ini/0.1.1.1.0.0.searchglobal.0_04.04.PLT.2.2.6_Small.final.json,/gpfs/projects/HeinzGroup/asoubki/FlexFringe/data/MLRegTest/Small/04.04.PLT.2.2.6_Train.txt,2025-12-29 22:05:54.970454
0.1.1.1.0.0.searchglobal.0,Small,4,4,PLT,2,2,7,TestSR,0.49654,0.4910944095542057,0.1908,0.27482499351827844,0.50346,/gpfs/projects/HeinzGroup/caffeine_underground/mlrt/FlexFringe/FlexFringe/models-ps-small/0.1.1.1.0.0.searchglobal.0.ini/0.1.1.1.0.0.searchglobal.0_04.04.PLT.2.2.7_Small.final.json,/gpfs/projects/HeinzGroup/asoubki/FlexFringe/data/MLRegTest/Large/04.04.PLT.2.2.7_TestSR.txt,2025-12-29 22:28:25.001949
0.1.1.1.0.0.searchglobal.0,Small,4,4,PLT,2,2,7,TestLA,0.49949,0.4988947163105197,0.2302,0.315036060817561,0.50051,/gpfs/projects/HeinzGroup/caffeine_underground/mlrt/FlexFringe/FlexFringe/models-ps-small/0.1.1.1.0.0.searchglobal.0.ini/0.1.1.1.0.0.searchglobal.0_04.04.PLT.2.2.7_Small.final.json,/gpfs/projects/HeinzGroup/asoubki/FlexFringe/data/MLRegTest/Large/04.04.PLT.2.2.7_TestLA.txt,2025-12-29 22:28:25.001949
0.1.1.1.0.0.searchglobal.0,Small,4,4,PLT,2,2,7,TestLR,0.49944,0.4987828203790645,0.22948,0.3143389403320366,0.50056,/gpfs/projects/HeinzGroup/caffeine_underground/mlrt/FlexFringe/FlexFringe/models-ps-small/0.1.1.1.0.0.searchglobal.0.ini/0.1.1.1.0.0.searchglobal.0_04.04.PLT.2.2.7_Small.final.json,/gpfs/projects/HeinzGroup/asoubki/FlexFringe/data/MLRegTest/Large/04.04.PLT.2.2.7_TestLR.txt,2025-12-29 22:28:25.001949
0.1.1.1.0.0.searchglobal.0,Small,4,4,PLT,2,2,7,TestSA,0.49882,0.49694300518134715,0.19182,0.2767965367965368,0.50118,/gpfs/projects/HeinzGroup/caffeine_underground/mlrt/FlexFringe/FlexFringe/models-ps-small/0.1.1.1.0.0.searchglobal.0.ini/0.1.1.1.0.0.searchglobal.0_04.04.PLT.2.2.7_Small.final.json,/gpfs/projects/HeinzGroup/asoubki/FlexFringe/data/MLRegTest/Large/04.04.PLT.2.2.7_TestSA.txt,2025-12-29 22:28:25.001949
0.1.1.1.0.0.searchglobal.0,Small,4,4,PLT,2,2,7,Dev,0.49773,0.49418813047263044,0.19302,0.2776107811129169,0.50227,/gpfs/projects/HeinzGroup/caffeine_underground/mlrt/FlexFringe/FlexFringe/models-ps-small/0.1.1.1.0.0.searchglobal.0.ini/0.1.1.1.0.0.searchglobal.0_04.04.PLT.2.2.7_Small.final.json,/gpfs/projects/HeinzGroup/asoubki/FlexFringe/data/MLRegTest/Large/04.04.PLT.2.2.7_Dev.txt,2025-12-29 22:28:25.001949
0.1.1.1.0.0.searchglobal.0,Small,4,4,PLT,2,2,7,Train,0.487,0.4656084656084656,0.176,0.25544267053701014,0.513,/gpfs/projects/HeinzGroup/caffeine_underground/mlrt/FlexFringe/FlexFringe/models-ps-small/0.1.1.1.0.0.searchglobal.0.ini/0.1.1.1.0.0.searchglobal.0_04.04.PLT.2.2.7_Small.final.json,/gpfs/projects/HeinzGroup/asoubki/FlexFringe/data/MLRegTest/Small/04.04.PLT.2.2.7_Train.txt,2025-12-29 22:28:25.001949
0.1.1.1.0.0.searchglobal.0,Small,4,4,PLT,2,2,8,TestSA,0.51679,0.5384968129499702,0.23486,0.32707117690475856,0.48321,/gpfs/projects/HeinzGroup/caffeine_underground/mlrt/FlexFringe/FlexFringe/models-ps-small/0.1.1.1.0.0.searchglobal.0.ini/0.1.1.1.0.0.searchglobal.0_04.04.PLT.2.2.8_Small.final.json,/gpfs/projects/HeinzGroup/asoubki/FlexFringe/data/MLRegTest/Large/04.04.PLT.2.2.8_TestSA.txt,2025-12-29 22:06:03.724428
0.1.1.1.0.0.searchglobal.0,Small,4,4,PLT,2,2,8,TestSR,0.5125,0.5267688881274627,0.24598,0.3353602006871353,0.4875,/gpfs/projects/HeinzGroup/caffeine_underground/mlrt/FlexFringe/FlexFringe/models-ps-small/0.1.1.1.0.0.searchglobal.0.ini/0.1.1.1.0.0.searchglobal.0_04.04.PLT.2.2.8_Small.final.json,/gpfs/projects/HeinzGroup/asoubki/FlexFringe/data/MLRegTest/Large/04.04.PLT.2.2.8_TestSR.txt,2025-12-29 22:06:03.724428
0.1.1.1.0.0.searchglobal.0,Small,4,4,PLT,2,2,8,TestLR,0.50171,0.5034432765494744,0.25002,0.33411286766179793,0.49829,/gpfs/projects/HeinzGroup/caffeine_underground/mlrt/FlexFringe/FlexFringe/models-ps-small/0.1.1.1.0.0.searchglobal.0.ini/0.1.1.1.0.0.searchglobal.0_04.04.PLT.2.2.8_Small.final.json,/gpfs/projects/HeinzGroup/asoubki/FlexFringe/data/MLRegTest/Large/04.04.PLT.2.2.8_TestLR.txt,2025-12-29 22:06:03.724428
0.1.1.1.0.0.searchglobal.0,Small,4,4,PLT,2,2,8,TestLA,0.50648,0.5133840052875083,0.24856,0.3349504096593359,0.49352,/gpfs/projects/HeinzGroup/caffeine_underground/mlrt/FlexFringe/FlexFringe/models-ps-small/0.1.1.1.0.0.searchglobal.0.ini/0.1.1.1.0.0.searchglobal.0_04.04.PLT.2.2.8_Small.final.json,/gpfs/projects/HeinzGroup/asoubki/FlexFringe/data/MLRegTest/Large/04.04.PLT.2.2.8_TestLA.txt,2025-12-29 22:06:03.724428
0.1.1.1.0.0.searchglobal.0,Small,4,4,PLT,2,2,8,Dev,0.51139,0.5245252142457258,0.2436,0.3326914409800467,0.48861,/gpfs/projects/HeinzGroup/caffeine_underground/mlrt/FlexFringe/FlexFringe/models-ps-small/0.1.1.1.0.0.searchglobal.0.ini/0.1.1.1.0.0.searchglobal.0_04.04.PLT.2.2.8_Small.final.json,/gpfs/projects/HeinzGroup/asoubki/FlexFringe/data/MLRegTest/Large/04.04.PLT.2.2.8_Dev.txt,2025-12-29 22:06:03.724428
0.1.1.1.0.0.searchglobal.0,Small,4,4,PLT,2,2,8,Train,0.523,0.5485232067510548,0.26,0.35278154681139756,0.477,/gpfs/projects/HeinzGroup/caffeine_underground/mlrt/FlexFringe/FlexFringe/models-ps-small/0.1.1.1.0.0.searchglobal.0.ini/0.1.1.1.0.0.searchglobal.0_04.04.PLT.2.2.8_Small.final.json,/gpfs/projects/HeinzGroup/asoubki/FlexFringe/data/MLRegTest/Small/04.04.PLT.2.2.8_Train.txt,2025-12-29 22:06:03.724428
0.1.1.1.0.0.searchglobal.0,Small,4,4,PLT,2,2,9,TestLA,0.49908,0.4981468052534042,0.2473,0.33051776215551576,0.50092,/gpfs/projects/HeinzGroup/caffeine_underground/mlrt/FlexFringe/FlexFringe/models-ps-small/0.1.1.1.0.0.searchglobal.0.ini/0.1.1.1.0.0.searchglobal.0_04.04.PLT.2.2.9_Small.final.json,/gpfs/projects/HeinzGroup/asoubki/FlexFringe/data/MLRegTest/Large/04.04.PLT.2.2.9_TestLA.txt,2025-12-29 23:34:03.523763
0.1.1.1.0.0.searchglobal.0,Small,4,4,PLT,2,2,9,TestLR,0.49959,0.49916124544822227,0.244,0.32777635980172215,0.50041,/gpfs/projects/HeinzGroup/caffeine_underground/mlrt/FlexFringe/FlexFringe/models-ps-small/0.1.1.1.0.0.searchglobal.0.ini/0.1.1.1.0.0.searchglobal.0_04.04.PLT.2.2.9_Small.final.json,/gpfs/projects/HeinzGroup/asoubki/FlexFringe/data/MLRegTest/Large/04.04.PLT.2.2.9_TestLR.txt,2025-12-29 23:34:03.523763
0.1.1.1.0.0.searchglobal.0,Small,4,4,PLT,2,2,9,TestSA,0.49772,0.4955188679245283,0.25212,0.33419936373276776,0.50228,/gpfs/projects/HeinzGroup/caffeine_underground/mlrt/FlexFringe/FlexFringe/models-ps-small/0.1.1.1.0.0.searchglobal.0.ini/0.1.1.1.0.0.searchglobal.0_04.04.PLT.2.2.9_Small.final.json,/gpfs/projects/HeinzGroup/asoubki/FlexFringe/data/MLRegTest/Large/04.04.PLT.2.2.9_TestSA.txt,2025-12-29 23:34:03.523763
0.1.1.1.0.0.searchglobal.0,Small,4,4,PLT,2,2,9,TestSR,0.49548,0.4908620410803817,0.2428,0.3248942889257614,0.50452,/gpfs/projects/HeinzGroup/caffeine_underground/mlrt/FlexFringe/FlexFringe/models-ps-small/0.1.1.1.0.0.searchglobal.0.ini/0.1.1.1.0.0.searchglobal.0_04.04.PLT.2.2.9_Small.final.json,/gpfs/projects/HeinzGroup/asoubki/FlexFringe/data/MLRegTest/Large/04.04.PLT.2.2.9_TestSR.txt,2025-12-29 23:34:03.523763
0.1.1.1.0.0.searchglobal.0,Small,4,4,PLT,2,2,9,Dev,0.4967,0.4932454560340593,0.24098,0.32377599828021714,0.5033,/gpfs/projects/HeinzGroup/caffeine_underground/mlrt/FlexFringe/FlexFringe/models-ps-small/0.1.1.1.0.0.searchglobal.0.ini/0.1.1.1.0.0.searchglobal.0_04.04.PLT.2.2.9_Small.final.json,/gpfs/projects/HeinzGroup/asoubki/FlexFringe/data/MLRegTest/Large/04.04.PLT.2.2.9_Dev.txt,2025-12-29 23:34:03.523763
0.1.1.1.0.0.searchglobal.0,Small,4,4,PLT,2,2,9,Train,0.477,0.45021645021645024,0.208,0.28454172366621067,0.523,/gpfs/projects/HeinzGroup/caffeine_underground/mlrt/FlexFringe/FlexFringe/models-ps-small/0.1.1.1.0.0.searchglobal.0.ini/0.1.1.1.0.0.searchglobal.0_04.04.PLT.2.2.9_Small.final.json,/gpfs/projects/HeinzGroup/asoubki/FlexFringe/data/MLRegTest/Small/04.04.PLT.2.2.9_Train.txt,2025-12-29 23:34:03.523763
0.1.1.1.0.0.searchglobal.0,Small,4,4,PLT,4,2,0,TestLR,0.93757,0.8969176901725295,0.98878,0.9406112955546465,0.06243,/gpfs/projects/HeinzGroup/caffeine_underground/mlrt/FlexFringe/FlexFringe/models-ps-small/0.1.1.1.0.0.searchglobal.0.ini/0.1.1.1.0.0.searchglobal.0_04.04.PLT.4.2.0_Small.final.json,/gpfs/projects/HeinzGroup/asoubki/FlexFringe/data/MLRegTest/Large/04.04.PLT.4.2.0_TestLR.txt,2025-12-29 22:46:19.022307
0.1.1.1.0.0.searchglobal.0,Small,4,4,PLT,4,2,0,TestSA,0.86775,0.8220396868486961,0.93872,0.8765138145793067,0.13225,/gpfs/projects/HeinzGroup/caffeine_underground/mlrt/FlexFringe/FlexFringe/models-ps-small/0.1.1.1.0.0.searchglobal.0.ini/0.1.1.1.0.0.searchglobal.0_04.04.PLT.4.2.0_Small.final.json,/gpfs/projects/HeinzGroup/asoubki/FlexFringe/data/MLRegTest/Large/04.04.PLT.4.2.0_TestSA.txt,2025-12-29 22:46:19.022307
0.1.1.1.0.0.searchglobal.0,Small,4,4,PLT,4,2,0,TestLA,0.92257,0.8949178520027663,0.95758,0.9251891286074531,0.07743,/gpfs/projects/HeinzGroup/caffeine_underground/mlrt/FlexFringe/FlexFringe/models-ps-small/0.1.1.1.0.0.searchglobal.0.ini/0.1.1.1.0.0.searchglobal.0_04.04.PLT.4.2.0_Small.final.json,/gpfs/projects/HeinzGroup/asoubki/FlexFringe/data/MLRegTest/Large/04.04.PLT.4.2.0_TestLA.txt,2025-12-29 22:46:19.022307
0.1.1.1.0.0.searchglobal.0,Small,4,4,PLT,4,2,0,TestSR,0.8839,0.8180191523907353,0.98748,0.8947969336160496,0.1161,/gpfs/projects/HeinzGroup/caffeine_underground/mlrt/FlexFringe/FlexFringe/models-ps-small/0.1.1.1.0.0.searchglobal.0.ini/0.1.1.1.0.0.searchglobal.0_04.04.PLT.4.2.0_Small.final.json,/gpfs/projects/HeinzGroup/asoubki/FlexFringe/data/MLRegTest/Large/04.04.PLT.4.2.0_TestSR.txt,2025-12-29 22:46:19.022307
0.1.1.1.0.0.searchglobal.0,Small,4,4,PLT,4,2,0,Dev,0.88458,0.818066031493979,0.98914,0.8955059028029261,0.11542,/gpfs/projects/HeinzGroup/caffeine_underground/mlrt/FlexFringe/FlexFringe/models-ps-small/0.1.1.1.0.0.searchglobal.0.ini/0.1.1.1.0.0.searchglobal.0_04.04.PLT.4.2.0_Small.final.json,/gpfs/projects/HeinzGroup/asoubki/FlexFringe/data/MLRegTest/Large/04.04.PLT.4.2.0_Dev.txt,2025-12-29 22:46:19.022307
0.1.1.1.0.0.searchglobal.0,Small,4,4,PLT,4,2,0,Train,0.881,0.8180300500834724,0.98,0.89171974522293,0.119,/gpfs/projects/HeinzGroup/caffeine_underground/mlrt/FlexFringe/FlexFringe/models-ps-small/0.1.1.1.0.0.searchglobal.0.ini/0.1.1.1.0.0.searchglobal.0_04.04.PLT.4.2.0_Small.final.json,/gpfs/projects/HeinzGroup/asoubki/FlexFringe/data/MLRegTest/Small/04.04.PLT.4.2.0_Train.txt,2025-12-29 22:46:19.022307
0.1.1.1.0.0.searchglobal.0,Small,4,4,PLT,4,2,1,TestLR,0.96809,0.9536898831100858,0.98396,0.9685885004971109,0.03191,/gpfs/projects/HeinzGroup/caffeine_underground/mlrt/FlexFringe/FlexFringe/models-ps-small/0.1.1.1.0.0.searchglobal.0.ini/0.1.1.1.0.0.searchglobal.0_04.04.PLT.4.2.1_Small.final.json,/gpfs/projects/HeinzGroup/asoubki/FlexFringe/data/MLRegTest/Large/04.04.PLT.4.2.1_TestLR.txt,2025-12-29 23:23:49.705201
0.1.1.1.0.0.searchglobal.0,Small,4,4,PLT,4,2,1,TestSR,0.98097,0.9760853641636806,0.9861,0.9810671256454389,0.01903,/gpfs/projects/HeinzGroup/caffeine_underground/mlrt/FlexFringe/FlexFringe/models-ps-small/0.1.1.1.0.0.searchglobal.0.ini/0.1.1.1.0.0.searchglobal.0_04.04.PLT.4.2.1_Small.final.json,/gpfs/projects/HeinzGroup/asoubki/FlexFringe/data/MLRegTest/Large/04.04.PLT.4.2.1_TestSR.txt,2025-12-29 23:23:49.705201
0.1.1.1.0.0.searchglobal.0,Small,4,4,PLT,4,2,1,TestLA,0.94895,0.9502376797641254,0.94752,0.9488768939583605,0.05105,/gpfs/projects/HeinzGroup/caffeine_underground/mlrt/FlexFringe/FlexFringe/models-ps-small/0.1.1.1.0.0.searchglobal.0.ini/0.1.1.1.0.0.searchglobal.0_04.04.PLT.4.2.1_Small.final.json,/gpfs/projects/HeinzGroup/asoubki/FlexFringe/data/MLRegTest/Large/04.04.PLT.4.2.1_TestLA.txt,2025-12-29 23:23:49.705201
0.1.1.1.0.0.searchglobal.0,Small,4,4,PLT,4,2,1,TestSA,0.95189,0.9746643978067687,0.9279,0.9507074722595056,0.04811,/gpfs/projects/HeinzGroup/caffeine_underground/mlrt/FlexFringe/FlexFringe/models-ps-small/0.1.1.1.0.0.searchglobal.0.ini/0.1.1.1.0.0.searchglobal.0_04.04.PLT.4.2.1_Small.final.json,/gpfs/projects/HeinzGroup/asoubki/FlexFringe/data/MLRegTest/Large/04.04.PLT.4.2.1_TestSA.txt,2025-12-29 23:23:49.705201
0.1.1.1.0.0.searchglobal.0,Small,4,4,PLT,4,2,1,Dev,0.98064,0.9769010954119701,0.98456,0.980715594868117,0.01936,/gpfs/projects/HeinzGroup/caffeine_underground/mlrt/FlexFringe/FlexFringe/models-ps-small/0.1.1.1.0.0.searchglobal.0.ini/0.1.1.1.0.0.searchglobal.0_04.04.PLT.4.2.1_Small.final.json,/gpfs/projects/HeinzGroup/asoubki/FlexFringe/data/MLRegTest/Large/04.04.PLT.4.2.1_Dev.txt,2025-12-29 23:23:49.705201
0.1.1.1.0.0.searchglobal.0,Small,4,4,PLT,4,2,1,Train,0.977,0.974155069582505,0.98,0.9770687936191426,0.023,/gpfs/projects/HeinzGroup/caffeine_underground/mlrt/FlexFringe/FlexFringe/models-ps-small/0.1.1.1.0.0.searchglobal.0.ini/0.1.1.1.0.0.searchglobal.0_04.04.PLT.4.2.1_Small.final.json,/gpfs/projects/HeinzGroup/asoubki/FlexFringe/data/MLRegTest/Small/04.04.PLT.4.2.1_Train.txt,2025-12-29 23:23:49.705201
0.1.1.1.0.0.searchglobal.0,Small,4,4,PLT,4,2,2,TestSA,0.61139,0.7066988309519391,0.38084,0.49495093898239,0.38861,/gpfs/projects/HeinzGroup/caffeine_underground/mlrt/FlexFringe/FlexFringe/models-ps-small/0.1.1.1.0.0.searchglobal.0.ini/0.1.1.1.0.0.searchglobal.0_04.04.PLT.4.2.2_Small.final.json,/gpfs/projects/HeinzGroup/asoubki/FlexFringe/data/MLRegTest/Large/04.04.PLT.4.2.2_TestSA.txt,2025-12-29 23:11:40.732086
0.1.1.1.0.0.searchglobal.0,Small,4,4,PLT,4,2,2,TestSR,0.67475,0.8835769787962597,0.40254,0.5530991082592506,0.32525,/gpfs/projects/HeinzGroup/caffeine_underground/mlrt/FlexFringe/FlexFringe/models-ps-small/0.1.1.1.0.0.searchglobal.0.ini/0.1.1.1.0.0.searchglobal.0_04.04.PLT.4.2.2_Small.final.json,/gpfs/projects/HeinzGroup/asoubki/FlexFringe/data/MLRegTest/Large/04.04.PLT.4.2.2_TestSR.txt,2025-12-29 23:11:40.732086
0.1.1.1.0.0.searchglobal.0,Small,4,4,PLT,4,2,2,TestLA,0.60645,0.6817979984288007,0.39922,0.5035760687210666,0.39355,/gpfs/projects/HeinzGroup/caffeine_underground/mlrt/FlexFringe/FlexFringe/models-ps-small/0.1.1.1.0.0.searchglobal.0.ini/0.1.1.1.0.0.searchglobal.0_04.04.PLT.4.2.2_Small.final.json,/gpfs/projects/HeinzGroup/asoubki/FlexFringe/data/MLRegTest/Large/04.04.PLT.4.2.2_TestLA.txt,2025-12-29 23:11:40.732086
0.1.1.1.0.0.searchglobal.0,Small,4,4,PLT,4,2,2,TestLR,0.67104,0.8375967156166114,0.42436,0.5633197047735358,0.32896,/gpfs/projects/HeinzGroup/caffeine_underground/mlrt/FlexFringe/FlexFringe/models-ps-small/0.1.1.1.0.0.searchglobal.0.ini/0.1.1.1.0.0.searchglobal.0_04.04.PLT.4.2.2_Small.final.json,/gpfs/projects/HeinzGroup/asoubki/FlexFringe/data/MLRegTest/Large/04.04.PLT.4.2.2_TestLR.txt,2025-12-29 23:11:40.732086
0.1.1.1.0.0.searchglobal.0,Small,4,4,PLT,4,2,2,Dev,0.67355,0.880475292673302,0.40162,0.5516227835235623,0.32645,/gpfs/projects/HeinzGroup/caffeine_underground/mlrt/FlexFringe/FlexFringe/models-ps-small/0.1.1.1.0.0.searchglobal.0.ini/0.1.1.1.0.0.searchglobal.0_04.04.PLT.4.2.2_Small.final.json,/gpfs/projects/HeinzGroup/asoubki/FlexFringe/data/MLRegTest/Large/04.04.PLT.4.2.2_Dev.txt,2025-12-29 23:11:40.732086
0.1.1.1.0.0.searchglobal.0,Small,4,4,PLT,4,2,2,Train,0.665,0.8602620087336245,0.394,0.5404663923182441,0.335,/gpfs/projects/HeinzGroup/caffeine_underground/mlrt/FlexFringe/FlexFringe/models-ps-small/0.1.1.1.0.0.searchglobal.0.ini/0.1.1.1.0.0.searchglobal.0_04.04.PLT.4.2.2_Small.final.json,/gpfs/projects/HeinzGroup/asoubki/FlexFringe/data/MLRegTest/Small/04.04.PLT.4.2.2_Train.txt,2025-12-29 23:11:40.732086
0.1.1.1.0.0.searchglobal.0,Small,4,4,PLT,4,2,3,TestLR,0.87788,0.8224672310212998,0.9638,0.8875423603948726,0.12212,/gpfs/projects/HeinzGroup/caffeine_underground/mlrt/FlexFringe/FlexFringe/models-ps-small/0.1.1.1.0.0.searchglobal.0.ini/0.1.1.1.0.0.searchglobal.0_04.04.PLT.4.2.3_Small.final.json,/gpfs/projects/HeinzGroup/asoubki/FlexFringe/data/MLRegTest/Large/04.04.PLT.4.2.3_TestLR.txt,2025-12-29 22:31:11.806790
0.1.1.1.0.0.searchglobal.0,Small,4,4,PLT,4,2,3,TestSA,0.82537,0.7947886277565369,0.87724,0.8339813855324327,0.17463,/gpfs/projects/HeinzGroup/caffeine_underground/mlrt/FlexFringe/FlexFringe/models-ps-small/0.1.1.1.0.0.searchglobal.0.ini/0.1.1.1.0.0.searchglobal.0_04.04.PLT.4.2.3_Small.final.json,/gpfs/projects/HeinzGroup/asoubki/FlexFringe/data/MLRegTest/Large/04.04.PLT.4.2.3_TestSA.txt,2025-12-29 22:31:11.806790
0.1.1.1.0.0.searchglobal.0,Small,4,4,PLT,4,2,3,TestLA,0.85445,0.8063473405818395,0.93296,0.8650452939703851,0.14555,/gpfs/projects/HeinzGroup/caffeine_underground/mlrt/FlexFringe/FlexFringe/models-ps-small/0.1.1.1.0.0.searchglobal.0.ini/0.1.1.1.0.0.searchglobal.0_04.04.PLT.4.2.3_Small.final.json,/gpfs/projects/HeinzGroup/asoubki/FlexFringe/data/MLRegTest/Large/04.04.PLT.4.2.3_TestLA.txt,2025-12-29 22:31:11.806790
0.1.1.1.0.0.searchglobal.0,Small,4,4,PLT,4,2,3,TestSR,0.84331,0.810805917181191,0.8956,0.8510961807106406,0.15669,/gpfs/projects/HeinzGroup/caffeine_underground/mlrt/FlexFringe/FlexFringe/models-ps-small/0.1.1.1.0.0.searchglobal.0.ini/0.1.1.1.0.0.searchglobal.0_04.04.PLT.4.2.3_Small.final.json,/gpfs/projects/HeinzGroup/asoubki/FlexFringe/data/MLRegTest/Large/04.04.PLT.4.2.3_TestSR.txt,2025-12-29 22:31:11.806790
0.1.1.1.0.0.searchglobal.0,Small,4,4,PLT,4,2,3,Dev,0.84464,0.812672376251996,0.89576,0.8521957531014537,0.15536,/gpfs/projects/HeinzGroup/caffeine_underground/mlrt/FlexFringe/FlexFringe/models-ps-small/0.1.1.1.0.0.searchglobal.0.ini/0.1.1.1.0.0.searchglobal.0_04.04.PLT.4.2.3_Small.final.json,/gpfs/projects/HeinzGroup/asoubki/FlexFringe/data/MLRegTest/Large/04.04.PLT.4.2.3_Dev.txt,2025-12-29 22:31:11.806790
0.1.1.1.0.0.searchglobal.0,Small,4,4,PLT,4,2,3,Train,0.837,0.8069216757741348,0.886,0.8446139180171592,0.163,/gpfs/projects/HeinzGroup/caffeine_underground/mlrt/FlexFringe/FlexFringe/models-ps-small/0.1.1.1.0.0.searchglobal.0.ini/0.1.1.1.0.0.searchglobal.0_04.04.PLT.4.2.3_Small.final.json,/gpfs/projects/HeinzGroup/asoubki/FlexFringe/data/MLRegTest/Small/04.04.PLT.4.2.3_Train.txt,2025-12-29 22:31:11.806790
0.1.1.1.0.0.searchglobal.0,Small,4,4,PLT,4,2,4,TestLR,0.60739,0.5915593827265752,0.69384,0.6386304017672235,0.39261,/gpfs/projects/HeinzGroup/caffeine_underground/mlrt/FlexFringe/FlexFringe/models-ps-small/0.1.1.1.0.0.searchglobal.0.ini/0.1.1.1.0.0.searchglobal.0_04.04.PLT.4.2.4_Small.final.json,/gpfs/projects/HeinzGroup/asoubki/FlexFringe/data/MLRegTest/Large/04.04.PLT.4.2.4_TestLR.txt,2025-12-29 22:56:36.662096
0.1.1.1.0.0.searchglobal.0,Small,4,4,PLT,4,2,4,TestLA,0.51822,0.5177978353456023,0.53008,0.5238669381139683,0.48178,/gpfs/projects/HeinzGroup/caffeine_underground/mlrt/FlexFringe/FlexFringe/models-ps-small/0.1.1.1.0.0.searchglobal.0.ini/0.1.1.1.0.0.searchglobal.0_04.04.PLT.4.2.4_Small.final.json,/gpfs/projects/HeinzGroup/asoubki/FlexFringe/data/MLRegTest/Large/04.04.PLT.4.2.4_TestLA.txt,2025-12-29 22:56:36.662096
0.1.1.1.0.0.searchglobal.0,Small,4,4,PLT,4,2,4,TestSA,0.53327,0.5304999908325847,0.57868,0.5535435857701763,0.46673,/gpfs/projects/HeinzGroup/caffeine_underground/mlrt/FlexFringe/FlexFringe/models-ps-small/0.1.1.1.0.0.searchglobal.0.ini/0.1.1.1.0.0.searchglobal.0_04.04.PLT.4.2.4_Small.final.json,/gpfs/projects/HeinzGroup/asoubki/FlexFringe/data/MLRegTest/Large/04.04.PLT.4.2.4_TestSA.txt,2025-12-29 22:56:36.662096
0.1.1.1.0.0.searchglobal.0,Small,4,4,PLT,4,2,4,TestSR,0.647,0.6148940161320577,0.78672,0.6902748043379076,0.353,/gpfs/projects/HeinzGroup/caffeine_underground/mlrt/FlexFringe/FlexFringe/models-ps-small/0.1.1.1.0.0.searchglobal.0.ini/0.1.1.1.0.0.searchglobal.0_04.04.PLT.4.2.4_Small.final.json,/gpfs/projects/HeinzGroup/asoubki/FlexFringe/data/MLRegTest/Large/04.04.PLT.4.2.4_TestSR.txt,2025-12-29 22:56:36.662096
0.1.1.1.0.0.searchglobal.0,Small,4,4,PLT,4,2,4,Dev,0.64643,0.6149173612092104,0.78354,0.6890626236687744,0.35357,/gpfs/projects/HeinzGroup/caffeine_underground/mlrt/FlexFringe/FlexFringe/models-ps-small/0.1.1.1.0.0.searchglobal.0.ini/0.1.1.1.0.0.searchglobal.0_04.04.PLT.4.2.4_Small.final.json,/gpfs/projects/HeinzGroup/asoubki/FlexFringe/data/MLRegTest/Large/04.04.PLT.4.2.4_Dev.txt,2025-12-29 22:56:36.662096
0.1.1.1.0.0.searchglobal.0,Small,4,4,PLT,4,2,4,Train,0.632,0.5996978851963746,0.794,0.6833046471600689,0.368,/gpfs/projects/HeinzGroup/caffeine_underground/mlrt/FlexFringe/FlexFringe/models-ps-small/0.1.1.1.0.0.searchglobal.0.ini/0.1.1.1.0.0.searchglobal.0_04.04.PLT.4.2.4_Small.final.json,/gpfs/projects/HeinzGroup/asoubki/FlexFringe/data/MLRegTest/Small/04.04.PLT.4.2.4_Train.txt,2025-12-29 22:56:36.662096
0.1.1.1.0.0.searchglobal.0,Small,4,4,PLT,4,2,5,TestLR,0.49837,0.4966838914432193,0.24414,0.32736634619252586,0.50163,/gpfs/projects/HeinzGroup/caffeine_underground/mlrt/FlexFringe/FlexFringe/models-ps-small/0.1.1.1.0.0.searchglobal.0.ini/0.1.1.1.0.0.searchglobal.0_04.04.PLT.4.2.5_Small.final.json,/gpfs/projects/HeinzGroup/asoubki/FlexFringe/data/MLRegTest/Large/04.04.PLT.4.2.5_TestLR.txt,2025-12-29 22:08:35.949364
0.1.1.1.0.0.searchglobal.0,Small,4,4,PLT,4,2,5,TestLA,0.50011,0.5002222671246717,0.24756,0.3312061007425246,0.49989,/gpfs/projects/HeinzGroup/caffeine_underground/mlrt/FlexFringe/FlexFringe/models-ps-small/0.1.1.1.0.0.searchglobal.0.ini/0.1.1.1.0.0.searchglobal.0_04.04.PLT.4.2.5_Small.final.json,/gpfs/projects/HeinzGroup/asoubki/FlexFringe/data/MLRegTest/Large/04.04.PLT.4.2.5_TestLA.txt,2025-12-29 22:08:35.949364
0.1.1.1.0.0.searchglobal.0,Small,4,4,PLT,4,2,5,TestSA,0.50016,0.500328596073277,0.24362,0.32768407177252307,0.49984,/gpfs/projects/HeinzGroup/caffeine_underground/mlrt/FlexFringe/FlexFringe/models-ps-small/0.1.1.1.0.0.searchglobal.0.ini/0.1.1.1.0.0.searchglobal.0_04.04.PLT.4.2.5_Small.final.json,/gpfs/projects/HeinzGroup/asoubki/FlexFringe/data/MLRegTest/Large/04.04.PLT.4.2.5_TestSA.txt,2025-12-29 22:08:35.949364
0.1.1.1.0.0.searchglobal.0,Small,4,4,PLT,4,2,5,TestSR,0.49782,0.4955360799410271,0.242,0.3251901421699051,0.50218,/gpfs/projects/HeinzGroup/caffeine_underground/mlrt/FlexFringe/FlexFringe/models-ps-small/0.1.1.1.0.0.searchglobal.0.ini/0.1.1.1.0.0.searchglobal.0_04.04.PLT.4.2.5_Small.final.json,/gpfs/projects/HeinzGroup/asoubki/FlexFringe/data/MLRegTest/Large/04.04.PLT.4.2.5_TestSR.txt,2025-12-29 22:08:35.949364
0.1.1.1.0.0.searchglobal.0,Small,4,4,PLT,4,2,5,Dev,0.5026,0.505264863113559,0.24952,0.33406522786911585,0.4974,/gpfs/projects/HeinzGroup/caffeine_underground/mlrt/FlexFringe/FlexFringe/models-ps-small/0.1.1.1.0.0.searchglobal.0.ini/0.1.1.1.0.0.searchglobal.0_04.04.PLT.4.2.5_Small.final.json,/gpfs/projects/HeinzGroup/asoubki/FlexFringe/data/MLRegTest/Large/04.04.PLT.4.2.5_Dev.txt,2025-12-29 22:08:35.949364
0.1.1.1.0.0.searchglobal.0,Small,4,4,PLT,4,2,5,Train,0.506,0.5118110236220472,0.26,0.3448275862068966,0.494,/gpfs/projects/HeinzGroup/caffeine_underground/mlrt/FlexFringe/FlexFringe/models-ps-small/0.1.1.1.0.0.searchglobal.0.ini/0.1.1.1.0.0.searchglobal.0_04.04.PLT.4.2.5_Small.final.json,/gpfs/projects/HeinzGroup/asoubki/FlexFringe/data/MLRegTest/Small/04.04.PLT.4.2.5_Train.txt,2025-12-29 22:08:35.949364
0.1.1.1.0.0.searchglobal.0,Small,4,4,PLT,4,2,6,TestLA,0.50029,0.50059253810633,0.245,0.328987122504062,0.49971,/gpfs/projects/HeinzGroup/caffeine_underground/mlrt/FlexFringe/FlexFringe/models-ps-small/0.1.1.1.0.0.searchglobal.0.ini/0.1.1.1.0.0.searchglobal.0_04.04.PLT.4.2.6_Small.final.json,/gpfs/projects/HeinzGroup/asoubki/FlexFringe/data/MLRegTest/Large/04.04.PLT.4.2.6_TestLA.txt,2025-12-29 22:57:41.725567
0.1.1.1.0.0.searchglobal.0,Small,4,4,PLT,4,2,6,TestLR,0.49943,0.4988400016280679,0.24512,0.3287156861430353,0.50057,/gpfs/projects/HeinzGroup/caffeine_underground/mlrt/FlexFringe/FlexFringe/models-ps-small/0.1.1.1.0.0.searchglobal.0.ini/0.1.1.1.0.0.searchglobal.0_04.04.PLT.4.2.6_Small.final.json,/gpfs/projects/HeinzGroup/asoubki/FlexFringe/data/MLRegTest/Large/04.04.PLT.4.2.6_TestLR.txt,2025-12-29 22:57:41.725567
0.1.1.1.0.0.searchglobal.0,Small,4,4,PLT,4,2,6,TestSR,0.49865,0.4972704112580371,0.24594,0.3291091811746444,0.50135,/gpfs/projects/HeinzGroup/caffeine_underground/mlrt/FlexFringe/FlexFringe/models-ps-small/0.1.1.1.0.0.searchglobal.0.ini/0.1.1.1.0.0.searchglobal.0_04.04.PLT.4.2.6_Small.final.json,/gpfs/projects/HeinzGroup/asoubki/FlexFringe/data/MLRegTest/Large/04.04.PLT.4.2.6_TestSR.txt,2025-12-29 22:57:41.725567
0.1.1.1.0.0.searchglobal.0,Small,4,4,PLT,4,2,6,TestSA,0.50016,0.5003268775026559,0.2449,0.32883959502645216,0.49984,/gpfs/projects/HeinzGroup/caffeine_underground/mlrt/FlexFringe/FlexFringe/models-ps-small/0.1.1.1.0.0.searchglobal.0.ini/0.1.1.1.0.0.searchglobal.0_04.04.PLT.4.2.6_Small.final.json,/gpfs/projects/HeinzGroup/asoubki/FlexFringe/data/MLRegTest/Large/04.04.PLT.4.2.6_TestSA.txt,2025-12-29 22:57:41.725567
0.1.1.1.0.0.searchglobal.0,Small,4,4,PLT,4,2,6,Dev,0.49884,0.49765353183914557,0.24602,0.32926470194598356,0.50116,/gpfs/projects/HeinzGroup/caffeine_underground/mlrt/FlexFringe/FlexFringe/models-ps-small/0.1.1.1.0.0.searchglobal.0.ini/0.1.1.1.0.0.searchglobal.0_04.04.PLT.4.2.6_Small.final.json,/gpfs/projects/HeinzGroup/asoubki/FlexFringe/data/MLRegTest/Large/04.04.PLT.4.2.6_Dev.txt,2025-12-29 22:57:41.725567
0.1.1.1.0.0.searchglobal.0,Small,4,4,PLT,4,2,6,Train,0.488,0.475,0.228,0.3081081081081081,0.512,/gpfs/projects/HeinzGroup/caffeine_underground/mlrt/FlexFringe/FlexFringe/models-ps-small/0.1.1.1.0.0.searchglobal.0.ini/0.1.1.1.0.0.searchglobal.0_04.04.PLT.4.2.6_Small.final.json,/gpfs/projects/HeinzGroup/asoubki/FlexFringe/data/MLRegTest/Small/04.04.PLT.4.2.6_Train.txt,2025-12-29 22:57:41.725567
0.1.1.1.0.0.searchglobal.0,Small,4,4,PLT,4,2,7,TestSA,0.53765,0.6415307119765431,0.17066,0.2696007961959527,0.46235,/gpfs/projects/HeinzGroup/caffeine_underground/mlrt/FlexFringe/FlexFringe/models-ps-small/0.1.1.1.0.0.searchglobal.0.ini/0.1.1.1.0.0.searchglobal.0_04.04.PLT.4.2.7_Small.final.json,/gpfs/projects/HeinzGroup/asoubki/FlexFringe/data/MLRegTest/Large/04.04.PLT.4.2.7_TestSA.txt,2025-12-29 22:58:01.750939
0.1.1.1.0.0.searchglobal.0,Small,4,4,PLT,4,2,7,TestLA,0.5384,0.6266323703996834,0.19002,0.29161167551640527,0.4616,/gpfs/projects/HeinzGroup/caffeine_underground/mlrt/FlexFringe/FlexFringe/models-ps-small/0.1.1.1.0.0.searchglobal.0.ini/0.1.1.1.0.0.searchglobal.0_04.04.PLT.4.2.7_Small.final.json,/gpfs/projects/HeinzGroup/asoubki/FlexFringe/data/MLRegTest/Large/04.04.PLT.4.2.7_TestLA.txt,2025-12-29 22:58:01.750939
0.1.1.1.0.0.searchglobal.0,Small,4,4,PLT,4,2,7,TestSR,0.5722,0.8308890925756187,0.1813,0.297652273846659,0.4278,/gpfs/projects/HeinzGroup/caffeine_underground/mlrt/FlexFringe/FlexFringe/models-ps-small/0.1.1.1.0.0.searchglobal.0.ini/0.1.1.1.0.0.searchglobal.0_04.04.PLT.4.2.7_Small.final.json,/gpfs/projects/HeinzGroup/asoubki/FlexFringe/data/MLRegTest/Large/04.04.PLT.4.2.7_TestSR.txt,2025-12-29 22:58:01.750939
0.1.1.1.0.0.searchglobal.0,Small,4,4,PLT,4,2,7,TestLR,0.56941,0.7748910891089109,0.19566,0.3124311377245509,0.43059,/gpfs/projects/HeinzGroup/caffeine_underground/mlrt/FlexFringe/FlexFringe/models-ps-small/0.1.1.1.0.0.searchglobal.0.ini/0.1.1.1.0.0.searchglobal.0_04.04.PLT.4.2.7_Small.final.json,/gpfs/projects/HeinzGroup/asoubki/FlexFringe/data/MLRegTest/Large/04.04.PLT.4.2.7_TestLR.txt,2025-12-29 22:58:01.750939
0.1.1.1.0.0.searchglobal.0,Small,4,4,PLT,4,2,7,Dev,0.56993,0.8318936877076412,0.17528,0.28955149913273315,0.43007,/gpfs/projects/HeinzGroup/caffeine_underground/mlrt/FlexFringe/FlexFringe/models-ps-small/0.1.1.1.0.0.searchglobal.0.ini/0.1.1.1.0.0.searchglobal.0_04.04.PLT.4.2.7_Small.final.json,/gpfs/projects/HeinzGroup/asoubki/FlexFringe/data/MLRegTest/Large/04.04.PLT.4.2.7_Dev.txt,2025-12-29 22:58:01.750939
0.1.1.1.0.0.searchglobal.0,Small,4,4,PLT,4,2,7,Train,0.572,0.875,0.168,0.28187919463087246,0.428,/gpfs/projects/HeinzGroup/caffeine_underground/mlrt/FlexFringe/FlexFringe/models-ps-small/0.1.1.1.0.0.searchglobal.0.ini/0.1.1.1.0.0.searchglobal.0_04.04.PLT.4.2.7_Small.final.json,/gpfs/projects/HeinzGroup/asoubki/FlexFringe/data/MLRegTest/Small/04.04.PLT.4.2.7_Train.txt,2025-12-29 22:58:01.750939
0.1.1.1.0.0.searchglobal.0,Small,4,4,PLT,4,2,8,TestLR,0.50975,0.5215698420423875,0.23576,0.32473381909340093,0.49025,/gpfs/projects/HeinzGroup/caffeine_underground/mlrt/FlexFringe/FlexFringe/models-ps-small/0.1.1.1.0.0.searchglobal.0.ini/0.1.1.1.0.0.searchglobal.0_04.04.PLT.4.2.8_Small.final.json,/gpfs/projects/HeinzGroup/asoubki/FlexFringe/data/MLRegTest/Large/04.04.PLT.4.2.8_TestLR.txt,2025-12-29 22:55:57.791757
0.1.1.1.0.0.searchglobal.0,Small,4,4,PLT,4,2,8,TestSR,0.52219,0.553513722085564,0.22952,0.32448786280802455,0.47781,/gpfs/projects/HeinzGroup/caffeine_underground/mlrt/FlexFringe/FlexFringe/models-ps-small/0.1.1.1.0.0.searchglobal.0.ini/0.1.1.1.0.0.searchglobal.0_04.04.PLT.4.2.8_Small.final.json,/gpfs/projects/HeinzGroup/asoubki/FlexFringe/data/MLRegTest/Large/04.04.PLT.4.2.8_TestSR.txt,2025-12-29 22:55:57.791757
0.1.1.1.0.0.searchglobal.0,Small,4,4,PLT,4,2,8,TestLA,0.50623,0.5142556404741202,0.22474,0.31278618251659684,0.49377,/gpfs/projects/HeinzGroup/caffeine_underground/mlrt/FlexFringe/FlexFringe/models-ps-small/0.1.1.1.0.0.searchglobal.0.ini/0.1.1.1.0.0.searchglobal.0_04.04.PLT.4.2.8_Small.final.json,/gpfs/projects/HeinzGroup/asoubki/FlexFringe/data/MLRegTest/Large/04.04.PLT.4.2.8_TestLA.txt,2025-12-29 22:55:57.791757
0.1.1.1.0.0.searchglobal.0,Small,4,4,PLT,4,2,8,TestSA,0.51318,0.5319375787535137,0.21952,0.31078517427867597,0.48682,/gpfs/projects/HeinzGroup/caffeine_underground/mlrt/FlexFringe/FlexFringe/models-ps-small/0.1.1.1.0.0.searchglobal.0.ini/0.1.1.1.0.0.searchglobal.0_04.04.PLT.4.2.8_Small.final.json,/gpfs/projects/HeinzGroup/asoubki/FlexFringe/data/MLRegTest/Large/04.04.PLT.4.2.8_TestSA.txt,2025-12-29 22:55:57.791757
0.1.1.1.0.0.searchglobal.0,Small,4,4,PLT,4,2,8,Dev,0.52233,0.5533572281959379,0.23158,0.3265139231582658,0.47767,/gpfs/projects/HeinzGroup/caffeine_underground/mlrt/FlexFringe/FlexFringe/models-ps-small/0.1.1.1.0.0.searchglobal.0.ini/0.1.1.1.0.0.searchglobal.0_04.04.PLT.4.2.8_Small.final.json,/gpfs/projects/HeinzGroup/asoubki/FlexFringe/data/MLRegTest/Large/04.04.PLT.4.2.8_Dev.txt,2025-12-29 22:55:57.791757
0.1.1.1.0.0.searchglobal.0,Small,4,4,PLT,4,2,8,Train,0.511,0.5284974093264249,0.204,0.2943722943722944,0.489,/gpfs/projects/HeinzGroup/caffeine_underground/mlrt/FlexFringe/FlexFringe/models-ps-small/0.1.1.1.0.0.searchglobal.0.ini/0.1.1.1.0.0.searchglobal.0_04.04.PLT.4.2.8_Small.final.json,/gpfs/projects/HeinzGroup/asoubki/FlexFringe/data/MLRegTest/Small/04.04.PLT.4.2.8_Train.txt,2025-12-29 22:55:57.791757
0.1.1.1.0.0.searchglobal.0,Small,4,4,PLT,4,2,9,TestLR,0.50066,0.5013250883392226,0.2497,0.33336003417708,0.49934,/gpfs/projects/HeinzGroup/caffeine_underground/mlrt/FlexFringe/FlexFringe/models-ps-small/0.1.1.1.0.0.searchglobal.0.ini/0.1.1.1.0.0.searchglobal.0_04.04.PLT.4.2.9_Small.final.json,/gpfs/projects/HeinzGroup/asoubki/FlexFringe/data/MLRegTest/Large/04.04.PLT.4.2.9_TestLR.txt,2025-12-29 22:28:14.803494
0.1.1.1.0.0.searchglobal.0,Small,4,4,PLT,4,2,9,TestLA,0.49987,0.4997401766798577,0.25004,0.3333111161470067,0.50013,/gpfs/projects/HeinzGroup/caffeine_underground/mlrt/FlexFringe/FlexFringe/models-ps-small/0.1.1.1.0.0.searchglobal.0.ini/0.1.1.1.0.0.searchglobal.0_04.04.PLT.4.2.9_Small.final.json,/gpfs/projects/HeinzGroup/asoubki/FlexFringe/data/MLRegTest/Large/04.04.PLT.4.2.9_TestLA.txt,2025-12-29 22:28:14.803494
0.1.1.1.0.0.searchglobal.0,Small,4,4,PLT,4,2,9,TestSR,0.50109,0.5021496469845778,0.25462,0.33790293684392125,0.49891,/gpfs/projects/HeinzGroup/caffeine_underground/mlrt/FlexFringe/FlexFringe/models-ps-small/0.1.1.1.0.0.searchglobal.0.ini/0.1.1.1.0.0.searchglobal.0_04.04.PLT.4.2.9_Small.final.json,/gpfs/projects/HeinzGroup/asoubki/FlexFringe/data/MLRegTest/Large/04.04.PLT.4.2.9_TestSR.txt,2025-12-29 22:28:14.803494
0.1.1.1.0.0.searchglobal.0,Small,4,4,PLT,4,2,9,TestSA,0.49964,0.49928491975210554,0.25136,0.33437982227425106,0.50036,/gpfs/projects/HeinzGroup/caffeine_underground/mlrt/FlexFringe/FlexFringe/models-ps-small/0.1.1.1.0.0.searchglobal.0.ini/0.1.1.1.0.0.searchglobal.0_04.04.PLT.4.2.9_Small.final.json,/gpfs/projects/HeinzGroup/asoubki/FlexFringe/data/MLRegTest/Large/04.04.PLT.4.2.9_TestSA.txt,2025-12-29 22:28:14.803494
0.1.1.1.0.0.searchglobal.0,Small,4,4,PLT,4,2,9,Dev,0.50015,0.5003009993177349,0.24932,0.3327949597554627,0.49985,/gpfs/projects/HeinzGroup/caffeine_underground/mlrt/FlexFringe/FlexFringe/models-ps-small/0.1.1.1.0.0.searchglobal.0.ini/0.1.1.1.0.0.searchglobal.0_04.04.PLT.4.2.9_Small.final.json,/gpfs/projects/HeinzGroup/asoubki/FlexFringe/data/MLRegTest/Large/04.04.PLT.4.2.9_Dev.txt,2025-12-29 22:28:14.803494
0.1.1.1.0.0.searchglobal.0,Small,4,4,PLT,4,2,9,Train,0.469,0.43873517786561267,0.222,0.2948207171314741,0.531,/gpfs/projects/HeinzGroup/caffeine_underground/mlrt/FlexFringe/FlexFringe/models-ps-small/0.1.1.1.0.0.searchglobal.0.ini/0.1.1.1.0.0.searchglobal.0_04.04.PLT.4.2.9_Small.final.json,/gpfs/projects/HeinzGroup/asoubki/FlexFringe/data/MLRegTest/Small/04.04.PLT.4.2.9_Train.txt,2025-12-29 22:28:14.803494
0.1.1.1.0.0.searchglobal.0,Small,4,4,PLT,6,3,0,TestSR,0.99919,1.0,0.99838,0.9991893433681281,0.00081,/gpfs/projects/HeinzGroup/caffeine_underground/mlrt/FlexFringe/FlexFringe/models-ps-small/0.1.1.1.0.0.searchglobal.0.ini/0.1.1.1.0.0.searchglobal.0_04.04.PLT.6.3.0_Small.final.json,/gpfs/projects/HeinzGroup/asoubki/FlexFringe/data/MLRegTest/Large/04.04.PLT.6.3.0_TestSR.txt,2025-12-29 23:31:57.569199
0.1.1.1.0.0.searchglobal.0,Small,4,4,PLT,6,3,0,TestLA,0.97372,1.0,0.94744,0.9730107217680647,0.02628,/gpfs/projects/HeinzGroup/caffeine_underground/mlrt/FlexFringe/FlexFringe/models-ps-small/0.1.1.1.0.0.searchglobal.0.ini/0.1.1.1.0.0.searchglobal.0_04.04.PLT.6.3.0_Small.final.json,/gpfs/projects/HeinzGroup/asoubki/FlexFringe/data/MLRegTest/Large/04.04.PLT.6.3.0_TestLA.txt,2025-12-29 23:31:57.569199
0.1.1.1.0.0.searchglobal.0,Small,4,4,PLT,6,3,0,TestSA,0.95124,1.0,0.90248,0.9487405912282915,0.04876,/gpfs/projects/HeinzGroup/caffeine_underground/mlrt/FlexFringe/FlexFringe/models-ps-small/0.1.1.1.0.0.searchglobal.0.ini/0.1.1.1.0.0.searchglobal.0_04.04.PLT.6.3.0_Small.final.json,/gpfs/projects/HeinzGroup/asoubki/FlexFringe/data/MLRegTest/Large/04.04.PLT.6.3.0_TestSA.txt,2025-12-29 23:31:57.569199
0.1.1.1.0.0.searchglobal.0,Small,4,4,PLT,6,3,0,TestLR,0.99936,1.0,0.99872,0.9993595901376882,0.00064,/gpfs/projects/HeinzGroup/caffeine_underground/mlrt/FlexFringe/FlexFringe/models-ps-small/0.1.1.1.0.0.searchglobal.0.ini/0.1.1.1.0.0.searchglobal.0_04.04.PLT.6.3.0_Small.final.json,/gpfs/projects/HeinzGroup/asoubki/FlexFringe/data/MLRegTest/Large/04.04.PLT.6.3.0_TestLR.txt,2025-12-29 23:31:57.569199
0.1.1.1.0.0.searchglobal.0,Small,4,4,PLT,6,3,0,Dev,0.99932,1.0,0.99864,0.999319537285354,0.00068,/gpfs/projects/HeinzGroup/caffeine_underground/mlrt/FlexFringe/FlexFringe/models-ps-small/0.1.1.1.0.0.searchglobal.0.ini/0.1.1.1.0.0.searchglobal.0_04.04.PLT.6.3.0_Small.final.json,/gpfs/projects/HeinzGroup/asoubki/FlexFringe/data/MLRegTest/Large/04.04.PLT.6.3.0_Dev.txt,2025-12-29 23:31:57.569199
0.1.1.1.0.0.searchglobal.0,Small,4,4,PLT,6,3,0,Train,1.0,1.0,1.0,1.0,0.0,/gpfs/projects/HeinzGroup/caffeine_underground/mlrt/FlexFringe/FlexFringe/models-ps-small/0.1.1.1.0.0.searchglobal.0.ini/0.1.1.1.0.0.searchglobal.0_04.04.PLT.6.3.0_Small.final.json,/gpfs/projects/HeinzGroup/asoubki/FlexFringe/data/MLRegTest/Small/04.04.PLT.6.3.0_Train.txt,2025-12-29 23:31:57.569199
0.1.1.1.0.0.searchglobal.0,Small,4,4,PLT,6,3,1,TestSR,0.99763,1.0,0.99526,0.9976243697563225,0.00237,/gpfs/projects/HeinzGroup/caffeine_underground/mlrt/FlexFringe/FlexFringe/models-ps-small/0.1.1.1.0.0.searchglobal.0.ini/0.1.1.1.0.0.searchglobal.0_04.04.PLT.6.3.1_Small.final.json,/gpfs/projects/HeinzGroup/asoubki/FlexFringe/data/MLRegTest/Large/04.04.PLT.6.3.1_TestSR.txt,2025-12-29 22:31:46.621070
0.1.1.1.0.0.searchglobal.0,Small,4,4,PLT,6,3,1,TestLA,0.97365,1.0,0.9473,0.9729368869717044,0.02635,/gpfs/projects/HeinzGroup/caffeine_underground/mlrt/FlexFringe/FlexFringe/models-ps-small/0.1.1.1.0.0.searchglobal.0.ini/0.1.1.1.0.0.searchglobal.0_04.04.PLT.6.3.1_Small.final.json,/gpfs/projects/HeinzGroup/asoubki/FlexFringe/data/MLRegTest/Large/04.04.PLT.6.3.1_TestLA.txt,2025-12-29 22:31:46.621070
0.1.1.1.0.0.searchglobal.0,Small,4,4,PLT,6,3,1,TestLR,0.99776,1.0,0.99552,0.9977549711353432,0.00224,/gpfs/projects/HeinzGroup/caffeine_underground/mlrt/FlexFringe/FlexFringe/models-ps-small/0.1.1.1.0.0.searchglobal.0.ini/0.1.1.1.0.0.searchglobal.0_04.04.PLT.6.3.1_Small.final.json,/gpfs/projects/HeinzGroup/asoubki/FlexFringe/data/MLRegTest/Large/04.04.PLT.6.3.1_TestLR.txt,2025-12-29 22:31:46.621070
0.1.1.1.0.0.searchglobal.0,Small,4,4,PLT,6,3,1,TestSA,0.95044,1.0,0.90088,0.9478557299776945,0.04956,/gpfs/projects/HeinzGroup/caffeine_underground/mlrt/FlexFringe/FlexFringe/models-ps-small/0.1.1.1.0.0.searchglobal.0.ini/0.1.1.1.0.0.searchglobal.0_04.04.PLT.6.3.1_Small.final.json,/gpfs/projects/HeinzGroup/asoubki/FlexFringe/data/MLRegTest/Large/04.04.PLT.6.3.1_TestSA.txt,2025-12-29 22:31:46.621070
0.1.1.1.0.0.searchglobal.0,Small,4,4,PLT,6,3,1,Dev,0.99773,1.0,0.99546,0.9977248353763042,0.00227,/gpfs/projects/HeinzGroup/caffeine_underground/mlrt/FlexFringe/FlexFringe/models-ps-small/0.1.1.1.0.0.searchglobal.0.ini/0.1.1.1.0.0.searchglobal.0_04.04.PLT.6.3.1_Small.final.json,/gpfs/projects/HeinzGroup/asoubki/FlexFringe/data/MLRegTest/Large/04.04.PLT.6.3.1_Dev.txt,2025-12-29 22:31:46.621070
0.1.1.1.0.0.searchglobal.0,Small,4,4,PLT,6,3,1,Train,0.999,1.0,0.998,0.998998998998999,0.001,/gpfs/projects/HeinzGroup/caffeine_underground/mlrt/FlexFringe/FlexFringe/models-ps-small/0.1.1.1.0.0.searchglobal.0.ini/0.1.1.1.0.0.searchglobal.0_04.04.PLT.6.3.1_Small.final.json,/gpfs/projects/HeinzGroup/asoubki/FlexFringe/data/MLRegTest/Small/04.04.PLT.6.3.1_Train.txt,2025-12-29 22:31:46.621070
0.1.1.1.0.0.searchglobal.0,Small,4,4,PLT,6,3,2,TestLA,0.6387,0.8104853151862464,0.36206,0.5005253262552533,0.3613,/gpfs/projects/HeinzGroup/caffeine_underground/mlrt/FlexFringe/FlexFringe/models-ps-small/0.1.1.1.0.0.searchglobal.0.ini/0.1.1.1.0.0.searchglobal.0_04.04.PLT.6.3.2_Small.final.json,/gpfs/projects/HeinzGroup/asoubki/FlexFringe/data/MLRegTest/Large/04.04.PLT.6.3.2_TestLA.txt,2025-12-29 22:16:22.770000
0.1.1.1.0.0.searchglobal.0,Small,4,4,PLT,6,3,2,TestSA,0.63241,0.7982610262648105,0.35438,0.490851420419131,0.36759,/gpfs/projects/HeinzGroup/caffeine_underground/mlrt/FlexFringe/FlexFringe/models-ps-small/0.1.1.1.0.0.searchglobal.0.ini/0.1.1.1.0.0.searchglobal.0_04.04.PLT.6.3.2_Small.final.json,/gpfs/projects/HeinzGroup/asoubki/FlexFringe/data/MLRegTest/Large/04.04.PLT.6.3.2_TestSA.txt,2025-12-29 22:16:22.770000
0.1.1.1.0.0.searchglobal.0,Small,4,4,PLT,6,3,2,TestLR,0.68483,0.9856534762730569,0.37512,0.5434237784119718,0.31517,/gpfs/projects/HeinzGroup/caffeine_underground/mlrt/FlexFringe/FlexFringe/models-ps-small/0.1.1.1.0.0.searchglobal.0.ini/0.1.1.1.0.0.searchglobal.0_04.04.PLT.6.3.2_Small.final.json,/gpfs/projects/HeinzGroup/asoubki/FlexFringe/data/MLRegTest/Large/04.04.PLT.6.3.2_TestLR.txt,2025-12-29 22:16:22.770000
0.1.1.1.0.0.searchglobal.0,Small,4,4,PLT,6,3,2,TestSR,0.68073,0.9894383361317229,0.36536,0.5336605173597417,0.31927,/gpfs/projects/HeinzGroup/caffeine_underground/mlrt/FlexFringe/FlexFringe/models-ps-small/0.1.1.1.0.0.searchglobal.0.ini/0.1.1.1.0.0.searchglobal.0_04.04.PLT.6.3.2_Small.final.json,/gpfs/projects/HeinzGroup/asoubki/FlexFringe/data/MLRegTest/Large/04.04.PLT.6.3.2_TestSR.txt,2025-12-29 22:16:22.770000
0.1.1.1.0.0.searchglobal.0,Small,4,4,PLT,6,3,2,Dev,0.68066,0.9903376397785256,0.36488,0.5332787699862618,0.31934,/gpfs/projects/HeinzGroup/caffeine_underground/mlrt/FlexFringe/FlexFringe/models-ps-small/0.1.1.1.0.0.searchglobal.0.ini/0.1.1.1.0.0.searchglobal.0_04.04.PLT.6.3.2_Small.final.json,/gpfs/projects/HeinzGroup/asoubki/FlexFringe/data/MLRegTest/Large/04.04.PLT.6.3.2_Dev.txt,2025-12-29 22:16:22.770000
0.1.1.1.0.0.searchglobal.0,Small,4,4,PLT,6,3,2,Train,0.67,0.9941860465116279,0.342,0.5089285714285714,0.33,/gpfs/projects/HeinzGroup/caffeine_underground/mlrt/FlexFringe/FlexFringe/models-ps-small/0.1.1.1.0.0.searchglobal.0.ini/0.1.1.1.0.0.searchglobal.0_04.04.PLT.6.3.2_Small.final.json,/gpfs/projects/HeinzGroup/asoubki/FlexFringe/data/MLRegTest/Small/04.04.PLT.6.3.2_Train.txt,2025-12-29 22:16:22.770000
0.1.1.1.0.0.searchglobal.0,Small,4,4,PLT,6,3,3,TestSR,0.6737,0.7011906968124537,0.60538,0.6497724540614803,0.3263,/gpfs/projects/HeinzGroup/caffeine_underground/mlrt/FlexFringe/FlexFringe/models-ps-small/0.1.1.1.0.0.searchglobal.0.ini/0.1.1.1.0.0.searchglobal.0_04.04.PLT.6.3.3_Small.final.json,/gpfs/projects/HeinzGroup/asoubki/FlexFringe/data/MLRegTest/Large/04.04.PLT.6.3.3_TestSR.txt,2025-12-29 22:14:37.910317
0.1.1.1.0.0.searchglobal.0,Small,4,4,PLT,6,3,3,TestLA,0.56264,0.5620542082738944,0.56736,0.5646946412930965,0.43736,/gpfs/projects/HeinzGroup/caffeine_underground/mlrt/FlexFringe/FlexFringe/models-ps-small/0.1.1.1.0.0.searchglobal.0.ini/0.1.1.1.0.0.searchglobal.0_04.04.PLT.6.3.3_Small.final.json,/gpfs/projects/HeinzGroup/asoubki/FlexFringe/data/MLRegTest/Large/04.04.PLT.6.3.3_TestLA.txt,2025-12-29 22:14:37.910317
0.1.1.1.0.0.searchglobal.0,Small,4,4,PLT,6,3,3,TestLR,0.62446,0.631370065442263,0.59816,0.6143165245968985,0.37554,/gpfs/projects/HeinzGroup/caffeine_underground/mlrt/FlexFringe/FlexFringe/models-ps-small/0.1.1.1.0.0.searchglobal.0.ini/0.1.1.1.0.0.searchglobal.0_04.04.PLT.6.3.3_Small.final.json,/gpfs/projects/HeinzGroup/asoubki/FlexFringe/data/MLRegTest/Large/04.04.PLT.6.3.3_TestLR.txt,2025-12-29 22:14:37.910317
0.1.1.1.0.0.searchglobal.0,Small,4,4,PLT,6,3,3,TestSA,0.59083,0.5917864144384486,0.58562,0.588687059580414,0.40917,/gpfs/projects/HeinzGroup/caffeine_underground/mlrt/FlexFringe/FlexFringe/models-ps-small/0.1.1.1.0.0.searchglobal.0.ini/0.1.1.1.0.0.searchglobal.0_04.04.PLT.6.3.3_Small.final.json,/gpfs/projects/HeinzGroup/asoubki/FlexFringe/data/MLRegTest/Large/04.04.PLT.6.3.3_TestSA.txt,2025-12-29 22:14:37.910317
0.1.1.1.0.0.searchglobal.0,Small,4,4,PLT,6,3,3,Dev,0.67205,0.6996356547770997,0.60296,0.6477103049704053,0.32795,/gpfs/projects/HeinzGroup/caffeine_underground/mlrt/FlexFringe/FlexFringe/models-ps-small/0.1.1.1.0.0.searchglobal.0.ini/0.1.1.1.0.0.searchglobal.0_04.04.PLT.6.3.3_Small.final.json,/gpfs/projects/HeinzGroup/asoubki/FlexFringe/data/MLRegTest/Large/04.04.PLT.6.3.3_Dev.txt,2025-12-29 22:14:37.910317
0.1.1.1.0.0.searchglobal.0,Small,4,4,PLT,6,3,3,Train,0.659,0.6897374701670644,0.578,0.6289445048966268,0.341,/gpfs/projects/HeinzGroup/caffeine_underground/mlrt/FlexFringe/FlexFringe/models-ps-small/0.1.1.1.0.0.searchglobal.0.ini/0.1.1.1.0.0.searchglobal.0_04.04.PLT.6.3.3_Small.final.json,/gpfs/projects/HeinzGroup/asoubki/FlexFringe/data/MLRegTest/Small/04.04.PLT.6.3.3_Train.txt,2025-12-29 22:14:37.910317
0.1.1.1.0.0.searchglobal.0,Small,4,4,PLT,6,3,4,TestLR,0.90705,0.8614816262010905,0.97008,0.9125612635579429,0.09295,/gpfs/projects/HeinzGroup/caffeine_underground/mlrt/FlexFringe/FlexFringe/models-ps-small/0.1.1.1.0.0.searchglobal.0.ini/0.1.1.1.0.0.searchglobal.0_04.04.PLT.6.3.4_Small.final.json,/gpfs/projects/HeinzGroup/asoubki/FlexFringe/data/MLRegTest/Large/04.04.PLT.6.3.4_TestLR.txt,2025-12-29 22:55:38.110539
0.1.1.1.0.0.searchglobal.0,Small,4,4,PLT,6,3,4,TestSA,0.66731,0.755739659441778,0.49442,0.5977681324128592,0.33269,/gpfs/projects/HeinzGroup/caffeine_underground/mlrt/FlexFringe/FlexFringe/models-ps-small/0.1.1.1.0.0.searchglobal.0.ini/0.1.1.1.0.0.searchglobal.0_04.04.PLT.6.3.4_Small.final.json,/gpfs/projects/HeinzGroup/asoubki/FlexFringe/data/MLRegTest/Large/04.04.PLT.6.3.4_TestSA.txt,2025-12-29 22:55:38.110539
0.1.1.1.0.0.searchglobal.0,Small,4,4,PLT,6,3,4,TestSR,0.91006,0.8585694298705842,0.98186,0.9160850905019593,0.08994,/gpfs/projects/HeinzGroup/caffeine_underground/mlrt/FlexFringe/FlexFringe/models-ps-small/0.1.1.1.0.0.searchglobal.0.ini/0.1.1.1.0.0.searchglobal.0_04.04.PLT.6.3.4_Small.final.json,/gpfs/projects/HeinzGroup/asoubki/FlexFringe/data/MLRegTest/Large/04.04.PLT.6.3.4_TestSR.txt,2025-12-29 22:55:38.110539
0.1.1.1.0.0.searchglobal.0,Small,4,4,PLT,6,3,4,TestLA,0.66372,0.7576806849660035,0.4814,0.5887388709519616,0.33628,/gpfs/projects/HeinzGroup/caffeine_underground/mlrt/FlexFringe/FlexFringe/models-ps-small/0.1.1.1.0.0.searchglobal.0.ini/0.1.1.1.0.0.searchglobal.0_04.04.PLT.6.3.4_Small.final.json,/gpfs/projects/HeinzGroup/asoubki/FlexFringe/data/MLRegTest/Large/04.04.PLT.6.3.4_TestLA.txt,2025-12-29 22:55:38.110539
0.1.1.1.0.0.searchglobal.0,Small,4,4,PLT,6,3,4,Dev,0.91002,0.8583213898696124,0.98216,0.9160743932695357,0.08998,/gpfs/projects/HeinzGroup/caffeine_underground/mlrt/FlexFringe/FlexFringe/models-ps-small/0.1.1.1.0.0.searchglobal.0.ini/0.1.1.1.0.0.searchglobal.0_04.04.PLT.6.3.4_Small.final.json,/gpfs/projects/HeinzGroup/asoubki/FlexFringe/data/MLRegTest/Large/04.04.PLT.6.3.4_Dev.txt,2025-12-29 22:55:38.110539
0.1.1.1.0.0.searchglobal.0,Small,4,4,PLT,6,3,4,Train,0.915,0.8608695652173913,0.99,0.9209302325581395,0.085,/gpfs/projects/HeinzGroup/caffeine_underground/mlrt/FlexFringe/FlexFringe/models-ps-small/0.1.1.1.0.0.searchglobal.0.ini/0.1.1.1.0.0.searchglobal.0_04.04.PLT.6.3.4_Small.final.json,/gpfs/projects/HeinzGroup/asoubki/FlexFringe/data/MLRegTest/Small/04.04.PLT.6.3.4_Train.txt,2025-12-29 22:55:38.110539
0.1.1.1.0.0.searchglobal.0,Small,4,4,PLT,6,3,5,TestSR,0.49982,0.4996389312364599,0.24908,0.3324346688732883,0.50018,/gpfs/projects/HeinzGroup/caffeine_underground/mlrt/FlexFringe/FlexFringe/models-ps-small/0.1.1.1.0.0.searchglobal.0.ini/0.1.1.1.0.0.searchglobal.0_04.04.PLT.6.3.5_Small.final.json,/gpfs/projects/HeinzGroup/asoubki/FlexFringe/data/MLRegTest/Large/04.04.PLT.6.3.5_TestSR.txt,2025-12-29 22:52:28.644455
0.1.1.1.0.0.searchglobal.0,Small,4,4,PLT,6,3,5,TestSA,0.50005,0.5001008674601574,0.2479,0.33148358628067126,0.49995,/gpfs/projects/HeinzGroup/caffeine_underground/mlrt/FlexFringe/FlexFringe/models-ps-small/0.1.1.1.0.0.searchglobal.0.ini/0.1.1.1.0.0.searchglobal.0_04.04.PLT.6.3.5_Small.final.json,/gpfs/projects/HeinzGroup/asoubki/FlexFringe/data/MLRegTest/Large/04.04.PLT.6.3.5_TestSA.txt,2025-12-29 22:52:28.644455
0.1.1.1.0.0.searchglobal.0,Small,4,4,PLT,6,3,5,TestLR,0.50021,0.5004229266524348,0.24848,0.3320726475737368,0.49979,/gpfs/projects/HeinzGroup/caffeine_underground/mlrt/FlexFringe/FlexFringe/models-ps-small/0.1.1.1.0.0.searchglobal.0.ini/0.1.1.1.0.0.searchglobal.0_04.04.PLT.6.3.5_Small.final.json,/gpfs/projects/HeinzGroup/asoubki/FlexFringe/data/MLRegTest/Large/04.04.PLT.6.3.5_TestLR.txt,2025-12-29 22:52:28.644455
0.1.1.1.0.0.searchglobal.0,Small,4,4,PLT,6,3,5,TestLA,0.50005,0.5001000360129647,0.24996,0.33331999839980797,0.49995,/gpfs/projects/HeinzGroup/caffeine_underground/mlrt/FlexFringe/FlexFringe/models-ps-small/0.1.1.1.0.0.searchglobal.0.ini/0.1.1.1.0.0.searchglobal.0_04.04.PLT.6.3.5_Small.final.json,/gpfs/projects/HeinzGroup/asoubki/FlexFringe/data/MLRegTest/Large/04.04.PLT.6.3.5_TestLA.txt,2025-12-29 22:52:28.644455
0.1.1.1.0.0.searchglobal.0,Small,4,4,PLT,6,3,5,Dev,0.50105,0.502103281118545,0.25066,0.3343872146849695,0.49895,/gpfs/projects/HeinzGroup/caffeine_underground/mlrt/FlexFringe/FlexFringe/models-ps-small/0.1.1.1.0.0.searchglobal.0.ini/0.1.1.1.0.0.searchglobal.0_04.04.PLT.6.3.5_Small.final.json,/gpfs/projects/HeinzGroup/asoubki/FlexFringe/data/MLRegTest/Large/04.04.PLT.6.3.5_Dev.txt,2025-12-29 22:52:28.644455
0.1.1.1.0.0.searchglobal.0,Small,4,4,PLT,6,3,5,Train,0.525,0.5482625482625483,0.284,0.37417654808959155,0.475,/gpfs/projects/HeinzGroup/caffeine_underground/mlrt/FlexFringe/FlexFringe/models-ps-small/0.1.1.1.0.0.searchglobal.0.ini/0.1.1.1.0.0.searchglobal.0_04.04.PLT.6.3.5_Small.final.json,/gpfs/projects/HeinzGroup/asoubki/FlexFringe/data/MLRegTest/Small/04.04.PLT.6.3.5_Train.txt,2025-12-29 22:52:28.644455
0.1.1.1.0.0.searchglobal.0,Small,4,4,PLT,6,3,6,TestSA,0.50011,0.5002164246645417,0.25424,0.3371302030153952,0.49989,/gpfs/projects/HeinzGroup/caffeine_underground/mlrt/FlexFringe/FlexFringe/models-ps-small/0.1.1.1.0.0.searchglobal.0.ini/0.1.1.1.0.0.searchglobal.0_04.04.PLT.6.3.6_Small.final.json,/gpfs/projects/HeinzGroup/asoubki/FlexFringe/data/MLRegTest/Large/04.04.PLT.6.3.6_TestSA.txt,2025-12-29 22:13:28.336856
0.1.1.1.0.0.searchglobal.0,Small,4,4,PLT,6,3,6,TestLA,0.50018,0.5003516998827667,0.25608,0.338774970234158,0.49982,/gpfs/projects/HeinzGroup/caffeine_underground/mlrt/FlexFringe/FlexFringe/models-ps-small/0.1.1.1.0.0.searchglobal.0.ini/0.1.1.1.0.0.searchglobal.0_04.04.PLT.6.3.6_Small.final.json,/gpfs/projects/HeinzGroup/asoubki/FlexFringe/data/MLRegTest/Large/04.04.PLT.6.3.6_TestLA.txt,2025-12-29 22:13:28.336856
0.1.1.1.0.0.searchglobal.0,Small,4,4,PLT,6,3,6,TestLR,0.49942,0.4988785769528229,0.25802,0.34012654890587923,0.50058,/gpfs/projects/HeinzGroup/caffeine_underground/mlrt/FlexFringe/FlexFringe/models-ps-small/0.1.1.1.0.0.searchglobal.0.ini/0.1.1.1.0.0.searchglobal.0_04.04.PLT.6.3.6_Small.final.json,/gpfs/projects/HeinzGroup/asoubki/FlexFringe/data/MLRegTest/Large/04.04.PLT.6.3.6_TestLR.txt,2025-12-29 22:13:28.336856
0.1.1.1.0.0.searchglobal.0,Small,4,4,PLT,6,3,6,TestSR,0.49872,0.49752895752895754,0.25772,0.3395520421607378,0.50128,/gpfs/projects/HeinzGroup/caffeine_underground/mlrt/FlexFringe/FlexFringe/models-ps-small/0.1.1.1.0.0.searchglobal.0.ini/0.1.1.1.0.0.searchglobal.0_04.04.PLT.6.3.6_Small.final.json,/gpfs/projects/HeinzGroup/asoubki/FlexFringe/data/MLRegTest/Large/04.04.PLT.6.3.6_TestSR.txt,2025-12-29 22:13:28.336856
0.1.1.1.0.0.searchglobal.0,Small,4,4,PLT,6,3,6,Dev,0.49701,0.4942360334657054,0.25638,0.33762197611177686,0.50299,/gpfs/projects/HeinzGroup/caffeine_underground/mlrt/FlexFringe/FlexFringe/models-ps-small/0.1.1.1.0.0.searchglobal.0.ini/0.1.1.1.0.0.searchglobal.0_04.04.PLT.6.3.6_Small.final.json,/gpfs/projects/HeinzGroup/asoubki/FlexFringe/data/MLRegTest/Large/04.04.PLT.6.3.6_Dev.txt,2025-12-29 22:13:28.336856
0.1.1.1.0.0.searchglobal.0,Small,4,4,PLT,6,3,6,Train,0.513,0.5258964143426295,0.264,0.35153129161118507,0.487,/gpfs/projects/HeinzGroup/caffeine_underground/mlrt/FlexFringe/FlexFringe/models-ps-small/0.1.1.1.0.0.searchglobal.0.ini/0.1.1.1.0.0.searchglobal.0_04.04.PLT.6.3.6_Small.final.json,/gpfs/projects/HeinzGroup/asoubki/FlexFringe/data/MLRegTest/Small/04.04.PLT.6.3.6_Train.txt,2025-12-29 22:13:28.336856
0.1.1.1.0.0.searchglobal.0,Small,4,4,PLT,6,3,7,TestSR,0.74473,0.9449474564561289,0.51974,0.6706236048567116,0.25527,/gpfs/projects/HeinzGroup/caffeine_underground/mlrt/FlexFringe/FlexFringe/models-ps-small/0.1.1.1.0.0.searchglobal.0.ini/0.1.1.1.0.0.searchglobal.0_04.04.PLT.6.3.7_Small.final.json,/gpfs/projects/HeinzGroup/asoubki/FlexFringe/data/MLRegTest/Large/04.04.PLT.6.3.7_TestSR.txt,2025-12-29 22:44:34.270252
0.1.1.1.0.0.searchglobal.0,Small,4,4,PLT,6,3,7,TestLA,0.57559,0.59097364303767,0.49104,0.5363919383909552,0.42441,/gpfs/projects/HeinzGroup/caffeine_underground/mlrt/FlexFringe/FlexFringe/models-ps-small/0.1.1.1.0.0.searchglobal.0.ini/0.1.1.1.0.0.searchglobal.0_04.04.PLT.6.3.7_Small.final.json,/gpfs/projects/HeinzGroup/asoubki/FlexFringe/data/MLRegTest/Large/04.04.PLT.6.3.7_TestLA.txt,2025-12-29 22:44:34.270252
0.1.1.1.0.0.searchglobal.0,Small,4,4,PLT,6,3,7,TestLR,0.72027,0.9126606467083818,0.48716,0.6352410384800949,0.27973,/gpfs/projects/HeinzGroup/caffeine_underground/mlrt/FlexFringe/FlexFringe/models-ps-small/0.1.1.1.0.0.searchglobal.0.ini/0.1.1.1.0.0.searchglobal.0_04.04.PLT.6.3.7_Small.final.json,/gpfs/projects/HeinzGroup/asoubki/FlexFringe/data/MLRegTest/Large/04.04.PLT.6.3.7_TestLR.txt,2025-12-29 22:44:34.270252
0.1.1.1.0.0.searchglobal.0,Small,4,4,PLT,6,3,7,TestSA,0.58271,0.5948530929608478,0.5187,0.554172587313967,0.41729,/gpfs/projects/HeinzGroup/caffeine_underground/mlrt/FlexFringe/FlexFringe/models-ps-small/0.1.1.1.0.0.searchglobal.0.ini/0.1.1.1.0.0.searchglobal.0_04.04.PLT.6.3.7_Small.final.json,/gpfs/projects/HeinzGroup/asoubki/FlexFringe/data/MLRegTest/Large/04.04.PLT.6.3.7_TestSA.txt,2025-12-29 22:44:34.270252
0.1.1.1.0.0.searchglobal.0,Small,4,4,PLT,6,3,7,Dev,0.74246,0.9438058280861034,0.51562,0.666899477469088,0.25754,/gpfs/projects/HeinzGroup/caffeine_underground/mlrt/FlexFringe/FlexFringe/models-ps-small/0.1.1.1.0.0.searchglobal.0.ini/0.1.1.1.0.0.searchglobal.0_04.04.PLT.6.3.7_Small.final.json,/gpfs/projects/HeinzGroup/asoubki/FlexFringe/data/MLRegTest/Large/04.04.PLT.6.3.7_Dev.txt,2025-12-29 22:44:34.270252
0.1.1.1.0.0.searchglobal.0,Small,4,4,PLT,6,3,7,Train,0.755,0.956989247311828,0.534,0.6854942233632862,0.245,/gpfs/projects/HeinzGroup/caffeine_underground/mlrt/FlexFringe/FlexFringe/models-ps-small/0.1.1.1.0.0.searchglobal.0.ini/0.1.1.1.0.0.searchglobal.0_04.04.PLT.6.3.7_Small.final.json,/gpfs/projects/HeinzGroup/asoubki/FlexFringe/data/MLRegTest/Small/04.04.PLT.6.3.7_Train.txt,2025-12-29 22:44:34.270252
0.1.1.1.0.0.searchglobal.0,Small,4,4,PLT,6,3,8,TestSA,0.51742,0.539731776297783,0.23664,0.329023108367398,0.48258,/gpfs/projects/HeinzGroup/caffeine_underground/mlrt/FlexFringe/FlexFringe/models-ps-small/0.1.1.1.0.0.searchglobal.0.ini/0.1.1.1.0.0.searchglobal.0_04.04.PLT.6.3.8_Small.final.json,/gpfs/projects/HeinzGroup/asoubki/FlexFringe/data/MLRegTest/Large/04.04.PLT.6.3.8_TestSA.txt,2025-12-29 23:33:43.563050
0.1.1.1.0.0.searchglobal.0,Small,4,4,PLT,6,3,8,TestLA,0.50829,0.5199250108157477,0.21632,0.3055237772410774,0.49171,/gpfs/projects/HeinzGroup/caffeine_underground/mlrt/FlexFringe/FlexFringe/models-ps-small/0.1.1.1.0.0.searchglobal.0.ini/0.1.1.1.0.0.searchglobal.0_04.04.PLT.6.3.8_Small.final.json,/gpfs/projects/HeinzGroup/asoubki/FlexFringe/data/MLRegTest/Large/04.04.PLT.6.3.8_TestLA.txt,2025-12-29 23:33:43.563050
0.1.1.1.0.0.searchglobal.0,Small,4,4,PLT,6,3,8,TestLR,0.5198,0.5485484503726952,0.22372,0.31782020684168655,0.4802,/gpfs/projects/HeinzGroup/caffeine_underground/mlrt/FlexFringe/FlexFringe/models-ps-small/0.1.1.1.0.0.searchglobal.0.ini/0.1.1.1.0.0.searchglobal.0_04.04.PLT.6.3.8_Small.final.json,/gpfs/projects/HeinzGroup/asoubki/FlexFringe/data/MLRegTest/Large/04.04.PLT.6.3.8_TestLR.txt,2025-12-29 23:33:43.563050
0.1.1.1.0.0.searchglobal.0,Small,4,4,PLT,6,3,8,TestSR,0.55104,0.6262616267563823,0.25316,0.3605651455591637,0.44896,/gpfs/projects/HeinzGroup/caffeine_underground/mlrt/FlexFringe/FlexFringe/models-ps-small/0.1.1.1.0.0.searchglobal.0.ini/0.1.1.1.0.0.searchglobal.0_04.04.PLT.6.3.8_Small.final.json,/gpfs/projects/HeinzGroup/asoubki/FlexFringe/data/MLRegTest/Large/04.04.PLT.6.3.8_TestSR.txt,2025-12-29 23:33:43.563050
0.1.1.1.0.0.searchglobal.0,Small,4,4,PLT,6,3,8,Dev,0.54702,0.616941902109033,0.24806,0.3538457149378067,0.45298,/gpfs/projects/HeinzGroup/caffeine_underground/mlrt/FlexFringe/FlexFringe/models-ps-small/0.1.1.1.0.0.searchglobal.0.ini/0.1.1.1.0.0.searchglobal.0_04.04.PLT.6.3.8_Small.final.json,/gpfs/projects/HeinzGroup/asoubki/FlexFringe/data/MLRegTest/Large/04.04.PLT.6.3.8_Dev.txt,2025-12-29 23:33:43.563050
0.1.1.1.0.0.searchglobal.0,Small,4,4,PLT,6,3,8,Train,0.566,0.6527777777777778,0.282,0.39385474860335196,0.434,/gpfs/projects/HeinzGroup/caffeine_underground/mlrt/FlexFringe/FlexFringe/models-ps-small/0.1.1.1.0.0.searchglobal.0.ini/0.1.1.1.0.0.searchglobal.0_04.04.PLT.6.3.8_Small.final.json,/gpfs/projects/HeinzGroup/asoubki/FlexFringe/data/MLRegTest/Small/04.04.PLT.6.3.8_Train.txt,2025-12-29 23:33:43.563050
0.1.1.1.0.0.searchglobal.0,Small,4,4,PLT,6,3,9,TestSR,0.49973,0.499462814850185,0.25104,0.33413637513143707,0.50027,/gpfs/projects/HeinzGroup/caffeine_underground/mlrt/FlexFringe/FlexFringe/models-ps-small/0.1.1.1.0.0.searchglobal.0.ini/0.1.1.1.0.0.searchglobal.0_04.04.PLT.6.3.9_Small.final.json,/gpfs/projects/HeinzGroup/asoubki/FlexFringe/data/MLRegTest/Large/04.04.PLT.6.3.9_TestSR.txt,2025-12-29 23:10:37.941930
0.1.1.1.0.0.searchglobal.0,Small,4,4,PLT,6,3,9,TestSA,0.5,0.5,0.2535,0.3364299933642999,0.5,/gpfs/projects/HeinzGroup/caffeine_underground/mlrt/FlexFringe/FlexFringe/models-ps-small/0.1.1.1.0.0.searchglobal.0.ini/0.1.1.1.0.0.searchglobal.0_04.04.PLT.6.3.9_Small.final.json,/gpfs/projects/HeinzGroup/asoubki/FlexFringe/data/MLRegTest/Large/04.04.PLT.6.3.9_TestSA.txt,2025-12-29 23:10:37.941930
0.1.1.1.0.0.searchglobal.0,Small,4,4,PLT,6,3,9,TestLR,0.49888,0.49777300564702137,0.25034,0.3331381577196391,0.50112,/gpfs/projects/HeinzGroup/caffeine_underground/mlrt/FlexFringe/FlexFringe/models-ps-small/0.1.1.1.0.0.searchglobal.0.ini/0.1.1.1.0.0.searchglobal.0_04.04.PLT.6.3.9_Small.final.json,/gpfs/projects/HeinzGroup/asoubki/FlexFringe/data/MLRegTest/Large/04.04.PLT.6.3.9_TestLR.txt,2025-12-29 23:10:37.941930
0.1.1.1.0.0.searchglobal.0,Small,4,4,PLT,6,3,9,TestLA,0.49997,0.4999403649664056,0.2515,0.3346506460154618,0.50003,/gpfs/projects/HeinzGroup/caffeine_underground/mlrt/FlexFringe/FlexFringe/models-ps-small/0.1.1.1.0.0.searchglobal.0.ini/0.1.1.1.0.0.searchglobal.0_04.04.PLT.6.3.9_Small.final.json,/gpfs/projects/HeinzGroup/asoubki/FlexFringe/data/MLRegTest/Large/04.04.PLT.6.3.9_TestLA.txt,2025-12-29 23:10:37.941930
0.1.1.1.0.0.searchglobal.0,Small,4,4,PLT,6,3,9,Dev,0.50178,0.5035497766432674,0.2525,0.3363437766410912,0.49822,/gpfs/projects/HeinzGroup/caffeine_underground/mlrt/FlexFringe/FlexFringe/models-ps-small/0.1.1.1.0.0.searchglobal.0.ini/0.1.1.1.0.0.searchglobal.0_04.04.PLT.6.3.9_Small.final.json,/gpfs/projects/HeinzGroup/asoubki/FlexFringe/data/MLRegTest/Large/04.04.PLT.6.3.9_Dev.txt,2025-12-29 23:10:37.941930
0.1.1.1.0.0.searchglobal.0,Small,4,4,PLT,6,3,9,Train,0.501,0.5019607843137255,0.256,0.3390728476821192,0.499,/gpfs/projects/HeinzGroup/caffeine_underground/mlrt/FlexFringe/FlexFringe/models-ps-small/0.1.1.1.0.0.searchglobal.0.ini/0.1.1.1.0.0.searchglobal.0_04.04.PLT.6.3.9_Small.final.json,/gpfs/projects/HeinzGroup/asoubki/FlexFringe/data/MLRegTest/Small/04.04.PLT.6.3.9_Train.txt,2025-12-29 23:10:37.941930
0.1.1.1.0.0.searchglobal.0,Small,4,4,PT,2,1,0,TestLR,0.5596,0.5398939730648745,0.80658,0.6468267333878651,0.4404,/gpfs/projects/HeinzGroup/caffeine_underground/mlrt/FlexFringe/FlexFringe/models-ps-small/0.1.1.1.0.0.searchglobal.0.ini/0.1.1.1.0.0.searchglobal.0_04.04.PT.2.1.0_Small.final.json,/gpfs/projects/HeinzGroup/asoubki/FlexFringe/data/MLRegTest/Large/04.04.PT.2.1.0_TestLR.txt,2025-12-29 22:29:39.820107
0.1.1.1.0.0.searchglobal.0,Small,4,4,PT,2,1,0,TestSR,0.57881,0.5541999642380645,0.80584,0.6567402589993725,0.42119,/gpfs/projects/HeinzGroup/caffeine_underground/mlrt/FlexFringe/FlexFringe/models-ps-small/0.1.1.1.0.0.searchglobal.0.ini/0.1.1.1.0.0.searchglobal.0_04.04.PT.2.1.0_Small.final.json,/gpfs/projects/HeinzGroup/asoubki/FlexFringe/data/MLRegTest/Large/04.04.PT.2.1.0_TestSR.txt,2025-12-29 22:29:39.820107
0.1.1.1.0.0.searchglobal.0,Small,4,4,PT,2,1,0,TestSA,0.55792,0.5411223446552311,0.76216,0.6328970969242012,0.44208,/gpfs/projects/HeinzGroup/caffeine_underground/mlrt/FlexFringe/FlexFringe/models-ps-small/0.1.1.1.0.0.searchglobal.0.ini/0.1.1.1.0.0.searchglobal.0_04.04.PT.2.1.0_Small.final.json,/gpfs/projects/HeinzGroup/asoubki/FlexFringe/data/MLRegTest/Large/04.04.PT.2.1.0_TestSA.txt,2025-12-29 22:29:39.820107
0.1.1.1.0.0.searchglobal.0,Small,4,4,PT,2,1,0,TestLA,0.5288,0.5199506774917565,0.75058,0.6143331860073008,0.4712,/gpfs/projects/HeinzGroup/caffeine_underground/mlrt/FlexFringe/FlexFringe/models-ps-small/0.1.1.1.0.0.searchglobal.0.ini/0.1.1.1.0.0.searchglobal.0_04.04.PT.2.1.0_Small.final.json,/gpfs/projects/HeinzGroup/asoubki/FlexFringe/data/MLRegTest/Large/04.04.PT.2.1.0_TestLA.txt,2025-12-29 22:29:39.820107
0.1.1.1.0.0.searchglobal.0,Small,4,4,PT,2,1,0,Dev,0.57811,0.5536786838379812,0.80568,0.6563210244629634,0.42189,/gpfs/projects/HeinzGroup/caffeine_underground/mlrt/FlexFringe/FlexFringe/models-ps-small/0.1.1.1.0.0.searchglobal.0.ini/0.1.1.1.0.0.searchglobal.0_04.04.PT.2.1.0_Small.final.json,/gpfs/projects/HeinzGroup/asoubki/FlexFringe/data/MLRegTest/Large/04.04.PT.2.1.0_Dev.txt,2025-12-29 22:29:39.820107
0.1.1.1.0.0.searchglobal.0,Small,4,4,PT,2,1,0,Train,0.587,0.5596707818930041,0.816,0.6639544344995931,0.413,/gpfs/projects/HeinzGroup/caffeine_underground/mlrt/FlexFringe/FlexFringe/models-ps-small/0.1.1.1.0.0.searchglobal.0.ini/0.1.1.1.0.0.searchglobal.0_04.04.PT.2.1.0_Small.final.json,/gpfs/projects/HeinzGroup/asoubki/FlexFringe/data/MLRegTest/Small/04.04.PT.2.1.0_Train.txt,2025-12-29 22:29:39.820107
0.1.1.1.0.0.searchglobal.0,Small,4,4,PT,2,1,1,TestLA,0.91292,0.9997821350762527,0.82602,0.9046325703646917,0.08708,/gpfs/projects/HeinzGroup/caffeine_underground/mlrt/FlexFringe/FlexFringe/models-ps-small/0.1.1.1.0.0.searchglobal.0.ini/0.1.1.1.0.0.searchglobal.0_04.04.PT.2.1.1_Small.final.json,/gpfs/projects/HeinzGroup/asoubki/FlexFringe/data/MLRegTest/Large/04.04.PT.2.1.1_TestLA.txt,2025-12-29 22:22:14.706054
0.1.1.1.0.0.searchglobal.0,Small,4,4,PT,2,1,1,TestLR,0.99624,0.9999798492725588,0.9925,0.9962258848091864,0.00376,/gpfs/projects/HeinzGroup/caffeine_underground/mlrt/FlexFringe/FlexFringe/models-ps-small/0.1.1.1.0.0.searchglobal.0.ini/0.1.1.1.0.0.searchglobal.0_04.04.PT.2.1.1_Small.final.json,/gpfs/projects/HeinzGroup/asoubki/FlexFringe/data/MLRegTest/Large/04.04.PT.2.1.1_TestLR.txt,2025-12-29 22:22:14.706054
0.1.1.1.0.0.searchglobal.0,Small,4,4,PT,2,1,1,TestSA,0.88802,0.9865088519985957,0.7868,0.8754088876031955,0.11198,/gpfs/projects/HeinzGroup/caffeine_underground/mlrt/FlexFringe/FlexFringe/models-ps-small/0.1.1.1.0.0.searchglobal.0.ini/0.1.1.1.0.0.searchglobal.0_04.04.PT.2.1.1_Small.final.json,/gpfs/projects/HeinzGroup/asoubki/FlexFringe/data/MLRegTest/Large/04.04.PT.2.1.1_TestSA.txt,2025-12-29 22:22:14.706054
0.1.1.1.0.0.searchglobal.0,Small,4,4,PT,2,1,1,TestSR,0.98689,0.9939535355584863,0.97974,0.986795588457471,0.01311,/gpfs/projects/HeinzGroup/caffeine_underground/mlrt/FlexFringe/FlexFringe/models-ps-small/0.1.1.1.0.0.searchglobal.0.ini/0.1.1.1.0.0.searchglobal.0_04.04.PT.2.1.1_Small.final.json,/gpfs/projects/HeinzGroup/asoubki/FlexFringe/data/MLRegTest/Large/04.04.PT.2.1.1_TestSR.txt,2025-12-29 22:22:14.706054
0.1.1.1.0.0.searchglobal.0,Small,4,4,PT,2,1,1,Dev,0.98687,0.9938731208537055,0.97978,0.9867762435668892,0.01313,/gpfs/projects/HeinzGroup/caffeine_underground/mlrt/FlexFringe/FlexFringe/models-ps-small/0.1.1.1.0.0.searchglobal.0.ini/0.1.1.1.0.0.searchglobal.0_04.04.PT.2.1.1_Small.final.json,/gpfs/projects/HeinzGroup/asoubki/FlexFringe/data/MLRegTest/Large/04.04.PT.2.1.1_Dev.txt,2025-12-29 22:22:14.706054
0.1.1.1.0.0.searchglobal.0,Small,4,4,PT,2,1,1,Train,0.979,0.9897750511247444,0.968,0.9787664307381193,0.021,/gpfs/projects/HeinzGroup/caffeine_underground/mlrt/FlexFringe/FlexFringe/models-ps-small/0.1.1.1.0.0.searchglobal.0.ini/0.1.1.1.0.0.searchglobal.0_04.04.PT.2.1.1_Small.final.json,/gpfs/projects/HeinzGroup/asoubki/FlexFringe/data/MLRegTest/Small/04.04.PT.2.1.1_Train.txt,2025-12-29 22:22:14.706054
0.1.1.1.0.0.searchglobal.0,Small,4,4,PT,2,1,2,TestLA,0.49919,0.4995946716840641,0.99838,0.6659462776566012,0.50081,/gpfs/projects/HeinzGroup/caffeine_underground/mlrt/FlexFringe/FlexFringe/models-ps-small/0.1.1.1.0.0.searchglobal.0.ini/0.1.1.1.0.0.searchglobal.0_04.04.PT.2.1.2_Small.final.json,/gpfs/projects/HeinzGroup/asoubki/FlexFringe/data/MLRegTest/Large/04.04.PT.2.1.2_TestLA.txt,2025-12-29 22:21:34.113586
0.1.1.1.0.0.searchglobal.0,Small,4,4,PT,2,1,2,TestSA,0.49737,0.4986813208852699,0.99458,0.6642889107072488,0.50263,/gpfs/projects/HeinzGroup/caffeine_underground/mlrt/FlexFringe/FlexFringe/models-ps-small/0.1.1.1.0.0.searchglobal.0.ini/0.1.1.1.0.0.searchglobal.0_04.04.PT.2.1.2_Small.final.json,/gpfs/projects/HeinzGroup/asoubki/FlexFringe/data/MLRegTest/Large/04.04.PT.2.1.2_TestSA.txt,2025-12-29 22:21:34.113586
0.1.1.1.0.0.searchglobal.0,Small,4,4,PT,2,1,2,TestSR,0.48932,0.494601916622862,0.97856,0.6570868362386184,0.51068,/gpfs/projects/HeinzGroup/caffeine_underground/mlrt/FlexFringe/FlexFringe/models-ps-small/0.1.1.1.0.0.searchglobal.0.ini/0.1.1.1.0.0.searchglobal.0_04.04.PT.2.1.2_Small.final.json,/gpfs/projects/HeinzGroup/asoubki/FlexFringe/data/MLRegTest/Large/04.04.PT.2.1.2_TestSR.txt,2025-12-29 22:21:34.113586
0.1.1.1.0.0.searchglobal.0,Small,4,4,PT,2,1,2,TestLR,0.49795,0.4989728738488672,0.99588,0.6648374757164888,0.50205,/gpfs/projects/HeinzGroup/caffeine_underground/mlrt/FlexFringe/FlexFringe/models-ps-small/0.1.1.1.0.0.searchglobal.0.ini/0.1.1.1.0.0.searchglobal.0_04.04.PT.2.1.2_Small.final.json,/gpfs/projects/HeinzGroup/asoubki/FlexFringe/data/MLRegTest/Large/04.04.PT.2.1.2_TestLR.txt,2025-12-29 22:21:34.113586
0.1.1.1.0.0.searchglobal.0,Small,4,4,PT,2,1,2,Dev,0.48974,0.49481566820276496,0.97926,0.6574332670927547,0.51026,/gpfs/projects/HeinzGroup/caffeine_underground/mlrt/FlexFringe/FlexFringe/models-ps-small/0.1.1.1.0.0.searchglobal.0.ini/0.1.1.1.0.0.searchglobal.0_04.04.PT.2.1.2_Small.final.json,/gpfs/projects/HeinzGroup/asoubki/FlexFringe/data/MLRegTest/Large/04.04.PT.2.1.2_Dev.txt,2025-12-29 22:21:34.113586
0.1.1.1.0.0.searchglobal.0,Small,4,4,PT,2,1,2,Train,0.489,0.49443882709807885,0.978,0.6568166554734721,0.511,/gpfs/projects/HeinzGroup/caffeine_underground/mlrt/FlexFringe/FlexFringe/models-ps-small/0.1.1.1.0.0.searchglobal.0.ini/0.1.1.1.0.0.searchglobal.0_04.04.PT.2.1.2_Small.final.json,/gpfs/projects/HeinzGroup/asoubki/FlexFringe/data/MLRegTest/Small/04.04.PT.2.1.2_Train.txt,2025-12-29 22:21:34.113586
0.1.1.1.0.0.searchglobal.0,Small,4,4,PT,2,1,3,TestSA,0.5,0.5,1.0,0.6666666666666666,0.5,/gpfs/projects/HeinzGroup/caffeine_underground/mlrt/FlexFringe/FlexFringe/models-ps-small/0.1.1.1.0.0.searchglobal.0.ini/0.1.1.1.0.0.searchglobal.0_04.04.PT.2.1.3_Small.final.json,/gpfs/projects/HeinzGroup/asoubki/FlexFringe/data/MLRegTest/Large/04.04.PT.2.1.3_TestSA.txt,2025-12-29 22:39:22.735186
0.1.1.1.0.0.searchglobal.0,Small,4,4,PT,2,1,3,TestSR,0.49704,0.4985156061943352,0.99408,0.6640303532303746,0.50296,/gpfs/projects/HeinzGroup/caffeine_underground/mlrt/FlexFringe/FlexFringe/models-ps-small/0.1.1.1.0.0.searchglobal.0.ini/0.1.1.1.0.0.searchglobal.0_04.04.PT.2.1.3_Small.final.json,/gpfs/projects/HeinzGroup/asoubki/FlexFringe/data/MLRegTest/Large/04.04.PT.2.1.3_TestSR.txt,2025-12-29 22:39:22.735186
0.1.1.1.0.0.searchglobal.0,Small,4,4,PT,2,1,3,TestLR,0.49937,0.4996848014248977,0.99874,0.6661064313678412,0.50063,/gpfs/projects/HeinzGroup/caffeine_underground/mlrt/FlexFringe/FlexFringe/models-ps-small/0.1.1.1.0.0.searchglobal.0.ini/0.1.1.1.0.0.searchglobal.0_04.04.PT.2.1.3_Small.final.json,/gpfs/projects/HeinzGroup/asoubki/FlexFringe/data/MLRegTest/Large/04.04.PT.2.1.3_TestLR.txt,2025-12-29 22:39:22.735186
0.1.1.1.0.0.searchglobal.0,Small,4,4,PT,2,1,3,TestLA,0.5,0.5,1.0,0.6666666666666666,0.5,/gpfs/projects/HeinzGroup/caffeine_underground/mlrt/FlexFringe/FlexFringe/models-ps-small/0.1.1.1.0.0.searchglobal.0.ini/0.1.1.1.0.0.searchglobal.0_04.04.PT.2.1.3_Small.final.json,/gpfs/projects/HeinzGroup/asoubki/FlexFringe/data/MLRegTest/Large/04.04.PT.2.1.3_TestLA.txt,2025-12-29 22:39:22.735186
0.1.1.1.0.0.searchglobal.0,Small,4,4,PT,2,1,3,Dev,0.49708,0.4985357243149998,0.99416,0.6640660485745584,0.50292,/gpfs/projects/HeinzGroup/caffeine_underground/mlrt/FlexFringe/FlexFringe/models-ps-small/0.1.1.1.0.0.searchglobal.0.ini/0.1.1.1.0.0.searchglobal.0_04.04.PT.2.1.3_Small.final.json,/gpfs/projects/HeinzGroup/asoubki/FlexFringe/data/MLRegTest/Large/04.04.PT.2.1.3_Dev.txt,2025-12-29 22:39:22.735186
0.1.1.1.0.0.searchglobal.0,Small,4,4,PT,2,1,3,Train,0.495,0.49748743718592964,0.99,0.6622073578595318,0.505,/gpfs/projects/HeinzGroup/caffeine_underground/mlrt/FlexFringe/FlexFringe/models-ps-small/0.1.1.1.0.0.searchglobal.0.ini/0.1.1.1.0.0.searchglobal.0_04.04.PT.2.1.3_Small.final.json,/gpfs/projects/HeinzGroup/asoubki/FlexFringe/data/MLRegTest/Small/04.04.PT.2.1.3_Train.txt,2025-12-29 22:39:22.735186
0.1.1.1.0.0.searchglobal.0,Small,4,4,PT,2,1,4,TestSR,0.89372,0.9711372774267663,0.81156,0.8842063976292164,0.10628,/gpfs/projects/HeinzGroup/caffeine_underground/mlrt/FlexFringe/FlexFringe/models-ps-small/0.1.1.1.0.0.searchglobal.0.ini/0.1.1.1.0.0.searchglobal.0_04.04.PT.2.1.4_Small.final.json,/gpfs/projects/HeinzGroup/asoubki/FlexFringe/data/MLRegTest/Large/04.04.PT.2.1.4_TestSR.txt,2025-12-29 22:56:57.510528
0.1.1.1.0.0.searchglobal.0,Small,4,4,PT,2,1,4,TestSA,0.80523,0.9551731337051508,0.64052,0.7668234984256964,0.19477,/gpfs/projects/HeinzGroup/caffeine_underground/mlrt/FlexFringe/FlexFringe/models-ps-small/0.1.1.1.0.0.searchglobal.0.ini/0.1.1.1.0.0.searchglobal.0_04.04.PT.2.1.4_Small.final.json,/gpfs/projects/HeinzGroup/asoubki/FlexFringe/data/MLRegTest/Large/04.04.PT.2.1.4_TestSA.txt,2025-12-29 22:56:57.510528
0.1.1.1.0.0.searchglobal.0,Small,4,4,PT,2,1,4,TestLA,0.75553,0.9836835131554041,0.51968,0.6800759013282732,0.24447,/gpfs/projects/HeinzGroup/caffeine_underground/mlrt/FlexFringe/FlexFringe/models-ps-small/0.1.1.1.0.0.searchglobal.0.ini/0.1.1.1.0.0.searchglobal.0_04.04.PT.2.1.4_Small.final.json,/gpfs/projects/HeinzGroup/asoubki/FlexFringe/data/MLRegTest/Large/04.04.PT.2.1.4_TestLA.txt,2025-12-29 22:56:57.510528
0.1.1.1.0.0.searchglobal.0,Small,4,4,PT,2,1,4,TestLR,0.8987,0.9901406372934697,0.80542,0.8882786306687842,0.1013,/gpfs/projects/HeinzGroup/caffeine_underground/mlrt/FlexFringe/FlexFringe/models-ps-small/0.1.1.1.0.0.searchglobal.0.ini/0.1.1.1.0.0.searchglobal.0_04.04.PT.2.1.4_Small.final.json,/gpfs/projects/HeinzGroup/asoubki/FlexFringe/data/MLRegTest/Large/04.04.PT.2.1.4_TestLR.txt,2025-12-29 22:56:57.510528
0.1.1.1.0.0.searchglobal.0,Small,4,4,PT,2,1,4,Dev,0.89355,0.9686792902226986,0.8134,0.8842746099907594,0.10645,/gpfs/projects/HeinzGroup/caffeine_underground/mlrt/FlexFringe/FlexFringe/models-ps-small/0.1.1.1.0.0.searchglobal.0.ini/0.1.1.1.0.0.searchglobal.0_04.04.PT.2.1.4_Small.final.json,/gpfs/projects/HeinzGroup/asoubki/FlexFringe/data/MLRegTest/Large/04.04.PT.2.1.4_Dev.txt,2025-12-29 22:56:57.510528
0.1.1.1.0.0.searchglobal.0,Small,4,4,PT,2,1,4,Train,0.898,0.9715639810426541,0.82,0.8893709327548807,0.102,/gpfs/projects/HeinzGroup/caffeine_underground/mlrt/FlexFringe/FlexFringe/models-ps-small/0.1.1.1.0.0.searchglobal.0.ini/0.1.1.1.0.0.searchglobal.0_04.04.PT.2.1.4_Small.final.json,/gpfs/projects/HeinzGroup/asoubki/FlexFringe/data/MLRegTest/Small/04.04.PT.2.1.4_Train.txt,2025-12-29 22:56:57.510528
0.1.1.1.0.0.searchglobal.0,Small,4,4,PT,2,1,5,TestLA,0.56641,0.5360426367948593,0.98768,0.6949277758624329,0.43359,/gpfs/projects/HeinzGroup/caffeine_underground/mlrt/FlexFringe/FlexFringe/models-ps-small/0.1.1.1.0.0.searchglobal.0.ini/0.1.1.1.0.0.searchglobal.0_04.04.PT.2.1.5_Small.final.json,/gpfs/projects/HeinzGroup/asoubki/FlexFringe/data/MLRegTest/Large/04.04.PT.2.1.5_TestLA.txt,2025-12-29 23:20:34.508893
0.1.1.1.0.0.searchglobal.0,Small,4,4,PT,2,1,5,TestLR,0.56955,0.5373832278038765,0.99978,0.6990344210371758,0.43045,/gpfs/projects/HeinzGroup/caffeine_underground/mlrt/FlexFringe/FlexFringe/models-ps-small/0.1.1.1.0.0.searchglobal.0.ini/0.1.1.1.0.0.searchglobal.0_04.04.PT.2.1.5_Small.final.json,/gpfs/projects/HeinzGroup/asoubki/FlexFringe/data/MLRegTest/Large/04.04.PT.2.1.5_TestLR.txt,2025-12-29 23:20:34.508893
0.1.1.1.0.0.searchglobal.0,Small,4,4,PT,2,1,5,TestSA,0.59658,0.5555772949083878,0.96546,0.7052919174799837,0.40342,/gpfs/projects/HeinzGroup/caffeine_underground/mlrt/FlexFringe/FlexFringe/models-ps-small/0.1.1.1.0.0.searchglobal.0.ini/0.1.1.1.0.0.searchglobal.0_04.04.PT.2.1.5_Small.final.json,/gpfs/projects/HeinzGroup/asoubki/FlexFringe/data/MLRegTest/Large/04.04.PT.2.1.5_TestSA.txt,2025-12-29 23:20:34.508893
0.1.1.1.0.0.searchglobal.0,Small,4,4,PT,2,1,5,TestSR,0.60671,0.5602656636508421,0.99204,0.7161037442342257,0.39329,/gpfs/projects/HeinzGroup/caffeine_underground/mlrt/FlexFringe/FlexFringe/models-ps-small/0.1.1.1.0.0.searchglobal.0.ini/0.1.1.1.0.0.searchglobal.0_04.04.PT.2.1.5_Small.final.json,/gpfs/projects/HeinzGroup/asoubki/FlexFringe/data/MLRegTest/Large/04.04.PT.2.1.5_TestSR.txt,2025-12-29 23:20:34.508893
0.1.1.1.0.0.searchglobal.0,Small,4,4,PT,2,1,5,Dev,0.6054,0.5594378778309123,0.99204,0.7154272197542261,0.3946,/gpfs/projects/HeinzGroup/caffeine_underground/mlrt/FlexFringe/FlexFringe/models-ps-small/0.1.1.1.0.0.searchglobal.0.ini/0.1.1.1.0.0.searchglobal.0_04.04.PT.2.1.5_Small.final.json,/gpfs/projects/HeinzGroup/asoubki/FlexFringe/data/MLRegTest/Large/04.04.PT.2.1.5_Dev.txt,2025-12-29 23:20:34.508893
0.1.1.1.0.0.searchglobal.0,Small,4,4,PT,2,1,5,Train,0.621,0.569620253164557,0.99,0.7231555880204529,0.379,/gpfs/projects/HeinzGroup/caffeine_underground/mlrt/FlexFringe/FlexFringe/models-ps-small/0.1.1.1.0.0.searchglobal.0.ini/0.1.1.1.0.0.searchglobal.0_04.04.PT.2.1.5_Small.final.json,/gpfs/projects/HeinzGroup/asoubki/FlexFringe/data/MLRegTest/Small/04.04.PT.2.1.5_Train.txt,2025-12-29 23:20:34.508893
0.1.1.1.0.0.searchglobal.0,Small,4,4,PT,2,1,6,TestLA,0.84339,0.9984902592689371,0.68782,0.8145376170908186,0.15661,/gpfs/projects/HeinzGroup/caffeine_underground/mlrt/FlexFringe/FlexFringe/models-ps-small/0.1.1.1.0.0.searchglobal.0.ini/0.1.1.1.0.0.searchglobal.0_04.04.PT.2.1.6_Small.final.json,/gpfs/projects/HeinzGroup/asoubki/FlexFringe/data/MLRegTest/Large/04.04.PT.2.1.6_TestLA.txt,2025-12-29 22:43:29.958051
0.1.1.1.0.0.searchglobal.0,Small,4,4,PT,2,1,6,TestLR,0.93277,0.998709350296158,0.86666,0.928010793562411,0.06723,/gpfs/projects/HeinzGroup/caffeine_underground/mlrt/FlexFringe/FlexFringe/models-ps-small/0.1.1.1.0.0.searchglobal.0.ini/0.1.1.1.0.0.searchglobal.0_04.04.PT.2.1.6_Small.final.json,/gpfs/projects/HeinzGroup/asoubki/FlexFringe/data/MLRegTest/Large/04.04.PT.2.1.6_TestLR.txt,2025-12-29 22:43:29.958051
0.1.1.1.0.0.searchglobal.0,Small,4,4,PT,2,1,6,TestSA,0.89183,0.986709065162845,0.79436,0.8801480283203882,0.10817,/gpfs/projects/HeinzGroup/caffeine_underground/mlrt/FlexFringe/FlexFringe/models-ps-small/0.1.1.1.0.0.searchglobal.0.ini/0.1.1.1.0.0.searchglobal.0_04.04.PT.2.1.6_Small.final.json,/gpfs/projects/HeinzGroup/asoubki/FlexFringe/data/MLRegTest/Large/04.04.PT.2.1.6_TestSA.txt,2025-12-29 22:43:29.958051
0.1.1.1.0.0.searchglobal.0,Small,4,4,PT,2,1,6,TestSR,0.92895,0.9923555473933106,0.86456,0.9240602387747031,0.07105,/gpfs/projects/HeinzGroup/caffeine_underground/mlrt/FlexFringe/FlexFringe/models-ps-small/0.1.1.1.0.0.searchglobal.0.ini/0.1.1.1.0.0.searchglobal.0_04.04.PT.2.1.6_Small.final.json,/gpfs/projects/HeinzGroup/asoubki/FlexFringe/data/MLRegTest/Large/04.04.PT.2.1.6_TestSR.txt,2025-12-29 22:43:29.958051
0.1.1.1.0.0.searchglobal.0,Small,4,4,PT,2,1,6,Dev,0.92939,0.9916867055994504,0.86604,0.9246143169807292,0.07061,/gpfs/projects/HeinzGroup/caffeine_underground/mlrt/FlexFringe/FlexFringe/models-ps-small/0.1.1.1.0.0.searchglobal.0.ini/0.1.1.1.0.0.searchglobal.0_04.04.PT.2.1.6_Small.final.json,/gpfs/projects/HeinzGroup/asoubki/FlexFringe/data/MLRegTest/Large/04.04.PT.2.1.6_Dev.txt,2025-12-29 22:43:29.958051
0.1.1.1.0.0.searchglobal.0,Small,4,4,PT,2,1,6,Train,0.927,0.9908045977011494,0.862,0.9219251336898395,0.073,/gpfs/projects/HeinzGroup/caffeine_underground/mlrt/FlexFringe/FlexFringe/models-ps-small/0.1.1.1.0.0.searchglobal.0.ini/0.1.1.1.0.0.searchglobal.0_04.04.PT.2.1.6_Small.final.json,/gpfs/projects/HeinzGroup/asoubki/FlexFringe/data/MLRegTest/Small/04.04.PT.2.1.6_Train.txt,2025-12-29 22:43:29.958051
0.1.1.1.0.0.searchglobal.0,Small,4,4,PT,2,1,7,TestSR,0.49234,0.49590023549561124,0.92654,0.6460326314321573,0.50766,/gpfs/projects/HeinzGroup/caffeine_underground/mlrt/FlexFringe/FlexFringe/models-ps-small/0.1.1.1.0.0.searchglobal.0.ini/0.1.1.1.0.0.searchglobal.0_04.04.PT.2.1.7_Small.final.json,/gpfs/projects/HeinzGroup/asoubki/FlexFringe/data/MLRegTest/Large/04.04.PT.2.1.7_TestSR.txt,2025-12-29 22:11:56.492245
0.1.1.1.0.0.searchglobal.0,Small,4,4,PT,2,1,7,TestSA,0.5105,0.5055277122641509,0.96026,0.6623579075157268,0.4895,/gpfs/projects/HeinzGroup/caffeine_underground/mlrt/FlexFringe/FlexFringe/models-ps-small/0.1.1.1.0.0.searchglobal.0.ini/0.1.1.1.0.0.searchglobal.0_04.04.PT.2.1.7_Small.final.json,/gpfs/projects/HeinzGroup/asoubki/FlexFringe/data/MLRegTest/Large/04.04.PT.2.1.7_TestSA.txt,2025-12-29 22:11:56.492245
0.1.1.1.0.0.searchglobal.0,Small,4,4,PT,2,1,7,TestLA,0.50623,0.50321900608666,0.97392,0.6635733703983812,0.49377,/gpfs/projects/HeinzGroup/caffeine_underground/mlrt/FlexFringe/FlexFringe/models-ps-small/0.1.1.1.0.0.searchglobal.0.ini/0.1.1.1.0.0.searchglobal.0_04.04.PT.2.1.7_Small.final.json,/gpfs/projects/HeinzGroup/asoubki/FlexFringe/data/MLRegTest/Large/04.04.PT.2.1.7_TestLA.txt,2025-12-29 22:11:56.492245
0.1.1.1.0.0.searchglobal.0,Small,4,4,PT,2,1,7,TestLR,0.48289,0.4909626781318995,0.92952,0.6425416312395015,0.51711,/gpfs/projects/HeinzGroup/caffeine_underground/mlrt/FlexFringe/FlexFringe/models-ps-small/0.1.1.1.0.0.searchglobal.0.ini/0.1.1.1.0.0.searchglobal.0_04.04.PT.2.1.7_Small.final.json,/gpfs/projects/HeinzGroup/asoubki/FlexFringe/data/MLRegTest/Large/04.04.PT.2.1.7_TestLR.txt,2025-12-29 22:11:56.492245
0.1.1.1.0.0.searchglobal.0,Small,4,4,PT,2,1,7,Dev,0.49374,0.4966525496235455,0.92878,0.6472154086297246,0.50626,/gpfs/projects/HeinzGroup/caffeine_underground/mlrt/FlexFringe/FlexFringe/models-ps-small/0.1.1.1.0.0.searchglobal.0.ini/0.1.1.1.0.0.searchglobal.0_04.04.PT.2.1.7_Small.final.json,/gpfs/projects/HeinzGroup/asoubki/FlexFringe/data/MLRegTest/Large/04.04.PT.2.1.7_Dev.txt,2025-12-29 22:11:56.492245
0.1.1.1.0.0.searchglobal.0,Small,4,4,PT,2,1,7,Train,0.509,0.5048025613660619,0.946,0.6583159359777314,0.491,/gpfs/projects/HeinzGroup/caffeine_underground/mlrt/FlexFringe/FlexFringe/models-ps-small/0.1.1.1.0.0.searchglobal.0.ini/0.1.1.1.0.0.searchglobal.0_04.04.PT.2.1.7_Small.final.json,/gpfs/projects/HeinzGroup/asoubki/FlexFringe/data/MLRegTest/Small/04.04.PT.2.1.7_Train.txt,2025-12-29 22:11:56.492245
0.1.1.1.0.0.searchglobal.0,Small,4,4,PT,2,1,8,TestLA,0.5268,0.5200905574380041,0.69378,0.5945089033231075,0.4732,/gpfs/projects/HeinzGroup/caffeine_underground/mlrt/FlexFringe/FlexFringe/models-ps-small/0.1.1.1.0.0.searchglobal.0.ini/0.1.1.1.0.0.searchglobal.0_04.04.PT.2.1.8_Small.final.json,/gpfs/projects/HeinzGroup/asoubki/FlexFringe/data/MLRegTest/Large/04.04.PT.2.1.8_TestLA.txt,2025-12-29 22:56:11.971779
0.1.1.1.0.0.searchglobal.0,Small,4,4,PT,2,1,8,TestLR,0.58512,0.558695352365191,0.81022,0.6613500938698882,0.41488,/gpfs/projects/HeinzGroup/caffeine_underground/mlrt/FlexFringe/FlexFringe/models-ps-small/0.1.1.1.0.0.searchglobal.0.ini/0.1.1.1.0.0.searchglobal.0_04.04.PT.2.1.8_Small.final.json,/gpfs/projects/HeinzGroup/asoubki/FlexFringe/data/MLRegTest/Large/04.04.PT.2.1.8_TestLR.txt,2025-12-29 22:56:11.971779
0.1.1.1.0.0.searchglobal.0,Small,4,4,PT,2,1,8,TestSR,0.58406,0.5578017988282862,0.8112,0.6610492690320583,0.41594,/gpfs/projects/HeinzGroup/caffeine_underground/mlrt/FlexFringe/FlexFringe/models-ps-small/0.1.1.1.0.0.searchglobal.0.ini/0.1.1.1.0.0.searchglobal.0_04.04.PT.2.1.8_Small.final.json,/gpfs/projects/HeinzGroup/asoubki/FlexFringe/data/MLRegTest/Large/04.04.PT.2.1.8_TestSR.txt,2025-12-29 22:56:11.971779
0.1.1.1.0.0.searchglobal.0,Small,4,4,PT,2,1,8,TestSA,0.53449,0.5254122397253209,0.7131,0.6050347443174587,0.46551,/gpfs/projects/HeinzGroup/caffeine_underground/mlrt/FlexFringe/FlexFringe/models-ps-small/0.1.1.1.0.0.searchglobal.0.ini/0.1.1.1.0.0.searchglobal.0_04.04.PT.2.1.8_Small.final.json,/gpfs/projects/HeinzGroup/asoubki/FlexFringe/data/MLRegTest/Large/04.04.PT.2.1.8_TestSA.txt,2025-12-29 22:56:11.971779
0.1.1.1.0.0.searchglobal.0,Small,4,4,PT,2,1,8,Dev,0.58614,0.5592011216186497,0.81366,0.6628486704900939,0.41386,/gpfs/projects/HeinzGroup/caffeine_underground/mlrt/FlexFringe/FlexFringe/models-ps-small/0.1.1.1.0.0.searchglobal.0.ini/0.1.1.1.0.0.searchglobal.0_04.04.PT.2.1.8_Small.final.json,/gpfs/projects/HeinzGroup/asoubki/FlexFringe/data/MLRegTest/Large/04.04.PT.2.1.8_Dev.txt,2025-12-29 22:56:11.971779
0.1.1.1.0.0.searchglobal.0,Small,4,4,PT,2,1,8,Train,0.569,0.5468113975576662,0.806,0.6515763945028294,0.431,/gpfs/projects/HeinzGroup/caffeine_underground/mlrt/FlexFringe/FlexFringe/models-ps-small/0.1.1.1.0.0.searchglobal.0.ini/0.1.1.1.0.0.searchglobal.0_04.04.PT.2.1.8_Small.final.json,/gpfs/projects/HeinzGroup/asoubki/FlexFringe/data/MLRegTest/Small/04.04.PT.2.1.8_Train.txt,2025-12-29 22:56:11.971779
0.1.1.1.0.0.searchglobal.0,Small,4,4,PT,2,1,9,TestSR,0.83965,0.9058235954787679,0.75812,0.8254161812579616,0.16035,/gpfs/projects/HeinzGroup/caffeine_underground/mlrt/FlexFringe/FlexFringe/models-ps-small/0.1.1.1.0.0.searchglobal.0.ini/0.1.1.1.0.0.searchglobal.0_04.04.PT.2.1.9_Small.final.json,/gpfs/projects/HeinzGroup/asoubki/FlexFringe/data/MLRegTest/Large/04.04.PT.2.1.9_TestSR.txt,2025-12-29 22:51:17.847169
0.1.1.1.0.0.searchglobal.0,Small,4,4,PT,2,1,9,TestSA,0.6694,0.8391255605381166,0.41916,0.5590588988476313,0.3306,/gpfs/projects/HeinzGroup/caffeine_underground/mlrt/FlexFringe/FlexFringe/models-ps-small/0.1.1.1.0.0.searchglobal.0.ini/0.1.1.1.0.0.searchglobal.0_04.04.PT.2.1.9_Small.final.json,/gpfs/projects/HeinzGroup/asoubki/FlexFringe/data/MLRegTest/Large/04.04.PT.2.1.9_TestSA.txt,2025-12-29 22:51:17.847169
0.1.1.1.0.0.searchglobal.0,Small,4,4,PT,2,1,9,TestLA,0.61792,0.808917531174683,0.30878,0.4469501780389659,0.38208,/gpfs/projects/HeinzGroup/caffeine_underground/mlrt/FlexFringe/FlexFringe/models-ps-small/0.1.1.1.0.0.searchglobal.0.ini/0.1.1.1.0.0.searchglobal.0_04.04.PT.2.1.9_Small.final.json,/gpfs/projects/HeinzGroup/asoubki/FlexFringe/data/MLRegTest/Large/04.04.PT.2.1.9_TestLA.txt,2025-12-29 22:51:17.847169
0.1.1.1.0.0.searchglobal.0,Small,4,4,PT,2,1,9,TestLR,0.83909,0.9114670549690571,0.75114,0.8235732690093744,0.16091,/gpfs/projects/HeinzGroup/caffeine_underground/mlrt/FlexFringe/FlexFringe/models-ps-small/0.1.1.1.0.0.searchglobal.0.ini/0.1.1.1.0.0.searchglobal.0_04.04.PT.2.1.9_Small.final.json,/gpfs/projects/HeinzGroup/asoubki/FlexFringe/data/MLRegTest/Large/04.04.PT.2.1.9_TestLR.txt,2025-12-29 22:51:17.847169
0.1.1.1.0.0.searchglobal.0,Small,4,4,PT,2,1,9,Dev,0.84306,0.9075121163166397,0.76398,0.8295834600182427,0.15694,/gpfs/projects/HeinzGroup/caffeine_underground/mlrt/FlexFringe/FlexFringe/models-ps-small/0.1.1.1.0.0.searchglobal.0.ini/0.1.1.1.0.0.searchglobal.0_04.04.PT.2.1.9_Small.final.json,/gpfs/projects/HeinzGroup/asoubki/FlexFringe/data/MLRegTest/Large/04.04.PT.2.1.9_Dev.txt,2025-12-29 22:51:17.847169
0.1.1.1.0.0.searchglobal.0,Small,4,4,PT,2,1,9,Train,0.821,0.9042821158690176,0.718,0.8004459308807135,0.179,/gpfs/projects/HeinzGroup/caffeine_underground/mlrt/FlexFringe/FlexFringe/models-ps-small/0.1.1.1.0.0.searchglobal.0.ini/0.1.1.1.0.0.searchglobal.0_04.04.PT.2.1.9_Small.final.json,/gpfs/projects/HeinzGroup/asoubki/FlexFringe/data/MLRegTest/Small/04.04.PT.2.1.9_Train.txt,2025-12-29 22:51:17.847169
0.1.1.1.0.0.searchglobal.0,Small,4,4,PT,4,1,0,TestLR,0.53844,0.5467412451361867,0.44964,0.493459174714662,0.46156,/gpfs/projects/HeinzGroup/caffeine_underground/mlrt/FlexFringe/FlexFringe/models-ps-small/0.1.1.1.0.0.searchglobal.0.ini/0.1.1.1.0.0.searchglobal.0_04.04.PT.4.1.0_Small.final.json,/gpfs/projects/HeinzGroup/asoubki/FlexFringe/data/MLRegTest/Large/04.04.PT.4.1.0_TestLR.txt,2025-12-29 23:35:56.788036
0.1.1.1.0.0.searchglobal.0,Small,4,4,PT,4,1,0,TestLA,0.50724,0.5094507101086049,0.39028,0.4419731835477442,0.49276,/gpfs/projects/HeinzGroup/caffeine_underground/mlrt/FlexFringe/FlexFringe/models-ps-small/0.1.1.1.0.0.searchglobal.0.ini/0.1.1.1.0.0.searchglobal.0_04.04.PT.4.1.0_Small.final.json,/gpfs/projects/HeinzGroup/asoubki/FlexFringe/data/MLRegTest/Large/04.04.PT.4.1.0_TestLA.txt,2025-12-29 23:35:56.788036
0.1.1.1.0.0.searchglobal.0,Small,4,4,PT,4,1,0,TestSR,0.53989,0.5474237344556198,0.46046,0.5001900996121967,0.46011,/gpfs/projects/HeinzGroup/caffeine_underground/mlrt/FlexFringe/FlexFringe/models-ps-small/0.1.1.1.0.0.searchglobal.0.ini/0.1.1.1.0.0.searchglobal.0_04.04.PT.4.1.0_Small.final.json,/gpfs/projects/HeinzGroup/asoubki/FlexFringe/data/MLRegTest/Large/04.04.PT.4.1.0_TestSR.txt,2025-12-29 23:35:56.788036
0.1.1.1.0.0.searchglobal.0,Small,4,4,PT,4,1,0,TestSA,0.51756,0.5216213553979512,0.42364,0.46755253399258345,0.48244,/gpfs/projects/HeinzGroup/caffeine_underground/mlrt/FlexFringe/FlexFringe/models-ps-small/0.1.1.1.0.0.searchglobal.0.ini/0.1.1.1.0.0.searchglobal.0_04.04.PT.4.1.0_Small.final.json,/gpfs/projects/HeinzGroup/asoubki/FlexFringe/data/MLRegTest/Large/04.04.PT.4.1.0_TestSA.txt,2025-12-29 23:35:56.788036
0.1.1.1.0.0.searchglobal.0,Small,4,4,PT,4,1,0,Dev,0.53978,0.5470813804857264,0.46224,0.5010948984237799,0.46022,/gpfs/projects/HeinzGroup/caffeine_underground/mlrt/FlexFringe/FlexFringe/models-ps-small/0.1.1.1.0.0.searchglobal.0.ini/0.1.1.1.0.0.searchglobal.0_04.04.PT.4.1.0_Small.final.json,/gpfs/projects/HeinzGroup/asoubki/FlexFringe/data/MLRegTest/Large/04.04.PT.4.1.0_Dev.txt,2025-12-29 23:35:56.788036
0.1.1.1.0.0.searchglobal.0,Small,4,4,PT,4,1,0,Train,0.533,0.5397590361445783,0.448,0.4896174863387978,0.467,/gpfs/projects/HeinzGroup/caffeine_underground/mlrt/FlexFringe/FlexFringe/models-ps-small/0.1.1.1.0.0.searchglobal.0.ini/0.1.1.1.0.0.searchglobal.0_04.04.PT.4.1.0_Small.final.json,/gpfs/projects/HeinzGroup/asoubki/FlexFringe/data/MLRegTest/Small/04.04.PT.4.1.0_Train.txt,2025-12-29 23:35:56.788036
0.1.1.1.0.0.searchglobal.0,Small,4,4,PT,4,1,1,TestSA,0.50849,0.509409287376704,0.45964,0.4832465962256216,0.49151,/gpfs/projects/HeinzGroup/caffeine_underground/mlrt/FlexFringe/FlexFringe/models-ps-small/0.1.1.1.0.0.searchglobal.0.ini/0.1.1.1.0.0.searchglobal.0_04.04.PT.4.1.1_Small.final.json,/gpfs/projects/HeinzGroup/asoubki/FlexFringe/data/MLRegTest/Large/04.04.PT.4.1.1_TestSA.txt,2025-12-29 22:10:59.583689
0.1.1.1.0.0.searchglobal.0,Small,4,4,PT,4,1,1,TestLA,0.50586,0.5067931002503941,0.43718,0.4694197483142207,0.49414,/gpfs/projects/HeinzGroup/caffeine_underground/mlrt/FlexFringe/FlexFringe/models-ps-small/0.1.1.1.0.0.searchglobal.0.ini/0.1.1.1.0.0.searchglobal.0_04.04.PT.4.1.1_Small.final.json,/gpfs/projects/HeinzGroup/asoubki/FlexFringe/data/MLRegTest/Large/04.04.PT.4.1.1_TestLA.txt,2025-12-29 22:10:59.583689
0.1.1.1.0.0.searchglobal.0,Small,4,4,PT,4,1,1,TestLR,0.5499,0.5536051907872122,0.51534,0.5337877030162413,0.4501,/gpfs/projects/HeinzGroup/caffeine_underground/mlrt/FlexFringe/FlexFringe/models-ps-small/0.1.1.1.0.0.searchglobal.0.ini/0.1.1.1.0.0.searchglobal.0_04.04.PT.4.1.1_Small.final.json,/gpfs/projects/HeinzGroup/asoubki/FlexFringe/data/MLRegTest/Large/04.04.PT.4.1.1_TestLR.txt,2025-12-29 22:10:59.583689
0.1.1.1.0.0.searchglobal.0,Small,4,4,PT,4,1,1,TestSR,0.54239,0.5443827871427076,0.51994,0.5318807222136975,0.45761,/gpfs/projects/HeinzGroup/caffeine_underground/mlrt/FlexFringe/FlexFringe/models-ps-small/0.1.1.1.0.0.searchglobal.0.ini/0.1.1.1.0.0.searchglobal.0_04.04.PT.4.1.1_Small.final.json,/gpfs/projects/HeinzGroup/asoubki/FlexFringe/data/MLRegTest/Large/04.04.PT.4.1.1_TestSR.txt,2025-12-29 22:10:59.583689
0.1.1.1.0.0.searchglobal.0,Small,4,4,PT,4,1,1,Dev,0.54188,0.5436632053046415,0.52146,0.5323301823230364,0.45812,/gpfs/projects/HeinzGroup/caffeine_underground/mlrt/FlexFringe/FlexFringe/models-ps-small/0.1.1.1.0.0.searchglobal.0.ini/0.1.1.1.0.0.searchglobal.0_04.04.PT.4.1.1_Small.final.json,/gpfs/projects/HeinzGroup/asoubki/FlexFringe/data/MLRegTest/Large/04.04.PT.4.1.1_Dev.txt,2025-12-29 22:10:59.583689
0.1.1.1.0.0.searchglobal.0,Small,4,4,PT,4,1,1,Train,0.536,0.5373443983402489,0.518,0.5274949083503055,0.464,/gpfs/projects/HeinzGroup/caffeine_underground/mlrt/FlexFringe/FlexFringe/models-ps-small/0.1.1.1.0.0.searchglobal.0.ini/0.1.1.1.0.0.searchglobal.0_04.04.PT.4.1.1_Small.final.json,/gpfs/projects/HeinzGroup/asoubki/FlexFringe/data/MLRegTest/Small/04.04.PT.4.1.1_Train.txt,2025-12-29 22:10:59.583689
0.1.1.1.0.0.searchglobal.0,Small,4,4,PT,4,1,2,TestSA,0.50204,0.5021122385587078,0.48494,0.49337674229321393,0.49796,/gpfs/projects/HeinzGroup/caffeine_underground/mlrt/FlexFringe/FlexFringe/models-ps-small/0.1.1.1.0.0.searchglobal.0.ini/0.1.1.1.0.0.searchglobal.0_04.04.PT.4.1.2_Small.final.json,/gpfs/projects/HeinzGroup/asoubki/FlexFringe/data/MLRegTest/Large/04.04.PT.4.1.2_TestSA.txt,2025-12-29 22:41:30.717624
0.1.1.1.0.0.searchglobal.0,Small,4,4,PT,4,1,2,TestLA,0.50023,0.5002252208143201,0.51084,0.5054768901950307,0.49977,/gpfs/projects/HeinzGroup/caffeine_underground/mlrt/FlexFringe/FlexFringe/models-ps-small/0.1.1.1.0.0.searchglobal.0.ini/0.1.1.1.0.0.searchglobal.0_04.04.PT.4.1.2_Small.final.json,/gpfs/projects/HeinzGroup/asoubki/FlexFringe/data/MLRegTest/Large/04.04.PT.4.1.2_TestLA.txt,2025-12-29 22:41:30.717624
0.1.1.1.0.0.searchglobal.0,Small,4,4,PT,4,1,2,TestSR,0.48816,0.48744911804613295,0.45984,0.47324221966079366,0.51184,/gpfs/projects/HeinzGroup/caffeine_underground/mlrt/FlexFringe/FlexFringe/models-ps-small/0.1.1.1.0.0.searchglobal.0.ini/0.1.1.1.0.0.searchglobal.0_04.04.PT.4.1.2_Small.final.json,/gpfs/projects/HeinzGroup/asoubki/FlexFringe/data/MLRegTest/Large/04.04.PT.4.1.2_TestSR.txt,2025-12-29 22:41:30.717624
0.1.1.1.0.0.searchglobal.0,Small,4,4,PT,4,1,2,TestLR,0.47516,0.47439069652356797,0.46014,0.4671566935369246,0.52484,/gpfs/projects/HeinzGroup/caffeine_underground/mlrt/FlexFringe/FlexFringe/models-ps-small/0.1.1.1.0.0.searchglobal.0.ini/0.1.1.1.0.0.searchglobal.0_04.04.PT.4.1.2_Small.final.json,/gpfs/projects/HeinzGroup/asoubki/FlexFringe/data/MLRegTest/Large/04.04.PT.4.1.2_TestLR.txt,2025-12-29 22:41:30.717624
0.1.1.1.0.0.searchglobal.0,Small,4,4,PT,4,1,2,Dev,0.48728,0.4865408219409997,0.45982,0.47280317519073767,0.51272,/gpfs/projects/HeinzGroup/caffeine_underground/mlrt/FlexFringe/FlexFringe/models-ps-small/0.1.1.1.0.0.searchglobal.0.ini/0.1.1.1.0.0.searchglobal.0_04.04.PT.4.1.2_Small.final.json,/gpfs/projects/HeinzGroup/asoubki/FlexFringe/data/MLRegTest/Large/04.04.PT.4.1.2_Dev.txt,2025-12-29 22:41:30.717624
0.1.1.1.0.0.searchglobal.0,Small,4,4,PT,4,1,2,Train,0.518,0.5198237885462555,0.472,0.4947589098532495,0.482,/gpfs/projects/HeinzGroup/caffeine_underground/mlrt/FlexFringe/FlexFringe/models-ps-small/0.1.1.1.0.0.searchglobal.0.ini/0.1.1.1.0.0.searchglobal.0_04.04.PT.4.1.2_Small.final.json,/gpfs/projects/HeinzGroup/asoubki/FlexFringe/data/MLRegTest/Small/04.04.PT.4.1.2_Train.txt,2025-12-29 22:41:30.717624
0.1.1.1.0.0.searchglobal.0,Small,4,4,PT,4,1,3,TestSA,0.5029,0.5027005885420547,0.53982,0.5205994676542067,0.4971,/gpfs/projects/HeinzGroup/caffeine_underground/mlrt/FlexFringe/FlexFringe/models-ps-small/0.1.1.1.0.0.searchglobal.0.ini/0.1.1.1.0.0.searchglobal.0_04.04.PT.4.1.3_Small.final.json,/gpfs/projects/HeinzGroup/asoubki/FlexFringe/data/MLRegTest/Large/04.04.PT.4.1.3_TestSA.txt,2025-12-29 22:28:05.109841
0.1.1.1.0.0.searchglobal.0,Small,4,4,PT,4,1,3,TestLA,0.49765,0.4978904468661915,0.55464,0.524735333352255,0.50235,/gpfs/projects/HeinzGroup/caffeine_underground/mlrt/FlexFringe/FlexFringe/models-ps-small/0.1.1.1.0.0.searchglobal.0.ini/0.1.1.1.0.0.searchglobal.0_04.04.PT.4.1.3_Small.final.json,/gpfs/projects/HeinzGroup/asoubki/FlexFringe/data/MLRegTest/Large/04.04.PT.4.1.3_TestLA.txt,2025-12-29 22:28:05.109841
0.1.1.1.0.0.searchglobal.0,Small,4,4,PT,4,1,3,TestSR,0.47988,0.4805941358024691,0.49828,0.48927729772191675,0.52012,/gpfs/projects/HeinzGroup/caffeine_underground/mlrt/FlexFringe/FlexFringe/models-ps-small/0.1.1.1.0.0.searchglobal.0.ini/0.1.1.1.0.0.searchglobal.0_04.04.PT.4.1.3_Small.final.json,/gpfs/projects/HeinzGroup/asoubki/FlexFringe/data/MLRegTest/Large/04.04.PT.4.1.3_TestSR.txt,2025-12-29 22:28:05.109841
0.1.1.1.0.0.searchglobal.0,Small,4,4,PT,4,1,3,TestLR,0.46676,0.46857153662872053,0.49558,0.4816974786648782,0.53324,/gpfs/projects/HeinzGroup/caffeine_underground/mlrt/FlexFringe/FlexFringe/models-ps-small/0.1.1.1.0.0.searchglobal.0.ini/0.1.1.1.0.0.searchglobal.0_04.04.PT.4.1.3_Small.final.json,/gpfs/projects/HeinzGroup/asoubki/FlexFringe/data/MLRegTest/Large/04.04.PT.4.1.3_TestLR.txt,2025-12-29 22:28:05.109841
0.1.1.1.0.0.searchglobal.0,Small,4,4,PT,4,1,3,Dev,0.47674,0.47755259602393363,0.49484,0.4860426284254985,0.52326,/gpfs/projects/HeinzGroup/caffeine_underground/mlrt/FlexFringe/FlexFringe/models-ps-small/0.1.1.1.0.0.searchglobal.0.ini/0.1.1.1.0.0.searchglobal.0_04.04.PT.4.1.3_Small.final.json,/gpfs/projects/HeinzGroup/asoubki/FlexFringe/data/MLRegTest/Large/04.04.PT.4.1.3_Dev.txt,2025-12-29 22:28:05.109841
0.1.1.1.0.0.searchglobal.0,Small,4,4,PT,4,1,3,Train,0.479,0.47992351816443596,0.502,0.49071358748778104,0.521,/gpfs/projects/HeinzGroup/caffeine_underground/mlrt/FlexFringe/FlexFringe/models-ps-small/0.1.1.1.0.0.searchglobal.0.ini/0.1.1.1.0.0.searchglobal.0_04.04.PT.4.1.3_Small.final.json,/gpfs/projects/HeinzGroup/asoubki/FlexFringe/data/MLRegTest/Small/04.04.PT.4.1.3_Train.txt,2025-12-29 22:28:05.109841
0.1.1.1.0.0.searchglobal.0,Small,4,4,PT,4,1,4,TestSA,0.51409,0.5170957800480478,0.42618,0.46725652073808505,0.48591,/gpfs/projects/HeinzGroup/caffeine_underground/mlrt/FlexFringe/FlexFringe/models-ps-small/0.1.1.1.0.0.searchglobal.0.ini/0.1.1.1.0.0.searchglobal.0_04.04.PT.4.1.4_Small.final.json,/gpfs/projects/HeinzGroup/asoubki/FlexFringe/data/MLRegTest/Large/04.04.PT.4.1.4_TestSA.txt,2025-12-29 23:32:19.774228
0.1.1.1.0.0.searchglobal.0,Small,4,4,PT,4,1,4,TestLA,0.51072,0.514648010494097,0.37664,0.4349593495934959,0.48928,/gpfs/projects/HeinzGroup/caffeine_underground/mlrt/FlexFringe/FlexFringe/models-ps-small/0.1.1.1.0.0.searchglobal.0.ini/0.1.1.1.0.0.searchglobal.0_04.04.PT.4.1.4_Small.final.json,/gpfs/projects/HeinzGroup/asoubki/FlexFringe/data/MLRegTest/Large/04.04.PT.4.1.4_TestLA.txt,2025-12-29 23:32:19.774228
0.1.1.1.0.0.searchglobal.0,Small,4,4,PT,4,1,4,TestLR,0.5635,0.5762451371211758,0.47992,0.5236900111302678,0.4365,/gpfs/projects/HeinzGroup/caffeine_underground/mlrt/FlexFringe/FlexFringe/models-ps-small/0.1.1.1.0.0.searchglobal.0.ini/0.1.1.1.0.0.searchglobal.0_04.04.PT.4.1.4_Small.final.json,/gpfs/projects/HeinzGroup/asoubki/FlexFringe/data/MLRegTest/Large/04.04.PT.4.1.4_TestLR.txt,2025-12-29 23:32:19.774228
0.1.1.1.0.0.searchglobal.0,Small,4,4,PT,4,1,4,TestSR,0.55164,0.5594629450508959,0.48586,0.5200702190062299,0.44836,/gpfs/projects/HeinzGroup/caffeine_underground/mlrt/FlexFringe/FlexFringe/models-ps-small/0.1.1.1.0.0.searchglobal.0.ini/0.1.1.1.0.0.searchglobal.0_04.04.PT.4.1.4_Small.final.json,/gpfs/projects/HeinzGroup/asoubki/FlexFringe/data/MLRegTest/Large/04.04.PT.4.1.4_TestSR.txt,2025-12-29 23:32:19.774228
0.1.1.1.0.0.searchglobal.0,Small,4,4,PT,4,1,4,Dev,0.54998,0.5575620767494357,0.48412,0.5182520821290171,0.45002,/gpfs/projects/HeinzGroup/caffeine_underground/mlrt/FlexFringe/FlexFringe/models-ps-small/0.1.1.1.0.0.searchglobal.0.ini/0.1.1.1.0.0.searchglobal.0_04.04.PT.4.1.4_Small.final.json,/gpfs/projects/HeinzGroup/asoubki/FlexFringe/data/MLRegTest/Large/04.04.PT.4.1.4_Dev.txt,2025-12-29 23:32:19.774228
0.1.1.1.0.0.searchglobal.0,Small,4,4,PT,4,1,4,Train,0.556,0.5614035087719298,0.512,0.5355648535564853,0.444,/gpfs/projects/HeinzGroup/caffeine_underground/mlrt/FlexFringe/FlexFringe/models-ps-small/0.1.1.1.0.0.searchglobal.0.ini/0.1.1.1.0.0.searchglobal.0_04.04.PT.4.1.4_Small.final.json,/gpfs/projects/HeinzGroup/asoubki/FlexFringe/data/MLRegTest/Small/04.04.PT.4.1.4_Train.txt,2025-12-29 23:32:19.774228
0.1.1.1.0.0.searchglobal.0,Small,4,4,PT,4,1,5,TestLR,0.57962,0.6117191446371443,0.43596,0.5090968540532966,0.42038,/gpfs/projects/HeinzGroup/caffeine_underground/mlrt/FlexFringe/FlexFringe/models-ps-small/0.1.1.1.0.0.searchglobal.0.ini/0.1.1.1.0.0.searchglobal.0_04.04.PT.4.1.5_Small.final.json,/gpfs/projects/HeinzGroup/asoubki/FlexFringe/data/MLRegTest/Large/04.04.PT.4.1.5_TestLR.txt,2025-12-29 22:40:50.306447
0.1.1.1.0.0.searchglobal.0,Small,4,4,PT,4,1,5,TestLA,0.52725,0.5436013952446478,0.33974,0.41814668488227547,0.47275,/gpfs/projects/HeinzGroup/caffeine_underground/mlrt/FlexFringe/FlexFringe/models-ps-small/0.1.1.1.0.0.searchglobal.0.ini/0.1.1.1.0.0.searchglobal.0_04.04.PT.4.1.5_Small.final.json,/gpfs/projects/HeinzGroup/asoubki/FlexFringe/data/MLRegTest/Large/04.04.PT.4.1.5_TestLA.txt,2025-12-29 22:40:50.306447
0.1.1.1.0.0.searchglobal.0,Small,4,4,PT,4,1,5,TestSR,0.5723,0.5979940363242071,0.4412,0.507768442858787,0.4277,/gpfs/projects/HeinzGroup/caffeine_underground/mlrt/FlexFringe/FlexFringe/models-ps-small/0.1.1.1.0.0.searchglobal.0.ini/0.1.1.1.0.0.searchglobal.0_04.04.PT.4.1.5_Small.final.json,/gpfs/projects/HeinzGroup/asoubki/FlexFringe/data/MLRegTest/Large/04.04.PT.4.1.5_TestSR.txt,2025-12-29 22:40:50.306447
0.1.1.1.0.0.searchglobal.0,Small,4,4,PT,4,1,5,TestSA,0.54187,0.559894715761165,0.3914,0.4607253422480666,0.45813,/gpfs/projects/HeinzGroup/caffeine_underground/mlrt/FlexFringe/FlexFringe/models-ps-small/0.1.1.1.0.0.searchglobal.0.ini/0.1.1.1.0.0.searchglobal.0_04.04.PT.4.1.5_Small.final.json,/gpfs/projects/HeinzGroup/asoubki/FlexFringe/data/MLRegTest/Large/04.04.PT.4.1.5_TestSA.txt,2025-12-29 22:40:50.306447
0.1.1.1.0.0.searchglobal.0,Small,4,4,PT,4,1,5,Dev,0.57384,0.5998377501352082,0.44364,0.5100482869625201,0.42616,/gpfs/projects/HeinzGroup/caffeine_underground/mlrt/FlexFringe/FlexFringe/models-ps-small/0.1.1.1.0.0.searchglobal.0.ini/0.1.1.1.0.0.searchglobal.0_04.04.PT.4.1.5_Small.final.json,/gpfs/projects/HeinzGroup/asoubki/FlexFringe/data/MLRegTest/Large/04.04.PT.4.1.5_Dev.txt,2025-12-29 22:40:50.306447
0.1.1.1.0.0.searchglobal.0,Small,4,4,PT,4,1,5,Train,0.557,0.5768194070080862,0.428,0.49138920780711826,0.443,/gpfs/projects/HeinzGroup/caffeine_underground/mlrt/FlexFringe/FlexFringe/models-ps-small/0.1.1.1.0.0.searchglobal.0.ini/0.1.1.1.0.0.searchglobal.0_04.04.PT.4.1.5_Small.final.json,/gpfs/projects/HeinzGroup/asoubki/FlexFringe/data/MLRegTest/Small/04.04.PT.4.1.5_Train.txt,2025-12-29 22:40:50.306447
0.1.1.1.0.0.searchglobal.0,Small,4,4,PT,4,1,6,TestLR,0.57534,0.6069016402747034,0.42772,0.5017949740725968,0.42466,/gpfs/projects/HeinzGroup/caffeine_underground/mlrt/FlexFringe/FlexFringe/models-ps-small/0.1.1.1.0.0.searchglobal.0.ini/0.1.1.1.0.0.searchglobal.0_04.04.PT.4.1.6_Small.final.json,/gpfs/projects/HeinzGroup/asoubki/FlexFringe/data/MLRegTest/Large/04.04.PT.4.1.6_TestLR.txt,2025-12-29 22:35:13.936579
0.1.1.1.0.0.searchglobal.0,Small,4,4,PT,4,1,6,TestSA,0.52415,0.5345542996136786,0.3736,0.43981399729236564,0.47585,/gpfs/projects/HeinzGroup/caffeine_underground/mlrt/FlexFringe/FlexFringe/models-ps-small/0.1.1.1.0.0.searchglobal.0.ini/0.1.1.1.0.0.searchglobal.0_04.04.PT.4.1.6_Small.final.json,/gpfs/projects/HeinzGroup/asoubki/FlexFringe/data/MLRegTest/Large/04.04.PT.4.1.6_TestSA.txt,2025-12-29 22:35:13.936579
0.1.1.1.0.0.searchglobal.0,Small,4,4,PT,4,1,6,TestLA,0.5211,0.5353694515220598,0.31938,0.40008518314375907,0.4789,/gpfs/projects/HeinzGroup/caffeine_underground/mlrt/FlexFringe/FlexFringe/models-ps-small/0.1.1.1.0.0.searchglobal.0.ini/0.1.1.1.0.0.searchglobal.0_04.04.PT.4.1.6_Small.final.json,/gpfs/projects/HeinzGroup/asoubki/FlexFringe/data/MLRegTest/Large/04.04.PT.4.1.6_TestLA.txt,2025-12-29 22:35:13.936579
0.1.1.1.0.0.searchglobal.0,Small,4,4,PT,4,1,6,TestSR,0.56229,0.5835188115094795,0.4352,0.498562280189252,0.43771,/gpfs/projects/HeinzGroup/caffeine_underground/mlrt/FlexFringe/FlexFringe/models-ps-small/0.1.1.1.0.0.searchglobal.0.ini/0.1.1.1.0.0.searchglobal.0_04.04.PT.4.1.6_Small.final.json,/gpfs/projects/HeinzGroup/asoubki/FlexFringe/data/MLRegTest/Large/04.04.PT.4.1.6_TestSR.txt,2025-12-29 22:35:13.936579
0.1.1.1.0.0.searchglobal.0,Small,4,4,PT,4,1,6,Dev,0.56515,0.5874567079227857,0.43762,0.5015874471328527,0.43485,/gpfs/projects/HeinzGroup/caffeine_underground/mlrt/FlexFringe/FlexFringe/models-ps-small/0.1.1.1.0.0.searchglobal.0.ini/0.1.1.1.0.0.searchglobal.0_04.04.PT.4.1.6_Small.final.json,/gpfs/projects/HeinzGroup/asoubki/FlexFringe/data/MLRegTest/Large/04.04.PT.4.1.6_Dev.txt,2025-12-29 22:35:13.936579
0.1.1.1.0.0.searchglobal.0,Small,4,4,PT,4,1,6,Train,0.552,0.5702702702702702,0.422,0.4850574712643678,0.448,/gpfs/projects/HeinzGroup/caffeine_underground/mlrt/FlexFringe/FlexFringe/models-ps-small/0.1.1.1.0.0.searchglobal.0.ini/0.1.1.1.0.0.searchglobal.0_04.04.PT.4.1.6_Small.final.json,/gpfs/projects/HeinzGroup/asoubki/FlexFringe/data/MLRegTest/Small/04.04.PT.4.1.6_Train.txt,2025-12-29 22:35:13.936579
0.1.1.1.0.0.searchglobal.0,Small,4,4,PT,4,1,7,TestSR,0.49161,0.49040857854905456,0.42898,0.4576421263748573,0.50839,/gpfs/projects/HeinzGroup/caffeine_underground/mlrt/FlexFringe/FlexFringe/models-ps-small/0.1.1.1.0.0.searchglobal.0.ini/0.1.1.1.0.0.searchglobal.0_04.04.PT.4.1.7_Small.final.json,/gpfs/projects/HeinzGroup/asoubki/FlexFringe/data/MLRegTest/Large/04.04.PT.4.1.7_TestSR.txt,2025-12-29 22:29:09.795618
0.1.1.1.0.0.searchglobal.0,Small,4,4,PT,4,1,7,TestLR,0.47586,0.4729929293833348,0.42278,0.446479111223757,0.52414,/gpfs/projects/HeinzGroup/caffeine_underground/mlrt/FlexFringe/FlexFringe/models-ps-small/0.1.1.1.0.0.searchglobal.0.ini/0.1.1.1.0.0.searchglobal.0_04.04.PT.4.1.7_Small.final.json,/gpfs/projects/HeinzGroup/asoubki/FlexFringe/data/MLRegTest/Large/04.04.PT.4.1.7_TestLR.txt,2025-12-29 22:29:09.795618
0.1.1.1.0.0.searchglobal.0,Small,4,4,PT,4,1,7,TestLA,0.49971,0.4996939055540309,0.47342,0.48620225734561623,0.50029,/gpfs/projects/HeinzGroup/caffeine_underground/mlrt/FlexFringe/FlexFringe/models-ps-small/0.1.1.1.0.0.searchglobal.0.ini/0.1.1.1.0.0.searchglobal.0_04.04.PT.4.1.7_Small.final.json,/gpfs/projects/HeinzGroup/asoubki/FlexFringe/data/MLRegTest/Large/04.04.PT.4.1.7_TestLA.txt,2025-12-29 22:29:09.795618
0.1.1.1.0.0.searchglobal.0,Small,4,4,PT,4,1,7,TestSA,0.50256,0.502868540181973,0.44878,0.47428716366172774,0.49744,/gpfs/projects/HeinzGroup/caffeine_underground/mlrt/FlexFringe/FlexFringe/models-ps-small/0.1.1.1.0.0.searchglobal.0.ini/0.1.1.1.0.0.searchglobal.0_04.04.PT.4.1.7_Small.final.json,/gpfs/projects/HeinzGroup/asoubki/FlexFringe/data/MLRegTest/Large/04.04.PT.4.1.7_TestSA.txt,2025-12-29 22:29:09.795618
0.1.1.1.0.0.searchglobal.0,Small,4,4,PT,4,1,7,Dev,0.49195,0.4908299728886155,0.43088,0.4589053497065809,0.50805,/gpfs/projects/HeinzGroup/caffeine_underground/mlrt/FlexFringe/FlexFringe/models-ps-small/0.1.1.1.0.0.searchglobal.0.ini/0.1.1.1.0.0.searchglobal.0_04.04.PT.4.1.7_Small.final.json,/gpfs/projects/HeinzGroup/asoubki/FlexFringe/data/MLRegTest/Large/04.04.PT.4.1.7_Dev.txt,2025-12-29 22:29:09.795618
0.1.1.1.0.0.searchglobal.0,Small,4,4,PT,4,1,7,Train,0.508,0.509009009009009,0.452,0.4788135593220339,0.492,/gpfs/projects/HeinzGroup/caffeine_underground/mlrt/FlexFringe/FlexFringe/models-ps-small/0.1.1.1.0.0.searchglobal.0.ini/0.1.1.1.0.0.searchglobal.0_04.04.PT.4.1.7_Small.final.json,/gpfs/projects/HeinzGroup/asoubki/FlexFringe/data/MLRegTest/Small/04.04.PT.4.1.7_Train.txt,2025-12-29 22:29:09.795618
0.1.1.1.0.0.searchglobal.0,Small,4,4,PT,4,1,8,TestSA,0.50263,0.502621140544958,0.50432,0.5034691371582026,0.49737,/gpfs/projects/HeinzGroup/caffeine_underground/mlrt/FlexFringe/FlexFringe/models-ps-small/0.1.1.1.0.0.searchglobal.0.ini/0.1.1.1.0.0.searchglobal.0_04.04.PT.4.1.8_Small.final.json,/gpfs/projects/HeinzGroup/asoubki/FlexFringe/data/MLRegTest/Large/04.04.PT.4.1.8_TestSA.txt,2025-12-29 23:32:09.740162
0.1.1.1.0.0.searchglobal.0,Small,4,4,PT,4,1,8,TestSR,0.49771,0.497697520561443,0.495,0.49634509520801373,0.50229,/gpfs/projects/HeinzGroup/caffeine_underground/mlrt/FlexFringe/FlexFringe/models-ps-small/0.1.1.1.0.0.searchglobal.0.ini/0.1.1.1.0.0.searchglobal.0_04.04.PT.4.1.8_Small.final.json,/gpfs/projects/HeinzGroup/asoubki/FlexFringe/data/MLRegTest/Large/04.04.PT.4.1.8_TestSR.txt,2025-12-29 23:32:09.740162
0.1.1.1.0.0.searchglobal.0,Small,4,4,PT,4,1,8,TestLR,0.49447,0.49447320554078633,0.49476,0.4946165611972528,0.50553,/gpfs/projects/HeinzGroup/caffeine_underground/mlrt/FlexFringe/FlexFringe/models-ps-small/0.1.1.1.0.0.searchglobal.0.ini/0.1.1.1.0.0.searchglobal.0_04.04.PT.4.1.8_Small.final.json,/gpfs/projects/HeinzGroup/asoubki/FlexFringe/data/MLRegTest/Large/04.04.PT.4.1.8_TestLR.txt,2025-12-29 23:32:09.740162
0.1.1.1.0.0.searchglobal.0,Small,4,4,PT,4,1,8,TestLA,0.50082,0.5007992825951342,0.51378,0.5072066024324752,0.49918,/gpfs/projects/HeinzGroup/caffeine_underground/mlrt/FlexFringe/FlexFringe/models-ps-small/0.1.1.1.0.0.searchglobal.0.ini/0.1.1.1.0.0.searchglobal.0_04.04.PT.4.1.8_Small.final.json,/gpfs/projects/HeinzGroup/asoubki/FlexFringe/data/MLRegTest/Large/04.04.PT.4.1.8_TestLA.txt,2025-12-29 23:32:09.740162
0.1.1.1.0.0.searchglobal.0,Small,4,4,PT,4,1,8,Dev,0.49681,0.49680623135299656,0.49622,0.4965129426361553,0.50319,/gpfs/projects/HeinzGroup/caffeine_underground/mlrt/FlexFringe/FlexFringe/models-ps-small/0.1.1.1.0.0.searchglobal.0.ini/0.1.1.1.0.0.searchglobal.0_04.04.PT.4.1.8_Small.final.json,/gpfs/projects/HeinzGroup/asoubki/FlexFringe/data/MLRegTest/Large/04.04.PT.4.1.8_Dev.txt,2025-12-29 23:32:09.740162
0.1.1.1.0.0.searchglobal.0,Small,4,4,PT,4,1,8,Train,0.494,0.49427480916030536,0.518,0.505859375,0.506,/gpfs/projects/HeinzGroup/caffeine_underground/mlrt/FlexFringe/FlexFringe/models-ps-small/0.1.1.1.0.0.searchglobal.0.ini/0.1.1.1.0.0.searchglobal.0_04.04.PT.4.1.8_Small.final.json,/gpfs/projects/HeinzGroup/asoubki/FlexFringe/data/MLRegTest/Small/04.04.PT.4.1.8_Train.txt,2025-12-29 23:32:09.740162
0.1.1.1.0.0.searchglobal.0,Small,4,4,PT,4,1,9,TestSR,0.53464,0.5390811859740963,0.47782,0.5066053139379546,0.46536,/gpfs/projects/HeinzGroup/caffeine_underground/mlrt/FlexFringe/FlexFringe/models-ps-small/0.1.1.1.0.0.searchglobal.0.ini/0.1.1.1.0.0.searchglobal.0_04.04.PT.4.1.9_Small.final.json,/gpfs/projects/HeinzGroup/asoubki/FlexFringe/data/MLRegTest/Large/04.04.PT.4.1.9_TestSR.txt,2025-12-29 22:06:12.733202
0.1.1.1.0.0.searchglobal.0,Small,4,4,PT,4,1,9,TestLA,0.50477,0.5059887005649718,0.40302,0.4486724185917061,0.49523,/gpfs/projects/HeinzGroup/caffeine_underground/mlrt/FlexFringe/FlexFringe/models-ps-small/0.1.1.1.0.0.searchglobal.0.ini/0.1.1.1.0.0.searchglobal.0_04.04.PT.4.1.9_Small.final.json,/gpfs/projects/HeinzGroup/asoubki/FlexFringe/data/MLRegTest/Large/04.04.PT.4.1.9_TestLA.txt,2025-12-29 22:06:12.733202
0.1.1.1.0.0.searchglobal.0,Small,4,4,PT,4,1,9,TestSA,0.50764,0.5089742987360805,0.4333,0.46809843787135663,0.49236,/gpfs/projects/HeinzGroup/caffeine_underground/mlrt/FlexFringe/FlexFringe/models-ps-small/0.1.1.1.0.0.searchglobal.0.ini/0.1.1.1.0.0.searchglobal.0_04.04.PT.4.1.9_Small.final.json,/gpfs/projects/HeinzGroup/asoubki/FlexFringe/data/MLRegTest/Large/04.04.PT.4.1.9_TestSA.txt,2025-12-29 22:06:12.733202
0.1.1.1.0.0.searchglobal.0,Small,4,4,PT,4,1,9,TestLR,0.53888,0.5450688551954375,0.47022,0.5048854338909529,0.46112,/gpfs/projects/HeinzGroup/caffeine_underground/mlrt/FlexFringe/FlexFringe/models-ps-small/0.1.1.1.0.0.searchglobal.0.ini/0.1.1.1.0.0.searchglobal.0_04.04.PT.4.1.9_Small.final.json,/gpfs/projects/HeinzGroup/asoubki/FlexFringe/data/MLRegTest/Large/04.04.PT.4.1.9_TestLR.txt,2025-12-29 22:06:12.733202
0.1.1.1.0.0.searchglobal.0,Small,4,4,PT,4,1,9,Dev,0.53444,0.5386653493802767,0.4798,0.5075315223830076,0.46556,/gpfs/projects/HeinzGroup/caffeine_underground/mlrt/FlexFringe/FlexFringe/models-ps-small/0.1.1.1.0.0.searchglobal.0.ini/0.1.1.1.0.0.searchglobal.0_04.04.PT.4.1.9_Small.final.json,/gpfs/projects/HeinzGroup/asoubki/FlexFringe/data/MLRegTest/Large/04.04.PT.4.1.9_Dev.txt,2025-12-29 22:06:12.733202
0.1.1.1.0.0.searchglobal.0,Small,4,4,PT,4,1,9,Train,0.547,0.5542725173210161,0.48,0.5144694533762058,0.453,/gpfs/projects/HeinzGroup/caffeine_underground/mlrt/FlexFringe/FlexFringe/models-ps-small/0.1.1.1.0.0.searchglobal.0.ini/0.1.1.1.0.0.searchglobal.0_04.04.PT.4.1.9_Small.final.json,/gpfs/projects/HeinzGroup/asoubki/FlexFringe/data/MLRegTest/Small/04.04.PT.4.1.9_Train.txt,2025-12-29 22:06:12.733202
0.1.1.1.0.0.searchglobal.0,Small,4,4,PT,6,1,0,TestSR,0.50919,0.5113717920162348,0.41326,0.4571106219651133,0.49081,/gpfs/projects/HeinzGroup/caffeine_underground/mlrt/FlexFringe/FlexFringe/models-ps-small/0.1.1.1.0.0.searchglobal.0.ini/0.1.1.1.0.0.searchglobal.0_04.04.PT.6.1.0_Small.final.json,/gpfs/projects/HeinzGroup/asoubki/FlexFringe/data/MLRegTest/Large/04.04.PT.6.1.0_TestSR.txt,2025-12-29 22:13:10.768575
0.1.1.1.0.0.searchglobal.0,Small,4,4,PT,6,1,0,TestLR,0.50649,0.5082016934158979,0.40214,0.44899235192318426,0.49351,/gpfs/projects/HeinzGroup/caffeine_underground/mlrt/FlexFringe/FlexFringe/models-ps-small/0.1.1.1.0.0.searchglobal.0.ini/0.1.1.1.0.0.searchglobal.0_04.04.PT.6.1.0_Small.final.json,/gpfs/projects/HeinzGroup/asoubki/FlexFringe/data/MLRegTest/Large/04.04.PT.6.1.0_TestLR.txt,2025-12-29 22:13:10.768575
0.1.1.1.0.0.searchglobal.0,Small,4,4,PT,6,1,0,TestSA,0.50328,0.504060612062989,0.40716,0.45045802540160196,0.49672,/gpfs/projects/HeinzGroup/caffeine_underground/mlrt/FlexFringe/FlexFringe/models-ps-small/0.1.1.1.0.0.searchglobal.0.ini/0.1.1.1.0.0.searchglobal.0_04.04.PT.6.1.0_Small.final.json,/gpfs/projects/HeinzGroup/asoubki/FlexFringe/data/MLRegTest/Large/04.04.PT.6.1.0_TestSA.txt,2025-12-29 22:13:10.768575
0.1.1.1.0.0.searchglobal.0,Small,4,4,PT,6,1,0,TestLA,0.50137,0.5017333434550469,0.39656,0.44298975636457066,0.49863,/gpfs/projects/HeinzGroup/caffeine_underground/mlrt/FlexFringe/FlexFringe/models-ps-small/0.1.1.1.0.0.searchglobal.0.ini/0.1.1.1.0.0.searchglobal.0_04.04.PT.6.1.0_Small.final.json,/gpfs/projects/HeinzGroup/asoubki/FlexFringe/data/MLRegTest/Large/04.04.PT.6.1.0_TestLA.txt,2025-12-29 22:13:10.768575
0.1.1.1.0.0.searchglobal.0,Small,4,4,PT,6,1,0,Dev,0.50645,0.5080138160673906,0.40888,0.45308777412098444,0.49355,/gpfs/projects/HeinzGroup/caffeine_underground/mlrt/FlexFringe/FlexFringe/models-ps-small/0.1.1.1.0.0.searchglobal.0.ini/0.1.1.1.0.0.searchglobal.0_04.04.PT.6.1.0_Small.final.json,/gpfs/projects/HeinzGroup/asoubki/FlexFringe/data/MLRegTest/Large/04.04.PT.6.1.0_Dev.txt,2025-12-29 22:13:10.768575
0.1.1.1.0.0.searchglobal.0,Small,4,4,PT,6,1,0,Train,0.524,0.53,0.424,0.4711111111111111,0.476,/gpfs/projects/HeinzGroup/caffeine_underground/mlrt/FlexFringe/FlexFringe/models-ps-small/0.1.1.1.0.0.searchglobal.0.ini/0.1.1.1.0.0.searchglobal.0_04.04.PT.6.1.0_Small.final.json,/gpfs/projects/HeinzGroup/asoubki/FlexFringe/data/MLRegTest/Small/04.04.PT.6.1.0_Train.txt,2025-12-29 22:13:10.768575
0.1.1.1.0.0.searchglobal.0,Small,4,4,PT,6,1,1,TestLA,0.51165,0.5168357466978815,0.35764,0.42274731379803543,0.48835,/gpfs/projects/HeinzGroup/caffeine_underground/mlrt/FlexFringe/FlexFringe/models-ps-small/0.1.1.1.0.0.searchglobal.0.ini/0.1.1.1.0.0.searchglobal.0_04.04.PT.6.1.1_Small.final.json,/gpfs/projects/HeinzGroup/asoubki/FlexFringe/data/MLRegTest/Large/04.04.PT.6.1.1_TestLA.txt,2025-12-29 23:04:04.554549
0.1.1.1.0.0.searchglobal.0,Small,4,4,PT,6,1,1,TestLR,0.55335,0.5697513270402427,0.43578,0.4938408712305792,0.44665,/gpfs/projects/HeinzGroup/caffeine_underground/mlrt/FlexFringe/FlexFringe/models-ps-small/0.1.1.1.0.0.searchglobal.0.ini/0.1.1.1.0.0.searchglobal.0_04.04.PT.6.1.1_Small.final.json,/gpfs/projects/HeinzGroup/asoubki/FlexFringe/data/MLRegTest/Large/04.04.PT.6.1.1_TestLR.txt,2025-12-29 23:04:04.554549
0.1.1.1.0.0.searchglobal.0,Small,4,4,PT,6,1,1,TestSR,0.54857,0.5590258367158447,0.46,0.5047014032893365,0.45143,/gpfs/projects/HeinzGroup/caffeine_underground/mlrt/FlexFringe/FlexFringe/models-ps-small/0.1.1.1.0.0.searchglobal.0.ini/0.1.1.1.0.0.searchglobal.0_04.04.PT.6.1.1_Small.final.json,/gpfs/projects/HeinzGroup/asoubki/FlexFringe/data/MLRegTest/Large/04.04.PT.6.1.1_TestSR.txt,2025-12-29 23:04:04.554549
0.1.1.1.0.0.searchglobal.0,Small,4,4,PT,6,1,1,TestSA,0.51754,0.522037390692532,0.4155,0.46271548844046506,0.48246,/gpfs/projects/HeinzGroup/caffeine_underground/mlrt/FlexFringe/FlexFringe/models-ps-small/0.1.1.1.0.0.searchglobal.0.ini/0.1.1.1.0.0.searchglobal.0_04.04.PT.6.1.1_Small.final.json,/gpfs/projects/HeinzGroup/asoubki/FlexFringe/data/MLRegTest/Large/04.04.PT.6.1.1_TestSA.txt,2025-12-29 23:04:04.554549
0.1.1.1.0.0.searchglobal.0,Small,4,4,PT,6,1,1,Dev,0.54741,0.5580137539463058,0.45602,0.5018874984866994,0.45259,/gpfs/projects/HeinzGroup/caffeine_underground/mlrt/FlexFringe/FlexFringe/models-ps-small/0.1.1.1.0.0.searchglobal.0.ini/0.1.1.1.0.0.searchglobal.0_04.04.PT.6.1.1_Small.final.json,/gpfs/projects/HeinzGroup/asoubki/FlexFringe/data/MLRegTest/Large/04.04.PT.6.1.1_Dev.txt,2025-12-29 23:04:04.554549
0.1.1.1.0.0.searchglobal.0,Small,4,4,PT,6,1,1,Train,0.562,0.5717592592592593,0.494,0.5300429184549357,0.438,/gpfs/projects/HeinzGroup/caffeine_underground/mlrt/FlexFringe/FlexFringe/models-ps-small/0.1.1.1.0.0.searchglobal.0.ini/0.1.1.1.0.0.searchglobal.0_04.04.PT.6.1.1_Small.final.json,/gpfs/projects/HeinzGroup/asoubki/FlexFringe/data/MLRegTest/Small/04.04.PT.6.1.1_Train.txt,2025-12-29 23:04:04.554549
0.1.1.1.0.0.searchglobal.0,Small,4,4,PT,6,1,2,TestLR,0.49327,0.4918148427428182,0.40438,0.4438322485759129,0.50673,/gpfs/projects/HeinzGroup/caffeine_underground/mlrt/FlexFringe/FlexFringe/models-ps-small/0.1.1.1.0.0.searchglobal.0.ini/0.1.1.1.0.0.searchglobal.0_04.04.PT.6.1.2_Small.final.json,/gpfs/projects/HeinzGroup/asoubki/FlexFringe/data/MLRegTest/Large/04.04.PT.6.1.2_TestLR.txt,2025-12-29 22:15:38.488492
0.1.1.1.0.0.searchglobal.0,Small,4,4,PT,6,1,2,TestLA,0.49819,0.49785417901600476,0.41994,0.4555899104963385,0.50181,/gpfs/projects/HeinzGroup/caffeine_underground/mlrt/FlexFringe/FlexFringe/models-ps-small/0.1.1.1.0.0.searchglobal.0.ini/0.1.1.1.0.0.searchglobal.0_04.04.PT.6.1.2_Small.final.json,/gpfs/projects/HeinzGroup/asoubki/FlexFringe/data/MLRegTest/Large/04.04.PT.6.1.2_TestLA.txt,2025-12-29 22:15:38.488492
0.1.1.1.0.0.searchglobal.0,Small,4,4,PT,6,1,2,TestSR,0.49701,0.4962870979759096,0.39966,0.442762975682712,0.50299,/gpfs/projects/HeinzGroup/caffeine_underground/mlrt/FlexFringe/FlexFringe/models-ps-small/0.1.1.1.0.0.searchglobal.0.ini/0.1.1.1.0.0.searchglobal.0_04.04.PT.6.1.2_Small.final.json,/gpfs/projects/HeinzGroup/asoubki/FlexFringe/data/MLRegTest/Large/04.04.PT.6.1.2_TestSR.txt,2025-12-29 22:15:38.488492
0.1.1.1.0.0.searchglobal.0,Small,4,4,PT,6,1,2,TestSA,0.50233,0.5028551822169939,0.41036,0.45192339460149994,0.49767,/gpfs/projects/HeinzGroup/caffeine_underground/mlrt/FlexFringe/FlexFringe/models-ps-small/0.1.1.1.0.0.searchglobal.0.ini/0.1.1.1.0.0.searchglobal.0_04.04.PT.6.1.2_Small.final.json,/gpfs/projects/HeinzGroup/asoubki/FlexFringe/data/MLRegTest/Large/04.04.PT.6.1.2_TestSA.txt,2025-12-29 22:15:38.488492
0.1.1.1.0.0.searchglobal.0,Small,4,4,PT,6,1,2,Dev,0.49909,0.4988725623807518,0.40266,0.4456323251103954,0.50091,/gpfs/projects/HeinzGroup/caffeine_underground/mlrt/FlexFringe/FlexFringe/models-ps-small/0.1.1.1.0.0.searchglobal.0.ini/0.1.1.1.0.0.searchglobal.0_04.04.PT.6.1.2_Small.final.json,/gpfs/projects/HeinzGroup/asoubki/FlexFringe/data/MLRegTest/Large/04.04.PT.6.1.2_Dev.txt,2025-12-29 22:15:38.488492
0.1.1.1.0.0.searchglobal.0,Small,4,4,PT,6,1,2,Train,0.501,0.5011990407673861,0.418,0.4558342420937841,0.499,/gpfs/projects/HeinzGroup/caffeine_underground/mlrt/FlexFringe/FlexFringe/models-ps-small/0.1.1.1.0.0.searchglobal.0.ini/0.1.1.1.0.0.searchglobal.0_04.04.PT.6.1.2_Small.final.json,/gpfs/projects/HeinzGroup/asoubki/FlexFringe/data/MLRegTest/Small/04.04.PT.6.1.2_Train.txt,2025-12-29 22:15:38.488492
0.1.1.1.0.0.searchglobal.0,Small,4,4,PT,6,1,3,TestLR,0.51024,0.5113505364902013,0.46132,0.48504857635530135,0.48976,/gpfs/projects/HeinzGroup/caffeine_underground/mlrt/FlexFringe/FlexFringe/models-ps-small/0.1.1.1.0.0.searchglobal.0.ini/0.1.1.1.0.0.searchglobal.0_04.04.PT.6.1.3_Small.final.json,/gpfs/projects/HeinzGroup/asoubki/FlexFringe/data/MLRegTest/Large/04.04.PT.6.1.3_TestLR.txt,2025-12-29 23:06:04.468930
0.1.1.1.0.0.searchglobal.0,Small,4,4,PT,6,1,3,TestSA,0.50766,0.5085464363814879,0.4558,0.48073069377939964,0.49234,/gpfs/projects/HeinzGroup/caffeine_underground/mlrt/FlexFringe/FlexFringe/models-ps-small/0.1.1.1.0.0.searchglobal.0.ini/0.1.1.1.0.0.searchglobal.0_04.04.PT.6.1.3_Small.final.json,/gpfs/projects/HeinzGroup/asoubki/FlexFringe/data/MLRegTest/Large/04.04.PT.6.1.3_TestSA.txt,2025-12-29 23:06:04.468930
0.1.1.1.0.0.searchglobal.0,Small,4,4,PT,6,1,3,TestLA,0.50569,0.5064017461353255,0.4501,0.47659385224637607,0.49431,/gpfs/projects/HeinzGroup/caffeine_underground/mlrt/FlexFringe/FlexFringe/models-ps-small/0.1.1.1.0.0.searchglobal.0.ini/0.1.1.1.0.0.searchglobal.0_04.04.PT.6.1.3_Small.final.json,/gpfs/projects/HeinzGroup/asoubki/FlexFringe/data/MLRegTest/Large/04.04.PT.6.1.3_TestLA.txt,2025-12-29 23:06:04.468930
0.1.1.1.0.0.searchglobal.0,Small,4,4,PT,6,1,3,TestSR,0.51421,0.5156274056966897,0.46886,0.49113287592311317,0.48579,/gpfs/projects/HeinzGroup/caffeine_underground/mlrt/FlexFringe/FlexFringe/models-ps-small/0.1.1.1.0.0.searchglobal.0.ini/0.1.1.1.0.0.searchglobal.0_04.04.PT.6.1.3_Small.final.json,/gpfs/projects/HeinzGroup/asoubki/FlexFringe/data/MLRegTest/Large/04.04.PT.6.1.3_TestSR.txt,2025-12-29 23:06:04.468930
0.1.1.1.0.0.searchglobal.0,Small,4,4,PT,6,1,3,Dev,0.51229,0.5135684161716974,0.46518,0.48817806882221454,0.48771,/gpfs/projects/HeinzGroup/caffeine_underground/mlrt/FlexFringe/FlexFringe/models-ps-small/0.1.1.1.0.0.searchglobal.0.ini/0.1.1.1.0.0.searchglobal.0_04.04.PT.6.1.3_Small.final.json,/gpfs/projects/HeinzGroup/asoubki/FlexFringe/data/MLRegTest/Large/04.04.PT.6.1.3_Dev.txt,2025-12-29 23:06:04.468930
0.1.1.1.0.0.searchglobal.0,Small,4,4,PT,6,1,3,Train,0.484,0.4822222222222222,0.434,0.4568421052631579,0.516,/gpfs/projects/HeinzGroup/caffeine_underground/mlrt/FlexFringe/FlexFringe/models-ps-small/0.1.1.1.0.0.searchglobal.0.ini/0.1.1.1.0.0.searchglobal.0_04.04.PT.6.1.3_Small.final.json,/gpfs/projects/HeinzGroup/asoubki/FlexFringe/data/MLRegTest/Small/04.04.PT.6.1.3_Train.txt,2025-12-29 23:06:04.468930
0.1.1.1.0.0.searchglobal.0,Small,4,4,PT,6,1,4,TestLA,0.50646,0.5085535723743446,0.38408,0.43763815774480985,0.49354,/gpfs/projects/HeinzGroup/caffeine_underground/mlrt/FlexFringe/FlexFringe/models-ps-small/0.1.1.1.0.0.searchglobal.0.ini/0.1.1.1.0.0.searchglobal.0_04.04.PT.6.1.4_Small.final.json,/gpfs/projects/HeinzGroup/asoubki/FlexFringe/data/MLRegTest/Large/04.04.PT.6.1.4_TestLA.txt,2025-12-29 23:28:19.517194
0.1.1.1.0.0.searchglobal.0,Small,4,4,PT,6,1,4,TestSR,0.52233,0.5270253915232493,0.43546,0.4768871902138797,0.47767,/gpfs/projects/HeinzGroup/caffeine_underground/mlrt/FlexFringe/FlexFringe/models-ps-small/0.1.1.1.0.0.searchglobal.0.ini/0.1.1.1.0.0.searchglobal.0_04.04.PT.6.1.4_Small.final.json,/gpfs/projects/HeinzGroup/asoubki/FlexFringe/data/MLRegTest/Large/04.04.PT.6.1.4_TestSR.txt,2025-12-29 23:28:19.517194
0.1.1.1.0.0.searchglobal.0,Small,4,4,PT,6,1,4,TestLR,0.53133,0.5395730706075533,0.42718,0.4768432215214601,0.46867,/gpfs/projects/HeinzGroup/caffeine_underground/mlrt/FlexFringe/FlexFringe/models-ps-small/0.1.1.1.0.0.searchglobal.0.ini/0.1.1.1.0.0.searchglobal.0_04.04.PT.6.1.4_Small.final.json,/gpfs/projects/HeinzGroup/asoubki/FlexFringe/data/MLRegTest/Large/04.04.PT.6.1.4_TestLR.txt,2025-12-29 23:28:19.517194
0.1.1.1.0.0.searchglobal.0,Small,4,4,PT,6,1,4,TestSA,0.50657,0.5079944513397094,0.41748,0.4583109198493814,0.49343,/gpfs/projects/HeinzGroup/caffeine_underground/mlrt/FlexFringe/FlexFringe/models-ps-small/0.1.1.1.0.0.searchglobal.0.ini/0.1.1.1.0.0.searchglobal.0_04.04.PT.6.1.4_Small.final.json,/gpfs/projects/HeinzGroup/asoubki/FlexFringe/data/MLRegTest/Large/04.04.PT.6.1.4_TestSA.txt,2025-12-29 23:28:19.517194
0.1.1.1.0.0.searchglobal.0,Small,4,4,PT,6,1,4,Dev,0.52528,0.5306216386452832,0.43806,0.47991849076447773,0.47472,/gpfs/projects/HeinzGroup/caffeine_underground/mlrt/FlexFringe/FlexFringe/models-ps-small/0.1.1.1.0.0.searchglobal.0.ini/0.1.1.1.0.0.searchglobal.0_04.04.PT.6.1.4_Small.final.json,/gpfs/projects/HeinzGroup/asoubki/FlexFringe/data/MLRegTest/Large/04.04.PT.6.1.4_Dev.txt,2025-12-29 23:28:19.517194
0.1.1.1.0.0.searchglobal.0,Small,4,4,PT,6,1,4,Train,0.539,0.5474452554744526,0.45,0.49396267837541163,0.461,/gpfs/projects/HeinzGroup/caffeine_underground/mlrt/FlexFringe/FlexFringe/models-ps-small/0.1.1.1.0.0.searchglobal.0.ini/0.1.1.1.0.0.searchglobal.0_04.04.PT.6.1.4_Small.final.json,/gpfs/projects/HeinzGroup/asoubki/FlexFringe/data/MLRegTest/Small/04.04.PT.6.1.4_Train.txt,2025-12-29 23:28:19.517194
0.1.1.1.0.0.searchglobal.0,Small,4,4,PT,6,1,5,TestLA,0.51218,0.5185772680129339,0.34,0.4107173056944746,0.48782,/gpfs/projects/HeinzGroup/caffeine_underground/mlrt/FlexFringe/FlexFringe/models-ps-small/0.1.1.1.0.0.searchglobal.0.ini/0.1.1.1.0.0.searchglobal.0_04.04.PT.6.1.5_Small.final.json,/gpfs/projects/HeinzGroup/asoubki/FlexFringe/data/MLRegTest/Large/04.04.PT.6.1.5_TestLA.txt,2025-12-29 22:34:05.991025
0.1.1.1.0.0.searchglobal.0,Small,4,4,PT,6,1,5,TestLR,0.53258,0.5474788691343632,0.37568,0.44559364250978534,0.46742,/gpfs/projects/HeinzGroup/caffeine_underground/mlrt/FlexFringe/FlexFringe/models-ps-small/0.1.1.1.0.0.searchglobal.0.ini/0.1.1.1.0.0.searchglobal.0_04.04.PT.6.1.5_Small.final.json,/gpfs/projects/HeinzGroup/asoubki/FlexFringe/data/MLRegTest/Large/04.04.PT.6.1.5_TestLR.txt,2025-12-29 22:34:05.991025
0.1.1.1.0.0.searchglobal.0,Small,4,4,PT,6,1,5,TestSA,0.52165,0.5293989842752777,0.38986,0.44903882701189807,0.47835,/gpfs/projects/HeinzGroup/caffeine_underground/mlrt/FlexFringe/FlexFringe/models-ps-small/0.1.1.1.0.0.searchglobal.0.ini/0.1.1.1.0.0.searchglobal.0_04.04.PT.6.1.5_Small.final.json,/gpfs/projects/HeinzGroup/asoubki/FlexFringe/data/MLRegTest/Large/04.04.PT.6.1.5_TestSA.txt,2025-12-29 22:34:05.991025
0.1.1.1.0.0.searchglobal.0,Small,4,4,PT,6,1,5,TestSR,0.53953,0.5540248735820692,0.40538,0.46818733036900156,0.46047,/gpfs/projects/HeinzGroup/caffeine_underground/mlrt/FlexFringe/FlexFringe/models-ps-small/0.1.1.1.0.0.searchglobal.0.ini/0.1.1.1.0.0.searchglobal.0_04.04.PT.6.1.5_Small.final.json,/gpfs/projects/HeinzGroup/asoubki/FlexFringe/data/MLRegTest/Large/04.04.PT.6.1.5_TestSR.txt,2025-12-29 22:34:05.991025
0.1.1.1.0.0.searchglobal.0,Small,4,4,PT,6,1,5,Dev,0.53954,0.5547524094383516,0.40062,0.4652529381706694,0.46046,/gpfs/projects/HeinzGroup/caffeine_underground/mlrt/FlexFringe/FlexFringe/models-ps-small/0.1.1.1.0.0.searchglobal.0.ini/0.1.1.1.0.0.searchglobal.0_04.04.PT.6.1.5_Small.final.json,/gpfs/projects/HeinzGroup/asoubki/FlexFringe/data/MLRegTest/Large/04.04.PT.6.1.5_Dev.txt,2025-12-29 22:34:05.991025
0.1.1.1.0.0.searchglobal.0,Small,4,4,PT,6,1,5,Train,0.533,0.5433070866141733,0.414,0.4699205448354143,0.467,/gpfs/projects/HeinzGroup/caffeine_underground/mlrt/FlexFringe/FlexFringe/models-ps-small/0.1.1.1.0.0.searchglobal.0.ini/0.1.1.1.0.0.searchglobal.0_04.04.PT.6.1.5_Small.final.json,/gpfs/projects/HeinzGroup/asoubki/FlexFringe/data/MLRegTest/Small/04.04.PT.6.1.5_Train.txt,2025-12-29 22:34:05.991025
0.1.1.1.0.0.searchglobal.0,Small,4,4,PT,6,1,6,TestLA,0.50557,0.5069724357209023,0.405,0.4502851806143891,0.49443,/gpfs/projects/HeinzGroup/caffeine_underground/mlrt/FlexFringe/FlexFringe/models-ps-small/0.1.1.1.0.0.searchglobal.0.ini/0.1.1.1.0.0.searchglobal.0_04.04.PT.6.1.6_Small.final.json,/gpfs/projects/HeinzGroup/asoubki/FlexFringe/data/MLRegTest/Large/04.04.PT.6.1.6_TestLA.txt,2025-12-29 22:18:13.887195
0.1.1.1.0.0.searchglobal.0,Small,4,4,PT,6,1,6,TestSA,0.50617,0.5072528505936288,0.43152,0.4663316582914573,0.49383,/gpfs/projects/HeinzGroup/caffeine_underground/mlrt/FlexFringe/FlexFringe/models-ps-small/0.1.1.1.0.0.searchglobal.0.ini/0.1.1.1.0.0.searchglobal.0_04.04.PT.6.1.6_Small.final.json,/gpfs/projects/HeinzGroup/asoubki/FlexFringe/data/MLRegTest/Large/04.04.PT.6.1.6_TestSA.txt,2025-12-29 22:18:13.887195
0.1.1.1.0.0.searchglobal.0,Small,4,4,PT,6,1,6,TestLR,0.52627,0.5311913751751324,0.44738,0.48569660518287716,0.47373,/gpfs/projects/HeinzGroup/caffeine_underground/mlrt/FlexFringe/FlexFringe/models-ps-small/0.1.1.1.0.0.searchglobal.0.ini/0.1.1.1.0.0.searchglobal.0_04.04.PT.6.1.6_Small.final.json,/gpfs/projects/HeinzGroup/asoubki/FlexFringe/data/MLRegTest/Large/04.04.PT.6.1.6_TestLR.txt,2025-12-29 22:18:13.887195
0.1.1.1.0.0.searchglobal.0,Small,4,4,PT,6,1,6,TestSR,0.51983,0.5228198577642753,0.45432,0.48616892636625325,0.48017,/gpfs/projects/HeinzGroup/caffeine_underground/mlrt/FlexFringe/FlexFringe/models-ps-small/0.1.1.1.0.0.searchglobal.0.ini/0.1.1.1.0.0.searchglobal.0_04.04.PT.6.1.6_Small.final.json,/gpfs/projects/HeinzGroup/asoubki/FlexFringe/data/MLRegTest/Large/04.04.PT.6.1.6_TestSR.txt,2025-12-29 22:18:13.887195
0.1.1.1.0.0.searchglobal.0,Small,4,4,PT,6,1,6,Dev,0.52341,0.5271432878046518,0.45464,0.48821451198951926,0.47659,/gpfs/projects/HeinzGroup/caffeine_underground/mlrt/FlexFringe/FlexFringe/models-ps-small/0.1.1.1.0.0.searchglobal.0.ini/0.1.1.1.0.0.searchglobal.0_04.04.PT.6.1.6_Small.final.json,/gpfs/projects/HeinzGroup/asoubki/FlexFringe/data/MLRegTest/Large/04.04.PT.6.1.6_Dev.txt,2025-12-29 22:18:13.887195
0.1.1.1.0.0.searchglobal.0,Small,4,4,PT,6,1,6,Train,0.558,0.5644444444444444,0.508,0.5347368421052632,0.442,/gpfs/projects/HeinzGroup/caffeine_underground/mlrt/FlexFringe/FlexFringe/models-ps-small/0.1.1.1.0.0.searchglobal.0.ini/0.1.1.1.0.0.searchglobal.0_04.04.PT.6.1.6_Small.final.json,/gpfs/projects/HeinzGroup/asoubki/FlexFringe/data/MLRegTest/Small/04.04.PT.6.1.6_Train.txt,2025-12-29 22:18:13.887195
0.1.1.1.0.0.searchglobal.0,Small,4,4,PT,6,1,7,TestLA,0.49947,0.4994135221865663,0.45132,0.47415033881388874,0.50053,/gpfs/projects/HeinzGroup/caffeine_underground/mlrt/FlexFringe/FlexFringe/models-ps-small/0.1.1.1.0.0.searchglobal.0.ini/0.1.1.1.0.0.searchglobal.0_04.04.PT.6.1.7_Small.final.json,/gpfs/projects/HeinzGroup/asoubki/FlexFringe/data/MLRegTest/Large/04.04.PT.6.1.7_TestLA.txt,2025-12-29 23:04:42.286302
0.1.1.1.0.0.searchglobal.0,Small,4,4,PT,6,1,7,TestSR,0.4966,0.49598829526146876,0.42036,0.4550532605871655,0.5034,/gpfs/projects/HeinzGroup/caffeine_underground/mlrt/FlexFringe/FlexFringe/models-ps-small/0.1.1.1.0.0.searchglobal.0.ini/0.1.1.1.0.0.searchglobal.0_04.04.PT.6.1.7_Small.final.json,/gpfs/projects/HeinzGroup/asoubki/FlexFringe/data/MLRegTest/Large/04.04.PT.6.1.7_TestSR.txt,2025-12-29 23:04:42.286302
0.1.1.1.0.0.searchglobal.0,Small,4,4,PT,6,1,7,TestSA,0.50322,0.5037749120750293,0.42972,0.46381003777657853,0.49678,/gpfs/projects/HeinzGroup/caffeine_underground/mlrt/FlexFringe/FlexFringe/models-ps-small/0.1.1.1.0.0.searchglobal.0.ini/0.1.1.1.0.0.searchglobal.0_04.04.PT.6.1.7_Small.final.json,/gpfs/projects/HeinzGroup/asoubki/FlexFringe/data/MLRegTest/Large/04.04.PT.6.1.7_TestSA.txt,2025-12-29 23:04:42.286302
0.1.1.1.0.0.searchglobal.0,Small,4,4,PT,6,1,7,TestLR,0.47681,0.47315039944425147,0.40866,0.43854697644470675,0.52319,/gpfs/projects/HeinzGroup/caffeine_underground/mlrt/FlexFringe/FlexFringe/models-ps-small/0.1.1.1.0.0.searchglobal.0.ini/0.1.1.1.0.0.searchglobal.0_04.04.PT.6.1.7_Small.final.json,/gpfs/projects/HeinzGroup/asoubki/FlexFringe/data/MLRegTest/Large/04.04.PT.6.1.7_TestLR.txt,2025-12-29 23:04:42.286302
0.1.1.1.0.0.searchglobal.0,Small,4,4,PT,6,1,7,Dev,0.49303,0.49174503162233224,0.4152,0.45024236312176713,0.50697,/gpfs/projects/HeinzGroup/caffeine_underground/mlrt/FlexFringe/FlexFringe/models-ps-small/0.1.1.1.0.0.searchglobal.0.ini/0.1.1.1.0.0.searchglobal.0_04.04.PT.6.1.7_Small.final.json,/gpfs/projects/HeinzGroup/asoubki/FlexFringe/data/MLRegTest/Large/04.04.PT.6.1.7_Dev.txt,2025-12-29 23:04:42.286302
0.1.1.1.0.0.searchglobal.0,Small,4,4,PT,6,1,7,Train,0.467,0.45925925925925926,0.372,0.41104972375690607,0.533,/gpfs/projects/HeinzGroup/caffeine_underground/mlrt/FlexFringe/FlexFringe/models-ps-small/0.1.1.1.0.0.searchglobal.0.ini/0.1.1.1.0.0.searchglobal.0_04.04.PT.6.1.7_Small.final.json,/gpfs/projects/HeinzGroup/asoubki/FlexFringe/data/MLRegTest/Small/04.04.PT.6.1.7_Train.txt,2025-12-29 23:04:42.286302
0.1.1.1.0.0.searchglobal.0,Small,4,4,PT,6,1,8,TestSA,0.50421,0.5053981279651237,0.39416,0.44290128658913425,0.49579,/gpfs/projects/HeinzGroup/caffeine_underground/mlrt/FlexFringe/FlexFringe/models-ps-small/0.1.1.1.0.0.searchglobal.0.ini/0.1.1.1.0.0.searchglobal.0_04.04.PT.6.1.8_Small.final.json,/gpfs/projects/HeinzGroup/asoubki/FlexFringe/data/MLRegTest/Large/04.04.PT.6.1.8_TestSA.txt,2025-12-29 22:06:06.473535
0.1.1.1.0.0.searchglobal.0,Small,4,4,PT,6,1,8,TestLR,0.5202,0.5261929460580913,0.4058,0.4582204155374887,0.4798,/gpfs/projects/HeinzGroup/caffeine_underground/mlrt/FlexFringe/FlexFringe/models-ps-small/0.1.1.1.0.0.searchglobal.0.ini/0.1.1.1.0.0.searchglobal.0_04.04.PT.6.1.8_Small.final.json,/gpfs/projects/HeinzGroup/asoubki/FlexFringe/data/MLRegTest/Large/04.04.PT.6.1.8_TestLR.txt,2025-12-29 22:06:06.473535
0.1.1.1.0.0.searchglobal.0,Small,4,4,PT,6,1,8,TestLA,0.50452,0.5061479869423287,0.37212,0.4289073305670816,0.49548,/gpfs/projects/HeinzGroup/caffeine_underground/mlrt/FlexFringe/FlexFringe/models-ps-small/0.1.1.1.0.0.searchglobal.0.ini/0.1.1.1.0.0.searchglobal.0_04.04.PT.6.1.8_Small.final.json,/gpfs/projects/HeinzGroup/asoubki/FlexFringe/data/MLRegTest/Large/04.04.PT.6.1.8_TestLA.txt,2025-12-29 22:06:06.473535
0.1.1.1.0.0.searchglobal.0,Small,4,4,PT,6,1,8,TestSR,0.5161,0.5204928465964055,0.40892,0.4580094531932528,0.4839,/gpfs/projects/HeinzGroup/caffeine_underground/mlrt/FlexFringe/FlexFringe/models-ps-small/0.1.1.1.0.0.searchglobal.0.ini/0.1.1.1.0.0.searchglobal.0_04.04.PT.6.1.8_Small.final.json,/gpfs/projects/HeinzGroup/asoubki/FlexFringe/data/MLRegTest/Large/04.04.PT.6.1.8_TestSR.txt,2025-12-29 22:06:06.473535
0.1.1.1.0.0.searchglobal.0,Small,4,4,PT,6,1,8,Dev,0.51679,0.5213033217448677,0.41086,0.4595389622736475,0.48321,/gpfs/projects/HeinzGroup/caffeine_underground/mlrt/FlexFringe/FlexFringe/models-ps-small/0.1.1.1.0.0.searchglobal.0.ini/0.1.1.1.0.0.searchglobal.0_04.04.PT.6.1.8_Small.final.json,/gpfs/projects/HeinzGroup/asoubki/FlexFringe/data/MLRegTest/Large/04.04.PT.6.1.8_Dev.txt,2025-12-29 22:06:06.473535
0.1.1.1.0.0.searchglobal.0,Small,4,4,PT,6,1,8,Train,0.529,0.5368956743002544,0.422,0.47256438969764836,0.471,/gpfs/projects/HeinzGroup/caffeine_underground/mlrt/FlexFringe/FlexFringe/models-ps-small/0.1.1.1.0.0.searchglobal.0.ini/0.1.1.1.0.0.searchglobal.0_04.04.PT.6.1.8_Small.final.json,/gpfs/projects/HeinzGroup/asoubki/FlexFringe/data/MLRegTest/Small/04.04.PT.6.1.8_Train.txt,2025-12-29 22:06:06.473535
0.1.1.1.0.0.searchglobal.0,Small,4,4,PT,6,1,9,TestSR,0.52758,0.5362113334383698,0.4084,0.46365886333189527,0.47242,/gpfs/projects/HeinzGroup/caffeine_underground/mlrt/FlexFringe/FlexFringe/models-ps-small/0.1.1.1.0.0.searchglobal.0.ini/0.1.1.1.0.0.searchglobal.0_04.04.PT.6.1.9_Small.final.json,/gpfs/projects/HeinzGroup/asoubki/FlexFringe/data/MLRegTest/Large/04.04.PT.6.1.9_TestSR.txt,2025-12-29 22:48:18.039027
0.1.1.1.0.0.searchglobal.0,Small,4,4,PT,6,1,9,TestSA,0.50925,0.5124391490277292,0.38106,0.437090650485771,0.49075,/gpfs/projects/HeinzGroup/caffeine_underground/mlrt/FlexFringe/FlexFringe/models-ps-small/0.1.1.1.0.0.searchglobal.0.ini/0.1.1.1.0.0.searchglobal.0_04.04.PT.6.1.9_Small.final.json,/gpfs/projects/HeinzGroup/asoubki/FlexFringe/data/MLRegTest/Large/04.04.PT.6.1.9_TestSA.txt,2025-12-29 22:48:18.039027
0.1.1.1.0.0.searchglobal.0,Small,4,4,PT,6,1,9,TestLA,0.50721,0.5108222509081084,0.34032,0.40849347625163546,0.49279,/gpfs/projects/HeinzGroup/caffeine_underground/mlrt/FlexFringe/FlexFringe/models-ps-small/0.1.1.1.0.0.searchglobal.0.ini/0.1.1.1.0.0.searchglobal.0_04.04.PT.6.1.9_Small.final.json,/gpfs/projects/HeinzGroup/asoubki/FlexFringe/data/MLRegTest/Large/04.04.PT.6.1.9_TestLA.txt,2025-12-29 22:48:18.039027
0.1.1.1.0.0.searchglobal.0,Small,4,4,PT,6,1,9,TestLR,0.53554,0.5498681034966605,0.39188,0.4576219725809842,0.46446,/gpfs/projects/HeinzGroup/caffeine_underground/mlrt/FlexFringe/FlexFringe/models-ps-small/0.1.1.1.0.0.searchglobal.0.ini/0.1.1.1.0.0.searchglobal.0_04.04.PT.6.1.9_Small.final.json,/gpfs/projects/HeinzGroup/asoubki/FlexFringe/data/MLRegTest/Large/04.04.PT.6.1.9_TestLR.txt,2025-12-29 22:48:18.039027
0.1.1.1.0.0.searchglobal.0,Small,4,4,PT,6,1,9,Dev,0.52798,0.5369988363482492,0.4061,0.46246526670614496,0.47202,/gpfs/projects/HeinzGroup/caffeine_underground/mlrt/FlexFringe/FlexFringe/models-ps-small/0.1.1.1.0.0.searchglobal.0.ini/0.1.1.1.0.0.searchglobal.0_04.04.PT.6.1.9_Small.final.json,/gpfs/projects/HeinzGroup/asoubki/FlexFringe/data/MLRegTest/Large/04.04.PT.6.1.9_Dev.txt,2025-12-29 22:48:18.039027
0.1.1.1.0.0.searchglobal.0,Small,4,4,PT,6,1,9,Train,0.507,0.5091383812010444,0.39,0.4416761041902605,0.493,/gpfs/projects/HeinzGroup/caffeine_underground/mlrt/FlexFringe/FlexFringe/models-ps-small/0.1.1.1.0.0.searchglobal.0.ini/0.1.1.1.0.0.searchglobal.0_04.04.PT.6.1.9_Small.final.json,/gpfs/projects/HeinzGroup/asoubki/FlexFringe/data/MLRegTest/Small/04.04.PT.6.1.9_Train.txt,2025-12-29 22:48:18.039027
0.1.1.1.0.0.searchglobal.0,Small,4,4,Reg,0,0,0,TestSR,0.62943,0.818620451971838,0.33254,0.47295586750295115,0.37057,/gpfs/projects/HeinzGroup/caffeine_underground/mlrt/FlexFringe/FlexFringe/models-ps-small/0.1.1.1.0.0.searchglobal.0.ini/0.1.1.1.0.0.searchglobal.0_04.04.Reg.0.0.0_Small.final.json,/gpfs/projects/HeinzGroup/asoubki/FlexFringe/data/MLRegTest/Large/04.04.Reg.0.0.0_TestSR.txt,2025-12-29 22:17:57.241405
0.1.1.1.0.0.searchglobal.0,Small,4,4,Reg,0,0,0,TestLA,0.57028,0.8891472868217054,0.16058,0.2720311705912248,0.42972,/gpfs/projects/HeinzGroup/caffeine_underground/mlrt/FlexFringe/FlexFringe/models-ps-small/0.1.1.1.0.0.searchglobal.0.ini/0.1.1.1.0.0.searchglobal.0_04.04.Reg.0.0.0_Small.final.json,/gpfs/projects/HeinzGroup/asoubki/FlexFringe/data/MLRegTest/Large/04.04.Reg.0.0.0_TestLA.txt,2025-12-29 22:17:57.241405
0.1.1.1.0.0.searchglobal.0,Small,4,4,Reg,0,0,0,TestLR,0.56402,0.8374446552814674,0.15888,0.26708805433211175,0.43598,/gpfs/projects/HeinzGroup/caffeine_underground/mlrt/FlexFringe/FlexFringe/models-ps-small/0.1.1.1.0.0.searchglobal.0.ini/0.1.1.1.0.0.searchglobal.0_04.04.Reg.0.0.0_Small.final.json,/gpfs/projects/HeinzGroup/asoubki/FlexFringe/data/MLRegTest/Large/04.04.Reg.0.0.0_TestLR.txt,2025-12-29 22:17:57.241405
0.1.1.1.0.0.searchglobal.0,Small,4,4,Reg,0,0,0,TestSA,0.64292,0.8858948050545415,0.3281,0.4788522723955749,0.35708,/gpfs/projects/HeinzGroup/caffeine_underground/mlrt/FlexFringe/FlexFringe/models-ps-small/0.1.1.1.0.0.searchglobal.0.ini/0.1.1.1.0.0.searchglobal.0_04.04.Reg.0.0.0_Small.final.json,/gpfs/projects/HeinzGroup/asoubki/FlexFringe/data/MLRegTest/Large/04.04.Reg.0.0.0_TestSA.txt,2025-12-29 22:17:57.241405
0.1.1.1.0.0.searchglobal.0,Small,4,4,Reg,0,0,0,Dev,0.62684,0.8161200279134683,0.32746,0.46738602951671376,0.37316,/gpfs/projects/HeinzGroup/caffeine_underground/mlrt/FlexFringe/FlexFringe/models-ps-small/0.1.1.1.0.0.searchglobal.0.ini/0.1.1.1.0.0.searchglobal.0_04.04.Reg.0.0.0_Small.final.json,/gpfs/projects/HeinzGroup/asoubki/FlexFringe/data/MLRegTest/Large/04.04.Reg.0.0.0_Dev.txt,2025-12-29 22:17:57.241405
0.1.1.1.0.0.searchglobal.0,Small,4,4,Reg,0,0,0,Train,0.625,0.8048780487804879,0.33,0.46808510638297873,0.375,/gpfs/projects/HeinzGroup/caffeine_underground/mlrt/FlexFringe/FlexFringe/models-ps-small/0.1.1.1.0.0.searchglobal.0.ini/0.1.1.1.0.0.searchglobal.0_04.04.Reg.0.0.0_Small.final.json,/gpfs/projects/HeinzGroup/asoubki/FlexFringe/data/MLRegTest/Small/04.04.Reg.0.0.0_Train.txt,2025-12-29 22:17:57.241405
0.1.1.1.0.0.searchglobal.0,Small,4,4,Reg,0,0,1,TestLR,0.54542,0.8994020400984876,0.10228,0.1836727364148978,0.45458,/gpfs/projects/HeinzGroup/caffeine_underground/mlrt/FlexFringe/FlexFringe/models-ps-small/0.1.1.1.0.0.searchglobal.0.ini/0.1.1.1.0.0.searchglobal.0_04.04.Reg.0.0.1_Small.final.json,/gpfs/projects/HeinzGroup/asoubki/FlexFringe/data/MLRegTest/Large/04.04.Reg.0.0.1_TestLR.txt,2025-12-29 23:32:55.465226
0.1.1.1.0.0.searchglobal.0,Small,4,4,Reg,0,0,1,TestLA,0.54629,0.8868460638475681,0.10612,0.18955754425450583,0.45371,/gpfs/projects/HeinzGroup/caffeine_underground/mlrt/FlexFringe/FlexFringe/models-ps-small/0.1.1.1.0.0.searchglobal.0.ini/0.1.1.1.0.0.searchglobal.0_04.04.Reg.0.0.1_Small.final.json,/gpfs/projects/HeinzGroup/asoubki/FlexFringe/data/MLRegTest/Large/04.04.Reg.0.0.1_TestLA.txt,2025-12-29 23:32:55.465226
0.1.1.1.0.0.searchglobal.0,Small,4,4,Reg,0,0,1,TestSR,0.60611,0.8611886445639594,0.253,0.39110204207825133,0.39389,/gpfs/projects/HeinzGroup/caffeine_underground/mlrt/FlexFringe/FlexFringe/models-ps-small/0.1.1.1.0.0.searchglobal.0.ini/0.1.1.1.0.0.searchglobal.0_04.04.Reg.0.0.1_Small.final.json,/gpfs/projects/HeinzGroup/asoubki/FlexFringe/data/MLRegTest/Large/04.04.Reg.0.0.1_TestSR.txt,2025-12-29 23:32:55.465226
0.1.1.1.0.0.searchglobal.0,Small,4,4,Reg,0,0,1,TestSA,0.61121,0.8903474903474904,0.25366,0.3948322826679119,0.38879,/gpfs/projects/HeinzGroup/caffeine_underground/mlrt/FlexFringe/FlexFringe/models-ps-small/0.1.1.1.0.0.searchglobal.0.ini/0.1.1.1.0.0.searchglobal.0_04.04.Reg.0.0.1_Small.final.json,/gpfs/projects/HeinzGroup/asoubki/FlexFringe/data/MLRegTest/Large/04.04.Reg.0.0.1_TestSA.txt,2025-12-29 23:32:55.465226
0.1.1.1.0.0.searchglobal.0,Small,4,4,Reg,0,0,1,Dev,0.60559,0.8593207649901313,0.25252,0.3903358941461982,0.39441,/gpfs/projects/HeinzGroup/caffeine_underground/mlrt/FlexFringe/FlexFringe/models-ps-small/0.1.1.1.0.0.searchglobal.0.ini/0.1.1.1.0.0.searchglobal.0_04.04.Reg.0.0.1_Small.final.json,/gpfs/projects/HeinzGroup/asoubki/FlexFringe/data/MLRegTest/Large/04.04.Reg.0.0.1_Dev.txt,2025-12-29 23:32:55.465226
0.1.1.1.0.0.searchglobal.0,Small,4,4,Reg,0,0,1,Train,0.598,0.8951612903225806,0.222,0.3557692307692308,0.402,/gpfs/projects/HeinzGroup/caffeine_underground/mlrt/FlexFringe/FlexFringe/models-ps-small/0.1.1.1.0.0.searchglobal.0.ini/0.1.1.1.0.0.searchglobal.0_04.04.Reg.0.0.1_Small.final.json,/gpfs/projects/HeinzGroup/asoubki/FlexFringe/data/MLRegTest/Small/04.04.Reg.0.0.1_Train.txt,2025-12-29 23:32:55.465226
0.1.1.1.0.0.searchglobal.0,Small,4,4,Reg,0,0,2,TestLA,0.57254,0.908078307830783,0.16142,0.27411357152560795,0.42746,/gpfs/projects/HeinzGroup/caffeine_underground/mlrt/FlexFringe/FlexFringe/models-ps-small/0.1.1.1.0.0.searchglobal.0.ini/0.1.1.1.0.0.searchglobal.0_04.04.Reg.0.0.2_Small.final.json,/gpfs/projects/HeinzGroup/asoubki/FlexFringe/data/MLRegTest/Large/04.04.Reg.0.0.2_TestLA.txt,2025-12-29 23:01:14.448166
0.1.1.1.0.0.searchglobal.0,Small,4,4,Reg,0,0,2,TestLR,0.57657,1.0,0.15314,0.26560521705950707,0.42343,/gpfs/projects/HeinzGroup/caffeine_underground/mlrt/FlexFringe/FlexFringe/models-ps-small/0.1.1.1.0.0.searchglobal.0.ini/0.1.1.1.0.0.searchglobal.0_04.04.Reg.0.0.2_Small.final.json,/gpfs/projects/HeinzGroup/asoubki/FlexFringe/data/MLRegTest/Large/04.04.Reg.0.0.2_TestLR.txt,2025-12-29 23:01:14.448166
0.1.1.1.0.0.searchglobal.0,Small,4,4,Reg,0,0,2,TestSA,0.58738,0.8907172241101771,0.1992,0.3255859566539178,0.41262,/gpfs/projects/HeinzGroup/caffeine_underground/mlrt/FlexFringe/FlexFringe/models-ps-small/0.1.1.1.0.0.searchglobal.0.ini/0.1.1.1.0.0.searchglobal.0_04.04.Reg.0.0.2_Small.final.json,/gpfs/projects/HeinzGroup/asoubki/FlexFringe/data/MLRegTest/Large/04.04.Reg.0.0.2_TestSA.txt,2025-12-29 23:01:14.448166
0.1.1.1.0.0.searchglobal.0,Small,4,4,Reg,0,0,2,TestSR,0.59574,0.9964737606305746,0.19216,0.3221890613996848,0.40426,/gpfs/projects/HeinzGroup/caffeine_underground/mlrt/FlexFringe/FlexFringe/models-ps-small/0.1.1.1.0.0.searchglobal.0.ini/0.1.1.1.0.0.searchglobal.0_04.04.Reg.0.0.2_Small.final.json,/gpfs/projects/HeinzGroup/asoubki/FlexFringe/data/MLRegTest/Large/04.04.Reg.0.0.2_TestSR.txt,2025-12-29 23:01:14.448166
0.1.1.1.0.0.searchglobal.0,Small,4,4,Reg,0,0,2,Dev,0.59569,0.9974009772325606,0.19188,0.3218437075428974,0.40431,/gpfs/projects/HeinzGroup/caffeine_underground/mlrt/FlexFringe/FlexFringe/models-ps-small/0.1.1.1.0.0.searchglobal.0.ini/0.1.1.1.0.0.searchglobal.0_04.04.Reg.0.0.2_Small.final.json,/gpfs/projects/HeinzGroup/asoubki/FlexFringe/data/MLRegTest/Large/04.04.Reg.0.0.2_Dev.txt,2025-12-29 23:01:14.448166
0.1.1.1.0.0.searchglobal.0,Small,4,4,Reg,0,0,2,Train,0.59,0.9891304347826086,0.182,0.30743243243243246,0.41,/gpfs/projects/HeinzGroup/caffeine_underground/mlrt/FlexFringe/FlexFringe/models-ps-small/0.1.1.1.0.0.searchglobal.0.ini/0.1.1.1.0.0.searchglobal.0_04.04.Reg.0.0.2_Small.final.json,/gpfs/projects/HeinzGroup/asoubki/FlexFringe/data/MLRegTest/Small/04.04.Reg.0.0.2_Train.txt,2025-12-29 23:01:14.448166
0.1.1.1.0.0.searchglobal.0,Small,4,4,Reg,0,0,3,TestLA,0.6953,0.6898771097456639,0.70958,0.6995898568442639,0.3047,/gpfs/projects/HeinzGroup/caffeine_underground/mlrt/FlexFringe/FlexFringe/models-ps-small/0.1.1.1.0.0.searchglobal.0.ini/0.1.1.1.0.0.searchglobal.0_04.04.Reg.0.0.3_Small.final.json,/gpfs/projects/HeinzGroup/asoubki/FlexFringe/data/MLRegTest/Large/04.04.Reg.0.0.3_TestLA.txt,2025-12-29 22:27:58.877173
0.1.1.1.0.0.searchglobal.0,Small,4,4,Reg,0,0,3,TestSR,0.71554,0.6853565408826666,0.79696,0.7369569639917886,0.28446,/gpfs/projects/HeinzGroup/caffeine_underground/mlrt/FlexFringe/FlexFringe/models-ps-small/0.1.1.1.0.0.searchglobal.0.ini/0.1.1.1.0.0.searchglobal.0_04.04.Reg.0.0.3_Small.final.json,/gpfs/projects/HeinzGroup/asoubki/FlexFringe/data/MLRegTest/Large/04.04.Reg.0.0.3_TestSR.txt,2025-12-29 22:27:58.877173
0.1.1.1.0.0.searchglobal.0,Small,4,4,Reg,0,0,3,TestLR,0.66105,0.6461778641058689,0.71192,0.6774577255036304,0.33895,/gpfs/projects/HeinzGroup/caffeine_underground/mlrt/FlexFringe/FlexFringe/models-ps-small/0.1.1.1.0.0.searchglobal.0.ini/0.1.1.1.0.0.searchglobal.0_04.04.Reg.0.0.3_Small.final.json,/gpfs/projects/HeinzGroup/asoubki/FlexFringe/data/MLRegTest/Large/04.04.Reg.0.0.3_TestLR.txt,2025-12-29 22:27:58.877173
0.1.1.1.0.0.searchglobal.0,Small,4,4,Reg,0,0,3,TestSA,0.76195,0.7478850048261635,0.79032,0.7685171679453893,0.23805,/gpfs/projects/HeinzGroup/caffeine_underground/mlrt/FlexFringe/FlexFringe/models-ps-small/0.1.1.1.0.0.searchglobal.0.ini/0.1.1.1.0.0.searchglobal.0_04.04.Reg.0.0.3_Small.final.json,/gpfs/projects/HeinzGroup/asoubki/FlexFringe/data/MLRegTest/Large/04.04.Reg.0.0.3_TestSA.txt,2025-12-29 22:27:58.877173
0.1.1.1.0.0.searchglobal.0,Small,4,4,Reg,0,0,3,Dev,0.71558,0.685512185047501,0.79662,0.7369015022570857,0.28442,/gpfs/projects/HeinzGroup/caffeine_underground/mlrt/FlexFringe/FlexFringe/models-ps-small/0.1.1.1.0.0.searchglobal.0.ini/0.1.1.1.0.0.searchglobal.0_04.04.Reg.0.0.3_Small.final.json,/gpfs/projects/HeinzGroup/asoubki/FlexFringe/data/MLRegTest/Large/04.04.Reg.0.0.3_Dev.txt,2025-12-29 22:27:58.877173
0.1.1.1.0.0.searchglobal.0,Small,4,4,Reg,0,0,3,Train,0.745,0.7045075125208681,0.844,0.7679708826205641,0.255,/gpfs/projects/HeinzGroup/caffeine_underground/mlrt/FlexFringe/FlexFringe/models-ps-small/0.1.1.1.0.0.searchglobal.0.ini/0.1.1.1.0.0.searchglobal.0_04.04.Reg.0.0.3_Small.final.json,/gpfs/projects/HeinzGroup/asoubki/FlexFringe/data/MLRegTest/Small/04.04.Reg.0.0.3_Train.txt,2025-12-29 22:27:58.877173
0.1.1.1.0.0.searchglobal.0,Small,4,4,Reg,0,0,4,TestLA,0.51398,0.5148723404255319,0.48398,0.4989484536082474,0.48602,/gpfs/projects/HeinzGroup/caffeine_underground/mlrt/FlexFringe/FlexFringe/models-ps-small/0.1.1.1.0.0.searchglobal.0.ini/0.1.1.1.0.0.searchglobal.0_04.04.Reg.0.0.4_Small.final.json,/gpfs/projects/HeinzGroup/asoubki/FlexFringe/data/MLRegTest/Large/04.04.Reg.0.0.4_TestLA.txt,2025-12-29 23:30:52.084465
0.1.1.1.0.0.searchglobal.0,Small,4,4,Reg,0,0,4,TestSR,0.55359,0.5550126265218551,0.54066,0.547742308042996,0.44641,/gpfs/projects/HeinzGroup/caffeine_underground/mlrt/FlexFringe/FlexFringe/models-ps-small/0.1.1.1.0.0.searchglobal.0.ini/0.1.1.1.0.0.searchglobal.0_04.04.Reg.0.0.4_Small.final.json,/gpfs/projects/HeinzGroup/asoubki/FlexFringe/data/MLRegTest/Large/04.04.Reg.0.0.4_TestSR.txt,2025-12-29 23:30:52.084465
0.1.1.1.0.0.searchglobal.0,Small,4,4,Reg,0,0,4,TestSA,0.54454,0.5454026503567788,0.53504,0.5401716304896517,0.45546,/gpfs/projects/HeinzGroup/caffeine_underground/mlrt/FlexFringe/FlexFringe/models-ps-small/0.1.1.1.0.0.searchglobal.0.ini/0.1.1.1.0.0.searchglobal.0_04.04.Reg.0.0.4_Small.final.json,/gpfs/projects/HeinzGroup/asoubki/FlexFringe/data/MLRegTest/Large/04.04.Reg.0.0.4_TestSA.txt,2025-12-29 23:30:52.084465
0.1.1.1.0.0.searchglobal.0,Small,4,4,Reg,0,0,4,TestLR,0.5275,0.5298096518232667,0.48876,0.5084576493352475,0.4725,/gpfs/projects/HeinzGroup/caffeine_underground/mlrt/FlexFringe/FlexFringe/models-ps-small/0.1.1.1.0.0.searchglobal.0.ini/0.1.1.1.0.0.searchglobal.0_04.04.Reg.0.0.4_Small.final.json,/gpfs/projects/HeinzGroup/asoubki/FlexFringe/data/MLRegTest/Large/04.04.Reg.0.0.4_TestLR.txt,2025-12-29 23:30:52.084465
0.1.1.1.0.0.searchglobal.0,Small,4,4,Reg,0,0,4,Dev,0.55623,0.5574396796535027,0.5457,0.5515073726338343,0.44377,/gpfs/projects/HeinzGroup/caffeine_underground/mlrt/FlexFringe/FlexFringe/models-ps-small/0.1.1.1.0.0.searchglobal.0.ini/0.1.1.1.0.0.searchglobal.0_04.04.Reg.0.0.4_Small.final.json,/gpfs/projects/HeinzGroup/asoubki/FlexFringe/data/MLRegTest/Large/04.04.Reg.0.0.4_Dev.txt,2025-12-29 23:30:52.084465
0.1.1.1.0.0.searchglobal.0,Small,4,4,Reg,0,0,4,Train,0.561,0.5642105263157895,0.536,0.5497435897435897,0.439,/gpfs/projects/HeinzGroup/caffeine_underground/mlrt/FlexFringe/FlexFringe/models-ps-small/0.1.1.1.0.0.searchglobal.0.ini/0.1.1.1.0.0.searchglobal.0_04.04.Reg.0.0.4_Small.final.json,/gpfs/projects/HeinzGroup/asoubki/FlexFringe/data/MLRegTest/Small/04.04.Reg.0.0.4_Train.txt,2025-12-29 23:30:52.084465
0.1.1.1.0.0.searchglobal.0,Small,4,4,Reg,0,0,5,TestSA,0.77607,0.7485997298514183,0.83132,0.7877943615257048,0.22393,/gpfs/projects/HeinzGroup/caffeine_underground/mlrt/FlexFringe/FlexFringe/models-ps-small/0.1.1.1.0.0.searchglobal.0.ini/0.1.1.1.0.0.searchglobal.0_04.04.Reg.0.0.5_Small.final.json,/gpfs/projects/HeinzGroup/asoubki/FlexFringe/data/MLRegTest/Large/04.04.Reg.0.0.5_TestSA.txt,2025-12-29 22:09:34.709682
0.1.1.1.0.0.searchglobal.0,Small,4,4,Reg,0,0,5,TestLA,0.7068,0.6932999327002168,0.74172,0.7166930777258146,0.2932,/gpfs/projects/HeinzGroup/caffeine_underground/mlrt/FlexFringe/FlexFringe/models-ps-small/0.1.1.1.0.0.searchglobal.0.ini/0.1.1.1.0.0.searchglobal.0_04.04.Reg.0.0.5_Small.final.json,/gpfs/projects/HeinzGroup/asoubki/FlexFringe/data/MLRegTest/Large/04.04.Reg.0.0.5_TestLA.txt,2025-12-29 22:09:34.709682
0.1.1.1.0.0.searchglobal.0,Small,4,4,Reg,0,0,5,TestLR,0.69763,0.6812487389717347,0.74282,0.7107033171002402,0.30237,/gpfs/projects/HeinzGroup/caffeine_underground/mlrt/FlexFringe/FlexFringe/models-ps-small/0.1.1.1.0.0.searchglobal.0.ini/0.1.1.1.0.0.searchglobal.0_04.04.Reg.0.0.5_Small.final.json,/gpfs/projects/HeinzGroup/asoubki/FlexFringe/data/MLRegTest/Large/04.04.Reg.0.0.5_TestLR.txt,2025-12-29 22:09:34.709682
0.1.1.1.0.0.searchglobal.0,Small,4,4,Reg,0,0,5,TestSR,0.74256,0.7064762164186728,0.82994,0.7632474387978444,0.25744,/gpfs/projects/HeinzGroup/caffeine_underground/mlrt/FlexFringe/FlexFringe/models-ps-small/0.1.1.1.0.0.searchglobal.0.ini/0.1.1.1.0.0.searchglobal.0_04.04.Reg.0.0.5_Small.final.json,/gpfs/projects/HeinzGroup/asoubki/FlexFringe/data/MLRegTest/Large/04.04.Reg.0.0.5_TestSR.txt,2025-12-29 22:09:34.709682
0.1.1.1.0.0.searchglobal.0,Small,4,4,Reg,0,0,5,Dev,0.74232,0.7059003466793556,0.83076,0.7632575061555988,0.25768,/gpfs/projects/HeinzGroup/caffeine_underground/mlrt/FlexFringe/FlexFringe/models-ps-small/0.1.1.1.0.0.searchglobal.0.ini/0.1.1.1.0.0.searchglobal.0_04.04.Reg.0.0.5_Small.final.json,/gpfs/projects/HeinzGroup/asoubki/FlexFringe/data/MLRegTest/Large/04.04.Reg.0.0.5_Dev.txt,2025-12-29 22:09:34.709682
0.1.1.1.0.0.searchglobal.0,Small,4,4,Reg,0,0,5,Train,0.748,0.7039473684210527,0.856,0.7725631768953068,0.252,/gpfs/projects/HeinzGroup/caffeine_underground/mlrt/FlexFringe/FlexFringe/models-ps-small/0.1.1.1.0.0.searchglobal.0.ini/0.1.1.1.0.0.searchglobal.0_04.04.Reg.0.0.5_Small.final.json,/gpfs/projects/HeinzGroup/asoubki/FlexFringe/data/MLRegTest/Small/04.04.Reg.0.0.5_Train.txt,2025-12-29 22:09:34.709682
0.1.1.1.0.0.searchglobal.0,Small,4,4,Reg,0,0,6,TestLR,0.53421,0.5414194735695087,0.44718,0.4898079893096159,0.46579,/gpfs/projects/HeinzGroup/caffeine_underground/mlrt/FlexFringe/FlexFringe/models-ps-small/0.1.1.1.0.0.searchglobal.0.ini/0.1.1.1.0.0.searchglobal.0_04.04.Reg.0.0.6_Small.final.json,/gpfs/projects/HeinzGroup/asoubki/FlexFringe/data/MLRegTest/Large/04.04.Reg.0.0.6_TestLR.txt,2025-12-29 22:40:15.184244
0.1.1.1.0.0.searchglobal.0,Small,4,4,Reg,0,0,6,TestSR,0.57322,0.5911921486574004,0.47468,0.5265680118918199,0.42678,/gpfs/projects/HeinzGroup/caffeine_underground/mlrt/FlexFringe/FlexFringe/models-ps-small/0.1.1.1.0.0.searchglobal.0.ini/0.1.1.1.0.0.searchglobal.0_04.04.Reg.0.0.6_Small.final.json,/gpfs/projects/HeinzGroup/asoubki/FlexFringe/data/MLRegTest/Large/04.04.Reg.0.0.6_TestSR.txt,2025-12-29 22:40:15.184244
0.1.1.1.0.0.searchglobal.0,Small,4,4,Reg,0,0,6,TestLA,0.50238,0.5027167709237021,0.4404,0.46949958423061344,0.49762,/gpfs/projects/HeinzGroup/caffeine_underground/mlrt/FlexFringe/FlexFringe/models-ps-small/0.1.1.1.0.0.searchglobal.0.ini/0.1.1.1.0.0.searchglobal.0_04.04.Reg.0.0.6_Small.final.json,/gpfs/projects/HeinzGroup/asoubki/FlexFringe/data/MLRegTest/Large/04.04.Reg.0.0.6_TestLA.txt,2025-12-29 22:40:15.184244
0.1.1.1.0.0.searchglobal.0,Small,4,4,Reg,0,0,6,TestSA,0.50884,0.5097202674173118,0.46356,0.4855455002513826,0.49116,/gpfs/projects/HeinzGroup/caffeine_underground/mlrt/FlexFringe/FlexFringe/models-ps-small/0.1.1.1.0.0.searchglobal.0.ini/0.1.1.1.0.0.searchglobal.0_04.04.Reg.0.0.6_Small.final.json,/gpfs/projects/HeinzGroup/asoubki/FlexFringe/data/MLRegTest/Large/04.04.Reg.0.0.6_TestSA.txt,2025-12-29 22:40:15.184244
0.1.1.1.0.0.searchglobal.0,Small,4,4,Reg,0,0,6,Dev,0.57157,0.5888869569537246,0.47416,0.5253326538073766,0.42843,/gpfs/projects/HeinzGroup/caffeine_underground/mlrt/FlexFringe/FlexFringe/models-ps-small/0.1.1.1.0.0.searchglobal.0.ini/0.1.1.1.0.0.searchglobal.0_04.04.Reg.0.0.6_Small.final.json,/gpfs/projects/HeinzGroup/asoubki/FlexFringe/data/MLRegTest/Large/04.04.Reg.0.0.6_Dev.txt,2025-12-29 22:40:15.184244
0.1.1.1.0.0.searchglobal.0,Small,4,4,Reg,0,0,6,Train,0.57,0.5897435897435898,0.46,0.5168539325842697,0.43,/gpfs/projects/HeinzGroup/caffeine_underground/mlrt/FlexFringe/FlexFringe/models-ps-small/0.1.1.1.0.0.searchglobal.0.ini/0.1.1.1.0.0.searchglobal.0_04.04.Reg.0.0.6_Small.final.json,/gpfs/projects/HeinzGroup/asoubki/FlexFringe/data/MLRegTest/Small/04.04.Reg.0.0.6_Train.txt,2025-12-29 22:40:15.184244
0.1.1.1.0.0.searchglobal.0,Small,4,4,Reg,0,0,7,TestSA,0.82965,0.8469634775286812,0.8047,0.8252910107173991,0.17035,/gpfs/projects/HeinzGroup/caffeine_underground/mlrt/FlexFringe/FlexFringe/models-ps-small/0.1.1.1.0.0.searchglobal.0.ini/0.1.1.1.0.0.searchglobal.0_04.04.Reg.0.0.7_Small.final.json,/gpfs/projects/HeinzGroup/asoubki/FlexFringe/data/MLRegTest/Large/04.04.Reg.0.0.7_TestSA.txt,2025-12-29 23:23:49.011463
0.1.1.1.0.0.searchglobal.0,Small,4,4,Reg,0,0,7,TestSR,0.77614,0.7613477190989968,0.80444,0.7823008849557522,0.22386,/gpfs/projects/HeinzGroup/caffeine_underground/mlrt/FlexFringe/FlexFringe/models-ps-small/0.1.1.1.0.0.searchglobal.0.ini/0.1.1.1.0.0.searchglobal.0_04.04.Reg.0.0.7_Small.final.json,/gpfs/projects/HeinzGroup/asoubki/FlexFringe/data/MLRegTest/Large/04.04.Reg.0.0.7_TestSR.txt,2025-12-29 23:23:49.011463
0.1.1.1.0.0.searchglobal.0,Small,4,4,Reg,0,0,7,TestLR,0.68316,0.6701345024894108,0.72144,0.6948414685826559,0.31684,/gpfs/projects/HeinzGroup/caffeine_underground/mlrt/FlexFringe/FlexFringe/models-ps-small/0.1.1.1.0.0.searchglobal.0.ini/0.1.1.1.0.0.searchglobal.0_04.04.Reg.0.0.7_Small.final.json,/gpfs/projects/HeinzGroup/asoubki/FlexFringe/data/MLRegTest/Large/04.04.Reg.0.0.7_TestLR.txt,2025-12-29 23:23:49.011463
0.1.1.1.0.0.searchglobal.0,Small,4,4,Reg,0,0,7,TestLA,0.74774,0.7633738731076714,0.71806,0.7400239096380575,0.25226,/gpfs/projects/HeinzGroup/caffeine_underground/mlrt/FlexFringe/FlexFringe/models-ps-small/0.1.1.1.0.0.searchglobal.0.ini/0.1.1.1.0.0.searchglobal.0_04.04.Reg.0.0.7_Small.final.json,/gpfs/projects/HeinzGroup/asoubki/FlexFringe/data/MLRegTest/Large/04.04.Reg.0.0.7_TestLA.txt,2025-12-29 23:23:49.011463
0.1.1.1.0.0.searchglobal.0,Small,4,4,Reg,0,0,7,Dev,0.77515,0.7605537773905797,0.80316,0.7812764467271719,0.22485,/gpfs/projects/HeinzGroup/caffeine_underground/mlrt/FlexFringe/FlexFringe/models-ps-small/0.1.1.1.0.0.searchglobal.0.ini/0.1.1.1.0.0.searchglobal.0_04.04.Reg.0.0.7_Small.final.json,/gpfs/projects/HeinzGroup/asoubki/FlexFringe/data/MLRegTest/Large/04.04.Reg.0.0.7_Dev.txt,2025-12-29 23:23:49.011463
0.1.1.1.0.0.searchglobal.0,Small,4,4,Reg,0,0,7,Train,0.775,0.7589453860640302,0.806,0.7817652764306499,0.225,/gpfs/projects/HeinzGroup/caffeine_underground/mlrt/FlexFringe/FlexFringe/models-ps-small/0.1.1.1.0.0.searchglobal.0.ini/0.1.1.1.0.0.searchglobal.0_04.04.Reg.0.0.7_Small.final.json,/gpfs/projects/HeinzGroup/asoubki/FlexFringe/data/MLRegTest/Small/04.04.Reg.0.0.7_Train.txt,2025-12-29 23:23:49.011463
0.1.1.1.0.0.searchglobal.0,Small,4,4,Reg,0,0,8,TestSA,0.7459,0.9234398677503789,0.53626,0.6785009362822005,0.2541,/gpfs/projects/HeinzGroup/caffeine_underground/mlrt/FlexFringe/FlexFringe/models-ps-small/0.1.1.1.0.0.searchglobal.0.ini/0.1.1.1.0.0.searchglobal.0_04.04.Reg.0.0.8_Small.final.json,/gpfs/projects/HeinzGroup/asoubki/FlexFringe/data/MLRegTest/Large/04.04.Reg.0.0.8_TestSA.txt,2025-12-29 22:09:09.044056
0.1.1.1.0.0.searchglobal.0,Small,4,4,Reg,0,0,8,TestLA,0.66654,0.9454370386220178,0.35348,0.5145718694500248,0.33346,/gpfs/projects/HeinzGroup/caffeine_underground/mlrt/FlexFringe/FlexFringe/models-ps-small/0.1.1.1.0.0.searchglobal.0.ini/0.1.1.1.0.0.searchglobal.0_04.04.Reg.0.0.8_Small.final.json,/gpfs/projects/HeinzGroup/asoubki/FlexFringe/data/MLRegTest/Large/04.04.Reg.0.0.8_TestLA.txt,2025-12-29 22:09:09.044056
0.1.1.1.0.0.searchglobal.0,Small,4,4,Reg,0,0,8,TestLR,0.65311,0.8894145175237804,0.3497,0.5020169683745102,0.34689,/gpfs/projects/HeinzGroup/caffeine_underground/mlrt/FlexFringe/FlexFringe/models-ps-small/0.1.1.1.0.0.searchglobal.0.ini/0.1.1.1.0.0.searchglobal.0_04.04.Reg.0.0.8_Small.final.json,/gpfs/projects/HeinzGroup/asoubki/FlexFringe/data/MLRegTest/Large/04.04.Reg.0.0.8_TestLR.txt,2025-12-29 22:09:09.044056
0.1.1.1.0.0.searchglobal.0,Small,4,4,Reg,0,0,8,TestSR,0.70565,0.8250766652967026,0.52196,0.6394139481324497,0.29435,/gpfs/projects/HeinzGroup/caffeine_underground/mlrt/FlexFringe/FlexFringe/models-ps-small/0.1.1.1.0.0.searchglobal.0.ini/0.1.1.1.0.0.searchglobal.0_04.04.Reg.0.0.8_Small.final.json,/gpfs/projects/HeinzGroup/asoubki/FlexFringe/data/MLRegTest/Large/04.04.Reg.0.0.8_TestSR.txt,2025-12-29 22:09:09.044056
0.1.1.1.0.0.searchglobal.0,Small,4,4,Reg,0,0,8,Dev,0.7057,0.8219092331768388,0.5252,0.6408785845027456,0.2943,/gpfs/projects/HeinzGroup/caffeine_underground/mlrt/FlexFringe/FlexFringe/models-ps-small/0.1.1.1.0.0.searchglobal.0.ini/0.1.1.1.0.0.searchglobal.0_04.04.Reg.0.0.8_Small.final.json,/gpfs/projects/HeinzGroup/asoubki/FlexFringe/data/MLRegTest/Large/04.04.Reg.0.0.8_Dev.txt,2025-12-29 22:09:09.044056
0.1.1.1.0.0.searchglobal.0,Small,4,4,Reg,0,0,8,Train,0.701,0.8150470219435737,0.52,0.6349206349206349,0.299,/gpfs/projects/HeinzGroup/caffeine_underground/mlrt/FlexFringe/FlexFringe/models-ps-small/0.1.1.1.0.0.searchglobal.0.ini/0.1.1.1.0.0.searchglobal.0_04.04.Reg.0.0.8_Small.final.json,/gpfs/projects/HeinzGroup/asoubki/FlexFringe/data/MLRegTest/Small/04.04.Reg.0.0.8_Train.txt,2025-12-29 22:09:09.044056
0.1.1.1.0.0.searchglobal.0,Small,4,4,Reg,0,0,9,TestLR,0.99126,0.998397045694343,0.9841,0.991196970307401,0.00874,/gpfs/projects/HeinzGroup/caffeine_underground/mlrt/FlexFringe/FlexFringe/models-ps-small/0.1.1.1.0.0.searchglobal.0.ini/0.1.1.1.0.0.searchglobal.0_04.04.Reg.0.0.9_Small.final.json,/gpfs/projects/HeinzGroup/asoubki/FlexFringe/data/MLRegTest/Large/04.04.Reg.0.0.9_TestLR.txt,2025-12-29 22:27:55.625186
0.1.1.1.0.0.searchglobal.0,Small,4,4,Reg,0,0,9,TestSR,0.98872,0.9922048100551908,0.98518,0.9886799269413724,0.01128,/gpfs/projects/HeinzGroup/caffeine_underground/mlrt/FlexFringe/FlexFringe/models-ps-small/0.1.1.1.0.0.searchglobal.0.ini/0.1.1.1.0.0.searchglobal.0_04.04.Reg.0.0.9_Small.final.json,/gpfs/projects/HeinzGroup/asoubki/FlexFringe/data/MLRegTest/Large/04.04.Reg.0.0.9_TestSR.txt,2025-12-29 22:27:55.625186
0.1.1.1.0.0.searchglobal.0,Small,4,4,Reg,0,0,9,TestSA,0.9919,0.9980761441879303,0.9857,0.9918494666934997,0.0081,/gpfs/projects/HeinzGroup/caffeine_underground/mlrt/FlexFringe/FlexFringe/models-ps-small/0.1.1.1.0.0.searchglobal.0.ini/0.1.1.1.0.0.searchglobal.0_04.04.Reg.0.0.9_Small.final.json,/gpfs/projects/HeinzGroup/asoubki/FlexFringe/data/MLRegTest/Large/04.04.Reg.0.0.9_TestSA.txt,2025-12-29 22:27:55.625186
0.1.1.1.0.0.searchglobal.0,Small,4,4,Reg,0,0,9,TestLA,0.99186,0.999147554292673,0.98456,0.9918001410295154,0.00814,/gpfs/projects/HeinzGroup/caffeine_underground/mlrt/FlexFringe/FlexFringe/models-ps-small/0.1.1.1.0.0.searchglobal.0.ini/0.1.1.1.0.0.searchglobal.0_04.04.Reg.0.0.9_Small.final.json,/gpfs/projects/HeinzGroup/asoubki/FlexFringe/data/MLRegTest/Large/04.04.Reg.0.0.9_TestLA.txt,2025-12-29 22:27:55.625186
0.1.1.1.0.0.searchglobal.0,Small,4,4,Reg,0,0,9,Dev,0.98812,0.9911849943648365,0.985,0.9880828183933874,0.01188,/gpfs/projects/HeinzGroup/caffeine_underground/mlrt/FlexFringe/FlexFringe/models-ps-small/0.1.1.1.0.0.searchglobal.0.ini/0.1.1.1.0.0.searchglobal.0_04.04.Reg.0.0.9_Small.final.json,/gpfs/projects/HeinzGroup/asoubki/FlexFringe/data/MLRegTest/Large/04.04.Reg.0.0.9_Dev.txt,2025-12-29 22:27:55.625186
0.1.1.1.0.0.searchglobal.0,Small,4,4,Reg,0,0,9,Train,0.991,0.993963782696177,0.988,0.9909729187562688,0.009,/gpfs/projects/HeinzGroup/caffeine_underground/mlrt/FlexFringe/FlexFringe/models-ps-small/0.1.1.1.0.0.searchglobal.0.ini/0.1.1.1.0.0.searchglobal.0_04.04.Reg.0.0.9_Small.final.json,/gpfs/projects/HeinzGroup/asoubki/FlexFringe/data/MLRegTest/Small/04.04.Reg.0.0.9_Train.txt,2025-12-29 22:27:55.625186
0.1.1.1.0.0.searchglobal.0,Small,4,4,SF,0,0,0,TestLR,0.50015,0.500093814497467,0.7996,0.6153372580707223,0.49985,/gpfs/projects/HeinzGroup/caffeine_underground/mlrt/FlexFringe/FlexFringe/models-ps-small/0.1.1.1.0.0.searchglobal.0.ini/0.1.1.1.0.0.searchglobal.0_04.04.SF.0.0.0_Small.final.json,/gpfs/projects/HeinzGroup/asoubki/FlexFringe/data/MLRegTest/Large/04.04.SF.0.0.0_TestLR.txt,2025-12-29 22:22:41.516650
0.1.1.1.0.0.searchglobal.0,Small,4,4,SF,0,0,0,TestSA,0.50049,0.5003066371293758,0.79948,0.6154627826234228,0.49951,/gpfs/projects/HeinzGroup/caffeine_underground/mlrt/FlexFringe/FlexFringe/models-ps-small/0.1.1.1.0.0.searchglobal.0.ini/0.1.1.1.0.0.searchglobal.0_04.04.SF.0.0.0_Small.final.json,/gpfs/projects/HeinzGroup/asoubki/FlexFringe/data/MLRegTest/Large/04.04.SF.0.0.0_TestSA.txt,2025-12-29 22:22:41.516650
0.1.1.1.0.0.searchglobal.0,Small,4,4,SF,0,0,0,TestLA,0.5,0.5,0.79878,0.6150233295862271,0.5,/gpfs/projects/HeinzGroup/caffeine_underground/mlrt/FlexFringe/FlexFringe/models-ps-small/0.1.1.1.0.0.searchglobal.0.ini/0.1.1.1.0.0.searchglobal.0_04.04.SF.0.0.0_Small.final.json,/gpfs/projects/HeinzGroup/asoubki/FlexFringe/data/MLRegTest/Large/04.04.SF.0.0.0_TestLA.txt,2025-12-29 22:22:41.516650
0.1.1.1.0.0.searchglobal.0,Small,4,4,SF,0,0,0,TestSR,0.50035,0.5002191911221333,0.79874,0.6151772579887399,0.49965,/gpfs/projects/HeinzGroup/caffeine_underground/mlrt/FlexFringe/FlexFringe/models-ps-small/0.1.1.1.0.0.searchglobal.0.ini/0.1.1.1.0.0.searchglobal.0_04.04.SF.0.0.0_Small.final.json,/gpfs/projects/HeinzGroup/asoubki/FlexFringe/data/MLRegTest/Large/04.04.SF.0.0.0_TestSR.txt,2025-12-29 22:22:41.516650
0.1.1.1.0.0.searchglobal.0,Small,4,4,SF,0,0,0,Dev,0.49893,0.49932971672701304,0.7971,0.6140181948435105,0.50107,/gpfs/projects/HeinzGroup/caffeine_underground/mlrt/FlexFringe/FlexFringe/models-ps-small/0.1.1.1.0.0.searchglobal.0.ini/0.1.1.1.0.0.searchglobal.0_04.04.SF.0.0.0_Small.final.json,/gpfs/projects/HeinzGroup/asoubki/FlexFringe/data/MLRegTest/Large/04.04.SF.0.0.0_Dev.txt,2025-12-29 22:22:41.516650
0.1.1.1.0.0.searchglobal.0,Small,4,4,SF,0,0,0,Train,0.505,0.5030674846625767,0.82,0.623574144486692,0.495,/gpfs/projects/HeinzGroup/caffeine_underground/mlrt/FlexFringe/FlexFringe/models-ps-small/0.1.1.1.0.0.searchglobal.0.ini/0.1.1.1.0.0.searchglobal.0_04.04.SF.0.0.0_Small.final.json,/gpfs/projects/HeinzGroup/asoubki/FlexFringe/data/MLRegTest/Small/04.04.SF.0.0.0_Train.txt,2025-12-29 22:22:41.516650
0.1.1.1.0.0.searchglobal.0,Small,4,4,SF,0,0,1,TestLA,0.5,0.5,0.20118,0.2869163410251291,0.5,/gpfs/projects/HeinzGroup/caffeine_underground/mlrt/FlexFringe/FlexFringe/models-ps-small/0.1.1.1.0.0.searchglobal.0.ini/0.1.1.1.0.0.searchglobal.0_04.04.SF.0.0.1_Small.final.json,/gpfs/projects/HeinzGroup/asoubki/FlexFringe/data/MLRegTest/Large/04.04.SF.0.0.1_TestLA.txt,2025-12-29 23:32:07.875153
0.1.1.1.0.0.searchglobal.0,Small,4,4,SF,0,0,1,TestLR,0.49999,0.49997520210286167,0.20162,0.287359434459758,0.50001,/gpfs/projects/HeinzGroup/caffeine_underground/mlrt/FlexFringe/FlexFringe/models-ps-small/0.1.1.1.0.0.searchglobal.0.ini/0.1.1.1.0.0.searchglobal.0_04.04.SF.0.0.1_Small.final.json,/gpfs/projects/HeinzGroup/asoubki/FlexFringe/data/MLRegTest/Large/04.04.SF.0.0.1_TestLR.txt,2025-12-29 23:32:07.875153
0.1.1.1.0.0.searchglobal.0,Small,4,4,SF,0,0,1,TestSA,0.50021,0.500523873671606,0.20064,0.28645260768385133,0.49979,/gpfs/projects/HeinzGroup/caffeine_underground/mlrt/FlexFringe/FlexFringe/models-ps-small/0.1.1.1.0.0.searchglobal.0.ini/0.1.1.1.0.0.searchglobal.0_04.04.SF.0.0.1_Small.final.json,/gpfs/projects/HeinzGroup/asoubki/FlexFringe/data/MLRegTest/Large/04.04.SF.0.0.1_TestSA.txt,2025-12-29 23:32:07.875153
0.1.1.1.0.0.searchglobal.0,Small,4,4,SF,0,0,1,TestSR,0.50021,0.5005263949466086,0.19968,0.28547328691723733,0.49979,/gpfs/projects/HeinzGroup/caffeine_underground/mlrt/FlexFringe/FlexFringe/models-ps-small/0.1.1.1.0.0.searchglobal.0.ini/0.1.1.1.0.0.searchglobal.0_04.04.SF.0.0.1_Small.final.json,/gpfs/projects/HeinzGroup/asoubki/FlexFringe/data/MLRegTest/Large/04.04.SF.0.0.1_TestSR.txt,2025-12-29 23:32:07.875153
0.1.1.1.0.0.searchglobal.0,Small,4,4,SF,0,0,1,Dev,0.49848,0.4962034169247677,0.19866,0.2837270416178697,0.50152,/gpfs/projects/HeinzGroup/caffeine_underground/mlrt/FlexFringe/FlexFringe/models-ps-small/0.1.1.1.0.0.searchglobal.0.ini/0.1.1.1.0.0.searchglobal.0_04.04.SF.0.0.1_Small.final.json,/gpfs/projects/HeinzGroup/asoubki/FlexFringe/data/MLRegTest/Large/04.04.SF.0.0.1_Dev.txt,2025-12-29 23:32:07.875153
0.1.1.1.0.0.searchglobal.0,Small,4,4,SF,0,0,1,Train,0.488,0.47115384615384615,0.196,0.2768361581920904,0.512,/gpfs/projects/HeinzGroup/caffeine_underground/mlrt/FlexFringe/FlexFringe/models-ps-small/0.1.1.1.0.0.searchglobal.0.ini/0.1.1.1.0.0.searchglobal.0_04.04.SF.0.0.1_Small.final.json,/gpfs/projects/HeinzGroup/asoubki/FlexFringe/data/MLRegTest/Small/04.04.SF.0.0.1_Train.txt,2025-12-29 23:32:07.875153
0.1.1.1.0.0.searchglobal.0,Small,4,4,SF,0,0,2,TestSR,0.47984,0.4474945306802792,0.17182,0.24830197404549265,0.52016,/gpfs/projects/HeinzGroup/caffeine_underground/mlrt/FlexFringe/FlexFringe/models-ps-small/0.1.1.1.0.0.searchglobal.0.ini/0.1.1.1.0.0.searchglobal.0_04.04.SF.0.0.2_Small.final.json,/gpfs/projects/HeinzGroup/asoubki/FlexFringe/data/MLRegTest/Large/04.04.SF.0.0.2_TestSR.txt,2025-12-29 22:24:48.569878
0.1.1.1.0.0.searchglobal.0,Small,4,4,SF,0,0,2,TestLR,0.45677,0.37034371063523486,0.12348,0.18520796148250362,0.54323,/gpfs/projects/HeinzGroup/caffeine_underground/mlrt/FlexFringe/FlexFringe/models-ps-small/0.1.1.1.0.0.searchglobal.0.ini/0.1.1.1.0.0.searchglobal.0_04.04.SF.0.0.2_Small.final.json,/gpfs/projects/HeinzGroup/asoubki/FlexFringe/data/MLRegTest/Large/04.04.SF.0.0.2_TestLR.txt,2025-12-29 22:24:48.569878
0.1.1.1.0.0.searchglobal.0,Small,4,4,SF,0,0,2,TestLA,0.47283,0.41025302239545486,0.1242,0.1906750387644503,0.52717,/gpfs/projects/HeinzGroup/caffeine_underground/mlrt/FlexFringe/FlexFringe/models-ps-small/0.1.1.1.0.0.searchglobal.0.ini/0.1.1.1.0.0.searchglobal.0_04.04.SF.0.0.2_Small.final.json,/gpfs/projects/HeinzGroup/asoubki/FlexFringe/data/MLRegTest/Large/04.04.SF.0.0.2_TestLA.txt,2025-12-29 22:24:48.569878
0.1.1.1.0.0.searchglobal.0,Small,4,4,SF,0,0,2,TestSA,0.47964,0.44528058482046873,0.16568,0.2415019532388782,0.52036,/gpfs/projects/HeinzGroup/caffeine_underground/mlrt/FlexFringe/FlexFringe/models-ps-small/0.1.1.1.0.0.searchglobal.0.ini/0.1.1.1.0.0.searchglobal.0_04.04.SF.0.0.2_Small.final.json,/gpfs/projects/HeinzGroup/asoubki/FlexFringe/data/MLRegTest/Large/04.04.SF.0.0.2_TestSA.txt,2025-12-29 22:24:48.569878
0.1.1.1.0.0.searchglobal.0,Small,4,4,SF,0,0,2,Dev,0.47808,0.44326534837974946,0.17126,0.24706425459476616,0.52192,/gpfs/projects/HeinzGroup/caffeine_underground/mlrt/FlexFringe/FlexFringe/models-ps-small/0.1.1.1.0.0.searchglobal.0.ini/0.1.1.1.0.0.searchglobal.0_04.04.SF.0.0.2_Small.final.json,/gpfs/projects/HeinzGroup/asoubki/FlexFringe/data/MLRegTest/Large/04.04.SF.0.0.2_Dev.txt,2025-12-29 22:24:48.569878
0.1.1.1.0.0.searchglobal.0,Small,4,4,SF,0,0,2,Train,0.482,0.4536082474226804,0.176,0.25360230547550433,0.518,/gpfs/projects/HeinzGroup/caffeine_underground/mlrt/FlexFringe/FlexFringe/models-ps-small/0.1.1.1.0.0.searchglobal.0.ini/0.1.1.1.0.0.searchglobal.0_04.04.SF.0.0.2_Small.final.json,/gpfs/projects/HeinzGroup/asoubki/FlexFringe/data/MLRegTest/Small/04.04.SF.0.0.2_Train.txt,2025-12-29 22:24:48.569878
0.1.1.1.0.0.searchglobal.0,Small,4,4,SF,0,0,3,TestSR,0.90584,0.8428281804358845,0.99774,0.9137649967945782,0.09416,/gpfs/projects/HeinzGroup/caffeine_underground/mlrt/FlexFringe/FlexFringe/models-ps-small/0.1.1.1.0.0.searchglobal.0.ini/0.1.1.1.0.0.searchglobal.0_04.04.SF.0.0.3_Small.final.json,/gpfs/projects/HeinzGroup/asoubki/FlexFringe/data/MLRegTest/Large/04.04.SF.0.0.3_TestSR.txt,2025-12-29 22:58:31.174677
0.1.1.1.0.0.searchglobal.0,Small,4,4,SF,0,0,3,TestLA,0.74912,0.6869147659063626,0.91552,0.7849108367626886,0.25088,/gpfs/projects/HeinzGroup/caffeine_underground/mlrt/FlexFringe/FlexFringe/models-ps-small/0.1.1.1.0.0.searchglobal.0.ini/0.1.1.1.0.0.searchglobal.0_04.04.SF.0.0.3_Small.final.json,/gpfs/projects/HeinzGroup/asoubki/FlexFringe/data/MLRegTest/Large/04.04.SF.0.0.3_TestLA.txt,2025-12-29 22:58:31.174677
0.1.1.1.0.0.searchglobal.0,Small,4,4,SF,0,0,3,TestLR,0.8304,0.7468102907341561,0.99974,0.8549609181247542,0.1696,/gpfs/projects/HeinzGroup/caffeine_underground/mlrt/FlexFringe/FlexFringe/models-ps-small/0.1.1.1.0.0.searchglobal.0.ini/0.1.1.1.0.0.searchglobal.0_04.04.SF.0.0.3_Small.final.json,/gpfs/projects/HeinzGroup/asoubki/FlexFringe/data/MLRegTest/Large/04.04.SF.0.0.3_TestLR.txt,2025-12-29 22:58:31.174677
0.1.1.1.0.0.searchglobal.0,Small,4,4,SF,0,0,3,TestSA,0.82198,0.7692140468227425,0.91998,0.8378688524590164,0.17802,/gpfs/projects/HeinzGroup/caffeine_underground/mlrt/FlexFringe/FlexFringe/models-ps-small/0.1.1.1.0.0.searchglobal.0.ini/0.1.1.1.0.0.searchglobal.0_04.04.SF.0.0.3_Small.final.json,/gpfs/projects/HeinzGroup/asoubki/FlexFringe/data/MLRegTest/Large/04.04.SF.0.0.3_TestSA.txt,2025-12-29 22:58:31.174677
0.1.1.1.0.0.searchglobal.0,Small,4,4,SF,0,0,3,Dev,0.90549,0.8425961912164788,0.99728,0.9134357339781459,0.09451,/gpfs/projects/HeinzGroup/caffeine_underground/mlrt/FlexFringe/FlexFringe/models-ps-small/0.1.1.1.0.0.searchglobal.0.ini/0.1.1.1.0.0.searchglobal.0_04.04.SF.0.0.3_Small.final.json,/gpfs/projects/HeinzGroup/asoubki/FlexFringe/data/MLRegTest/Large/04.04.SF.0.0.3_Dev.txt,2025-12-29 22:58:31.174677
0.1.1.1.0.0.searchglobal.0,Small,4,4,SF,0,0,3,Train,0.903,0.8397976391231029,0.996,0.9112534309240622,0.097,/gpfs/projects/HeinzGroup/caffeine_underground/mlrt/FlexFringe/FlexFringe/models-ps-small/0.1.1.1.0.0.searchglobal.0.ini/0.1.1.1.0.0.searchglobal.0_04.04.SF.0.0.3_Small.final.json,/gpfs/projects/HeinzGroup/asoubki/FlexFringe/data/MLRegTest/Small/04.04.SF.0.0.3_Train.txt,2025-12-29 22:58:31.174677
0.1.1.1.0.0.searchglobal.0,Small,4,4,SF,0,0,4,TestSA,0.5812,0.669463227314467,0.32078,0.43373265907677333,0.4188,/gpfs/projects/HeinzGroup/caffeine_underground/mlrt/FlexFringe/FlexFringe/models-ps-small/0.1.1.1.0.0.searchglobal.0.ini/0.1.1.1.0.0.searchglobal.0_04.04.SF.0.0.4_Small.final.json,/gpfs/projects/HeinzGroup/asoubki/FlexFringe/data/MLRegTest/Large/04.04.SF.0.0.4_TestSA.txt,2025-12-29 22:45:45.938221
0.1.1.1.0.0.searchglobal.0,Small,4,4,SF,0,0,4,TestLA,0.5559,0.6317898906073179,0.26798,0.3763341197618245,0.4441,/gpfs/projects/HeinzGroup/caffeine_underground/mlrt/FlexFringe/FlexFringe/models-ps-small/0.1.1.1.0.0.searchglobal.0.ini/0.1.1.1.0.0.searchglobal.0_04.04.SF.0.0.4_Small.final.json,/gpfs/projects/HeinzGroup/asoubki/FlexFringe/data/MLRegTest/Large/04.04.SF.0.0.4_TestLA.txt,2025-12-29 22:45:45.938221
0.1.1.1.0.0.searchglobal.0,Small,4,4,SF,0,0,4,TestLR,0.8653,0.8567243467052068,0.87732,0.8668998636390585,0.1347,/gpfs/projects/HeinzGroup/caffeine_underground/mlrt/FlexFringe/FlexFringe/models-ps-small/0.1.1.1.0.0.searchglobal.0.ini/0.1.1.1.0.0.searchglobal.0_04.04.SF.0.0.4_Small.final.json,/gpfs/projects/HeinzGroup/asoubki/FlexFringe/data/MLRegTest/Large/04.04.SF.0.0.4_TestLR.txt,2025-12-29 22:45:45.938221
0.1.1.1.0.0.searchglobal.0,Small,4,4,SF,0,0,4,TestSR,0.84327,0.8563775669109861,0.82488,0.8403337374313627,0.15673,/gpfs/projects/HeinzGroup/caffeine_underground/mlrt/FlexFringe/FlexFringe/models-ps-small/0.1.1.1.0.0.searchglobal.0.ini/0.1.1.1.0.0.searchglobal.0_04.04.SF.0.0.4_Small.final.json,/gpfs/projects/HeinzGroup/asoubki/FlexFringe/data/MLRegTest/Large/04.04.SF.0.0.4_TestSR.txt,2025-12-29 22:45:45.938221
0.1.1.1.0.0.searchglobal.0,Small,4,4,SF,0,0,4,Dev,0.84595,0.8578669701044792,0.8293,0.8433416382773173,0.15405,/gpfs/projects/HeinzGroup/caffeine_underground/mlrt/FlexFringe/FlexFringe/models-ps-small/0.1.1.1.0.0.searchglobal.0.ini/0.1.1.1.0.0.searchglobal.0_04.04.SF.0.0.4_Small.final.json,/gpfs/projects/HeinzGroup/asoubki/FlexFringe/data/MLRegTest/Large/04.04.SF.0.0.4_Dev.txt,2025-12-29 22:45:45.938221
0.1.1.1.0.0.searchglobal.0,Small,4,4,SF,0,0,4,Train,0.838,0.8595744680851064,0.808,0.8329896907216495,0.162,/gpfs/projects/HeinzGroup/caffeine_underground/mlrt/FlexFringe/FlexFringe/models-ps-small/0.1.1.1.0.0.searchglobal.0.ini/0.1.1.1.0.0.searchglobal.0_04.04.SF.0.0.4_Small.final.json,/gpfs/projects/HeinzGroup/asoubki/FlexFringe/data/MLRegTest/Small/04.04.SF.0.0.4_Train.txt,2025-12-29 22:45:45.938221
0.1.1.1.0.0.searchglobal.0,Small,4,4,SF,0,0,5,TestSA,0.51128,0.5228099975734045,0.25854,0.34598399486122633,0.48872,/gpfs/projects/HeinzGroup/caffeine_underground/mlrt/FlexFringe/FlexFringe/models-ps-small/0.1.1.1.0.0.searchglobal.0.ini/0.1.1.1.0.0.searchglobal.0_04.04.SF.0.0.5_Small.final.json,/gpfs/projects/HeinzGroup/asoubki/FlexFringe/data/MLRegTest/Large/04.04.SF.0.0.5_TestSA.txt,2025-12-29 22:35:21.262020
0.1.1.1.0.0.searchglobal.0,Small,4,4,SF,0,0,5,TestSR,0.53095,0.55374943558751,0.31886,0.40469089109162215,0.46905,/gpfs/projects/HeinzGroup/caffeine_underground/mlrt/FlexFringe/FlexFringe/models-ps-small/0.1.1.1.0.0.searchglobal.0.ini/0.1.1.1.0.0.searchglobal.0_04.04.SF.0.0.5_Small.final.json,/gpfs/projects/HeinzGroup/asoubki/FlexFringe/data/MLRegTest/Large/04.04.SF.0.0.5_TestSR.txt,2025-12-29 22:35:21.262020
0.1.1.1.0.0.searchglobal.0,Small,4,4,SF,0,0,5,TestLA,0.51109,0.5227673988913981,0.25464,0.3424652007262457,0.48891,/gpfs/projects/HeinzGroup/caffeine_underground/mlrt/FlexFringe/FlexFringe/models-ps-small/0.1.1.1.0.0.searchglobal.0.ini/0.1.1.1.0.0.searchglobal.0_04.04.SF.0.0.5_Small.final.json,/gpfs/projects/HeinzGroup/asoubki/FlexFringe/data/MLRegTest/Large/04.04.SF.0.0.5_TestLA.txt,2025-12-29 22:35:21.262020
0.1.1.1.0.0.searchglobal.0,Small,4,4,SF,0,0,5,TestLR,0.53377,0.5586753309935018,0.32154,0.4081648196808713,0.46623,/gpfs/projects/HeinzGroup/caffeine_underground/mlrt/FlexFringe/FlexFringe/models-ps-small/0.1.1.1.0.0.searchglobal.0.ini/0.1.1.1.0.0.searchglobal.0_04.04.SF.0.0.5_Small.final.json,/gpfs/projects/HeinzGroup/asoubki/FlexFringe/data/MLRegTest/Large/04.04.SF.0.0.5_TestLR.txt,2025-12-29 22:35:21.262020
0.1.1.1.0.0.searchglobal.0,Small,4,4,SF,0,0,5,Dev,0.53303,0.5569502396634367,0.32302,0.4088912517879973,0.46697,/gpfs/projects/HeinzGroup/caffeine_underground/mlrt/FlexFringe/FlexFringe/models-ps-small/0.1.1.1.0.0.searchglobal.0.ini/0.1.1.1.0.0.searchglobal.0_04.04.SF.0.0.5_Small.final.json,/gpfs/projects/HeinzGroup/asoubki/FlexFringe/data/MLRegTest/Large/04.04.SF.0.0.5_Dev.txt,2025-12-29 22:35:21.262020
0.1.1.1.0.0.searchglobal.0,Small,4,4,SF,0,0,5,Train,0.535,0.5627240143369175,0.314,0.4030808729139923,0.465,/gpfs/projects/HeinzGroup/caffeine_underground/mlrt/FlexFringe/FlexFringe/models-ps-small/0.1.1.1.0.0.searchglobal.0.ini/0.1.1.1.0.0.searchglobal.0_04.04.SF.0.0.5_Small.final.json,/gpfs/projects/HeinzGroup/asoubki/FlexFringe/data/MLRegTest/Small/04.04.SF.0.0.5_Train.txt,2025-12-29 22:35:21.262020
0.1.1.1.0.0.searchglobal.0,Small,4,4,SF,0,0,6,TestLR,0.50902,0.5350754394151501,0.1376,0.21890610582582964,0.49098,/gpfs/projects/HeinzGroup/caffeine_underground/mlrt/FlexFringe/FlexFringe/models-ps-small/0.1.1.1.0.0.searchglobal.0.ini/0.1.1.1.0.0.searchglobal.0_04.04.SF.0.0.6_Small.final.json,/gpfs/projects/HeinzGroup/asoubki/FlexFringe/data/MLRegTest/Large/04.04.SF.0.0.6_TestLR.txt,2025-12-29 22:30:35.031430
0.1.1.1.0.0.searchglobal.0,Small,4,4,SF,0,0,6,TestSR,0.50955,0.5372435847437798,0.13776,0.21928972795721177,0.49045,/gpfs/projects/HeinzGroup/caffeine_underground/mlrt/FlexFringe/FlexFringe/models-ps-small/0.1.1.1.0.0.searchglobal.0.ini/0.1.1.1.0.0.searchglobal.0_04.04.SF.0.0.6_Small.final.json,/gpfs/projects/HeinzGroup/asoubki/FlexFringe/data/MLRegTest/Large/04.04.SF.0.0.6_TestSR.txt,2025-12-29 22:30:35.031430
0.1.1.1.0.0.searchglobal.0,Small,4,4,SF,0,0,6,TestSA,0.50005,0.5001671234708203,0.14964,0.23036068905001617,0.49995,/gpfs/projects/HeinzGroup/caffeine_underground/mlrt/FlexFringe/FlexFringe/models-ps-small/0.1.1.1.0.0.searchglobal.0.ini/0.1.1.1.0.0.searchglobal.0_04.04.SF.0.0.6_Small.final.json,/gpfs/projects/HeinzGroup/asoubki/FlexFringe/data/MLRegTest/Large/04.04.SF.0.0.6_TestSA.txt,2025-12-29 22:30:35.031430
0.1.1.1.0.0.searchglobal.0,Small,4,4,SF,0,0,6,TestLA,0.49968,0.49892197817005796,0.1481,0.22840134480737792,0.50032,/gpfs/projects/HeinzGroup/caffeine_underground/mlrt/FlexFringe/FlexFringe/models-ps-small/0.1.1.1.0.0.searchglobal.0.ini/0.1.1.1.0.0.searchglobal.0_04.04.SF.0.0.6_Small.final.json,/gpfs/projects/HeinzGroup/asoubki/FlexFringe/data/MLRegTest/Large/04.04.SF.0.0.6_TestLA.txt,2025-12-29 22:30:35.031430
0.1.1.1.0.0.searchglobal.0,Small,4,4,SF,0,0,6,Dev,0.51009,0.5394479630932832,0.13798,0.21975186736530283,0.48991,/gpfs/projects/HeinzGroup/caffeine_underground/mlrt/FlexFringe/FlexFringe/models-ps-small/0.1.1.1.0.0.searchglobal.0.ini/0.1.1.1.0.0.searchglobal.0_04.04.SF.0.0.6_Small.final.json,/gpfs/projects/HeinzGroup/asoubki/FlexFringe/data/MLRegTest/Large/04.04.SF.0.0.6_Dev.txt,2025-12-29 22:30:35.031430
0.1.1.1.0.0.searchglobal.0,Small,4,4,SF,0,0,6,Train,0.508,0.5285714285714286,0.148,0.23125,0.492,/gpfs/projects/HeinzGroup/caffeine_underground/mlrt/FlexFringe/FlexFringe/models-ps-small/0.1.1.1.0.0.searchglobal.0.ini/0.1.1.1.0.0.searchglobal.0_04.04.SF.0.0.6_Small.final.json,/gpfs/projects/HeinzGroup/asoubki/FlexFringe/data/MLRegTest/Small/04.04.SF.0.0.6_Train.txt,2025-12-29 22:30:35.031430
0.1.1.1.0.0.searchglobal.0,Small,4,4,SF,0,0,7,TestLR,0.48074,0.0,0.0,0.0,0.51926,/gpfs/projects/HeinzGroup/caffeine_underground/mlrt/FlexFringe/FlexFringe/models-ps-small/0.1.1.1.0.0.searchglobal.0.ini/0.1.1.1.0.0.searchglobal.0_04.04.SF.0.0.7_Small.final.json,/gpfs/projects/HeinzGroup/asoubki/FlexFringe/data/MLRegTest/Large/04.04.SF.0.0.7_TestLR.txt,2025-12-29 22:25:26.364899
0.1.1.1.0.0.searchglobal.0,Small,4,4,SF,0,0,7,TestSA,0.49991,0.0,0.0,0.0,0.50009,/gpfs/projects/HeinzGroup/caffeine_underground/mlrt/FlexFringe/FlexFringe/models-ps-small/0.1.1.1.0.0.searchglobal.0.ini/0.1.1.1.0.0.searchglobal.0_04.04.SF.0.0.7_Small.final.json,/gpfs/projects/HeinzGroup/asoubki/FlexFringe/data/MLRegTest/Large/04.04.SF.0.0.7_TestSA.txt,2025-12-29 22:25:26.364899
0.1.1.1.0.0.searchglobal.0,Small,4,4,SF,0,0,7,TestLA,0.49997,0.0,0.0,0.0,0.50003,/gpfs/projects/HeinzGroup/caffeine_underground/mlrt/FlexFringe/FlexFringe/models-ps-small/0.1.1.1.0.0.searchglobal.0.ini/0.1.1.1.0.0.searchglobal.0_04.04.SF.0.0.7_Small.final.json,/gpfs/projects/HeinzGroup/asoubki/FlexFringe/data/MLRegTest/Large/04.04.SF.0.0.7_TestLA.txt,2025-12-29 22:25:26.364899
0.1.1.1.0.0.searchglobal.0,Small,4,4,SF,0,0,7,TestSR,0.48065,0.0,0.0,0.0,0.51935,/gpfs/projects/HeinzGroup/caffeine_underground/mlrt/FlexFringe/FlexFringe/models-ps-small/0.1.1.1.0.0.searchglobal.0.ini/0.1.1.1.0.0.searchglobal.0_04.04.SF.0.0.7_Small.final.json,/gpfs/projects/HeinzGroup/asoubki/FlexFringe/data/MLRegTest/Large/04.04.SF.0.0.7_TestSR.txt,2025-12-29 22:25:26.364899
0.1.1.1.0.0.searchglobal.0,Small,4,4,SF,0,0,7,Dev,0.48056,0.0,0.0,0.0,0.51944,/gpfs/projects/HeinzGroup/caffeine_underground/mlrt/FlexFringe/FlexFringe/models-ps-small/0.1.1.1.0.0.searchglobal.0.ini/0.1.1.1.0.0.searchglobal.0_04.04.SF.0.0.7_Small.final.json,/gpfs/projects/HeinzGroup/asoubki/FlexFringe/data/MLRegTest/Large/04.04.SF.0.0.7_Dev.txt,2025-12-29 22:25:26.364899
0.1.1.1.0.0.searchglobal.0,Small,4,4,SF,0,0,7,Train,0.487,0.0,0.0,0.0,0.513,/gpfs/projects/HeinzGroup/caffeine_underground/mlrt/FlexFringe/FlexFringe/models-ps-small/0.1.1.1.0.0.searchglobal.0.ini/0.1.1.1.0.0.searchglobal.0_04.04.SF.0.0.7_Small.final.json,/gpfs/projects/HeinzGroup/asoubki/FlexFringe/data/MLRegTest/Small/04.04.SF.0.0.7_Train.txt,2025-12-29 22:25:26.364899
0.1.1.1.0.0.searchglobal.0,Small,4,4,SF,0,0,8,TestLA,0.50047,0.5009512244484922,0.24752,0.3313298975972157,0.49953,/gpfs/projects/HeinzGroup/caffeine_underground/mlrt/FlexFringe/FlexFringe/models-ps-small/0.1.1.1.0.0.searchglobal.0.ini/0.1.1.1.0.0.searchglobal.0_04.04.SF.0.0.8_Small.final.json,/gpfs/projects/HeinzGroup/asoubki/FlexFringe/data/MLRegTest/Large/04.04.SF.0.0.8_TestLA.txt,2025-12-29 22:40:09.895903
0.1.1.1.0.0.searchglobal.0,Small,4,4,SF,0,0,8,TestSR,0.50249,0.5050677738429601,0.24816,0.3328013732616305,0.49751,/gpfs/projects/HeinzGroup/caffeine_underground/mlrt/FlexFringe/FlexFringe/models-ps-small/0.1.1.1.0.0.searchglobal.0.ini/0.1.1.1.0.0.searchglobal.0_04.04.SF.0.0.8_Small.final.json,/gpfs/projects/HeinzGroup/asoubki/FlexFringe/data/MLRegTest/Large/04.04.SF.0.0.8_TestSR.txt,2025-12-29 22:40:09.895903
0.1.1.1.0.0.searchglobal.0,Small,4,4,SF,0,0,8,TestSA,0.50699,0.5142857142857142,0.25164,0.337930571409387,0.49301,/gpfs/projects/HeinzGroup/caffeine_underground/mlrt/FlexFringe/FlexFringe/models-ps-small/0.1.1.1.0.0.searchglobal.0.ini/0.1.1.1.0.0.searchglobal.0_04.04.SF.0.0.8_Small.final.json,/gpfs/projects/HeinzGroup/asoubki/FlexFringe/data/MLRegTest/Large/04.04.SF.0.0.8_TestSA.txt,2025-12-29 22:40:09.895903
0.1.1.1.0.0.searchglobal.0,Small,4,4,SF,0,0,8,TestLR,0.50029,0.5005811390325037,0.2498,0.3332844124828221,0.49971,/gpfs/projects/HeinzGroup/caffeine_underground/mlrt/FlexFringe/FlexFringe/models-ps-small/0.1.1.1.0.0.searchglobal.0.ini/0.1.1.1.0.0.searchglobal.0_04.04.SF.0.0.8_Small.final.json,/gpfs/projects/HeinzGroup/asoubki/FlexFringe/data/MLRegTest/Large/04.04.SF.0.0.8_TestLR.txt,2025-12-29 22:40:09.895903
0.1.1.1.0.0.searchglobal.0,Small,4,4,SF,0,0,8,Dev,0.50146,0.5029910677702204,0.24552,0.329973389242803,0.49854,/gpfs/projects/HeinzGroup/caffeine_underground/mlrt/FlexFringe/FlexFringe/models-ps-small/0.1.1.1.0.0.searchglobal.0.ini/0.1.1.1.0.0.searchglobal.0_04.04.SF.0.0.8_Small.final.json,/gpfs/projects/HeinzGroup/asoubki/FlexFringe/data/MLRegTest/Large/04.04.SF.0.0.8_Dev.txt,2025-12-29 22:40:09.895903
0.1.1.1.0.0.searchglobal.0,Small,4,4,SF,0,0,8,Train,0.508,0.5163934426229508,0.252,0.3387096774193548,0.492,/gpfs/projects/HeinzGroup/caffeine_underground/mlrt/FlexFringe/FlexFringe/models-ps-small/0.1.1.1.0.0.searchglobal.0.ini/0.1.1.1.0.0.searchglobal.0_04.04.SF.0.0.8_Small.final.json,/gpfs/projects/HeinzGroup/asoubki/FlexFringe/data/MLRegTest/Small/04.04.SF.0.0.8_Train.txt,2025-12-29 22:40:09.895903
0.1.1.1.0.0.searchglobal.0,Small,4,4,SF,0,0,9,TestSA,0.49974,0.49945968412302577,0.24034,0.32452065892519577,0.50026,/gpfs/projects/HeinzGroup/caffeine_underground/mlrt/FlexFringe/FlexFringe/models-ps-small/0.1.1.1.0.0.searchglobal.0.ini/0.1.1.1.0.0.searchglobal.0_04.04.SF.0.0.9_Small.final.json,/gpfs/projects/HeinzGroup/asoubki/FlexFringe/data/MLRegTest/Large/04.04.SF.0.0.9_TestSA.txt,2025-12-29 23:15:25.561002
0.1.1.1.0.0.searchglobal.0,Small,4,4,SF,0,0,9,TestLR,0.50076,0.5015830694884186,0.2408,0.32538781687476354,0.49924,/gpfs/projects/HeinzGroup/caffeine_underground/mlrt/FlexFringe/FlexFringe/models-ps-small/0.1.1.1.0.0.searchglobal.0.ini/0.1.1.1.0.0.searchglobal.0_04.04.SF.0.0.9_Small.final.json,/gpfs/projects/HeinzGroup/asoubki/FlexFringe/data/MLRegTest/Large/04.04.SF.0.0.9_TestLR.txt,2025-12-29 23:15:25.561002
0.1.1.1.0.0.searchglobal.0,Small,4,4,SF,0,0,9,TestLA,0.49995,0.49989402738332417,0.23586,0.32050114823823567,0.50005,/gpfs/projects/HeinzGroup/caffeine_underground/mlrt/FlexFringe/FlexFringe/models-ps-small/0.1.1.1.0.0.searchglobal.0.ini/0.1.1.1.0.0.searchglobal.0_04.04.SF.0.0.9_Small.final.json,/gpfs/projects/HeinzGroup/asoubki/FlexFringe/data/MLRegTest/Large/04.04.SF.0.0.9_TestLA.txt,2025-12-29 23:15:25.561002
0.1.1.1.0.0.searchglobal.0,Small,4,4,SF,0,0,9,TestSR,0.5006,0.5012569130216189,0.23928,0.3239291709535929,0.4994,/gpfs/projects/HeinzGroup/caffeine_underground/mlrt/FlexFringe/FlexFringe/models-ps-small/0.1.1.1.0.0.searchglobal.0.ini/0.1.1.1.0.0.searchglobal.0_04.04.SF.0.0.9_Small.final.json,/gpfs/projects/HeinzGroup/asoubki/FlexFringe/data/MLRegTest/Large/04.04.SF.0.0.9_TestSR.txt,2025-12-29 23:15:25.561002
0.1.1.1.0.0.searchglobal.0,Small,4,4,SF,0,0,9,Dev,0.49603,0.4917958255837983,0.23798,0.3207493766426309,0.50397,/gpfs/projects/HeinzGroup/caffeine_underground/mlrt/FlexFringe/FlexFringe/models-ps-small/0.1.1.1.0.0.searchglobal.0.ini/0.1.1.1.0.0.searchglobal.0_04.04.SF.0.0.9_Small.final.json,/gpfs/projects/HeinzGroup/asoubki/FlexFringe/data/MLRegTest/Large/04.04.SF.0.0.9_Dev.txt,2025-12-29 23:15:25.561002
0.1.1.1.0.0.searchglobal.0,Small,4,4,SF,0,0,9,Train,0.492,0.4834710743801653,0.234,0.31536388140161725,0.508,/gpfs/projects/HeinzGroup/caffeine_underground/mlrt/FlexFringe/FlexFringe/models-ps-small/0.1.1.1.0.0.searchglobal.0.ini/0.1.1.1.0.0.searchglobal.0_04.04.SF.0.0.9_Small.final.json,/gpfs/projects/HeinzGroup/asoubki/FlexFringe/data/MLRegTest/Small/04.04.SF.0.0.9_Train.txt,2025-12-29 23:15:25.561002
0.1.1.1.0.0.searchglobal.0,Small,4,4,SL,2,1,0,TestLR,1.0,1.0,1.0,1.0,0.0,/gpfs/projects/HeinzGroup/caffeine_underground/mlrt/FlexFringe/FlexFringe/models-ps-small/0.1.1.1.0.0.searchglobal.0.ini/0.1.1.1.0.0.searchglobal.0_04.04.SL.2.1.0_Small.final.json,/gpfs/projects/HeinzGroup/asoubki/FlexFringe/data/MLRegTest/Large/04.04.SL.2.1.0_TestLR.txt,2025-12-29 22:12:58.858050
0.1.1.1.0.0.searchglobal.0,Small,4,4,SL,2,1,0,TestLA,1.0,1.0,1.0,1.0,0.0,/gpfs/projects/HeinzGroup/caffeine_underground/mlrt/FlexFringe/FlexFringe/models-ps-small/0.1.1.1.0.0.searchglobal.0.ini/0.1.1.1.0.0.searchglobal.0_04.04.SL.2.1.0_Small.final.json,/gpfs/projects/HeinzGroup/asoubki/FlexFringe/data/MLRegTest/Large/04.04.SL.2.1.0_TestLA.txt,2025-12-29 22:12:58.858050
0.1.1.1.0.0.searchglobal.0,Small,4,4,SL,2,1,0,TestSR,1.0,1.0,1.0,1.0,0.0,/gpfs/projects/HeinzGroup/caffeine_underground/mlrt/FlexFringe/FlexFringe/models-ps-small/0.1.1.1.0.0.searchglobal.0.ini/0.1.1.1.0.0.searchglobal.0_04.04.SL.2.1.0_Small.final.json,/gpfs/projects/HeinzGroup/asoubki/FlexFringe/data/MLRegTest/Large/04.04.SL.2.1.0_TestSR.txt,2025-12-29 22:12:58.858050
0.1.1.1.0.0.searchglobal.0,Small,4,4,SL,2,1,0,TestSA,1.0,1.0,1.0,1.0,0.0,/gpfs/projects/HeinzGroup/caffeine_underground/mlrt/FlexFringe/FlexFringe/models-ps-small/0.1.1.1.0.0.searchglobal.0.ini/0.1.1.1.0.0.searchglobal.0_04.04.SL.2.1.0_Small.final.json,/gpfs/projects/HeinzGroup/asoubki/FlexFringe/data/MLRegTest/Large/04.04.SL.2.1.0_TestSA.txt,2025-12-29 22:12:58.858050
0.1.1.1.0.0.searchglobal.0,Small,4,4,SL,2,1,0,Dev,1.0,1.0,1.0,1.0,0.0,/gpfs/projects/HeinzGroup/caffeine_underground/mlrt/FlexFringe/FlexFringe/models-ps-small/0.1.1.1.0.0.searchglobal.0.ini/0.1.1.1.0.0.searchglobal.0_04.04.SL.2.1.0_Small.final.json,/gpfs/projects/HeinzGroup/asoubki/FlexFringe/data/MLRegTest/Large/04.04.SL.2.1.0_Dev.txt,2025-12-29 22:12:58.858050
0.1.1.1.0.0.searchglobal.0,Small,4,4,SL,2,1,0,Train,1.0,1.0,1.0,1.0,0.0,/gpfs/projects/HeinzGroup/caffeine_underground/mlrt/FlexFringe/FlexFringe/models-ps-small/0.1.1.1.0.0.searchglobal.0.ini/0.1.1.1.0.0.searchglobal.0_04.04.SL.2.1.0_Small.final.json,/gpfs/projects/HeinzGroup/asoubki/FlexFringe/data/MLRegTest/Small/04.04.SL.2.1.0_Train.txt,2025-12-29 22:12:58.858050
0.1.1.1.0.0.searchglobal.0,Small,4,4,SL,2,1,1,TestSA,0.53578,0.5688977894169298,0.29544,0.38891082852855224,0.46422,/gpfs/projects/HeinzGroup/caffeine_underground/mlrt/FlexFringe/FlexFringe/models-ps-small/0.1.1.1.0.0.searchglobal.0.ini/0.1.1.1.0.0.searchglobal.0_04.04.SL.2.1.1_Small.final.json,/gpfs/projects/HeinzGroup/asoubki/FlexFringe/data/MLRegTest/Large/04.04.SL.2.1.1_TestSA.txt,2025-12-29 22:58:53.703156
0.1.1.1.0.0.searchglobal.0,Small,4,4,SL,2,1,1,TestSR,0.57937,0.6592048782444738,0.32864,0.43861358388831795,0.42063,/gpfs/projects/HeinzGroup/caffeine_underground/mlrt/FlexFringe/FlexFringe/models-ps-small/0.1.1.1.0.0.searchglobal.0.ini/0.1.1.1.0.0.searchglobal.0_04.04.SL.2.1.1_Small.final.json,/gpfs/projects/HeinzGroup/asoubki/FlexFringe/data/MLRegTest/Large/04.04.SL.2.1.1_TestSR.txt,2025-12-29 22:58:53.703156
0.1.1.1.0.0.searchglobal.0,Small,4,4,SL,2,1,1,TestLA,0.51744,0.568715524034673,0.14434,0.230244058063487,0.48256,/gpfs/projects/HeinzGroup/caffeine_underground/mlrt/FlexFringe/FlexFringe/models-ps-small/0.1.1.1.0.0.searchglobal.0.ini/0.1.1.1.0.0.searchglobal.0_04.04.SL.2.1.1_Small.final.json,/gpfs/projects/HeinzGroup/asoubki/FlexFringe/data/MLRegTest/Large/04.04.SL.2.1.1_TestLA.txt,2025-12-29 22:58:53.703156
0.1.1.1.0.0.searchglobal.0,Small,4,4,SL,2,1,1,TestLR,0.54877,0.7157010172490048,0.16182,0.26395889405431855,0.45123,/gpfs/projects/HeinzGroup/caffeine_underground/mlrt/FlexFringe/FlexFringe/models-ps-small/0.1.1.1.0.0.searchglobal.0.ini/0.1.1.1.0.0.searchglobal.0_04.04.SL.2.1.1_Small.final.json,/gpfs/projects/HeinzGroup/asoubki/FlexFringe/data/MLRegTest/Large/04.04.SL.2.1.1_TestLR.txt,2025-12-29 22:58:53.703156
0.1.1.1.0.0.searchglobal.0,Small,4,4,SL,2,1,1,Dev,0.57761,0.6563897956716237,0.32574,0.4354056113242351,0.42239,/gpfs/projects/HeinzGroup/caffeine_underground/mlrt/FlexFringe/FlexFringe/models-ps-small/0.1.1.1.0.0.searchglobal.0.ini/0.1.1.1.0.0.searchglobal.0_04.04.SL.2.1.1_Small.final.json,/gpfs/projects/HeinzGroup/asoubki/FlexFringe/data/MLRegTest/Large/04.04.SL.2.1.1_Dev.txt,2025-12-29 22:58:53.703156
0.1.1.1.0.0.searchglobal.0,Small,4,4,SL,2,1,1,Train,0.593,0.6837944664031621,0.346,0.4594953519256308,0.407,/gpfs/projects/HeinzGroup/caffeine_underground/mlrt/FlexFringe/FlexFringe/models-ps-small/0.1.1.1.0.0.searchglobal.0.ini/0.1.1.1.0.0.searchglobal.0_04.04.SL.2.1.1_Small.final.json,/gpfs/projects/HeinzGroup/asoubki/FlexFringe/data/MLRegTest/Small/04.04.SL.2.1.1_Train.txt,2025-12-29 22:58:53.703156
0.1.1.1.0.0.searchglobal.0,Small,4,4,SL,2,1,2,TestSR,1.0,1.0,1.0,1.0,0.0,/gpfs/projects/HeinzGroup/caffeine_underground/mlrt/FlexFringe/FlexFringe/models-ps-small/0.1.1.1.0.0.searchglobal.0.ini/0.1.1.1.0.0.searchglobal.0_04.04.SL.2.1.2_Small.final.json,/gpfs/projects/HeinzGroup/asoubki/FlexFringe/data/MLRegTest/Large/04.04.SL.2.1.2_TestSR.txt,2025-12-29 22:23:30.653864
0.1.1.1.0.0.searchglobal.0,Small,4,4,SL,2,1,2,TestLA,1.0,1.0,1.0,1.0,0.0,/gpfs/projects/HeinzGroup/caffeine_underground/mlrt/FlexFringe/FlexFringe/models-ps-small/0.1.1.1.0.0.searchglobal.0.ini/0.1.1.1.0.0.searchglobal.0_04.04.SL.2.1.2_Small.final.json,/gpfs/projects/HeinzGroup/asoubki/FlexFringe/data/MLRegTest/Large/04.04.SL.2.1.2_TestLA.txt,2025-12-29 22:23:30.653864
0.1.1.1.0.0.searchglobal.0,Small,4,4,SL,2,1,2,TestSA,1.0,1.0,1.0,1.0,0.0,/gpfs/projects/HeinzGroup/caffeine_underground/mlrt/FlexFringe/FlexFringe/models-ps-small/0.1.1.1.0.0.searchglobal.0.ini/0.1.1.1.0.0.searchglobal.0_04.04.SL.2.1.2_Small.final.json,/gpfs/projects/HeinzGroup/asoubki/FlexFringe/data/MLRegTest/Large/04.04.SL.2.1.2_TestSA.txt,2025-12-29 22:23:30.653864
0.1.1.1.0.0.searchglobal.0,Small,4,4,SL,2,1,2,TestLR,1.0,1.0,1.0,1.0,0.0,/gpfs/projects/HeinzGroup/caffeine_underground/mlrt/FlexFringe/FlexFringe/models-ps-small/0.1.1.1.0.0.searchglobal.0.ini/0.1.1.1.0.0.searchglobal.0_04.04.SL.2.1.2_Small.final.json,/gpfs/projects/HeinzGroup/asoubki/FlexFringe/data/MLRegTest/Large/04.04.SL.2.1.2_TestLR.txt,2025-12-29 22:23:30.653864
0.1.1.1.0.0.searchglobal.0,Small,4,4,SL,2,1,2,Dev,1.0,1.0,1.0,1.0,0.0,/gpfs/projects/HeinzGroup/caffeine_underground/mlrt/FlexFringe/FlexFringe/models-ps-small/0.1.1.1.0.0.searchglobal.0.ini/0.1.1.1.0.0.searchglobal.0_04.04.SL.2.1.2_Small.final.json,/gpfs/projects/HeinzGroup/asoubki/FlexFringe/data/MLRegTest/Large/04.04.SL.2.1.2_Dev.txt,2025-12-29 22:23:30.653864
0.1.1.1.0.0.searchglobal.0,Small,4,4,SL,2,1,2,Train,1.0,1.0,1.0,1.0,0.0,/gpfs/projects/HeinzGroup/caffeine_underground/mlrt/FlexFringe/FlexFringe/models-ps-small/0.1.1.1.0.0.searchglobal.0.ini/0.1.1.1.0.0.searchglobal.0_04.04.SL.2.1.2_Small.final.json,/gpfs/projects/HeinzGroup/asoubki/FlexFringe/data/MLRegTest/Small/04.04.SL.2.1.2_Train.txt,2025-12-29 22:23:30.653864
0.1.1.1.0.0.searchglobal.0,Small,4,4,SL,2,1,3,TestLR,1.0,1.0,1.0,1.0,0.0,/gpfs/projects/HeinzGroup/caffeine_underground/mlrt/FlexFringe/FlexFringe/models-ps-small/0.1.1.1.0.0.searchglobal.0.ini/0.1.1.1.0.0.searchglobal.0_04.04.SL.2.1.3_Small.final.json,/gpfs/projects/HeinzGroup/asoubki/FlexFringe/data/MLRegTest/Large/04.04.SL.2.1.3_TestLR.txt,2025-12-29 22:42:58.914919
0.1.1.1.0.0.searchglobal.0,Small,4,4,SL,2,1,3,TestSR,1.0,1.0,1.0,1.0,0.0,/gpfs/projects/HeinzGroup/caffeine_underground/mlrt/FlexFringe/FlexFringe/models-ps-small/0.1.1.1.0.0.searchglobal.0.ini/0.1.1.1.0.0.searchglobal.0_04.04.SL.2.1.3_Small.final.json,/gpfs/projects/HeinzGroup/asoubki/FlexFringe/data/MLRegTest/Large/04.04.SL.2.1.3_TestSR.txt,2025-12-29 22:42:58.914919
0.1.1.1.0.0.searchglobal.0,Small,4,4,SL,2,1,3,TestLA,1.0,1.0,1.0,1.0,0.0,/gpfs/projects/HeinzGroup/caffeine_underground/mlrt/FlexFringe/FlexFringe/models-ps-small/0.1.1.1.0.0.searchglobal.0.ini/0.1.1.1.0.0.searchglobal.0_04.04.SL.2.1.3_Small.final.json,/gpfs/projects/HeinzGroup/asoubki/FlexFringe/data/MLRegTest/Large/04.04.SL.2.1.3_TestLA.txt,2025-12-29 22:42:58.914919
0.1.1.1.0.0.searchglobal.0,Small,4,4,SL,2,1,3,TestSA,1.0,1.0,1.0,1.0,0.0,/gpfs/projects/HeinzGroup/caffeine_underground/mlrt/FlexFringe/FlexFringe/models-ps-small/0.1.1.1.0.0.searchglobal.0.ini/0.1.1.1.0.0.searchglobal.0_04.04.SL.2.1.3_Small.final.json,/gpfs/projects/HeinzGroup/asoubki/FlexFringe/data/MLRegTest/Large/04.04.SL.2.1.3_TestSA.txt,2025-12-29 22:42:58.914919
0.1.1.1.0.0.searchglobal.0,Small,4,4,SL,2,1,3,Dev,1.0,1.0,1.0,1.0,0.0,/gpfs/projects/HeinzGroup/caffeine_underground/mlrt/FlexFringe/FlexFringe/models-ps-small/0.1.1.1.0.0.searchglobal.0.ini/0.1.1.1.0.0.searchglobal.0_04.04.SL.2.1.3_Small.final.json,/gpfs/projects/HeinzGroup/asoubki/FlexFringe/data/MLRegTest/Large/04.04.SL.2.1.3_Dev.txt,2025-12-29 22:42:58.914919
0.1.1.1.0.0.searchglobal.0,Small,4,4,SL,2,1,3,Train,1.0,1.0,1.0,1.0,0.0,/gpfs/projects/HeinzGroup/caffeine_underground/mlrt/FlexFringe/FlexFringe/models-ps-small/0.1.1.1.0.0.searchglobal.0.ini/0.1.1.1.0.0.searchglobal.0_04.04.SL.2.1.3_Small.final.json,/gpfs/projects/HeinzGroup/asoubki/FlexFringe/data/MLRegTest/Small/04.04.SL.2.1.3_Train.txt,2025-12-29 22:42:58.914919
0.1.1.1.0.0.searchglobal.0,Small,4,4,SL,2,1,4,TestLR,0.5943,0.904790521978022,0.21078,0.3419089021541656,0.4057,/gpfs/projects/HeinzGroup/caffeine_underground/mlrt/FlexFringe/FlexFringe/models-ps-small/0.1.1.1.0.0.searchglobal.0.ini/0.1.1.1.0.0.searchglobal.0_04.04.SL.2.1.4_Small.final.json,/gpfs/projects/HeinzGroup/asoubki/FlexFringe/data/MLRegTest/Large/04.04.SL.2.1.4_TestLR.txt,2025-12-29 22:10:01.201499
0.1.1.1.0.0.searchglobal.0,Small,4,4,SL,2,1,4,TestSR,0.57892,0.8024681894833665,0.20938,0.33210671573137074,0.42108,/gpfs/projects/HeinzGroup/caffeine_underground/mlrt/FlexFringe/FlexFringe/models-ps-small/0.1.1.1.0.0.searchglobal.0.ini/0.1.1.1.0.0.searchglobal.0_04.04.SL.2.1.4_Small.final.json,/gpfs/projects/HeinzGroup/asoubki/FlexFringe/data/MLRegTest/Large/04.04.SL.2.1.4_TestSR.txt,2025-12-29 22:10:01.201499
0.1.1.1.0.0.searchglobal.0,Small,4,4,SL,2,1,4,TestLA,0.58817,0.8443333593688979,0.2162,0.3442510708087193,0.41183,/gpfs/projects/HeinzGroup/caffeine_underground/mlrt/FlexFringe/FlexFringe/models-ps-small/0.1.1.1.0.0.searchglobal.0.ini/0.1.1.1.0.0.searchglobal.0_04.04.SL.2.1.4_Small.final.json,/gpfs/projects/HeinzGroup/asoubki/FlexFringe/data/MLRegTest/Large/04.04.SL.2.1.4_TestLA.txt,2025-12-29 22:10:01.201499
0.1.1.1.0.0.searchglobal.0,Small,4,4,SL,2,1,4,TestSA,0.58319,0.792819429778247,0.22524,0.35081379954832176,0.41681,/gpfs/projects/HeinzGroup/caffeine_underground/mlrt/FlexFringe/FlexFringe/models-ps-small/0.1.1.1.0.0.searchglobal.0.ini/0.1.1.1.0.0.searchglobal.0_04.04.SL.2.1.4_Small.final.json,/gpfs/projects/HeinzGroup/asoubki/FlexFringe/data/MLRegTest/Large/04.04.SL.2.1.4_TestSA.txt,2025-12-29 22:10:01.201499
0.1.1.1.0.0.searchglobal.0,Small,4,4,SL,2,1,4,Dev,0.58029,0.8070363288718929,0.21104,0.33458581054300435,0.41971,/gpfs/projects/HeinzGroup/caffeine_underground/mlrt/FlexFringe/FlexFringe/models-ps-small/0.1.1.1.0.0.searchglobal.0.ini/0.1.1.1.0.0.searchglobal.0_04.04.SL.2.1.4_Small.final.json,/gpfs/projects/HeinzGroup/asoubki/FlexFringe/data/MLRegTest/Large/04.04.SL.2.1.4_Dev.txt,2025-12-29 22:10:01.201499
0.1.1.1.0.0.searchglobal.0,Small,4,4,SL,2,1,4,Train,0.565,0.7443609022556391,0.198,0.3127962085308057,0.435,/gpfs/projects/HeinzGroup/caffeine_underground/mlrt/FlexFringe/FlexFringe/models-ps-small/0.1.1.1.0.0.searchglobal.0.ini/0.1.1.1.0.0.searchglobal.0_04.04.SL.2.1.4_Small.final.json,/gpfs/projects/HeinzGroup/asoubki/FlexFringe/data/MLRegTest/Small/04.04.SL.2.1.4_Train.txt,2025-12-29 22:10:01.201499
0.1.1.1.0.0.searchglobal.0,Small,4,4,SL,2,1,5,TestLR,0.51322,0.7496223564954683,0.0397,0.07540647318036772,0.48678,/gpfs/projects/HeinzGroup/caffeine_underground/mlrt/FlexFringe/FlexFringe/models-ps-small/0.1.1.1.0.0.searchglobal.0.ini/0.1.1.1.0.0.searchglobal.0_04.04.SL.2.1.5_Small.final.json,/gpfs/projects/HeinzGroup/asoubki/FlexFringe/data/MLRegTest/Large/04.04.SL.2.1.5_TestLR.txt,2025-12-29 22:16:12.001330
0.1.1.1.0.0.searchglobal.0,Small,4,4,SL,2,1,5,TestSA,0.51081,0.5820057654377181,0.07672,0.1355692601297026,0.48919,/gpfs/projects/HeinzGroup/caffeine_underground/mlrt/FlexFringe/FlexFringe/models-ps-small/0.1.1.1.0.0.searchglobal.0.ini/0.1.1.1.0.0.searchglobal.0_04.04.SL.2.1.5_Small.final.json,/gpfs/projects/HeinzGroup/asoubki/FlexFringe/data/MLRegTest/Large/04.04.SL.2.1.5_TestSA.txt,2025-12-29 22:16:12.001330
0.1.1.1.0.0.searchglobal.0,Small,4,4,SL,2,1,5,TestSR,0.51999,0.6710008554319932,0.07844,0.1404602023457785,0.48001,/gpfs/projects/HeinzGroup/caffeine_underground/mlrt/FlexFringe/FlexFringe/models-ps-small/0.1.1.1.0.0.searchglobal.0.ini/0.1.1.1.0.0.searchglobal.0_04.04.SL.2.1.5_Small.final.json,/gpfs/projects/HeinzGroup/asoubki/FlexFringe/data/MLRegTest/Large/04.04.SL.2.1.5_TestSR.txt,2025-12-29 22:16:12.001330
0.1.1.1.0.0.searchglobal.0,Small,4,4,SL,2,1,5,TestLA,0.50493,0.5782788186725945,0.03642,0.06852433724058778,0.49507,/gpfs/projects/HeinzGroup/caffeine_underground/mlrt/FlexFringe/FlexFringe/models-ps-small/0.1.1.1.0.0.searchglobal.0.ini/0.1.1.1.0.0.searchglobal.0_04.04.SL.2.1.5_Small.final.json,/gpfs/projects/HeinzGroup/asoubki/FlexFringe/data/MLRegTest/Large/04.04.SL.2.1.5_TestLA.txt,2025-12-29 22:16:12.001330
0.1.1.1.0.0.searchglobal.0,Small,4,4,SL,2,1,5,Dev,0.52134,0.6772425249169435,0.08154,0.14555515887183149,0.47866,/gpfs/projects/HeinzGroup/caffeine_underground/mlrt/FlexFringe/FlexFringe/models-ps-small/0.1.1.1.0.0.searchglobal.0.ini/0.1.1.1.0.0.searchglobal.0_04.04.SL.2.1.5_Small.final.json,/gpfs/projects/HeinzGroup/asoubki/FlexFringe/data/MLRegTest/Large/04.04.SL.2.1.5_Dev.txt,2025-12-29 22:16:12.001330
0.1.1.1.0.0.searchglobal.0,Small,4,4,SL,2,1,5,Train,0.519,0.6557377049180327,0.08,0.14260249554367202,0.481,/gpfs/projects/HeinzGroup/caffeine_underground/mlrt/FlexFringe/FlexFringe/models-ps-small/0.1.1.1.0.0.searchglobal.0.ini/0.1.1.1.0.0.searchglobal.0_04.04.SL.2.1.5_Small.final.json,/gpfs/projects/HeinzGroup/asoubki/FlexFringe/data/MLRegTest/Small/04.04.SL.2.1.5_Train.txt,2025-12-29 22:16:12.001330
0.1.1.1.0.0.searchglobal.0,Small,4,4,SL,2,1,6,TestLR,0.60881,0.9905328644847173,0.21972,0.35966017907711445,0.39119,/gpfs/projects/HeinzGroup/caffeine_underground/mlrt/FlexFringe/FlexFringe/models-ps-small/0.1.1.1.0.0.searchglobal.0.ini/0.1.1.1.0.0.searchglobal.0_04.04.SL.2.1.6_Small.final.json,/gpfs/projects/HeinzGroup/asoubki/FlexFringe/data/MLRegTest/Large/04.04.SL.2.1.6_TestLR.txt,2025-12-29 23:17:16.785419
0.1.1.1.0.0.searchglobal.0,Small,4,4,SL,2,1,6,TestSR,0.60364,0.9488911988911989,0.21908,0.355972962433381,0.39636,/gpfs/projects/HeinzGroup/caffeine_underground/mlrt/FlexFringe/FlexFringe/models-ps-small/0.1.1.1.0.0.searchglobal.0.ini/0.1.1.1.0.0.searchglobal.0_04.04.SL.2.1.6_Small.final.json,/gpfs/projects/HeinzGroup/asoubki/FlexFringe/data/MLRegTest/Large/04.04.SL.2.1.6_TestSR.txt,2025-12-29 23:17:16.785419
0.1.1.1.0.0.searchglobal.0,Small,4,4,SL,2,1,6,TestLA,0.60031,0.9132405042432232,0.22168,0.356760062442667,0.39969,/gpfs/projects/HeinzGroup/caffeine_underground/mlrt/FlexFringe/FlexFringe/models-ps-small/0.1.1.1.0.0.searchglobal.0.ini/0.1.1.1.0.0.searchglobal.0_04.04.SL.2.1.6_Small.final.json,/gpfs/projects/HeinzGroup/asoubki/FlexFringe/data/MLRegTest/Large/04.04.SL.2.1.6_TestLA.txt,2025-12-29 23:17:16.785419
0.1.1.1.0.0.searchglobal.0,Small,4,4,SL,2,1,6,TestSA,0.59858,0.8842376052385407,0.22686,0.3610810466670911,0.40142,/gpfs/projects/HeinzGroup/caffeine_underground/mlrt/FlexFringe/FlexFringe/models-ps-small/0.1.1.1.0.0.searchglobal.0.ini/0.1.1.1.0.0.searchglobal.0_04.04.SL.2.1.6_Small.final.json,/gpfs/projects/HeinzGroup/asoubki/FlexFringe/data/MLRegTest/Large/04.04.SL.2.1.6_TestSA.txt,2025-12-29 23:17:16.785419
0.1.1.1.0.0.searchglobal.0,Small,4,4,SL,2,1,6,Dev,0.60326,0.947012987012987,0.21876,0.35541835905767666,0.39674,/gpfs/projects/HeinzGroup/caffeine_underground/mlrt/FlexFringe/FlexFringe/models-ps-small/0.1.1.1.0.0.searchglobal.0.ini/0.1.1.1.0.0.searchglobal.0_04.04.SL.2.1.6_Small.final.json,/gpfs/projects/HeinzGroup/asoubki/FlexFringe/data/MLRegTest/Large/04.04.SL.2.1.6_Dev.txt,2025-12-29 23:17:16.785419
0.1.1.1.0.0.searchglobal.0,Small,4,4,SL,2,1,6,Train,0.623,0.992,0.248,0.3968,0.377,/gpfs/projects/HeinzGroup/caffeine_underground/mlrt/FlexFringe/FlexFringe/models-ps-small/0.1.1.1.0.0.searchglobal.0.ini/0.1.1.1.0.0.searchglobal.0_04.04.SL.2.1.6_Small.final.json,/gpfs/projects/HeinzGroup/asoubki/FlexFringe/data/MLRegTest/Small/04.04.SL.2.1.6_Train.txt,2025-12-29 23:17:16.785419
0.1.1.1.0.0.searchglobal.0,Small,4,4,SL,2,1,7,TestSR,0.59974,0.9248594309081615,0.21712,0.3516796786420033,0.40026,/gpfs/projects/HeinzGroup/caffeine_underground/mlrt/FlexFringe/FlexFringe/models-ps-small/0.1.1.1.0.0.searchglobal.0.ini/0.1.1.1.0.0.searchglobal.0_04.04.SL.2.1.7_Small.final.json,/gpfs/projects/HeinzGroup/asoubki/FlexFringe/data/MLRegTest/Large/04.04.SL.2.1.7_TestSR.txt,2025-12-29 22:19:29.972540
0.1.1.1.0.0.searchglobal.0,Small,4,4,SL,2,1,7,TestSA,0.58449,0.7934291866361047,0.22846,0.3547680792583505,0.41551,/gpfs/projects/HeinzGroup/caffeine_underground/mlrt/FlexFringe/FlexFringe/models-ps-small/0.1.1.1.0.0.searchglobal.0.ini/0.1.1.1.0.0.searchglobal.0_04.04.SL.2.1.7_Small.final.json,/gpfs/projects/HeinzGroup/asoubki/FlexFringe/data/MLRegTest/Large/04.04.SL.2.1.7_TestSA.txt,2025-12-29 22:19:29.972540
0.1.1.1.0.0.searchglobal.0,Small,4,4,SL,2,1,7,TestLA,0.58651,0.8163533972061727,0.22324,0.35060386663106813,0.41349,/gpfs/projects/HeinzGroup/caffeine_underground/mlrt/FlexFringe/FlexFringe/models-ps-small/0.1.1.1.0.0.searchglobal.0.ini/0.1.1.1.0.0.searchglobal.0_04.04.SL.2.1.7_Small.final.json,/gpfs/projects/HeinzGroup/asoubki/FlexFringe/data/MLRegTest/Large/04.04.SL.2.1.7_TestLA.txt,2025-12-29 22:19:29.972540
0.1.1.1.0.0.searchglobal.0,Small,4,4,SL,2,1,7,TestLR,0.60616,0.9821071752951862,0.21626,0.35446648090476973,0.39384,/gpfs/projects/HeinzGroup/caffeine_underground/mlrt/FlexFringe/FlexFringe/models-ps-small/0.1.1.1.0.0.searchglobal.0.ini/0.1.1.1.0.0.searchglobal.0_04.04.SL.2.1.7_Small.final.json,/gpfs/projects/HeinzGroup/asoubki/FlexFringe/data/MLRegTest/Large/04.04.SL.2.1.7_TestLR.txt,2025-12-29 22:19:29.972540
0.1.1.1.0.0.searchglobal.0,Small,4,4,SL,2,1,7,Dev,0.60101,0.9262385011393367,0.2195,0.35489660301702536,0.39899,/gpfs/projects/HeinzGroup/caffeine_underground/mlrt/FlexFringe/FlexFringe/models-ps-small/0.1.1.1.0.0.searchglobal.0.ini/0.1.1.1.0.0.searchglobal.0_04.04.SL.2.1.7_Small.final.json,/gpfs/projects/HeinzGroup/asoubki/FlexFringe/data/MLRegTest/Large/04.04.SL.2.1.7_Dev.txt,2025-12-29 22:19:29.972540
0.1.1.1.0.0.searchglobal.0,Small,4,4,SL,2,1,7,Train,0.596,0.9210526315789473,0.21,0.34201954397394135,0.404,/gpfs/projects/HeinzGroup/caffeine_underground/mlrt/FlexFringe/FlexFringe/models-ps-small/0.1.1.1.0.0.searchglobal.0.ini/0.1.1.1.0.0.searchglobal.0_04.04.SL.2.1.7_Small.final.json,/gpfs/projects/HeinzGroup/asoubki/FlexFringe/data/MLRegTest/Small/04.04.SL.2.1.7_Train.txt,2025-12-29 22:19:29.972540
0.1.1.1.0.0.searchglobal.0,Small,4,4,SL,2,1,8,TestLR,0.38362,0.0,0.0,0.0,0.61638,/gpfs/projects/HeinzGroup/caffeine_underground/mlrt/FlexFringe/FlexFringe/models-ps-small/0.1.1.1.0.0.searchglobal.0.ini/0.1.1.1.0.0.searchglobal.0_04.04.SL.2.1.8_Small.final.json,/gpfs/projects/HeinzGroup/asoubki/FlexFringe/data/MLRegTest/Large/04.04.SL.2.1.8_TestLR.txt,2025-12-29 22:15:36.711512
0.1.1.1.0.0.searchglobal.0,Small,4,4,SL,2,1,8,TestLA,0.5,0.0,0.0,0.0,0.5,/gpfs/projects/HeinzGroup/caffeine_underground/mlrt/FlexFringe/FlexFringe/models-ps-small/0.1.1.1.0.0.searchglobal.0.ini/0.1.1.1.0.0.searchglobal.0_04.04.SL.2.1.8_Small.final.json,/gpfs/projects/HeinzGroup/asoubki/FlexFringe/data/MLRegTest/Large/04.04.SL.2.1.8_TestLA.txt,2025-12-29 22:15:36.711512
0.1.1.1.0.0.searchglobal.0,Small,4,4,SL,2,1,8,TestSR,0.38488,0.0,0.0,0.0,0.61512,/gpfs/projects/HeinzGroup/caffeine_underground/mlrt/FlexFringe/FlexFringe/models-ps-small/0.1.1.1.0.0.searchglobal.0.ini/0.1.1.1.0.0.searchglobal.0_04.04.SL.2.1.8_Small.final.json,/gpfs/projects/HeinzGroup/asoubki/FlexFringe/data/MLRegTest/Large/04.04.SL.2.1.8_TestSR.txt,2025-12-29 22:15:36.711512
0.1.1.1.0.0.searchglobal.0,Small,4,4,SL,2,1,8,TestSA,0.5,0.0,0.0,0.0,0.5,/gpfs/projects/HeinzGroup/caffeine_underground/mlrt/FlexFringe/FlexFringe/models-ps-small/0.1.1.1.0.0.searchglobal.0.ini/0.1.1.1.0.0.searchglobal.0_04.04.SL.2.1.8_Small.final.json,/gpfs/projects/HeinzGroup/asoubki/FlexFringe/data/MLRegTest/Large/04.04.SL.2.1.8_TestSA.txt,2025-12-29 22:15:36.711512
0.1.1.1.0.0.searchglobal.0,Small,4,4,SL,2,1,8,Dev,0.38129,0.0,0.0,0.0,0.61871,/gpfs/projects/HeinzGroup/caffeine_underground/mlrt/FlexFringe/FlexFringe/models-ps-small/0.1.1.1.0.0.searchglobal.0.ini/0.1.1.1.0.0.searchglobal.0_04.04.SL.2.1.8_Small.final.json,/gpfs/projects/HeinzGroup/asoubki/FlexFringe/data/MLRegTest/Large/04.04.SL.2.1.8_Dev.txt,2025-12-29 22:15:36.711512
0.1.1.1.0.0.searchglobal.0,Small,4,4,SL,2,1,8,Train,0.382,0.0,0.0,0.0,0.618,/gpfs/projects/HeinzGroup/caffeine_underground/mlrt/FlexFringe/FlexFringe/models-ps-small/0.1.1.1.0.0.searchglobal.0.ini/0.1.1.1.0.0.searchglobal.0_04.04.SL.2.1.8_Small.final.json,/gpfs/projects/HeinzGroup/asoubki/FlexFringe/data/MLRegTest/Small/04.04.SL.2.1.8_Train.txt,2025-12-29 22:15:36.711512
0.1.1.1.0.0.searchglobal.0,Small,4,4,SL,2,1,9,TestSR,0.46682,0.0,0.0,0.0,0.53318,/gpfs/projects/HeinzGroup/caffeine_underground/mlrt/FlexFringe/FlexFringe/models-ps-small/0.1.1.1.0.0.searchglobal.0.ini/0.1.1.1.0.0.searchglobal.0_04.04.SL.2.1.9_Small.final.json,/gpfs/projects/HeinzGroup/asoubki/FlexFringe/data/MLRegTest/Large/04.04.SL.2.1.9_TestSR.txt,2025-12-29 22:25:09.294094
0.1.1.1.0.0.searchglobal.0,Small,4,4,SL,2,1,9,TestLR,0.46707,0.0,0.0,0.0,0.53293,/gpfs/projects/HeinzGroup/caffeine_underground/mlrt/FlexFringe/FlexFringe/models-ps-small/0.1.1.1.0.0.searchglobal.0.ini/0.1.1.1.0.0.searchglobal.0_04.04.SL.2.1.9_Small.final.json,/gpfs/projects/HeinzGroup/asoubki/FlexFringe/data/MLRegTest/Large/04.04.SL.2.1.9_TestLR.txt,2025-12-29 22:25:09.294094
0.1.1.1.0.0.searchglobal.0,Small,4,4,SL,2,1,9,TestSA,0.5,0.0,0.0,0.0,0.5,/gpfs/projects/HeinzGroup/caffeine_underground/mlrt/FlexFringe/FlexFringe/models-ps-small/0.1.1.1.0.0.searchglobal.0.ini/0.1.1.1.0.0.searchglobal.0_04.04.SL.2.1.9_Small.final.json,/gpfs/projects/HeinzGroup/asoubki/FlexFringe/data/MLRegTest/Large/04.04.SL.2.1.9_TestSA.txt,2025-12-29 22:25:09.294094
0.1.1.1.0.0.searchglobal.0,Small,4,4,SL,2,1,9,TestLA,0.5,0.0,0.0,0.0,0.5,/gpfs/projects/HeinzGroup/caffeine_underground/mlrt/FlexFringe/FlexFringe/models-ps-small/0.1.1.1.0.0.searchglobal.0.ini/0.1.1.1.0.0.searchglobal.0_04.04.SL.2.1.9_Small.final.json,/gpfs/projects/HeinzGroup/asoubki/FlexFringe/data/MLRegTest/Large/04.04.SL.2.1.9_TestLA.txt,2025-12-29 22:25:09.294094
0.1.1.1.0.0.searchglobal.0,Small,4,4,SL,2,1,9,Dev,0.46621,0.0,0.0,0.0,0.53379,/gpfs/projects/HeinzGroup/caffeine_underground/mlrt/FlexFringe/FlexFringe/models-ps-small/0.1.1.1.0.0.searchglobal.0.ini/0.1.1.1.0.0.searchglobal.0_04.04.SL.2.1.9_Small.final.json,/gpfs/projects/HeinzGroup/asoubki/FlexFringe/data/MLRegTest/Large/04.04.SL.2.1.9_Dev.txt,2025-12-29 22:25:09.294094
0.1.1.1.0.0.searchglobal.0,Small,4,4,SL,2,1,9,Train,0.461,0.0,0.0,0.0,0.539,/gpfs/projects/HeinzGroup/caffeine_underground/mlrt/FlexFringe/FlexFringe/models-ps-small/0.1.1.1.0.0.searchglobal.0.ini/0.1.1.1.0.0.searchglobal.0_04.04.SL.2.1.9_Small.final.json,/gpfs/projects/HeinzGroup/asoubki/FlexFringe/data/MLRegTest/Small/04.04.SL.2.1.9_Train.txt,2025-12-29 22:25:09.294094
0.1.1.1.0.0.searchglobal.0,Small,4,4,SL,4,1,0,TestSA,1.0,1.0,1.0,1.0,0.0,/gpfs/projects/HeinzGroup/caffeine_underground/mlrt/FlexFringe/FlexFringe/models-ps-small/0.1.1.1.0.0.searchglobal.0.ini/0.1.1.1.0.0.searchglobal.0_04.04.SL.4.1.0_Small.final.json,/gpfs/projects/HeinzGroup/asoubki/FlexFringe/data/MLRegTest/Large/04.04.SL.4.1.0_TestSA.txt,2025-12-29 23:26:22.120157
0.1.1.1.0.0.searchglobal.0,Small,4,4,SL,4,1,0,TestSR,1.0,1.0,1.0,1.0,0.0,/gpfs/projects/HeinzGroup/caffeine_underground/mlrt/FlexFringe/FlexFringe/models-ps-small/0.1.1.1.0.0.searchglobal.0.ini/0.1.1.1.0.0.searchglobal.0_04.04.SL.4.1.0_Small.final.json,/gpfs/projects/HeinzGroup/asoubki/FlexFringe/data/MLRegTest/Large/04.04.SL.4.1.0_TestSR.txt,2025-12-29 23:26:22.120157
0.1.1.1.0.0.searchglobal.0,Small,4,4,SL,4,1,0,TestLA,1.0,1.0,1.0,1.0,0.0,/gpfs/projects/HeinzGroup/caffeine_underground/mlrt/FlexFringe/FlexFringe/models-ps-small/0.1.1.1.0.0.searchglobal.0.ini/0.1.1.1.0.0.searchglobal.0_04.04.SL.4.1.0_Small.final.json,/gpfs/projects/HeinzGroup/asoubki/FlexFringe/data/MLRegTest/Large/04.04.SL.4.1.0_TestLA.txt,2025-12-29 23:26:22.120157
0.1.1.1.0.0.searchglobal.0,Small,4,4,SL,4,1,0,TestLR,1.0,1.0,1.0,1.0,0.0,/gpfs/projects/HeinzGroup/caffeine_underground/mlrt/FlexFringe/FlexFringe/models-ps-small/0.1.1.1.0.0.searchglobal.0.ini/0.1.1.1.0.0.searchglobal.0_04.04.SL.4.1.0_Small.final.json,/gpfs/projects/HeinzGroup/asoubki/FlexFringe/data/MLRegTest/Large/04.04.SL.4.1.0_TestLR.txt,2025-12-29 23:26:22.120157
0.1.1.1.0.0.searchglobal.0,Small,4,4,SL,4,1,0,Dev,1.0,1.0,1.0,1.0,0.0,/gpfs/projects/HeinzGroup/caffeine_underground/mlrt/FlexFringe/FlexFringe/models-ps-small/0.1.1.1.0.0.searchglobal.0.ini/0.1.1.1.0.0.searchglobal.0_04.04.SL.4.1.0_Small.final.json,/gpfs/projects/HeinzGroup/asoubki/FlexFringe/data/MLRegTest/Large/04.04.SL.4.1.0_Dev.txt,2025-12-29 23:26:22.120157
0.1.1.1.0.0.searchglobal.0,Small,4,4,SL,4,1,0,Train,1.0,1.0,1.0,1.0,0.0,/gpfs/projects/HeinzGroup/caffeine_underground/mlrt/FlexFringe/FlexFringe/models-ps-small/0.1.1.1.0.0.searchglobal.0.ini/0.1.1.1.0.0.searchglobal.0_04.04.SL.4.1.0_Small.final.json,/gpfs/projects/HeinzGroup/asoubki/FlexFringe/data/MLRegTest/Small/04.04.SL.4.1.0_Train.txt,2025-12-29 23:26:22.120157
0.1.1.1.0.0.searchglobal.0,Small,4,4,SL,4,1,1,TestLA,0.63337,0.5946034132985288,0.83826,0.695714961531758,0.36663,/gpfs/projects/HeinzGroup/caffeine_underground/mlrt/FlexFringe/FlexFringe/models-ps-small/0.1.1.1.0.0.searchglobal.0.ini/0.1.1.1.0.0.searchglobal.0_04.04.SL.4.1.1_Small.final.json,/gpfs/projects/HeinzGroup/asoubki/FlexFringe/data/MLRegTest/Large/04.04.SL.4.1.1_TestLA.txt,2025-12-29 23:28:08.508467
0.1.1.1.0.0.searchglobal.0,Small,4,4,SL,4,1,1,TestSA,0.63621,0.5925503145936103,0.87208,0.7056405609004184,0.36379,/gpfs/projects/HeinzGroup/caffeine_underground/mlrt/FlexFringe/FlexFringe/models-ps-small/0.1.1.1.0.0.searchglobal.0.ini/0.1.1.1.0.0.searchglobal.0_04.04.SL.4.1.1_Small.final.json,/gpfs/projects/HeinzGroup/asoubki/FlexFringe/data/MLRegTest/Large/04.04.SL.4.1.1_TestSA.txt,2025-12-29 23:28:08.508467
0.1.1.1.0.0.searchglobal.0,Small,4,4,SL,4,1,1,TestSR,0.68114,0.6176264318553729,0.95112,0.7489251799240932,0.31886,/gpfs/projects/HeinzGroup/caffeine_underground/mlrt/FlexFringe/FlexFringe/models-ps-small/0.1.1.1.0.0.searchglobal.0.ini/0.1.1.1.0.0.searchglobal.0_04.04.SL.4.1.1_Small.final.json,/gpfs/projects/HeinzGroup/asoubki/FlexFringe/data/MLRegTest/Large/04.04.SL.4.1.1_TestSR.txt,2025-12-29 23:28:08.508467
0.1.1.1.0.0.searchglobal.0,Small,4,4,SL,4,1,1,TestLR,0.68103,0.6233695429949979,0.91472,0.7414504454117323,0.31897,/gpfs/projects/HeinzGroup/caffeine_underground/mlrt/FlexFringe/FlexFringe/models-ps-small/0.1.1.1.0.0.searchglobal.0.ini/0.1.1.1.0.0.searchglobal.0_04.04.SL.4.1.1_Small.final.json,/gpfs/projects/HeinzGroup/asoubki/FlexFringe/data/MLRegTest/Large/04.04.SL.4.1.1_TestLR.txt,2025-12-29 23:28:08.508467
0.1.1.1.0.0.searchglobal.0,Small,4,4,SL,4,1,1,Dev,0.68376,0.6194922748790511,0.95268,0.7507801910285913,0.31624,/gpfs/projects/HeinzGroup/caffeine_underground/mlrt/FlexFringe/FlexFringe/models-ps-small/0.1.1.1.0.0.searchglobal.0.ini/0.1.1.1.0.0.searchglobal.0_04.04.SL.4.1.1_Small.final.json,/gpfs/projects/HeinzGroup/asoubki/FlexFringe/data/MLRegTest/Large/04.04.SL.4.1.1_Dev.txt,2025-12-29 23:28:08.508467
0.1.1.1.0.0.searchglobal.0,Small,4,4,SL,4,1,1,Train,0.683,0.6180645161290322,0.958,0.7513725490196078,0.317,/gpfs/projects/HeinzGroup/caffeine_underground/mlrt/FlexFringe/FlexFringe/models-ps-small/0.1.1.1.0.0.searchglobal.0.ini/0.1.1.1.0.0.searchglobal.0_04.04.SL.4.1.1_Small.final.json,/gpfs/projects/HeinzGroup/asoubki/FlexFringe/data/MLRegTest/Small/04.04.SL.4.1.1_Train.txt,2025-12-29 23:28:08.508467
0.1.1.1.0.0.searchglobal.0,Small,4,4,SL,4,1,2,TestSA,0.88123,0.9138316580187144,0.84184,0.8763598130354671,0.11877,/gpfs/projects/HeinzGroup/caffeine_underground/mlrt/FlexFringe/FlexFringe/models-ps-small/0.1.1.1.0.0.searchglobal.0.ini/0.1.1.1.0.0.searchglobal.0_04.04.SL.4.1.2_Small.final.json,/gpfs/projects/HeinzGroup/asoubki/FlexFringe/data/MLRegTest/Large/04.04.SL.4.1.2_TestSA.txt,2025-12-29 23:03:52.295936
0.1.1.1.0.0.searchglobal.0,Small,4,4,SL,4,1,2,TestLA,0.84258,0.8778400317642387,0.79592,0.8348752805924434,0.15742,/gpfs/projects/HeinzGroup/caffeine_underground/mlrt/FlexFringe/FlexFringe/models-ps-small/0.1.1.1.0.0.searchglobal.0.ini/0.1.1.1.0.0.searchglobal.0_04.04.SL.4.1.2_Small.final.json,/gpfs/projects/HeinzGroup/asoubki/FlexFringe/data/MLRegTest/Large/04.04.SL.4.1.2_TestLA.txt,2025-12-29 23:03:52.295936
0.1.1.1.0.0.searchglobal.0,Small,4,4,SL,4,1,2,TestLR,0.87755,0.8888179440176309,0.86306,0.8757496118760845,0.12245,/gpfs/projects/HeinzGroup/caffeine_underground/mlrt/FlexFringe/FlexFringe/models-ps-small/0.1.1.1.0.0.searchglobal.0.ini/0.1.1.1.0.0.searchglobal.0_04.04.SL.4.1.2_Small.final.json,/gpfs/projects/HeinzGroup/asoubki/FlexFringe/data/MLRegTest/Large/04.04.SL.4.1.2_TestLR.txt,2025-12-29 23:03:52.295936
0.1.1.1.0.0.searchglobal.0,Small,4,4,SL,4,1,2,TestSR,0.91955,0.9220400362136606,0.9166,0.9193119703124216,0.08045,/gpfs/projects/HeinzGroup/caffeine_underground/mlrt/FlexFringe/FlexFringe/models-ps-small/0.1.1.1.0.0.searchglobal.0.ini/0.1.1.1.0.0.searchglobal.0_04.04.SL.4.1.2_Small.final.json,/gpfs/projects/HeinzGroup/asoubki/FlexFringe/data/MLRegTest/Large/04.04.SL.4.1.2_TestSR.txt,2025-12-29 23:03:52.295936
0.1.1.1.0.0.searchglobal.0,Small,4,4,SL,4,1,2,Dev,0.92109,0.9243404478303807,0.91726,0.9207866127267434,0.07891,/gpfs/projects/HeinzGroup/caffeine_underground/mlrt/FlexFringe/FlexFringe/models-ps-small/0.1.1.1.0.0.searchglobal.0.ini/0.1.1.1.0.0.searchglobal.0_04.04.SL.4.1.2_Small.final.json,/gpfs/projects/HeinzGroup/asoubki/FlexFringe/data/MLRegTest/Large/04.04.SL.4.1.2_Dev.txt,2025-12-29 23:03:52.295936
0.1.1.1.0.0.searchglobal.0,Small,4,4,SL,4,1,2,Train,0.924,0.9206349206349206,0.928,0.9243027888446215,0.076,/gpfs/projects/HeinzGroup/caffeine_underground/mlrt/FlexFringe/FlexFringe/models-ps-small/0.1.1.1.0.0.searchglobal.0.ini/0.1.1.1.0.0.searchglobal.0_04.04.SL.4.1.2_Small.final.json,/gpfs/projects/HeinzGroup/asoubki/FlexFringe/data/MLRegTest/Small/04.04.SL.4.1.2_Train.txt,2025-12-29 23:03:52.295936
0.1.1.1.0.0.searchglobal.0,Small,4,4,SL,4,1,3,TestLA,0.84742,0.8867613661664514,0.79656,0.8392439471521588,0.15258,/gpfs/projects/HeinzGroup/caffeine_underground/mlrt/FlexFringe/FlexFringe/models-ps-small/0.1.1.1.0.0.searchglobal.0.ini/0.1.1.1.0.0.searchglobal.0_04.04.SL.4.1.3_Small.final.json,/gpfs/projects/HeinzGroup/asoubki/FlexFringe/data/MLRegTest/Large/04.04.SL.4.1.3_TestLA.txt,2025-12-29 23:15:37.585769
0.1.1.1.0.0.searchglobal.0,Small,4,4,SL,4,1,3,TestSR,0.91922,0.9200937950937951,0.91818,0.9191359013373909,0.08078,/gpfs/projects/HeinzGroup/caffeine_underground/mlrt/FlexFringe/FlexFringe/models-ps-small/0.1.1.1.0.0.searchglobal.0.ini/0.1.1.1.0.0.searchglobal.0_04.04.SL.4.1.3_Small.final.json,/gpfs/projects/HeinzGroup/asoubki/FlexFringe/data/MLRegTest/Large/04.04.SL.4.1.3_TestSR.txt,2025-12-29 23:15:37.585769
0.1.1.1.0.0.searchglobal.0,Small,4,4,SL,4,1,3,TestLR,0.89868,0.9150668387956523,0.87894,0.8966396670271153,0.10132,/gpfs/projects/HeinzGroup/caffeine_underground/mlrt/FlexFringe/FlexFringe/models-ps-small/0.1.1.1.0.0.searchglobal.0.ini/0.1.1.1.0.0.searchglobal.0_04.04.SL.4.1.3_Small.final.json,/gpfs/projects/HeinzGroup/asoubki/FlexFringe/data/MLRegTest/Large/04.04.SL.4.1.3_TestLR.txt,2025-12-29 23:15:37.585769
0.1.1.1.0.0.searchglobal.0,Small,4,4,SL,4,1,3,TestSA,0.86509,0.895076290444757,0.82714,0.8597682033158359,0.13491,/gpfs/projects/HeinzGroup/caffeine_underground/mlrt/FlexFringe/FlexFringe/models-ps-small/0.1.1.1.0.0.searchglobal.0.ini/0.1.1.1.0.0.searchglobal.0_04.04.SL.4.1.3_Small.final.json,/gpfs/projects/HeinzGroup/asoubki/FlexFringe/data/MLRegTest/Large/04.04.SL.4.1.3_TestSA.txt,2025-12-29 23:15:37.585769
0.1.1.1.0.0.searchglobal.0,Small,4,4,SL,4,1,3,Dev,0.92104,0.9222222222222223,0.91964,0.92092930102143,0.07896,/gpfs/projects/HeinzGroup/caffeine_underground/mlrt/FlexFringe/FlexFringe/models-ps-small/0.1.1.1.0.0.searchglobal.0.ini/0.1.1.1.0.0.searchglobal.0_04.04.SL.4.1.3_Small.final.json,/gpfs/projects/HeinzGroup/asoubki/FlexFringe/data/MLRegTest/Large/04.04.SL.4.1.3_Dev.txt,2025-12-29 23:15:37.585769
0.1.1.1.0.0.searchglobal.0,Small,4,4,SL,4,1,3,Train,0.922,0.9137254901960784,0.932,0.9227722772277228,0.078,/gpfs/projects/HeinzGroup/caffeine_underground/mlrt/FlexFringe/FlexFringe/models-ps-small/0.1.1.1.0.0.searchglobal.0.ini/0.1.1.1.0.0.searchglobal.0_04.04.SL.4.1.3_Small.final.json,/gpfs/projects/HeinzGroup/asoubki/FlexFringe/data/MLRegTest/Small/04.04.SL.4.1.3_Train.txt,2025-12-29 23:15:37.585769
0.1.1.1.0.0.searchglobal.0,Small,4,4,SL,4,1,4,TestSA,0.50106,0.5413416536661466,0.01388,0.027066027066027065,0.49894,/gpfs/projects/HeinzGroup/caffeine_underground/mlrt/FlexFringe/FlexFringe/models-ps-small/0.1.1.1.0.0.searchglobal.0.ini/0.1.1.1.0.0.searchglobal.0_04.04.SL.4.1.4_Small.final.json,/gpfs/projects/HeinzGroup/asoubki/FlexFringe/data/MLRegTest/Large/04.04.SL.4.1.4_TestSA.txt,2025-12-29 22:34:20.801332
0.1.1.1.0.0.searchglobal.0,Small,4,4,SL,4,1,4,TestLA,0.50118,0.5450381679389313,0.01428,0.027830832196452934,0.49882,/gpfs/projects/HeinzGroup/caffeine_underground/mlrt/FlexFringe/FlexFringe/models-ps-small/0.1.1.1.0.0.searchglobal.0.ini/0.1.1.1.0.0.searchglobal.0_04.04.SL.4.1.4_Small.final.json,/gpfs/projects/HeinzGroup/asoubki/FlexFringe/data/MLRegTest/Large/04.04.SL.4.1.4_TestLA.txt,2025-12-29 22:34:20.801332
0.1.1.1.0.0.searchglobal.0,Small,4,4,SL,4,1,4,TestSR,0.50032,0.5138648180242634,0.01186,0.023184892677014506,0.49968,/gpfs/projects/HeinzGroup/caffeine_underground/mlrt/FlexFringe/FlexFringe/models-ps-small/0.1.1.1.0.0.searchglobal.0.ini/0.1.1.1.0.0.searchglobal.0_04.04.SL.4.1.4_Small.final.json,/gpfs/projects/HeinzGroup/asoubki/FlexFringe/data/MLRegTest/Large/04.04.SL.4.1.4_TestSR.txt,2025-12-29 22:34:20.801332
0.1.1.1.0.0.searchglobal.0,Small,4,4,SL,4,1,4,TestLR,0.50047,0.5201716738197425,0.01212,0.023688068015244795,0.49953,/gpfs/projects/HeinzGroup/caffeine_underground/mlrt/FlexFringe/FlexFringe/models-ps-small/0.1.1.1.0.0.searchglobal.0.ini/0.1.1.1.0.0.searchglobal.0_04.04.SL.4.1.4_Small.final.json,/gpfs/projects/HeinzGroup/asoubki/FlexFringe/data/MLRegTest/Large/04.04.SL.4.1.4_TestLR.txt,2025-12-29 22:34:20.801332
0.1.1.1.0.0.searchglobal.0,Small,4,4,SL,4,1,4,Dev,0.50038,0.5155737704918033,0.01258,0.02456071846934791,0.49962,/gpfs/projects/HeinzGroup/caffeine_underground/mlrt/FlexFringe/FlexFringe/models-ps-small/0.1.1.1.0.0.searchglobal.0.ini/0.1.1.1.0.0.searchglobal.0_04.04.SL.4.1.4_Small.final.json,/gpfs/projects/HeinzGroup/asoubki/FlexFringe/data/MLRegTest/Large/04.04.SL.4.1.4_Dev.txt,2025-12-29 22:34:20.801332
0.1.1.1.0.0.searchglobal.0,Small,4,4,SL,4,1,4,Train,0.496,0.3333333333333333,0.008,0.015625,0.504,/gpfs/projects/HeinzGroup/caffeine_underground/mlrt/FlexFringe/FlexFringe/models-ps-small/0.1.1.1.0.0.searchglobal.0.ini/0.1.1.1.0.0.searchglobal.0_04.04.SL.4.1.4_Small.final.json,/gpfs/projects/HeinzGroup/asoubki/FlexFringe/data/MLRegTest/Small/04.04.SL.4.1.4_Train.txt,2025-12-29 22:34:20.801332
0.1.1.1.0.0.searchglobal.0,Small,4,4,SL,4,1,5,TestSA,0.50019,0.5039832285115304,0.02404,0.04589099933186981,0.49981,/gpfs/projects/HeinzGroup/caffeine_underground/mlrt/FlexFringe/FlexFringe/models-ps-small/0.1.1.1.0.0.searchglobal.0.ini/0.1.1.1.0.0.searchglobal.0_04.04.SL.4.1.5_Small.final.json,/gpfs/projects/HeinzGroup/asoubki/FlexFringe/data/MLRegTest/Large/04.04.SL.4.1.5_TestSA.txt,2025-12-29 22:25:17.745493
0.1.1.1.0.0.searchglobal.0,Small,4,4,SL,4,1,5,TestSR,0.50017,0.5034623217922607,0.02472,0.047126108092650845,0.49983,/gpfs/projects/HeinzGroup/caffeine_underground/mlrt/FlexFringe/FlexFringe/models-ps-small/0.1.1.1.0.0.searchglobal.0.ini/0.1.1.1.0.0.searchglobal.0_04.04.SL.4.1.5_Small.final.json,/gpfs/projects/HeinzGroup/asoubki/FlexFringe/data/MLRegTest/Large/04.04.SL.4.1.5_TestSR.txt,2025-12-29 22:25:17.745493
0.1.1.1.0.0.searchglobal.0,Small,4,4,SL,4,1,5,TestLR,0.50053,0.5111672987779182,0.02426,0.04632157791228304,0.49947,/gpfs/projects/HeinzGroup/caffeine_underground/mlrt/FlexFringe/FlexFringe/models-ps-small/0.1.1.1.0.0.searchglobal.0.ini/0.1.1.1.0.0.searchglobal.0_04.04.SL.4.1.5_Small.final.json,/gpfs/projects/HeinzGroup/asoubki/FlexFringe/data/MLRegTest/Large/04.04.SL.4.1.5_TestLR.txt,2025-12-29 22:25:17.745493
0.1.1.1.0.0.searchglobal.0,Small,4,4,SL,4,1,5,TestLA,0.50011,0.5023118957545187,0.0239,0.045628973443555626,0.49989,/gpfs/projects/HeinzGroup/caffeine_underground/mlrt/FlexFringe/FlexFringe/models-ps-small/0.1.1.1.0.0.searchglobal.0.ini/0.1.1.1.0.0.searchglobal.0_04.04.SL.4.1.5_Small.final.json,/gpfs/projects/HeinzGroup/asoubki/FlexFringe/data/MLRegTest/Large/04.04.SL.4.1.5_TestLA.txt,2025-12-29 22:25:17.745493
0.1.1.1.0.0.searchglobal.0,Small,4,4,SL,4,1,5,Dev,0.49959,0.4913973982375157,0.02342,0.04470916136914648,0.50041,/gpfs/projects/HeinzGroup/caffeine_underground/mlrt/FlexFringe/FlexFringe/models-ps-small/0.1.1.1.0.0.searchglobal.0.ini/0.1.1.1.0.0.searchglobal.0_04.04.SL.4.1.5_Small.final.json,/gpfs/projects/HeinzGroup/asoubki/FlexFringe/data/MLRegTest/Large/04.04.SL.4.1.5_Dev.txt,2025-12-29 22:25:17.745493
0.1.1.1.0.0.searchglobal.0,Small,4,4,SL,4,1,5,Train,0.502,0.5555555555555556,0.02,0.03861003861003861,0.498,/gpfs/projects/HeinzGroup/caffeine_underground/mlrt/FlexFringe/FlexFringe/models-ps-small/0.1.1.1.0.0.searchglobal.0.ini/0.1.1.1.0.0.searchglobal.0_04.04.SL.4.1.5_Small.final.json,/gpfs/projects/HeinzGroup/asoubki/FlexFringe/data/MLRegTest/Small/04.04.SL.4.1.5_Train.txt,2025-12-29 22:25:17.745493
0.1.1.1.0.0.searchglobal.0,Small,4,4,SL,4,1,6,TestLR,0.49948,0.4882032667876588,0.02152,0.041222894797333536,0.50052,/gpfs/projects/HeinzGroup/caffeine_underground/mlrt/FlexFringe/FlexFringe/models-ps-small/0.1.1.1.0.0.searchglobal.0.ini/0.1.1.1.0.0.searchglobal.0_04.04.SL.4.1.6_Small.final.json,/gpfs/projects/HeinzGroup/asoubki/FlexFringe/data/MLRegTest/Large/04.04.SL.4.1.6_TestLR.txt,2025-12-29 22:49:40.912811
0.1.1.1.0.0.searchglobal.0,Small,4,4,SL,4,1,6,TestLA,0.50019,0.5043478260869565,0.02204,0.04223435853214525,0.49981,/gpfs/projects/HeinzGroup/caffeine_underground/mlrt/FlexFringe/FlexFringe/models-ps-small/0.1.1.1.0.0.searchglobal.0.ini/0.1.1.1.0.0.searchglobal.0_04.04.SL.4.1.6_Small.final.json,/gpfs/projects/HeinzGroup/asoubki/FlexFringe/data/MLRegTest/Large/04.04.SL.4.1.6_TestLA.txt,2025-12-29 22:49:40.912811
0.1.1.1.0.0.searchglobal.0,Small,4,4,SL,4,1,6,TestSR,0.50051,0.5114709851551957,0.02274,0.04354403232292285,0.49949,/gpfs/projects/HeinzGroup/caffeine_underground/mlrt/FlexFringe/FlexFringe/models-ps-small/0.1.1.1.0.0.searchglobal.0.ini/0.1.1.1.0.0.searchglobal.0_04.04.SL.4.1.6_Small.final.json,/gpfs/projects/HeinzGroup/asoubki/FlexFringe/data/MLRegTest/Large/04.04.SL.4.1.6_TestSR.txt,2025-12-29 22:49:40.912811
0.1.1.1.0.0.searchglobal.0,Small,4,4,SL,4,1,6,TestSA,0.50015,0.5034356390288593,0.02198,0.042120997259643946,0.49985,/gpfs/projects/HeinzGroup/caffeine_underground/mlrt/FlexFringe/FlexFringe/models-ps-small/0.1.1.1.0.0.searchglobal.0.ini/0.1.1.1.0.0.searchglobal.0_04.04.SL.4.1.6_Small.final.json,/gpfs/projects/HeinzGroup/asoubki/FlexFringe/data/MLRegTest/Large/04.04.SL.4.1.6_TestSA.txt,2025-12-29 22:49:40.912811
0.1.1.1.0.0.searchglobal.0,Small,4,4,SL,4,1,6,Dev,0.49964,0.4920844327176781,0.02238,0.04281287064314956,0.50036,/gpfs/projects/HeinzGroup/caffeine_underground/mlrt/FlexFringe/FlexFringe/models-ps-small/0.1.1.1.0.0.searchglobal.0.ini/0.1.1.1.0.0.searchglobal.0_04.04.SL.4.1.6_Small.final.json,/gpfs/projects/HeinzGroup/asoubki/FlexFringe/data/MLRegTest/Large/04.04.SL.4.1.6_Dev.txt,2025-12-29 22:49:40.912811
0.1.1.1.0.0.searchglobal.0,Small,4,4,SL,4,1,6,Train,0.5,0.5,0.03,0.05660377358490566,0.5,/gpfs/projects/HeinzGroup/caffeine_underground/mlrt/FlexFringe/FlexFringe/models-ps-small/0.1.1.1.0.0.searchglobal.0.ini/0.1.1.1.0.0.searchglobal.0_04.04.SL.4.1.6_Small.final.json,/gpfs/projects/HeinzGroup/asoubki/FlexFringe/data/MLRegTest/Small/04.04.SL.4.1.6_Train.txt,2025-12-29 22:49:40.912811
0.1.1.1.0.0.searchglobal.0,Small,4,4,SL,4,1,7,TestSA,0.501,0.5367107195301027,0.01462,0.02846462365172696,0.499,/gpfs/projects/HeinzGroup/caffeine_underground/mlrt/FlexFringe/FlexFringe/models-ps-small/0.1.1.1.0.0.searchglobal.0.ini/0.1.1.1.0.0.searchglobal.0_04.04.SL.4.1.7_Small.final.json,/gpfs/projects/HeinzGroup/asoubki/FlexFringe/data/MLRegTest/Large/04.04.SL.4.1.7_TestSA.txt,2025-12-29 22:23:56.766039
0.1.1.1.0.0.searchglobal.0,Small,4,4,SL,4,1,7,TestLA,0.50115,0.5471698113207547,0.01334,0.026045022354985455,0.49885,/gpfs/projects/HeinzGroup/caffeine_underground/mlrt/FlexFringe/FlexFringe/models-ps-small/0.1.1.1.0.0.searchglobal.0.ini/0.1.1.1.0.0.searchglobal.0_04.04.SL.4.1.7_Small.final.json,/gpfs/projects/HeinzGroup/asoubki/FlexFringe/data/MLRegTest/Large/04.04.SL.4.1.7_TestLA.txt,2025-12-29 22:23:56.766039
0.1.1.1.0.0.searchglobal.0,Small,4,4,SL,4,1,7,TestLR,0.49963,0.485140562248996,0.01208,0.023573031515269783,0.50037,/gpfs/projects/HeinzGroup/caffeine_underground/mlrt/FlexFringe/FlexFringe/models-ps-small/0.1.1.1.0.0.searchglobal.0.ini/0.1.1.1.0.0.searchglobal.0_04.04.SL.4.1.7_Small.final.json,/gpfs/projects/HeinzGroup/asoubki/FlexFringe/data/MLRegTest/Large/04.04.SL.4.1.7_TestLR.txt,2025-12-29 22:23:56.766039
0.1.1.1.0.0.searchglobal.0,Small,4,4,SL,4,1,7,TestSR,0.50026,0.511168384879725,0.0119,0.023258541161754357,0.49974,/gpfs/projects/HeinzGroup/caffeine_underground/mlrt/FlexFringe/FlexFringe/models-ps-small/0.1.1.1.0.0.searchglobal.0.ini/0.1.1.1.0.0.searchglobal.0_04.04.SL.4.1.7_Small.final.json,/gpfs/projects/HeinzGroup/asoubki/FlexFringe/data/MLRegTest/Large/04.04.SL.4.1.7_TestSR.txt,2025-12-29 22:23:56.766039
0.1.1.1.0.0.searchglobal.0,Small,4,4,SL,4,1,7,Dev,0.49958,0.48223350253807107,0.0114,0.022273455511703334,0.50042,/gpfs/projects/HeinzGroup/caffeine_underground/mlrt/FlexFringe/FlexFringe/models-ps-small/0.1.1.1.0.0.searchglobal.0.ini/0.1.1.1.0.0.searchglobal.0_04.04.SL.4.1.7_Small.final.json,/gpfs/projects/HeinzGroup/asoubki/FlexFringe/data/MLRegTest/Large/04.04.SL.4.1.7_Dev.txt,2025-12-29 22:23:56.766039
0.1.1.1.0.0.searchglobal.0,Small,4,4,SL,4,1,7,Train,0.502,0.5625,0.018,0.03488372093023256,0.498,/gpfs/projects/HeinzGroup/caffeine_underground/mlrt/FlexFringe/FlexFringe/models-ps-small/0.1.1.1.0.0.searchglobal.0.ini/0.1.1.1.0.0.searchglobal.0_04.04.SL.4.1.7_Small.final.json,/gpfs/projects/HeinzGroup/asoubki/FlexFringe/data/MLRegTest/Small/04.04.SL.4.1.7_Train.txt,2025-12-29 22:23:56.766039
0.1.1.1.0.0.searchglobal.0,Small,4,4,SL,4,1,8,TestSR,0.49225,0.18975180144115292,0.00474,0.009248960955335714,0.50775,/gpfs/projects/HeinzGroup/caffeine_underground/mlrt/FlexFringe/FlexFringe/models-ps-small/0.1.1.1.0.0.searchglobal.0.ini/0.1.1.1.0.0.searchglobal.0_04.04.SL.4.1.8_Small.final.json,/gpfs/projects/HeinzGroup/asoubki/FlexFringe/data/MLRegTest/Large/04.04.SL.4.1.8_TestSR.txt,2025-12-29 22:20:43.285333
0.1.1.1.0.0.searchglobal.0,Small,4,4,SL,4,1,8,TestSA,0.49261,0.20129345189975748,0.00498,0.00971953861467299,0.50739,/gpfs/projects/HeinzGroup/caffeine_underground/mlrt/FlexFringe/FlexFringe/models-ps-small/0.1.1.1.0.0.searchglobal.0.ini/0.1.1.1.0.0.searchglobal.0_04.04.SL.4.1.8_Small.final.json,/gpfs/projects/HeinzGroup/asoubki/FlexFringe/data/MLRegTest/Large/04.04.SL.4.1.8_TestSA.txt,2025-12-29 22:20:43.285333
0.1.1.1.0.0.searchglobal.0,Small,4,4,SL,4,1,8,TestLA,0.49231,0.20981132075471698,0.00556,0.010832927423283,0.50769,/gpfs/projects/HeinzGroup/caffeine_underground/mlrt/FlexFringe/FlexFringe/models-ps-small/0.1.1.1.0.0.searchglobal.0.ini/0.1.1.1.0.0.searchglobal.0_04.04.SL.4.1.8_Small.final.json,/gpfs/projects/HeinzGroup/asoubki/FlexFringe/data/MLRegTest/Large/04.04.SL.4.1.8_TestLA.txt,2025-12-29 22:20:43.285333
0.1.1.1.0.0.searchglobal.0,Small,4,4,SL,4,1,8,TestLR,0.49139,0.15914489311163896,0.00402,0.007841913270780095,0.50861,/gpfs/projects/HeinzGroup/caffeine_underground/mlrt/FlexFringe/FlexFringe/models-ps-small/0.1.1.1.0.0.searchglobal.0.ini/0.1.1.1.0.0.searchglobal.0_04.04.SL.4.1.8_Small.final.json,/gpfs/projects/HeinzGroup/asoubki/FlexFringe/data/MLRegTest/Large/04.04.SL.4.1.8_TestLR.txt,2025-12-29 22:20:43.285333
0.1.1.1.0.0.searchglobal.0,Small,4,4,SL,4,1,8,Dev,0.49208,0.1896551724137931,0.00484,0.00943911381543022,0.50792,/gpfs/projects/HeinzGroup/caffeine_underground/mlrt/FlexFringe/FlexFringe/models-ps-small/0.1.1.1.0.0.searchglobal.0.ini/0.1.1.1.0.0.searchglobal.0_04.04.SL.4.1.8_Small.final.json,/gpfs/projects/HeinzGroup/asoubki/FlexFringe/data/MLRegTest/Large/04.04.SL.4.1.8_Dev.txt,2025-12-29 22:20:43.285333
0.1.1.1.0.0.searchglobal.0,Small,4,4,SL,4,1,8,Train,0.484,0.1,0.004,0.007692307692307693,0.516,/gpfs/projects/HeinzGroup/caffeine_underground/mlrt/FlexFringe/FlexFringe/models-ps-small/0.1.1.1.0.0.searchglobal.0.ini/0.1.1.1.0.0.searchglobal.0_04.04.SL.4.1.8_Small.final.json,/gpfs/projects/HeinzGroup/asoubki/FlexFringe/data/MLRegTest/Small/04.04.SL.4.1.8_Train.txt,2025-12-29 22:20:43.285333
0.1.1.1.0.0.searchglobal.0,Small,4,4,SL,4,1,9,TestSR,0.47489,0.0,0.0,0.0,0.52511,/gpfs/projects/HeinzGroup/caffeine_underground/mlrt/FlexFringe/FlexFringe/models-ps-small/0.1.1.1.0.0.searchglobal.0.ini/0.1.1.1.0.0.searchglobal.0_04.04.SL.4.1.9_Small.final.json,/gpfs/projects/HeinzGroup/asoubki/FlexFringe/data/MLRegTest/Large/04.04.SL.4.1.9_TestSR.txt,2025-12-29 23:08:50.753658
0.1.1.1.0.0.searchglobal.0,Small,4,4,SL,4,1,9,TestLR,0.47462,0.0,0.0,0.0,0.52538,/gpfs/projects/HeinzGroup/caffeine_underground/mlrt/FlexFringe/FlexFringe/models-ps-small/0.1.1.1.0.0.searchglobal.0.ini/0.1.1.1.0.0.searchglobal.0_04.04.SL.4.1.9_Small.final.json,/gpfs/projects/HeinzGroup/asoubki/FlexFringe/data/MLRegTest/Large/04.04.SL.4.1.9_TestLR.txt,2025-12-29 23:08:50.753658
0.1.1.1.0.0.searchglobal.0,Small,4,4,SL,4,1,9,TestLA,0.49977,0.0,0.0,0.0,0.50023,/gpfs/projects/HeinzGroup/caffeine_underground/mlrt/FlexFringe/FlexFringe/models-ps-small/0.1.1.1.0.0.searchglobal.0.ini/0.1.1.1.0.0.searchglobal.0_04.04.SL.4.1.9_Small.final.json,/gpfs/projects/HeinzGroup/asoubki/FlexFringe/data/MLRegTest/Large/04.04.SL.4.1.9_TestLA.txt,2025-12-29 23:08:50.753658
0.1.1.1.0.0.searchglobal.0,Small,4,4,SL,4,1,9,TestSA,0.49984,0.0,0.0,0.0,0.50016,/gpfs/projects/HeinzGroup/caffeine_underground/mlrt/FlexFringe/FlexFringe/models-ps-small/0.1.1.1.0.0.searchglobal.0.ini/0.1.1.1.0.0.searchglobal.0_04.04.SL.4.1.9_Small.final.json,/gpfs/projects/HeinzGroup/asoubki/FlexFringe/data/MLRegTest/Large/04.04.SL.4.1.9_TestSA.txt,2025-12-29 23:08:50.753658
0.1.1.1.0.0.searchglobal.0,Small,4,4,SL,4,1,9,Dev,0.4753,0.0,0.0,0.0,0.5247,/gpfs/projects/HeinzGroup/caffeine_underground/mlrt/FlexFringe/FlexFringe/models-ps-small/0.1.1.1.0.0.searchglobal.0.ini/0.1.1.1.0.0.searchglobal.0_04.04.SL.4.1.9_Small.final.json,/gpfs/projects/HeinzGroup/asoubki/FlexFringe/data/MLRegTest/Large/04.04.SL.4.1.9_Dev.txt,2025-12-29 23:08:50.753658
0.1.1.1.0.0.searchglobal.0,Small,4,4,SL,4,1,9,Train,0.472,0.0,0.0,0.0,0.528,/gpfs/projects/HeinzGroup/caffeine_underground/mlrt/FlexFringe/FlexFringe/models-ps-small/0.1.1.1.0.0.searchglobal.0.ini/0.1.1.1.0.0.searchglobal.0_04.04.SL.4.1.9_Small.final.json,/gpfs/projects/HeinzGroup/asoubki/FlexFringe/data/MLRegTest/Small/04.04.SL.4.1.9_Train.txt,2025-12-29 23:08:50.753658
0.1.1.1.0.0.searchglobal.0,Small,4,4,SL,6,1,0,TestSR,0.99668,1.0,0.99336,0.996668940883734,0.00332,/gpfs/projects/HeinzGroup/caffeine_underground/mlrt/FlexFringe/FlexFringe/models-ps-small/0.1.1.1.0.0.searchglobal.0.ini/0.1.1.1.0.0.searchglobal.0_04.04.SL.6.1.0_Small.final.json,/gpfs/projects/HeinzGroup/asoubki/FlexFringe/data/MLRegTest/Large/04.04.SL.6.1.0_TestSR.txt,2025-12-29 23:08:21.894875
0.1.1.1.0.0.searchglobal.0,Small,4,4,SL,6,1,0,TestSA,0.89022,1.0,0.78044,0.876682168452742,0.10978,/gpfs/projects/HeinzGroup/caffeine_underground/mlrt/FlexFringe/FlexFringe/models-ps-small/0.1.1.1.0.0.searchglobal.0.ini/0.1.1.1.0.0.searchglobal.0_04.04.SL.6.1.0_Small.final.json,/gpfs/projects/HeinzGroup/asoubki/FlexFringe/data/MLRegTest/Large/04.04.SL.6.1.0_TestSA.txt,2025-12-29 23:08:21.894875
0.1.1.1.0.0.searchglobal.0,Small,4,4,SL,6,1,0,TestLA,0.88727,1.0,0.77454,0.8729473553709693,0.11273,/gpfs/projects/HeinzGroup/caffeine_underground/mlrt/FlexFringe/FlexFringe/models-ps-small/0.1.1.1.0.0.searchglobal.0.ini/0.1.1.1.0.0.searchglobal.0_04.04.SL.6.1.0_Small.final.json,/gpfs/projects/HeinzGroup/asoubki/FlexFringe/data/MLRegTest/Large/04.04.SL.6.1.0_TestLA.txt,2025-12-29 23:08:21.894875
0.1.1.1.0.0.searchglobal.0,Small,4,4,SL,6,1,0,TestLR,0.99556,1.0,0.99112,0.9955401984812567,0.00444,/gpfs/projects/HeinzGroup/caffeine_underground/mlrt/FlexFringe/FlexFringe/models-ps-small/0.1.1.1.0.0.searchglobal.0.ini/0.1.1.1.0.0.searchglobal.0_04.04.SL.6.1.0_Small.final.json,/gpfs/projects/HeinzGroup/asoubki/FlexFringe/data/MLRegTest/Large/04.04.SL.6.1.0_TestLR.txt,2025-12-29 23:08:21.894875
0.1.1.1.0.0.searchglobal.0,Small,4,4,SL,6,1,0,Dev,0.9964,1.0,0.9928,0.9963869931754316,0.0036,/gpfs/projects/HeinzGroup/caffeine_underground/mlrt/FlexFringe/FlexFringe/models-ps-small/0.1.1.1.0.0.searchglobal.0.ini/0.1.1.1.0.0.searchglobal.0_04.04.SL.6.1.0_Small.final.json,/gpfs/projects/HeinzGroup/asoubki/FlexFringe/data/MLRegTest/Large/04.04.SL.6.1.0_Dev.txt,2025-12-29 23:08:21.894875
0.1.1.1.0.0.searchglobal.0,Small,4,4,SL,6,1,0,Train,0.993,1.0,0.986,0.9929506545820745,0.007,/gpfs/projects/HeinzGroup/caffeine_underground/mlrt/FlexFringe/FlexFringe/models-ps-small/0.1.1.1.0.0.searchglobal.0.ini/0.1.1.1.0.0.searchglobal.0_04.04.SL.6.1.0_Small.final.json,/gpfs/projects/HeinzGroup/asoubki/FlexFringe/data/MLRegTest/Small/04.04.SL.6.1.0_Train.txt,2025-12-29 23:08:21.894875
0.1.1.1.0.0.searchglobal.0,Small,4,4,SL,6,1,1,TestSA,0.8317,0.8400377250174274,0.81944,0.8296110312430397,0.1683,/gpfs/projects/HeinzGroup/caffeine_underground/mlrt/FlexFringe/FlexFringe/models-ps-small/0.1.1.1.0.0.searchglobal.0.ini/0.1.1.1.0.0.searchglobal.0_04.04.SL.6.1.1_Small.final.json,/gpfs/projects/HeinzGroup/asoubki/FlexFringe/data/MLRegTest/Large/04.04.SL.6.1.1_TestSA.txt,2025-12-29 22:34:53.151758
0.1.1.1.0.0.searchglobal.0,Small,4,4,SL,6,1,1,TestLR,0.9024,0.8478200739895585,0.98086,0.9095005841663112,0.0976,/gpfs/projects/HeinzGroup/caffeine_underground/mlrt/FlexFringe/FlexFringe/models-ps-small/0.1.1.1.0.0.searchglobal.0.ini/0.1.1.1.0.0.searchglobal.0_04.04.SL.6.1.1_Small.final.json,/gpfs/projects/HeinzGroup/asoubki/FlexFringe/data/MLRegTest/Large/04.04.SL.6.1.1_TestLR.txt,2025-12-29 22:34:53.151758
0.1.1.1.0.0.searchglobal.0,Small,4,4,SL,6,1,1,TestSR,0.90966,0.8535941168346913,0.98894,0.9162960492179972,0.09034,/gpfs/projects/HeinzGroup/caffeine_underground/mlrt/FlexFringe/FlexFringe/models-ps-small/0.1.1.1.0.0.searchglobal.0.ini/0.1.1.1.0.0.searchglobal.0_04.04.SL.6.1.1_Small.final.json,/gpfs/projects/HeinzGroup/asoubki/FlexFringe/data/MLRegTest/Large/04.04.SL.6.1.1_TestSR.txt,2025-12-29 22:34:53.151758
0.1.1.1.0.0.searchglobal.0,Small,4,4,SL,6,1,1,TestLA,0.8229,0.8283239110098832,0.81464,0.8214249702543005,0.1771,/gpfs/projects/HeinzGroup/caffeine_underground/mlrt/FlexFringe/FlexFringe/models-ps-small/0.1.1.1.0.0.searchglobal.0.ini/0.1.1.1.0.0.searchglobal.0_04.04.SL.6.1.1_Small.final.json,/gpfs/projects/HeinzGroup/asoubki/FlexFringe/data/MLRegTest/Large/04.04.SL.6.1.1_TestLA.txt,2025-12-29 22:34:53.151758
0.1.1.1.0.0.searchglobal.0,Small,4,4,SL,6,1,1,Dev,0.91114,0.8559160635756086,0.98872,0.9175374450156832,0.08886,/gpfs/projects/HeinzGroup/caffeine_underground/mlrt/FlexFringe/FlexFringe/models-ps-small/0.1.1.1.0.0.searchglobal.0.ini/0.1.1.1.0.0.searchglobal.0_04.04.SL.6.1.1_Small.final.json,/gpfs/projects/HeinzGroup/asoubki/FlexFringe/data/MLRegTest/Large/04.04.SL.6.1.1_Dev.txt,2025-12-29 22:34:53.151758
0.1.1.1.0.0.searchglobal.0,Small,4,4,SL,6,1,1,Train,0.913,0.8566493955094991,0.992,0.9193697868396663,0.087,/gpfs/projects/HeinzGroup/caffeine_underground/mlrt/FlexFringe/FlexFringe/models-ps-small/0.1.1.1.0.0.searchglobal.0.ini/0.1.1.1.0.0.searchglobal.0_04.04.SL.6.1.1_Small.final.json,/gpfs/projects/HeinzGroup/asoubki/FlexFringe/data/MLRegTest/Small/04.04.SL.6.1.1_Train.txt,2025-12-29 22:34:53.151758
0.1.1.1.0.0.searchglobal.0,Small,4,4,SL,6,1,2,TestSR,0.92759,0.9115478642514774,0.94708,0.9289742910671022,0.07241,/gpfs/projects/HeinzGroup/caffeine_underground/mlrt/FlexFringe/FlexFringe/models-ps-small/0.1.1.1.0.0.searchglobal.0.ini/0.1.1.1.0.0.searchglobal.0_04.04.SL.6.1.2_Small.final.json,/gpfs/projects/HeinzGroup/asoubki/FlexFringe/data/MLRegTest/Large/04.04.SL.6.1.2_TestSR.txt,2025-12-29 23:03:41.949330
0.1.1.1.0.0.searchglobal.0,Small,4,4,SL,6,1,2,TestLR,0.88951,0.871918266017378,0.91316,0.8920627167488888,0.11049,/gpfs/projects/HeinzGroup/caffeine_underground/mlrt/FlexFringe/FlexFringe/models-ps-small/0.1.1.1.0.0.searchglobal.0.ini/0.1.1.1.0.0.searchglobal.0_04.04.SL.6.1.2_Small.final.json,/gpfs/projects/HeinzGroup/asoubki/FlexFringe/data/MLRegTest/Large/04.04.SL.6.1.2_TestLR.txt,2025-12-29 23:03:41.949330
0.1.1.1.0.0.searchglobal.0,Small,4,4,SL,6,1,2,TestLA,0.74388,0.8212498024131936,0.62346,0.7088155710680097,0.25612,/gpfs/projects/HeinzGroup/caffeine_underground/mlrt/FlexFringe/FlexFringe/models-ps-small/0.1.1.1.0.0.searchglobal.0.ini/0.1.1.1.0.0.searchglobal.0_04.04.SL.6.1.2_Small.final.json,/gpfs/projects/HeinzGroup/asoubki/FlexFringe/data/MLRegTest/Large/04.04.SL.6.1.2_TestLA.txt,2025-12-29 23:03:41.949330
0.1.1.1.0.0.searchglobal.0,Small,4,4,SL,6,1,2,TestSA,0.76611,0.8672610339783047,0.6284,0.7287571466675944,0.23389,/gpfs/projects/HeinzGroup/caffeine_underground/mlrt/FlexFringe/FlexFringe/models-ps-small/0.1.1.1.0.0.searchglobal.0.ini/0.1.1.1.0.0.searchglobal.0_04.04.SL.6.1.2_Small.final.json,/gpfs/projects/HeinzGroup/asoubki/FlexFringe/data/MLRegTest/Large/04.04.SL.6.1.2_TestSA.txt,2025-12-29 23:03:41.949330
0.1.1.1.0.0.searchglobal.0,Small,4,4,SL,6,1,2,Dev,0.92608,0.908811789990789,0.9472,0.9276089000313381,0.07392,/gpfs/projects/HeinzGroup/caffeine_underground/mlrt/FlexFringe/FlexFringe/models-ps-small/0.1.1.1.0.0.searchglobal.0.ini/0.1.1.1.0.0.searchglobal.0_04.04.SL.6.1.2_Small.final.json,/gpfs/projects/HeinzGroup/asoubki/FlexFringe/data/MLRegTest/Large/04.04.SL.6.1.2_Dev.txt,2025-12-29 23:03:41.949330
0.1.1.1.0.0.searchglobal.0,Small,4,4,SL,6,1,2,Train,0.93,0.9103053435114504,0.954,0.931640625,0.07,/gpfs/projects/HeinzGroup/caffeine_underground/mlrt/FlexFringe/FlexFringe/models-ps-small/0.1.1.1.0.0.searchglobal.0.ini/0.1.1.1.0.0.searchglobal.0_04.04.SL.6.1.2_Small.final.json,/gpfs/projects/HeinzGroup/asoubki/FlexFringe/data/MLRegTest/Small/04.04.SL.6.1.2_Train.txt,2025-12-29 23:03:41.949330
0.1.1.1.0.0.searchglobal.0,Small,4,4,SL,6,1,3,TestSR,0.92054,0.9090378555032487,0.9346,0.9216417174526162,0.07946,/gpfs/projects/HeinzGroup/caffeine_underground/mlrt/FlexFringe/FlexFringe/models-ps-small/0.1.1.1.0.0.searchglobal.0.ini/0.1.1.1.0.0.searchglobal.0_04.04.SL.6.1.3_Small.final.json,/gpfs/projects/HeinzGroup/asoubki/FlexFringe/data/MLRegTest/Large/04.04.SL.6.1.3_TestSR.txt,2025-12-29 23:15:45.061971
0.1.1.1.0.0.searchglobal.0,Small,4,4,SL,6,1,3,TestLR,0.87539,0.8635175178664808,0.89172,0.877392185609005,0.12461,/gpfs/projects/HeinzGroup/caffeine_underground/mlrt/FlexFringe/FlexFringe/models-ps-small/0.1.1.1.0.0.searchglobal.0.ini/0.1.1.1.0.0.searchglobal.0_04.04.SL.6.1.3_Small.final.json,/gpfs/projects/HeinzGroup/asoubki/FlexFringe/data/MLRegTest/Large/04.04.SL.6.1.3_TestLR.txt,2025-12-29 23:15:45.061971
0.1.1.1.0.0.searchglobal.0,Small,4,4,SL,6,1,3,TestLA,0.72575,0.8040076490075143,0.59704,0.6852368327422558,0.27425,/gpfs/projects/HeinzGroup/caffeine_underground/mlrt/FlexFringe/FlexFringe/models-ps-small/0.1.1.1.0.0.searchglobal.0.ini/0.1.1.1.0.0.searchglobal.0_04.04.SL.6.1.3_Small.final.json,/gpfs/projects/HeinzGroup/asoubki/FlexFringe/data/MLRegTest/Large/04.04.SL.6.1.3_TestLA.txt,2025-12-29 23:15:45.061971
0.1.1.1.0.0.searchglobal.0,Small,4,4,SL,6,1,3,TestSA,0.74863,0.8560504081340398,0.59778,0.7039745627980922,0.25137,/gpfs/projects/HeinzGroup/caffeine_underground/mlrt/FlexFringe/FlexFringe/models-ps-small/0.1.1.1.0.0.searchglobal.0.ini/0.1.1.1.0.0.searchglobal.0_04.04.SL.6.1.3_Small.final.json,/gpfs/projects/HeinzGroup/asoubki/FlexFringe/data/MLRegTest/Large/04.04.SL.6.1.3_TestSA.txt,2025-12-29 23:15:45.061971
0.1.1.1.0.0.searchglobal.0,Small,4,4,SL,6,1,3,Dev,0.91988,0.908078373440112,0.93434,0.921022021568125,0.08012,/gpfs/projects/HeinzGroup/caffeine_underground/mlrt/FlexFringe/FlexFringe/models-ps-small/0.1.1.1.0.0.searchglobal.0.ini/0.1.1.1.0.0.searchglobal.0_04.04.SL.6.1.3_Small.final.json,/gpfs/projects/HeinzGroup/asoubki/FlexFringe/data/MLRegTest/Large/04.04.SL.6.1.3_Dev.txt,2025-12-29 23:15:45.061971
0.1.1.1.0.0.searchglobal.0,Small,4,4,SL,6,1,3,Train,0.928,0.9262948207171314,0.93,0.9281437125748503,0.072,/gpfs/projects/HeinzGroup/caffeine_underground/mlrt/FlexFringe/FlexFringe/models-ps-small/0.1.1.1.0.0.searchglobal.0.ini/0.1.1.1.0.0.searchglobal.0_04.04.SL.6.1.3_Small.final.json,/gpfs/projects/HeinzGroup/asoubki/FlexFringe/data/MLRegTest/Small/04.04.SL.6.1.3_Train.txt,2025-12-29 23:15:45.061971
0.1.1.1.0.0.searchglobal.0,Small,4,4,SL,6,1,4,TestLA,0.50005,0.5362318840579711,0.00074,0.0014779604146278136,0.49995,/gpfs/projects/HeinzGroup/caffeine_underground/mlrt/FlexFringe/FlexFringe/models-ps-small/0.1.1.1.0.0.searchglobal.0.ini/0.1.1.1.0.0.searchglobal.0_04.04.SL.6.1.4_Small.final.json,/gpfs/projects/HeinzGroup/asoubki/FlexFringe/data/MLRegTest/Large/04.04.SL.6.1.4_TestLA.txt,2025-12-29 22:17:09.525690
0.1.1.1.0.0.searchglobal.0,Small,4,4,SL,6,1,4,TestSA,0.50008,0.5444444444444444,0.00098,0.001956478338989818,0.49992,/gpfs/projects/HeinzGroup/caffeine_underground/mlrt/FlexFringe/FlexFringe/models-ps-small/0.1.1.1.0.0.searchglobal.0.ini/0.1.1.1.0.0.searchglobal.0_04.04.SL.6.1.4_Small.final.json,/gpfs/projects/HeinzGroup/asoubki/FlexFringe/data/MLRegTest/Large/04.04.SL.6.1.4_TestSA.txt,2025-12-29 22:17:09.525690
0.1.1.1.0.0.searchglobal.0,Small,4,4,SL,6,1,4,TestLR,0.49996,0.47619047619047616,0.0008,0.001597316508266113,0.50004,/gpfs/projects/HeinzGroup/caffeine_underground/mlrt/FlexFringe/FlexFringe/models-ps-small/0.1.1.1.0.0.searchglobal.0.ini/0.1.1.1.0.0.searchglobal.0_04.04.SL.6.1.4_Small.final.json,/gpfs/projects/HeinzGroup/asoubki/FlexFringe/data/MLRegTest/Large/04.04.SL.6.1.4_TestLR.txt,2025-12-29 22:17:09.525690
0.1.1.1.0.0.searchglobal.0,Small,4,4,SL,6,1,4,TestSR,0.50008,0.5434782608695652,0.001,0.0019963267587638743,0.49992,/gpfs/projects/HeinzGroup/caffeine_underground/mlrt/FlexFringe/FlexFringe/models-ps-small/0.1.1.1.0.0.searchglobal.0.ini/0.1.1.1.0.0.searchglobal.0_04.04.SL.6.1.4_Small.final.json,/gpfs/projects/HeinzGroup/asoubki/FlexFringe/data/MLRegTest/Large/04.04.SL.6.1.4_TestSR.txt,2025-12-29 22:17:09.525690
0.1.1.1.0.0.searchglobal.0,Small,4,4,SL,6,1,4,Dev,0.50002,0.5116279069767442,0.00088,0.0017569779978437088,0.49998,/gpfs/projects/HeinzGroup/caffeine_underground/mlrt/FlexFringe/FlexFringe/models-ps-small/0.1.1.1.0.0.searchglobal.0.ini/0.1.1.1.0.0.searchglobal.0_04.04.SL.6.1.4_Small.final.json,/gpfs/projects/HeinzGroup/asoubki/FlexFringe/data/MLRegTest/Large/04.04.SL.6.1.4_Dev.txt,2025-12-29 22:17:09.525690
0.1.1.1.0.0.searchglobal.0,Small,4,4,SL,6,1,4,Train,0.5,0.0,0.0,0.0,0.5,/gpfs/projects/HeinzGroup/caffeine_underground/mlrt/FlexFringe/FlexFringe/models-ps-small/0.1.1.1.0.0.searchglobal.0.ini/0.1.1.1.0.0.searchglobal.0_04.04.SL.6.1.4_Small.final.json,/gpfs/projects/HeinzGroup/asoubki/FlexFringe/data/MLRegTest/Small/04.04.SL.6.1.4_Train.txt,2025-12-29 22:17:09.525690
0.1.1.1.0.0.searchglobal.0,Small,4,4,SL,6,1,5,TestSA,0.5,0.5,0.00084,0.0016771823336794187,0.5,/gpfs/projects/HeinzGroup/caffeine_underground/mlrt/FlexFringe/FlexFringe/models-ps-small/0.1.1.1.0.0.searchglobal.0.ini/0.1.1.1.0.0.searchglobal.0_04.04.SL.6.1.5_Small.final.json,/gpfs/projects/HeinzGroup/asoubki/FlexFringe/data/MLRegTest/Large/04.04.SL.6.1.5_TestSA.txt,2025-12-29 22:53:45.693160
0.1.1.1.0.0.searchglobal.0,Small,4,4,SL,6,1,5,TestLA,0.5,0.5,0.00098,0.001956165914806978,0.5,/gpfs/projects/HeinzGroup/caffeine_underground/mlrt/FlexFringe/FlexFringe/models-ps-small/0.1.1.1.0.0.searchglobal.0.ini/0.1.1.1.0.0.searchglobal.0_04.04.SL.6.1.5_Small.final.json,/gpfs/projects/HeinzGroup/asoubki/FlexFringe/data/MLRegTest/Large/04.04.SL.6.1.5_TestLA.txt,2025-12-29 22:53:45.693160
0.1.1.1.0.0.searchglobal.0,Small,4,4,SL,6,1,5,TestSR,0.5001,0.5462962962962963,0.00118,0.002354913387083899,0.4999,/gpfs/projects/HeinzGroup/caffeine_underground/mlrt/FlexFringe/FlexFringe/models-ps-small/0.1.1.1.0.0.searchglobal.0.ini/0.1.1.1.0.0.searchglobal.0_04.04.SL.6.1.5_Small.final.json,/gpfs/projects/HeinzGroup/asoubki/FlexFringe/data/MLRegTest/Large/04.04.SL.6.1.5_TestSR.txt,2025-12-29 22:53:45.693160
0.1.1.1.0.0.searchglobal.0,Small,4,4,SL,6,1,5,TestLR,0.50006,0.5272727272727272,0.00116,0.0023149072041508682,0.49994,/gpfs/projects/HeinzGroup/caffeine_underground/mlrt/FlexFringe/FlexFringe/models-ps-small/0.1.1.1.0.0.searchglobal.0.ini/0.1.1.1.0.0.searchglobal.0_04.04.SL.6.1.5_Small.final.json,/gpfs/projects/HeinzGroup/asoubki/FlexFringe/data/MLRegTest/Large/04.04.SL.6.1.5_TestLR.txt,2025-12-29 22:53:45.693160
0.1.1.1.0.0.searchglobal.0,Small,4,4,SL,6,1,5,Dev,0.49997,0.4838709677419355,0.0009,0.0017966582157187632,0.50003,/gpfs/projects/HeinzGroup/caffeine_underground/mlrt/FlexFringe/FlexFringe/models-ps-small/0.1.1.1.0.0.searchglobal.0.ini/0.1.1.1.0.0.searchglobal.0_04.04.SL.6.1.5_Small.final.json,/gpfs/projects/HeinzGroup/asoubki/FlexFringe/data/MLRegTest/Large/04.04.SL.6.1.5_Dev.txt,2025-12-29 22:53:45.693160
0.1.1.1.0.0.searchglobal.0,Small,4,4,SL,6,1,5,Train,0.499,0.0,0.0,0.0,0.501,/gpfs/projects/HeinzGroup/caffeine_underground/mlrt/FlexFringe/FlexFringe/models-ps-small/0.1.1.1.0.0.searchglobal.0.ini/0.1.1.1.0.0.searchglobal.0_04.04.SL.6.1.5_Small.final.json,/gpfs/projects/HeinzGroup/asoubki/FlexFringe/data/MLRegTest/Small/04.04.SL.6.1.5_Train.txt,2025-12-29 22:53:45.693160
0.1.1.1.0.0.searchglobal.0,Small,4,4,SL,6,1,6,TestSA,0.5,0.5,0.00128,0.0025534631343759975,0.5,/gpfs/projects/HeinzGroup/caffeine_underground/mlrt/FlexFringe/FlexFringe/models-ps-small/0.1.1.1.0.0.searchglobal.0.ini/0.1.1.1.0.0.searchglobal.0_04.04.SL.6.1.6_Small.final.json,/gpfs/projects/HeinzGroup/asoubki/FlexFringe/data/MLRegTest/Large/04.04.SL.6.1.6_TestSA.txt,2025-12-29 22:15:59.906520
0.1.1.1.0.0.searchglobal.0,Small,4,4,SL,6,1,6,TestSR,0.49994,0.47692307692307695,0.00124,0.0024735687213245563,0.50006,/gpfs/projects/HeinzGroup/caffeine_underground/mlrt/FlexFringe/FlexFringe/models-ps-small/0.1.1.1.0.0.searchglobal.0.ini/0.1.1.1.0.0.searchglobal.0_04.04.SL.6.1.6_Small.final.json,/gpfs/projects/HeinzGroup/asoubki/FlexFringe/data/MLRegTest/Large/04.04.SL.6.1.6_TestSR.txt,2025-12-29 22:15:59.906520
0.1.1.1.0.0.searchglobal.0,Small,4,4,SL,6,1,6,TestLR,0.50001,0.5037593984962406,0.00134,0.0026728901123012788,0.49999,/gpfs/projects/HeinzGroup/caffeine_underground/mlrt/FlexFringe/FlexFringe/models-ps-small/0.1.1.1.0.0.searchglobal.0.ini/0.1.1.1.0.0.searchglobal.0_04.04.SL.6.1.6_Small.final.json,/gpfs/projects/HeinzGroup/asoubki/FlexFringe/data/MLRegTest/Large/04.04.SL.6.1.6_TestLR.txt,2025-12-29 22:15:59.906520
0.1.1.1.0.0.searchglobal.0,Small,4,4,SL,6,1,6,TestLA,0.50001,0.5037037037037037,0.00136,0.0027126757754064026,0.49999,/gpfs/projects/HeinzGroup/caffeine_underground/mlrt/FlexFringe/FlexFringe/models-ps-small/0.1.1.1.0.0.searchglobal.0.ini/0.1.1.1.0.0.searchglobal.0_04.04.SL.6.1.6_Small.final.json,/gpfs/projects/HeinzGroup/asoubki/FlexFringe/data/MLRegTest/Large/04.04.SL.6.1.6_TestLA.txt,2025-12-29 22:15:59.906520
0.1.1.1.0.0.searchglobal.0,Small,4,4,SL,6,1,6,Dev,0.49994,0.47794117647058826,0.0013,0.0025929471836604436,0.50006,/gpfs/projects/HeinzGroup/caffeine_underground/mlrt/FlexFringe/FlexFringe/models-ps-small/0.1.1.1.0.0.searchglobal.0.ini/0.1.1.1.0.0.searchglobal.0_04.04.SL.6.1.6_Small.final.json,/gpfs/projects/HeinzGroup/asoubki/FlexFringe/data/MLRegTest/Large/04.04.SL.6.1.6_Dev.txt,2025-12-29 22:15:59.906520
0.1.1.1.0.0.searchglobal.0,Small,4,4,SL,6,1,6,Train,0.499,0.3333333333333333,0.002,0.003976143141153081,0.501,/gpfs/projects/HeinzGroup/caffeine_underground/mlrt/FlexFringe/FlexFringe/models-ps-small/0.1.1.1.0.0.searchglobal.0.ini/0.1.1.1.0.0.searchglobal.0_04.04.SL.6.1.6_Small.final.json,/gpfs/projects/HeinzGroup/asoubki/FlexFringe/data/MLRegTest/Small/04.04.SL.6.1.6_Train.txt,2025-12-29 22:15:59.906520
0.1.1.1.0.0.searchglobal.0,Small,4,4,SL,6,1,7,TestSA,0.50013,0.5050900548159749,0.0129,0.02515747801158414,0.49987,/gpfs/projects/HeinzGroup/caffeine_underground/mlrt/FlexFringe/FlexFringe/models-ps-small/0.1.1.1.0.0.searchglobal.0.ini/0.1.1.1.0.0.searchglobal.0_04.04.SL.6.1.7_Small.final.json,/gpfs/projects/HeinzGroup/asoubki/FlexFringe/data/MLRegTest/Large/04.04.SL.6.1.7_TestSA.txt,2025-12-29 22:31:25.996859
0.1.1.1.0.0.searchglobal.0,Small,4,4,SL,6,1,7,TestLR,0.49995,0.49798873692679,0.01238,0.024159397381105712,0.50005,/gpfs/projects/HeinzGroup/caffeine_underground/mlrt/FlexFringe/FlexFringe/models-ps-small/0.1.1.1.0.0.searchglobal.0.ini/0.1.1.1.0.0.searchglobal.0_04.04.SL.6.1.7_Small.final.json,/gpfs/projects/HeinzGroup/asoubki/FlexFringe/data/MLRegTest/Large/04.04.SL.6.1.7_TestLR.txt,2025-12-29 22:31:25.996859
0.1.1.1.0.0.searchglobal.0,Small,4,4,SL,6,1,7,TestLA,0.50006,0.5023696682464455,0.01272,0.02481176608278391,0.49994,/gpfs/projects/HeinzGroup/caffeine_underground/mlrt/FlexFringe/FlexFringe/models-ps-small/0.1.1.1.0.0.searchglobal.0.ini/0.1.1.1.0.0.searchglobal.0_04.04.SL.6.1.7_Small.final.json,/gpfs/projects/HeinzGroup/asoubki/FlexFringe/data/MLRegTest/Large/04.04.SL.6.1.7_TestLA.txt,2025-12-29 22:31:25.996859
0.1.1.1.0.0.searchglobal.0,Small,4,4,SL,6,1,7,TestSR,0.49958,0.483695652173913,0.01246,0.02429418187490251,0.50042,/gpfs/projects/HeinzGroup/caffeine_underground/mlrt/FlexFringe/FlexFringe/models-ps-small/0.1.1.1.0.0.searchglobal.0.ini/0.1.1.1.0.0.searchglobal.0_04.04.SL.6.1.7_Small.final.json,/gpfs/projects/HeinzGroup/asoubki/FlexFringe/data/MLRegTest/Large/04.04.SL.6.1.7_TestSR.txt,2025-12-29 22:31:25.996859
0.1.1.1.0.0.searchglobal.0,Small,4,4,SL,6,1,7,Dev,0.49993,0.4971887550200803,0.01238,0.02415845448336423,0.50007,/gpfs/projects/HeinzGroup/caffeine_underground/mlrt/FlexFringe/FlexFringe/models-ps-small/0.1.1.1.0.0.searchglobal.0.ini/0.1.1.1.0.0.searchglobal.0_04.04.SL.6.1.7_Small.final.json,/gpfs/projects/HeinzGroup/asoubki/FlexFringe/data/MLRegTest/Large/04.04.SL.6.1.7_Dev.txt,2025-12-29 22:31:25.996859
0.1.1.1.0.0.searchglobal.0,Small,4,4,SL,6,1,7,Train,0.502,0.5714285714285714,0.016,0.0311284046692607,0.498,/gpfs/projects/HeinzGroup/caffeine_underground/mlrt/FlexFringe/FlexFringe/models-ps-small/0.1.1.1.0.0.searchglobal.0.ini/0.1.1.1.0.0.searchglobal.0_04.04.SL.6.1.7_Small.final.json,/gpfs/projects/HeinzGroup/asoubki/FlexFringe/data/MLRegTest/Small/04.04.SL.6.1.7_Train.txt,2025-12-29 22:31:25.996859
0.1.1.1.0.0.searchglobal.0,Small,4,4,SL,6,1,8,TestLR,0.49952,0.0,0.0,0.0,0.50048,/gpfs/projects/HeinzGroup/caffeine_underground/mlrt/FlexFringe/FlexFringe/models-ps-small/0.1.1.1.0.0.searchglobal.0.ini/0.1.1.1.0.0.searchglobal.0_04.04.SL.6.1.8_Small.final.json,/gpfs/projects/HeinzGroup/asoubki/FlexFringe/data/MLRegTest/Large/04.04.SL.6.1.8_TestLR.txt,2025-12-29 23:04:03.226877
0.1.1.1.0.0.searchglobal.0,Small,4,4,SL,6,1,8,TestSA,0.49952,0.0,0.0,0.0,0.50048,/gpfs/projects/HeinzGroup/caffeine_underground/mlrt/FlexFringe/FlexFringe/models-ps-small/0.1.1.1.0.0.searchglobal.0.ini/0.1.1.1.0.0.searchglobal.0_04.04.SL.6.1.8_Small.final.json,/gpfs/projects/HeinzGroup/asoubki/FlexFringe/data/MLRegTest/Large/04.04.SL.6.1.8_TestSA.txt,2025-12-29 23:04:03.226877
0.1.1.1.0.0.searchglobal.0,Small,4,4,SL,6,1,8,TestLA,0.49934,0.0,0.0,0.0,0.50066,/gpfs/projects/HeinzGroup/caffeine_underground/mlrt/FlexFringe/FlexFringe/models-ps-small/0.1.1.1.0.0.searchglobal.0.ini/0.1.1.1.0.0.searchglobal.0_04.04.SL.6.1.8_Small.final.json,/gpfs/projects/HeinzGroup/asoubki/FlexFringe/data/MLRegTest/Large/04.04.SL.6.1.8_TestLA.txt,2025-12-29 23:04:03.226877
0.1.1.1.0.0.searchglobal.0,Small,4,4,SL,6,1,8,TestSR,0.49951,0.0,0.0,0.0,0.50049,/gpfs/projects/HeinzGroup/caffeine_underground/mlrt/FlexFringe/FlexFringe/models-ps-small/0.1.1.1.0.0.searchglobal.0.ini/0.1.1.1.0.0.searchglobal.0_04.04.SL.6.1.8_Small.final.json,/gpfs/projects/HeinzGroup/asoubki/FlexFringe/data/MLRegTest/Large/04.04.SL.6.1.8_TestSR.txt,2025-12-29 23:04:03.226877
0.1.1.1.0.0.searchglobal.0,Small,4,4,SL,6,1,8,Dev,0.49942,0.0,0.0,0.0,0.50058,/gpfs/projects/HeinzGroup/caffeine_underground/mlrt/FlexFringe/FlexFringe/models-ps-small/0.1.1.1.0.0.searchglobal.0.ini/0.1.1.1.0.0.searchglobal.0_04.04.SL.6.1.8_Small.final.json,/gpfs/projects/HeinzGroup/asoubki/FlexFringe/data/MLRegTest/Large/04.04.SL.6.1.8_Dev.txt,2025-12-29 23:04:03.226877
0.1.1.1.0.0.searchglobal.0,Small,4,4,SL,6,1,8,Train,0.5,0.0,0.0,0.0,0.5,/gpfs/projects/HeinzGroup/caffeine_underground/mlrt/FlexFringe/FlexFringe/models-ps-small/0.1.1.1.0.0.searchglobal.0.ini/0.1.1.1.0.0.searchglobal.0_04.04.SL.6.1.8_Small.final.json,/gpfs/projects/HeinzGroup/asoubki/FlexFringe/data/MLRegTest/Small/04.04.SL.6.1.8_Train.txt,2025-12-29 23:04:03.226877
0.1.1.1.0.0.searchglobal.0,Small,4,4,SL,6,1,9,TestSR,0.50454,0.7251984126984127,0.01462,0.028662170639899624,0.49546,/gpfs/projects/HeinzGroup/caffeine_underground/mlrt/FlexFringe/FlexFringe/models-ps-small/0.1.1.1.0.0.searchglobal.0.ini/0.1.1.1.0.0.searchglobal.0_04.04.SL.6.1.9_Small.final.json,/gpfs/projects/HeinzGroup/asoubki/FlexFringe/data/MLRegTest/Large/04.04.SL.6.1.9_TestSR.txt,2025-12-29 22:46:27.715297
0.1.1.1.0.0.searchglobal.0,Small,4,4,SL,6,1,9,TestLA,0.50288,0.6119751166407466,0.01574,0.030690636820964786,0.49712,/gpfs/projects/HeinzGroup/caffeine_underground/mlrt/FlexFringe/FlexFringe/models-ps-small/0.1.1.1.0.0.searchglobal.0.ini/0.1.1.1.0.0.searchglobal.0_04.04.SL.6.1.9_Small.final.json,/gpfs/projects/HeinzGroup/asoubki/FlexFringe/data/MLRegTest/Large/04.04.SL.6.1.9_TestLA.txt,2025-12-29 22:46:27.715297
0.1.1.1.0.0.searchglobal.0,Small,4,4,SL,6,1,9,TestLR,0.50437,0.7264248704663212,0.01402,0.02750907485529285,0.49563,/gpfs/projects/HeinzGroup/caffeine_underground/mlrt/FlexFringe/FlexFringe/models-ps-small/0.1.1.1.0.0.searchglobal.0.ini/0.1.1.1.0.0.searchglobal.0_04.04.SL.6.1.9_Small.final.json,/gpfs/projects/HeinzGroup/asoubki/FlexFringe/data/MLRegTest/Large/04.04.SL.6.1.9_TestLR.txt,2025-12-29 22:46:27.715297
0.1.1.1.0.0.searchglobal.0,Small,4,4,SL,6,1,9,TestSA,0.50253,0.6029292107404394,0.01482,0.028928926974955593,0.49747,/gpfs/projects/HeinzGroup/caffeine_underground/mlrt/FlexFringe/FlexFringe/models-ps-small/0.1.1.1.0.0.searchglobal.0.ini/0.1.1.1.0.0.searchglobal.0_04.04.SL.6.1.9_Small.final.json,/gpfs/projects/HeinzGroup/asoubki/FlexFringe/data/MLRegTest/Large/04.04.SL.6.1.9_TestSA.txt,2025-12-29 22:46:27.715297
0.1.1.1.0.0.searchglobal.0,Small,4,4,SL,6,1,9,Dev,0.50381,0.6918429003021148,0.01374,0.026944874786735434,0.49619,/gpfs/projects/HeinzGroup/caffeine_underground/mlrt/FlexFringe/FlexFringe/models-ps-small/0.1.1.1.0.0.searchglobal.0.ini/0.1.1.1.0.0.searchglobal.0_04.04.SL.6.1.9_Small.final.json,/gpfs/projects/HeinzGroup/asoubki/FlexFringe/data/MLRegTest/Large/04.04.SL.6.1.9_Dev.txt,2025-12-29 22:46:27.715297
0.1.1.1.0.0.searchglobal.0,Small,4,4,SL,6,1,9,Train,0.501,0.6,0.006,0.011881188118811881,0.499,/gpfs/projects/HeinzGroup/caffeine_underground/mlrt/FlexFringe/FlexFringe/models-ps-small/0.1.1.1.0.0.searchglobal.0.ini/0.1.1.1.0.0.searchglobal.0_04.04.SL.6.1.9_Small.final.json,/gpfs/projects/HeinzGroup/asoubki/FlexFringe/data/MLRegTest/Small/04.04.SL.6.1.9_Train.txt,2025-12-29 22:46:27.715297
0.1.1.1.0.0.searchglobal.0,Small,4,4,SP,2,1,0,TestSR,0.51258,0.9984152139461173,0.0252,0.04915922125551091,0.48742,/gpfs/projects/HeinzGroup/caffeine_underground/mlrt/FlexFringe/FlexFringe/models-ps-small/0.1.1.1.0.0.searchglobal.0.ini/0.1.1.1.0.0.searchglobal.0_04.04.SP.2.1.0_Small.final.json,/gpfs/projects/HeinzGroup/asoubki/FlexFringe/data/MLRegTest/Large/04.04.SP.2.1.0_TestSR.txt,2025-12-29 22:59:29.564356
0.1.1.1.0.0.searchglobal.0,Small,4,4,SP,2,1,0,TestLA,0.50462,0.9476744186046512,0.00978,0.019360202708052894,0.49538,/gpfs/projects/HeinzGroup/caffeine_underground/mlrt/FlexFringe/FlexFringe/models-ps-small/0.1.1.1.0.0.searchglobal.0.ini/0.1.1.1.0.0.searchglobal.0_04.04.SP.2.1.0_Small.final.json,/gpfs/projects/HeinzGroup/asoubki/FlexFringe/data/MLRegTest/Large/04.04.SP.2.1.0_TestLA.txt,2025-12-29 22:59:29.564356
0.1.1.1.0.0.searchglobal.0,Small,4,4,SP,2,1,0,TestLR,0.5045,1.0,0.009,0.017839444995044598,0.4955,/gpfs/projects/HeinzGroup/caffeine_underground/mlrt/FlexFringe/FlexFringe/models-ps-small/0.1.1.1.0.0.searchglobal.0.ini/0.1.1.1.0.0.searchglobal.0_04.04.SP.2.1.0_Small.final.json,/gpfs/projects/HeinzGroup/asoubki/FlexFringe/data/MLRegTest/Large/04.04.SP.2.1.0_TestLR.txt,2025-12-29 22:59:29.564356
0.1.1.1.0.0.searchglobal.0,Small,4,4,SP,2,1,0,TestSA,0.51072,0.9142194744976816,0.02366,0.04612625258314813,0.48928,/gpfs/projects/HeinzGroup/caffeine_underground/mlrt/FlexFringe/FlexFringe/models-ps-small/0.1.1.1.0.0.searchglobal.0.ini/0.1.1.1.0.0.searchglobal.0_04.04.SP.2.1.0_Small.final.json,/gpfs/projects/HeinzGroup/asoubki/FlexFringe/data/MLRegTest/Large/04.04.SP.2.1.0_TestSA.txt,2025-12-29 22:59:29.564356
0.1.1.1.0.0.searchglobal.0,Small,4,4,SP,2,1,0,Dev,0.51238,0.9991935483870967,0.02478,0.04836065573770492,0.48762,/gpfs/projects/HeinzGroup/caffeine_underground/mlrt/FlexFringe/FlexFringe/models-ps-small/0.1.1.1.0.0.searchglobal.0.ini/0.1.1.1.0.0.searchglobal.0_04.04.SP.2.1.0_Small.final.json,/gpfs/projects/HeinzGroup/asoubki/FlexFringe/data/MLRegTest/Large/04.04.SP.2.1.0_Dev.txt,2025-12-29 22:59:29.564356
0.1.1.1.0.0.searchglobal.0,Small,4,4,SP,2,1,0,Train,0.516,1.0,0.032,0.06201550387596899,0.484,/gpfs/projects/HeinzGroup/caffeine_underground/mlrt/FlexFringe/FlexFringe/models-ps-small/0.1.1.1.0.0.searchglobal.0.ini/0.1.1.1.0.0.searchglobal.0_04.04.SP.2.1.0_Small.final.json,/gpfs/projects/HeinzGroup/asoubki/FlexFringe/data/MLRegTest/Small/04.04.SP.2.1.0_Train.txt,2025-12-29 22:59:29.564356
0.1.1.1.0.0.searchglobal.0,Small,4,4,SP,2,1,1,TestSA,0.58442,0.8030585870189546,0.2237,0.34992491552997124,0.41558,/gpfs/projects/HeinzGroup/caffeine_underground/mlrt/FlexFringe/FlexFringe/models-ps-small/0.1.1.1.0.0.searchglobal.0.ini/0.1.1.1.0.0.searchglobal.0_04.04.SP.2.1.1_Small.final.json,/gpfs/projects/HeinzGroup/asoubki/FlexFringe/data/MLRegTest/Large/04.04.SP.2.1.1_TestSA.txt,2025-12-29 22:34:53.079908
0.1.1.1.0.0.searchglobal.0,Small,4,4,SP,2,1,1,TestLR,0.59375,1.0,0.1875,0.3157894736842105,0.40625,/gpfs/projects/HeinzGroup/caffeine_underground/mlrt/FlexFringe/FlexFringe/models-ps-small/0.1.1.1.0.0.searchglobal.0.ini/0.1.1.1.0.0.searchglobal.0_04.04.SP.2.1.1_Small.final.json,/gpfs/projects/HeinzGroup/asoubki/FlexFringe/data/MLRegTest/Large/04.04.SP.2.1.1_TestLR.txt,2025-12-29 22:34:53.079908
0.1.1.1.0.0.searchglobal.0,Small,4,4,SP,2,1,1,TestLA,0.57284,0.8247146932952925,0.185,0.30220857292211184,0.42716,/gpfs/projects/HeinzGroup/caffeine_underground/mlrt/FlexFringe/FlexFringe/models-ps-small/0.1.1.1.0.0.searchglobal.0.ini/0.1.1.1.0.0.searchglobal.0_04.04.SP.2.1.1_Small.final.json,/gpfs/projects/HeinzGroup/asoubki/FlexFringe/data/MLRegTest/Large/04.04.SP.2.1.1_TestLA.txt,2025-12-29 22:34:53.079908
0.1.1.1.0.0.searchglobal.0,Small,4,4,SP,2,1,1,TestSR,0.60888,0.9994495412844037,0.21788,0.35776683087027916,0.39112,/gpfs/projects/HeinzGroup/caffeine_underground/mlrt/FlexFringe/FlexFringe/models-ps-small/0.1.1.1.0.0.searchglobal.0.ini/0.1.1.1.0.0.searchglobal.0_04.04.SP.2.1.1_Small.final.json,/gpfs/projects/HeinzGroup/asoubki/FlexFringe/data/MLRegTest/Large/04.04.SP.2.1.1_TestSR.txt,2025-12-29 22:34:53.079908
0.1.1.1.0.0.searchglobal.0,Small,4,4,SP,2,1,1,Dev,0.61091,0.9991898460707535,0.222,0.3632852771277553,0.38909,/gpfs/projects/HeinzGroup/caffeine_underground/mlrt/FlexFringe/FlexFringe/models-ps-small/0.1.1.1.0.0.searchglobal.0.ini/0.1.1.1.0.0.searchglobal.0_04.04.SP.2.1.1_Small.final.json,/gpfs/projects/HeinzGroup/asoubki/FlexFringe/data/MLRegTest/Large/04.04.SP.2.1.1_Dev.txt,2025-12-29 22:34:53.079908
0.1.1.1.0.0.searchglobal.0,Small,4,4,SP,2,1,1,Train,0.62,1.0,0.24,0.3870967741935484,0.38,/gpfs/projects/HeinzGroup/caffeine_underground/mlrt/FlexFringe/FlexFringe/models-ps-small/0.1.1.1.0.0.searchglobal.0.ini/0.1.1.1.0.0.searchglobal.0_04.04.SP.2.1.1_Small.final.json,/gpfs/projects/HeinzGroup/asoubki/FlexFringe/data/MLRegTest/Small/04.04.SP.2.1.1_Train.txt,2025-12-29 22:34:53.079908
0.1.1.1.0.0.searchglobal.0,Small,4,4,SP,2,1,2,TestSR,0.73755,0.9998316710853007,0.47518,0.6441983108062308,0.26245,/gpfs/projects/HeinzGroup/caffeine_underground/mlrt/FlexFringe/FlexFringe/models-ps-small/0.1.1.1.0.0.searchglobal.0.ini/0.1.1.1.0.0.searchglobal.0_04.04.SP.2.1.2_Small.final.json,/gpfs/projects/HeinzGroup/asoubki/FlexFringe/data/MLRegTest/Large/04.04.SP.2.1.2_TestSR.txt,2025-12-29 23:02:36.033178
0.1.1.1.0.0.searchglobal.0,Small,4,4,SP,2,1,2,TestSA,0.67696,0.8016089446413962,0.47032,0.5928204093980034,0.32304,/gpfs/projects/HeinzGroup/caffeine_underground/mlrt/FlexFringe/FlexFringe/models-ps-small/0.1.1.1.0.0.searchglobal.0.ini/0.1.1.1.0.0.searchglobal.0_04.04.SP.2.1.2_Small.final.json,/gpfs/projects/HeinzGroup/asoubki/FlexFringe/data/MLRegTest/Large/04.04.SP.2.1.2_TestSA.txt,2025-12-29 23:02:36.033178
0.1.1.1.0.0.searchglobal.0,Small,4,4,SP,2,1,2,TestLR,0.73405,1.0,0.4681,0.637694979906001,0.26595,/gpfs/projects/HeinzGroup/caffeine_underground/mlrt/FlexFringe/FlexFringe/models-ps-small/0.1.1.1.0.0.searchglobal.0.ini/0.1.1.1.0.0.searchglobal.0_04.04.SP.2.1.2_Small.final.json,/gpfs/projects/HeinzGroup/asoubki/FlexFringe/data/MLRegTest/Large/04.04.SP.2.1.2_TestLR.txt,2025-12-29 23:02:36.033178
0.1.1.1.0.0.searchglobal.0,Small,4,4,SP,2,1,2,TestLA,0.67622,0.8061501042390549,0.46402,0.589007362274689,0.32378,/gpfs/projects/HeinzGroup/caffeine_underground/mlrt/FlexFringe/FlexFringe/models-ps-small/0.1.1.1.0.0.searchglobal.0.ini/0.1.1.1.0.0.searchglobal.0_04.04.SP.2.1.2_Small.final.json,/gpfs/projects/HeinzGroup/asoubki/FlexFringe/data/MLRegTest/Large/04.04.SP.2.1.2_TestLA.txt,2025-12-29 23:02:36.033178
0.1.1.1.0.0.searchglobal.0,Small,4,4,SP,2,1,2,Dev,0.7361,0.9996190959878111,0.47238,0.6415765741294073,0.2639,/gpfs/projects/HeinzGroup/caffeine_underground/mlrt/FlexFringe/FlexFringe/models-ps-small/0.1.1.1.0.0.searchglobal.0.ini/0.1.1.1.0.0.searchglobal.0_04.04.SP.2.1.2_Small.final.json,/gpfs/projects/HeinzGroup/asoubki/FlexFringe/data/MLRegTest/Large/04.04.SP.2.1.2_Dev.txt,2025-12-29 23:02:36.033178
0.1.1.1.0.0.searchglobal.0,Small,4,4,SP,2,1,2,Train,0.729,1.0,0.458,0.6282578875171467,0.271,/gpfs/projects/HeinzGroup/caffeine_underground/mlrt/FlexFringe/FlexFringe/models-ps-small/0.1.1.1.0.0.searchglobal.0.ini/0.1.1.1.0.0.searchglobal.0_04.04.SP.2.1.2_Small.final.json,/gpfs/projects/HeinzGroup/asoubki/FlexFringe/data/MLRegTest/Small/04.04.SP.2.1.2_Train.txt,2025-12-29 23:02:36.033178
0.1.1.1.0.0.searchglobal.0,Small,4,4,SP,2,1,3,TestLA,0.72873,0.8625685572076214,0.54416,0.6673288939577892,0.27127,/gpfs/projects/HeinzGroup/caffeine_underground/mlrt/FlexFringe/FlexFringe/models-ps-small/0.1.1.1.0.0.searchglobal.0.ini/0.1.1.1.0.0.searchglobal.0_04.04.SP.2.1.3_Small.final.json,/gpfs/projects/HeinzGroup/asoubki/FlexFringe/data/MLRegTest/Large/04.04.SP.2.1.3_TestLA.txt,2025-12-29 22:15:59.977890
0.1.1.1.0.0.searchglobal.0,Small,4,4,SP,2,1,3,TestSA,0.73576,0.852511961722488,0.57016,0.6833173537871524,0.26424,/gpfs/projects/HeinzGroup/caffeine_underground/mlrt/FlexFringe/FlexFringe/models-ps-small/0.1.1.1.0.0.searchglobal.0.ini/0.1.1.1.0.0.searchglobal.0_04.04.SP.2.1.3_Small.final.json,/gpfs/projects/HeinzGroup/asoubki/FlexFringe/data/MLRegTest/Large/04.04.SP.2.1.3_TestSA.txt,2025-12-29 22:15:59.977890
0.1.1.1.0.0.searchglobal.0,Small,4,4,SP,2,1,3,TestLR,0.77138,1.0,0.54276,0.703622079908735,0.22862,/gpfs/projects/HeinzGroup/caffeine_underground/mlrt/FlexFringe/FlexFringe/models-ps-small/0.1.1.1.0.0.searchglobal.0.ini/0.1.1.1.0.0.searchglobal.0_04.04.SP.2.1.3_Small.final.json,/gpfs/projects/HeinzGroup/asoubki/FlexFringe/data/MLRegTest/Large/04.04.SP.2.1.3_TestLR.txt,2025-12-29 22:15:59.977890
0.1.1.1.0.0.searchglobal.0,Small,4,4,SP,2,1,3,TestSR,0.78401,0.9996833104613111,0.5682,0.7245693008072024,0.21599,/gpfs/projects/HeinzGroup/caffeine_underground/mlrt/FlexFringe/FlexFringe/models-ps-small/0.1.1.1.0.0.searchglobal.0.ini/0.1.1.1.0.0.searchglobal.0_04.04.SP.2.1.3_Small.final.json,/gpfs/projects/HeinzGroup/asoubki/FlexFringe/data/MLRegTest/Large/04.04.SP.2.1.3_TestSR.txt,2025-12-29 22:15:59.977890
0.1.1.1.0.0.searchglobal.0,Small,4,4,SP,2,1,3,Dev,0.78163,0.9995388272021001,0.56352,0.7207151901162567,0.21837,/gpfs/projects/HeinzGroup/caffeine_underground/mlrt/FlexFringe/FlexFringe/models-ps-small/0.1.1.1.0.0.searchglobal.0.ini/0.1.1.1.0.0.searchglobal.0_04.04.SP.2.1.3_Small.final.json,/gpfs/projects/HeinzGroup/asoubki/FlexFringe/data/MLRegTest/Large/04.04.SP.2.1.3_Dev.txt,2025-12-29 22:15:59.977890
0.1.1.1.0.0.searchglobal.0,Small,4,4,SP,2,1,3,Train,0.785,1.0,0.57,0.7261146496815286,0.215,/gpfs/projects/HeinzGroup/caffeine_underground/mlrt/FlexFringe/FlexFringe/models-ps-small/0.1.1.1.0.0.searchglobal.0.ini/0.1.1.1.0.0.searchglobal.0_04.04.SP.2.1.3_Small.final.json,/gpfs/projects/HeinzGroup/asoubki/FlexFringe/data/MLRegTest/Small/04.04.SP.2.1.3_Train.txt,2025-12-29 22:15:59.977890
0.1.1.1.0.0.searchglobal.0,Small,4,4,SP,2,1,4,TestLA,0.63043,0.7794968499549993,0.36376,0.4960386183573562,0.36957,/gpfs/projects/HeinzGroup/caffeine_underground/mlrt/FlexFringe/FlexFringe/models-ps-small/0.1.1.1.0.0.searchglobal.0.ini/0.1.1.1.0.0.searchglobal.0_04.04.SP.2.1.4_Small.final.json,/gpfs/projects/HeinzGroup/asoubki/FlexFringe/data/MLRegTest/Large/04.04.SP.2.1.4_TestLA.txt,2025-12-29 22:56:33.839223
0.1.1.1.0.0.searchglobal.0,Small,4,4,SP,2,1,4,TestSR,0.69079,0.99895392018411,0.38198,0.5526410972380966,0.30921,/gpfs/projects/HeinzGroup/caffeine_underground/mlrt/FlexFringe/FlexFringe/models-ps-small/0.1.1.1.0.0.searchglobal.0.ini/0.1.1.1.0.0.searchglobal.0_04.04.SP.2.1.4_Small.final.json,/gpfs/projects/HeinzGroup/asoubki/FlexFringe/data/MLRegTest/Large/04.04.SP.2.1.4_TestSR.txt,2025-12-29 22:56:33.839223
0.1.1.1.0.0.searchglobal.0,Small,4,4,SP,2,1,4,TestLR,0.68262,0.9999452474813841,0.36526,0.5350697292863003,0.31738,/gpfs/projects/HeinzGroup/caffeine_underground/mlrt/FlexFringe/FlexFringe/models-ps-small/0.1.1.1.0.0.searchglobal.0.ini/0.1.1.1.0.0.searchglobal.0_04.04.SP.2.1.4_Small.final.json,/gpfs/projects/HeinzGroup/asoubki/FlexFringe/data/MLRegTest/Large/04.04.SP.2.1.4_TestLR.txt,2025-12-29 22:56:33.839223
0.1.1.1.0.0.searchglobal.0,Small,4,4,SP,2,1,4,TestSA,0.63756,0.7845911949685535,0.37924,0.5113256390896344,0.36244,/gpfs/projects/HeinzGroup/caffeine_underground/mlrt/FlexFringe/FlexFringe/models-ps-small/0.1.1.1.0.0.searchglobal.0.ini/0.1.1.1.0.0.searchglobal.0_04.04.SP.2.1.4_Small.final.json,/gpfs/projects/HeinzGroup/asoubki/FlexFringe/data/MLRegTest/Large/04.04.SP.2.1.4_TestSA.txt,2025-12-29 22:56:33.839223
0.1.1.1.0.0.searchglobal.0,Small,4,4,SP,2,1,4,Dev,0.6911,0.9987472596304416,0.38268,0.5533416235287313,0.3089,/gpfs/projects/HeinzGroup/caffeine_underground/mlrt/FlexFringe/FlexFringe/models-ps-small/0.1.1.1.0.0.searchglobal.0.ini/0.1.1.1.0.0.searchglobal.0_04.04.SP.2.1.4_Small.final.json,/gpfs/projects/HeinzGroup/asoubki/FlexFringe/data/MLRegTest/Large/04.04.SP.2.1.4_Dev.txt,2025-12-29 22:56:33.839223
0.1.1.1.0.0.searchglobal.0,Small,4,4,SP,2,1,4,Train,0.699,1.0,0.398,0.5693848354792561,0.301,/gpfs/projects/HeinzGroup/caffeine_underground/mlrt/FlexFringe/FlexFringe/models-ps-small/0.1.1.1.0.0.searchglobal.0.ini/0.1.1.1.0.0.searchglobal.0_04.04.SP.2.1.4_Small.final.json,/gpfs/projects/HeinzGroup/asoubki/FlexFringe/data/MLRegTest/Small/04.04.SP.2.1.4_Train.txt,2025-12-29 22:56:33.839223
0.1.1.1.0.0.searchglobal.0,Small,4,4,SP,2,1,5,TestSA,0.53374,0.9007125890736342,0.07584,0.13990038738240176,0.46626,/gpfs/projects/HeinzGroup/caffeine_underground/mlrt/FlexFringe/FlexFringe/models-ps-small/0.1.1.1.0.0.searchglobal.0.ini/0.1.1.1.0.0.searchglobal.0_04.04.SP.2.1.5_Small.final.json,/gpfs/projects/HeinzGroup/asoubki/FlexFringe/data/MLRegTest/Large/04.04.SP.2.1.5_TestSA.txt,2025-12-29 22:52:49.369900
0.1.1.1.0.0.searchglobal.0,Small,4,4,SP,2,1,5,TestSR,0.53812,1.0,0.07624,0.14167843603657176,0.46188,/gpfs/projects/HeinzGroup/caffeine_underground/mlrt/FlexFringe/FlexFringe/models-ps-small/0.1.1.1.0.0.searchglobal.0.ini/0.1.1.1.0.0.searchglobal.0_04.04.SP.2.1.5_Small.final.json,/gpfs/projects/HeinzGroup/asoubki/FlexFringe/data/MLRegTest/Large/04.04.SP.2.1.5_TestSR.txt,2025-12-29 22:52:49.369900
0.1.1.1.0.0.searchglobal.0,Small,4,4,SP,2,1,5,TestLA,0.52213,0.9417165668662675,0.04718,0.08985810875154747,0.47787,/gpfs/projects/HeinzGroup/caffeine_underground/mlrt/FlexFringe/FlexFringe/models-ps-small/0.1.1.1.0.0.searchglobal.0.ini/0.1.1.1.0.0.searchglobal.0_04.04.SP.2.1.5_Small.final.json,/gpfs/projects/HeinzGroup/asoubki/FlexFringe/data/MLRegTest/Large/04.04.SP.2.1.5_TestLA.txt,2025-12-29 22:52:49.369900
0.1.1.1.0.0.searchglobal.0,Small,4,4,SP,2,1,5,TestLR,0.52364,1.0,0.04728,0.09029103964555801,0.47636,/gpfs/projects/HeinzGroup/caffeine_underground/mlrt/FlexFringe/FlexFringe/models-ps-small/0.1.1.1.0.0.searchglobal.0.ini/0.1.1.1.0.0.searchglobal.0_04.04.SP.2.1.5_Small.final.json,/gpfs/projects/HeinzGroup/asoubki/FlexFringe/data/MLRegTest/Large/04.04.SP.2.1.5_TestLR.txt,2025-12-29 22:52:49.369900
0.1.1.1.0.0.searchglobal.0,Small,4,4,SP,2,1,5,Dev,0.53942,1.0,0.07884,0.14615698342664343,0.46058,/gpfs/projects/HeinzGroup/caffeine_underground/mlrt/FlexFringe/FlexFringe/models-ps-small/0.1.1.1.0.0.searchglobal.0.ini/0.1.1.1.0.0.searchglobal.0_04.04.SP.2.1.5_Small.final.json,/gpfs/projects/HeinzGroup/asoubki/FlexFringe/data/MLRegTest/Large/04.04.SP.2.1.5_Dev.txt,2025-12-29 22:52:49.369900
0.1.1.1.0.0.searchglobal.0,Small,4,4,SP,2,1,5,Train,0.539,1.0,0.078,0.14471243042671614,0.461,/gpfs/projects/HeinzGroup/caffeine_underground/mlrt/FlexFringe/FlexFringe/models-ps-small/0.1.1.1.0.0.searchglobal.0.ini/0.1.1.1.0.0.searchglobal.0_04.04.SP.2.1.5_Small.final.json,/gpfs/projects/HeinzGroup/asoubki/FlexFringe/data/MLRegTest/Small/04.04.SP.2.1.5_Train.txt,2025-12-29 22:52:49.369900
0.1.1.1.0.0.searchglobal.0,Small,4,4,SP,2,1,6,TestLA,0.73498,0.9623770169224715,0.48908,0.6485611987800026,0.26502,/gpfs/projects/HeinzGroup/caffeine_underground/mlrt/FlexFringe/FlexFringe/models-ps-small/0.1.1.1.0.0.searchglobal.0.ini/0.1.1.1.0.0.searchglobal.0_04.04.SP.2.1.6_Small.final.json,/gpfs/projects/HeinzGroup/asoubki/FlexFringe/data/MLRegTest/Large/04.04.SP.2.1.6_TestLA.txt,2025-12-29 22:19:45.180326
0.1.1.1.0.0.searchglobal.0,Small,4,4,SP,2,1,6,TestSA,0.72709,0.9393306248790869,0.48554,0.6401740391588108,0.27291,/gpfs/projects/HeinzGroup/caffeine_underground/mlrt/FlexFringe/FlexFringe/models-ps-small/0.1.1.1.0.0.searchglobal.0.ini/0.1.1.1.0.0.searchglobal.0_04.04.SP.2.1.6_Small.final.json,/gpfs/projects/HeinzGroup/asoubki/FlexFringe/data/MLRegTest/Large/04.04.SP.2.1.6_TestSA.txt,2025-12-29 22:19:45.180326
0.1.1.1.0.0.searchglobal.0,Small,4,4,SP,2,1,6,TestLR,0.75182,1.0,0.50364,0.6698943896145354,0.24818,/gpfs/projects/HeinzGroup/caffeine_underground/mlrt/FlexFringe/FlexFringe/models-ps-small/0.1.1.1.0.0.searchglobal.0.ini/0.1.1.1.0.0.searchglobal.0_04.04.SP.2.1.6_Small.final.json,/gpfs/projects/HeinzGroup/asoubki/FlexFringe/data/MLRegTest/Large/04.04.SP.2.1.6_TestLR.txt,2025-12-29 22:19:45.180326
0.1.1.1.0.0.searchglobal.0,Small,4,4,SP,2,1,6,TestSR,0.74991,1.0,0.49982,0.6665066474643624,0.25009,/gpfs/projects/HeinzGroup/caffeine_underground/mlrt/FlexFringe/FlexFringe/models-ps-small/0.1.1.1.0.0.searchglobal.0.ini/0.1.1.1.0.0.searchglobal.0_04.04.SP.2.1.6_Small.final.json,/gpfs/projects/HeinzGroup/asoubki/FlexFringe/data/MLRegTest/Large/04.04.SP.2.1.6_TestSR.txt,2025-12-29 22:19:45.180326
0.1.1.1.0.0.searchglobal.0,Small,4,4,SP,2,1,6,Dev,0.74978,1.0,0.49956,0.6662754407959668,0.25022,/gpfs/projects/HeinzGroup/caffeine_underground/mlrt/FlexFringe/FlexFringe/models-ps-small/0.1.1.1.0.0.searchglobal.0.ini/0.1.1.1.0.0.searchglobal.0_04.04.SP.2.1.6_Small.final.json,/gpfs/projects/HeinzGroup/asoubki/FlexFringe/data/MLRegTest/Large/04.04.SP.2.1.6_Dev.txt,2025-12-29 22:19:45.180326
0.1.1.1.0.0.searchglobal.0,Small,4,4,SP,2,1,6,Train,0.754,1.0,0.508,0.6737400530503979,0.246,/gpfs/projects/HeinzGroup/caffeine_underground/mlrt/FlexFringe/FlexFringe/models-ps-small/0.1.1.1.0.0.searchglobal.0.ini/0.1.1.1.0.0.searchglobal.0_04.04.SP.2.1.6_Small.final.json,/gpfs/projects/HeinzGroup/asoubki/FlexFringe/data/MLRegTest/Small/04.04.SP.2.1.6_Train.txt,2025-12-29 22:19:45.180326
0.1.1.1.0.0.searchglobal.0,Small,4,4,SP,2,1,7,TestLA,0.73754,0.9748520710059172,0.48766,0.6501093158427985,0.26246,/gpfs/projects/HeinzGroup/caffeine_underground/mlrt/FlexFringe/FlexFringe/models-ps-small/0.1.1.1.0.0.searchglobal.0.ini/0.1.1.1.0.0.searchglobal.0_04.04.SP.2.1.7_Small.final.json,/gpfs/projects/HeinzGroup/asoubki/FlexFringe/data/MLRegTest/Large/04.04.SP.2.1.7_TestLA.txt,2025-12-29 22:45:40.326172
0.1.1.1.0.0.searchglobal.0,Small,4,4,SP,2,1,7,TestLR,0.74927,1.0,0.49854,0.6653676244878348,0.25073,/gpfs/projects/HeinzGroup/caffeine_underground/mlrt/FlexFringe/FlexFringe/models-ps-small/0.1.1.1.0.0.searchglobal.0.ini/0.1.1.1.0.0.searchglobal.0_04.04.SP.2.1.7_Small.final.json,/gpfs/projects/HeinzGroup/asoubki/FlexFringe/data/MLRegTest/Large/04.04.SP.2.1.7_TestLR.txt,2025-12-29 22:45:40.326172
0.1.1.1.0.0.searchglobal.0,Small,4,4,SP,2,1,7,TestSR,0.74903,1.0,0.49806,0.664939989052508,0.25097,/gpfs/projects/HeinzGroup/caffeine_underground/mlrt/FlexFringe/FlexFringe/models-ps-small/0.1.1.1.0.0.searchglobal.0.ini/0.1.1.1.0.0.searchglobal.0_04.04.SP.2.1.7_Small.final.json,/gpfs/projects/HeinzGroup/asoubki/FlexFringe/data/MLRegTest/Large/04.04.SP.2.1.7_TestSR.txt,2025-12-29 22:45:40.326172
0.1.1.1.0.0.searchglobal.0,Small,4,4,SP,2,1,7,TestSA,0.7306,0.9597655315415903,0.48138,0.6411731798929113,0.2694,/gpfs/projects/HeinzGroup/caffeine_underground/mlrt/FlexFringe/FlexFringe/models-ps-small/0.1.1.1.0.0.searchglobal.0.ini/0.1.1.1.0.0.searchglobal.0_04.04.SP.2.1.7_Small.final.json,/gpfs/projects/HeinzGroup/asoubki/FlexFringe/data/MLRegTest/Large/04.04.SP.2.1.7_TestSA.txt,2025-12-29 22:45:40.326172
0.1.1.1.0.0.searchglobal.0,Small,4,4,SP,2,1,7,Dev,0.74973,1.0,0.49946,0.6661864938044363,0.25027,/gpfs/projects/HeinzGroup/caffeine_underground/mlrt/FlexFringe/FlexFringe/models-ps-small/0.1.1.1.0.0.searchglobal.0.ini/0.1.1.1.0.0.searchglobal.0_04.04.SP.2.1.7_Small.final.json,/gpfs/projects/HeinzGroup/asoubki/FlexFringe/data/MLRegTest/Large/04.04.SP.2.1.7_Dev.txt,2025-12-29 22:45:40.326172
0.1.1.1.0.0.searchglobal.0,Small,4,4,SP,2,1,7,Train,0.758,1.0,0.516,0.6807387862796834,0.242,/gpfs/projects/HeinzGroup/caffeine_underground/mlrt/FlexFringe/FlexFringe/models-ps-small/0.1.1.1.0.0.searchglobal.0.ini/0.1.1.1.0.0.searchglobal.0_04.04.SP.2.1.7_Small.final.json,/gpfs/projects/HeinzGroup/asoubki/FlexFringe/data/MLRegTest/Small/04.04.SP.2.1.7_Train.txt,2025-12-29 22:45:40.326172
0.1.1.1.0.0.searchglobal.0,Small,4,4,SP,2,1,8,TestSR,0.8123,1.0,0.6246,0.7689277360581066,0.1877,/gpfs/projects/HeinzGroup/caffeine_underground/mlrt/FlexFringe/FlexFringe/models-ps-small/0.1.1.1.0.0.searchglobal.0.ini/0.1.1.1.0.0.searchglobal.0_04.04.SP.2.1.8_Small.final.json,/gpfs/projects/HeinzGroup/asoubki/FlexFringe/data/MLRegTest/Large/04.04.SP.2.1.8_TestSR.txt,2025-12-29 23:06:23.943126
0.1.1.1.0.0.searchglobal.0,Small,4,4,SP,2,1,8,TestSA,0.7904,0.9548872180451128,0.6096,0.744140625,0.2096,/gpfs/projects/HeinzGroup/caffeine_underground/mlrt/FlexFringe/FlexFringe/models-ps-small/0.1.1.1.0.0.searchglobal.0.ini/0.1.1.1.0.0.searchglobal.0_04.04.SP.2.1.8_Small.final.json,/gpfs/projects/HeinzGroup/asoubki/FlexFringe/data/MLRegTest/Large/04.04.SP.2.1.8_TestSA.txt,2025-12-29 23:06:23.943126
0.1.1.1.0.0.searchglobal.0,Small,4,4,SP,2,1,8,TestLA,0.79805,0.9716428774883692,0.61402,0.7525031557532752,0.20195,/gpfs/projects/HeinzGroup/caffeine_underground/mlrt/FlexFringe/FlexFringe/models-ps-small/0.1.1.1.0.0.searchglobal.0.ini/0.1.1.1.0.0.searchglobal.0_04.04.SP.2.1.8_Small.final.json,/gpfs/projects/HeinzGroup/asoubki/FlexFringe/data/MLRegTest/Large/04.04.SP.2.1.8_TestLA.txt,2025-12-29 23:06:23.943126
0.1.1.1.0.0.searchglobal.0,Small,4,4,SP,2,1,8,TestLR,0.81266,1.0,0.62532,0.7694730883764428,0.18734,/gpfs/projects/HeinzGroup/caffeine_underground/mlrt/FlexFringe/FlexFringe/models-ps-small/0.1.1.1.0.0.searchglobal.0.ini/0.1.1.1.0.0.searchglobal.0_04.04.SP.2.1.8_Small.final.json,/gpfs/projects/HeinzGroup/asoubki/FlexFringe/data/MLRegTest/Large/04.04.SP.2.1.8_TestLR.txt,2025-12-29 23:06:23.943126
0.1.1.1.0.0.searchglobal.0,Small,4,4,SP,2,1,8,Dev,0.81204,1.0,0.62408,0.768533569774888,0.18796,/gpfs/projects/HeinzGroup/caffeine_underground/mlrt/FlexFringe/FlexFringe/models-ps-small/0.1.1.1.0.0.searchglobal.0.ini/0.1.1.1.0.0.searchglobal.0_04.04.SP.2.1.8_Small.final.json,/gpfs/projects/HeinzGroup/asoubki/FlexFringe/data/MLRegTest/Large/04.04.SP.2.1.8_Dev.txt,2025-12-29 23:06:23.943126
0.1.1.1.0.0.searchglobal.0,Small,4,4,SP,2,1,8,Train,0.819,1.0,0.638,0.778998778998779,0.181,/gpfs/projects/HeinzGroup/caffeine_underground/mlrt/FlexFringe/FlexFringe/models-ps-small/0.1.1.1.0.0.searchglobal.0.ini/0.1.1.1.0.0.searchglobal.0_04.04.SP.2.1.8_Small.final.json,/gpfs/projects/HeinzGroup/asoubki/FlexFringe/data/MLRegTest/Small/04.04.SP.2.1.8_Train.txt,2025-12-29 23:06:23.943126
0.1.1.1.0.0.searchglobal.0,Small,4,4,SP,2,1,9,TestSR,0.75052,1.0,0.50104,0.6675904706070458,0.24948,/gpfs/projects/HeinzGroup/caffeine_underground/mlrt/FlexFringe/FlexFringe/models-ps-small/0.1.1.1.0.0.searchglobal.0.ini/0.1.1.1.0.0.searchglobal.0_04.04.SP.2.1.9_Small.final.json,/gpfs/projects/HeinzGroup/asoubki/FlexFringe/data/MLRegTest/Large/04.04.SP.2.1.9_TestSR.txt,2025-12-29 23:06:19.213947
0.1.1.1.0.0.searchglobal.0,Small,4,4,SP,2,1,9,TestLA,0.71939,0.905212219718518,0.4901,0.6359071505494933,0.28061,/gpfs/projects/HeinzGroup/caffeine_underground/mlrt/FlexFringe/FlexFringe/models-ps-small/0.1.1.1.0.0.searchglobal.0.ini/0.1.1.1.0.0.searchglobal.0_04.04.SP.2.1.9_Small.final.json,/gpfs/projects/HeinzGroup/asoubki/FlexFringe/data/MLRegTest/Large/04.04.SP.2.1.9_TestLA.txt,2025-12-29 23:06:19.213947
0.1.1.1.0.0.searchglobal.0,Small,4,4,SP,2,1,9,TestSA,0.71089,0.8836735436451625,0.48572,0.6268729914949086,0.28911,/gpfs/projects/HeinzGroup/caffeine_underground/mlrt/FlexFringe/FlexFringe/models-ps-small/0.1.1.1.0.0.searchglobal.0.ini/0.1.1.1.0.0.searchglobal.0_04.04.SP.2.1.9_Small.final.json,/gpfs/projects/HeinzGroup/asoubki/FlexFringe/data/MLRegTest/Large/04.04.SP.2.1.9_TestSA.txt,2025-12-29 23:06:19.213947
0.1.1.1.0.0.searchglobal.0,Small,4,4,SP,2,1,9,TestLR,0.75015,1.0,0.5003,0.6669332800106645,0.24985,/gpfs/projects/HeinzGroup/caffeine_underground/mlrt/FlexFringe/FlexFringe/models-ps-small/0.1.1.1.0.0.searchglobal.0.ini/0.1.1.1.0.0.searchglobal.0_04.04.SP.2.1.9_Small.final.json,/gpfs/projects/HeinzGroup/asoubki/FlexFringe/data/MLRegTest/Large/04.04.SP.2.1.9_TestLR.txt,2025-12-29 23:06:19.213947
0.1.1.1.0.0.searchglobal.0,Small,4,4,SP,2,1,9,Dev,0.74932,1.0,0.49864,0.6654566807238563,0.25068,/gpfs/projects/HeinzGroup/caffeine_underground/mlrt/FlexFringe/FlexFringe/models-ps-small/0.1.1.1.0.0.searchglobal.0.ini/0.1.1.1.0.0.searchglobal.0_04.04.SP.2.1.9_Small.final.json,/gpfs/projects/HeinzGroup/asoubki/FlexFringe/data/MLRegTest/Large/04.04.SP.2.1.9_Dev.txt,2025-12-29 23:06:19.213947
0.1.1.1.0.0.searchglobal.0,Small,4,4,SP,2,1,9,Train,0.747,1.0,0.494,0.6613119143239625,0.253,/gpfs/projects/HeinzGroup/caffeine_underground/mlrt/FlexFringe/FlexFringe/models-ps-small/0.1.1.1.0.0.searchglobal.0.ini/0.1.1.1.0.0.searchglobal.0_04.04.SP.2.1.9_Small.final.json,/gpfs/projects/HeinzGroup/asoubki/FlexFringe/data/MLRegTest/Small/04.04.SP.2.1.9_Train.txt,2025-12-29 23:06:19.213947
0.1.1.1.0.0.searchglobal.0,Small,4,4,SP,4,1,0,TestSR,0.54551,0.5449908060976333,0.55128,0.5481173628165485,0.45449,/gpfs/projects/HeinzGroup/caffeine_underground/mlrt/FlexFringe/FlexFringe/models-ps-small/0.1.1.1.0.0.searchglobal.0.ini/0.1.1.1.0.0.searchglobal.0_04.04.SP.4.1.0_Small.final.json,/gpfs/projects/HeinzGroup/asoubki/FlexFringe/data/MLRegTest/Large/04.04.SP.4.1.0_TestSR.txt,2025-12-29 22:25:22.476979
0.1.1.1.0.0.searchglobal.0,Small,4,4,SP,4,1,0,TestLA,0.52401,0.5219690731082441,0.57046,0.5451383248124612,0.47599,/gpfs/projects/HeinzGroup/caffeine_underground/mlrt/FlexFringe/FlexFringe/models-ps-small/0.1.1.1.0.0.searchglobal.0.ini/0.1.1.1.0.0.searchglobal.0_04.04.SP.4.1.0_Small.final.json,/gpfs/projects/HeinzGroup/asoubki/FlexFringe/data/MLRegTest/Large/04.04.SP.4.1.0_TestLA.txt,2025-12-29 22:25:22.476979
0.1.1.1.0.0.searchglobal.0,Small,4,4,SP,4,1,0,TestLR,0.56086,0.5587996599165249,0.57838,0.5684212595329822,0.43914,/gpfs/projects/HeinzGroup/caffeine_underground/mlrt/FlexFringe/FlexFringe/models-ps-small/0.1.1.1.0.0.searchglobal.0.ini/0.1.1.1.0.0.searchglobal.0_04.04.SP.4.1.0_Small.final.json,/gpfs/projects/HeinzGroup/asoubki/FlexFringe/data/MLRegTest/Large/04.04.SP.4.1.0_TestLR.txt,2025-12-29 22:25:22.476979
0.1.1.1.0.0.searchglobal.0,Small,4,4,SP,4,1,0,TestSA,0.53048,0.5294163063619518,0.54856,0.5388181675310388,0.46952,/gpfs/projects/HeinzGroup/caffeine_underground/mlrt/FlexFringe/FlexFringe/models-ps-small/0.1.1.1.0.0.searchglobal.0.ini/0.1.1.1.0.0.searchglobal.0_04.04.SP.4.1.0_Small.final.json,/gpfs/projects/HeinzGroup/asoubki/FlexFringe/data/MLRegTest/Large/04.04.SP.4.1.0_TestSA.txt,2025-12-29 22:25:22.476979
0.1.1.1.0.0.searchglobal.0,Small,4,4,SP,4,1,0,Dev,0.54452,0.5439695018370008,0.55078,0.5473535666726294,0.45548,/gpfs/projects/HeinzGroup/caffeine_underground/mlrt/FlexFringe/FlexFringe/models-ps-small/0.1.1.1.0.0.searchglobal.0.ini/0.1.1.1.0.0.searchglobal.0_04.04.SP.4.1.0_Small.final.json,/gpfs/projects/HeinzGroup/asoubki/FlexFringe/data/MLRegTest/Large/04.04.SP.4.1.0_Dev.txt,2025-12-29 22:25:22.476979
0.1.1.1.0.0.searchglobal.0,Small,4,4,SP,4,1,0,Train,0.565,0.5631067961165048,0.58,0.5714285714285714,0.435,/gpfs/projects/HeinzGroup/caffeine_underground/mlrt/FlexFringe/FlexFringe/models-ps-small/0.1.1.1.0.0.searchglobal.0.ini/0.1.1.1.0.0.searchglobal.0_04.04.SP.4.1.0_Small.final.json,/gpfs/projects/HeinzGroup/asoubki/FlexFringe/data/MLRegTest/Small/04.04.SP.4.1.0_Train.txt,2025-12-29 22:25:22.476979
0.1.1.1.0.0.searchglobal.0,Small,4,4,SP,4,1,1,TestSR,0.61404,0.5906086127443191,0.74334,0.6582307624191978,0.38596,/gpfs/projects/HeinzGroup/caffeine_underground/mlrt/FlexFringe/FlexFringe/models-ps-small/0.1.1.1.0.0.searchglobal.0.ini/0.1.1.1.0.0.searchglobal.0_04.04.SP.4.1.1_Small.final.json,/gpfs/projects/HeinzGroup/asoubki/FlexFringe/data/MLRegTest/Large/04.04.SP.4.1.1_TestSR.txt,2025-12-29 23:25:37.625185
0.1.1.1.0.0.searchglobal.0,Small,4,4,SP,4,1,1,TestLR,0.64559,0.6126630863758067,0.79172,0.6907767879734411,0.35441,/gpfs/projects/HeinzGroup/caffeine_underground/mlrt/FlexFringe/FlexFringe/models-ps-small/0.1.1.1.0.0.searchglobal.0.ini/0.1.1.1.0.0.searchglobal.0_04.04.SP.4.1.1_Small.final.json,/gpfs/projects/HeinzGroup/asoubki/FlexFringe/data/MLRegTest/Large/04.04.SP.4.1.1_TestLR.txt,2025-12-29 23:25:37.625185
0.1.1.1.0.0.searchglobal.0,Small,4,4,SP,4,1,1,TestLA,0.5243,0.5158310314275291,0.79178,0.6246883580017042,0.4757,/gpfs/projects/HeinzGroup/caffeine_underground/mlrt/FlexFringe/FlexFringe/models-ps-small/0.1.1.1.0.0.searchglobal.0.ini/0.1.1.1.0.0.searchglobal.0_04.04.SP.4.1.1_Small.final.json,/gpfs/projects/HeinzGroup/asoubki/FlexFringe/data/MLRegTest/Large/04.04.SP.4.1.1_TestLA.txt,2025-12-29 23:25:37.625185
0.1.1.1.0.0.searchglobal.0,Small,4,4,SP,4,1,1,TestSA,0.53254,0.5230094753217367,0.73964,0.6127412807555298,0.46746,/gpfs/projects/HeinzGroup/caffeine_underground/mlrt/FlexFringe/FlexFringe/models-ps-small/0.1.1.1.0.0.searchglobal.0.ini/0.1.1.1.0.0.searchglobal.0_04.04.SP.4.1.1_Small.final.json,/gpfs/projects/HeinzGroup/asoubki/FlexFringe/data/MLRegTest/Large/04.04.SP.4.1.1_TestSA.txt,2025-12-29 23:25:37.625185
0.1.1.1.0.0.searchglobal.0,Small,4,4,SP,4,1,1,Dev,0.61362,0.5901917825617577,0.7435,0.6580344815378625,0.38638,/gpfs/projects/HeinzGroup/caffeine_underground/mlrt/FlexFringe/FlexFringe/models-ps-small/0.1.1.1.0.0.searchglobal.0.ini/0.1.1.1.0.0.searchglobal.0_04.04.SP.4.1.1_Small.final.json,/gpfs/projects/HeinzGroup/asoubki/FlexFringe/data/MLRegTest/Large/04.04.SP.4.1.1_Dev.txt,2025-12-29 23:25:37.625185
0.1.1.1.0.0.searchglobal.0,Small,4,4,SP,4,1,1,Train,0.587,0.5723793677204659,0.688,0.6248864668483197,0.413,/gpfs/projects/HeinzGroup/caffeine_underground/mlrt/FlexFringe/FlexFringe/models-ps-small/0.1.1.1.0.0.searchglobal.0.ini/0.1.1.1.0.0.searchglobal.0_04.04.SP.4.1.1_Small.final.json,/gpfs/projects/HeinzGroup/asoubki/FlexFringe/data/MLRegTest/Small/04.04.SP.4.1.1_Train.txt,2025-12-29 23:25:37.625185
0.1.1.1.0.0.searchglobal.0,Small,4,4,SP,4,1,2,TestSR,0.60412,0.5897091259994486,0.68444,0.6335530213270142,0.39588,/gpfs/projects/HeinzGroup/caffeine_underground/mlrt/FlexFringe/FlexFringe/models-ps-small/0.1.1.1.0.0.searchglobal.0.ini/0.1.1.1.0.0.searchglobal.0_04.04.SP.4.1.2_Small.final.json,/gpfs/projects/HeinzGroup/asoubki/FlexFringe/data/MLRegTest/Large/04.04.SP.4.1.2_TestSR.txt,2025-12-29 22:31:56.463362
0.1.1.1.0.0.searchglobal.0,Small,4,4,SP,4,1,2,TestSA,0.54356,0.5341497067954467,0.68134,0.5988328147796587,0.45644,/gpfs/projects/HeinzGroup/caffeine_underground/mlrt/FlexFringe/FlexFringe/models-ps-small/0.1.1.1.0.0.searchglobal.0.ini/0.1.1.1.0.0.searchglobal.0_04.04.SP.4.1.2_Small.final.json,/gpfs/projects/HeinzGroup/asoubki/FlexFringe/data/MLRegTest/Large/04.04.SP.4.1.2_TestSA.txt,2025-12-29 22:31:56.463362
0.1.1.1.0.0.searchglobal.0,Small,4,4,SP,4,1,2,TestLR,0.62876,0.6092000814166497,0.71832,0.6592753037923565,0.37124,/gpfs/projects/HeinzGroup/caffeine_underground/mlrt/FlexFringe/FlexFringe/models-ps-small/0.1.1.1.0.0.searchglobal.0.ini/0.1.1.1.0.0.searchglobal.0_04.04.SP.4.1.2_Small.final.json,/gpfs/projects/HeinzGroup/asoubki/FlexFringe/data/MLRegTest/Large/04.04.SP.4.1.2_TestLR.txt,2025-12-29 22:31:56.463362
0.1.1.1.0.0.searchglobal.0,Small,4,4,SP,4,1,2,TestLA,0.53237,0.5235991426446787,0.7182,0.6056517376015111,0.46763,/gpfs/projects/HeinzGroup/caffeine_underground/mlrt/FlexFringe/FlexFringe/models-ps-small/0.1.1.1.0.0.searchglobal.0.ini/0.1.1.1.0.0.searchglobal.0_04.04.SP.4.1.2_Small.final.json,/gpfs/projects/HeinzGroup/asoubki/FlexFringe/data/MLRegTest/Large/04.04.SP.4.1.2_TestLA.txt,2025-12-29 22:31:56.463362
0.1.1.1.0.0.searchglobal.0,Small,4,4,SP,4,1,2,Dev,0.60767,0.5928653982163495,0.68738,0.6366339109575719,0.39233,/gpfs/projects/HeinzGroup/caffeine_underground/mlrt/FlexFringe/FlexFringe/models-ps-small/0.1.1.1.0.0.searchglobal.0.ini/0.1.1.1.0.0.searchglobal.0_04.04.SP.4.1.2_Small.final.json,/gpfs/projects/HeinzGroup/asoubki/FlexFringe/data/MLRegTest/Large/04.04.SP.4.1.2_Dev.txt,2025-12-29 22:31:56.463362
0.1.1.1.0.0.searchglobal.0,Small,4,4,SP,4,1,2,Train,0.62,0.6020408163265306,0.708,0.6507352941176471,0.38,/gpfs/projects/HeinzGroup/caffeine_underground/mlrt/FlexFringe/FlexFringe/models-ps-small/0.1.1.1.0.0.searchglobal.0.ini/0.1.1.1.0.0.searchglobal.0_04.04.SP.4.1.2_Small.final.json,/gpfs/projects/HeinzGroup/asoubki/FlexFringe/data/MLRegTest/Small/04.04.SP.4.1.2_Train.txt,2025-12-29 22:31:56.463362
0.1.1.1.0.0.searchglobal.0,Small,4,4,SP,4,1,3,TestLR,0.55453,0.5481705270224908,0.62054,0.5821146143094342,0.44547,/gpfs/projects/HeinzGroup/caffeine_underground/mlrt/FlexFringe/FlexFringe/models-ps-small/0.1.1.1.0.0.searchglobal.0.ini/0.1.1.1.0.0.searchglobal.0_04.04.SP.4.1.3_Small.final.json,/gpfs/projects/HeinzGroup/asoubki/FlexFringe/data/MLRegTest/Large/04.04.SP.4.1.3_TestLR.txt,2025-12-29 22:46:28.349087
0.1.1.1.0.0.searchglobal.0,Small,4,4,SP,4,1,3,TestLA,0.50642,0.5052235891427456,0.62094,0.557136704590317,0.49358,/gpfs/projects/HeinzGroup/caffeine_underground/mlrt/FlexFringe/FlexFringe/models-ps-small/0.1.1.1.0.0.searchglobal.0.ini/0.1.1.1.0.0.searchglobal.0_04.04.SP.4.1.3_Small.final.json,/gpfs/projects/HeinzGroup/asoubki/FlexFringe/data/MLRegTest/Large/04.04.SP.4.1.3_TestLA.txt,2025-12-29 22:46:28.349087
0.1.1.1.0.0.searchglobal.0,Small,4,4,SP,4,1,3,TestSR,0.5503,0.5439255274556378,0.62286,0.5807227567688521,0.4497,/gpfs/projects/HeinzGroup/caffeine_underground/mlrt/FlexFringe/FlexFringe/models-ps-small/0.1.1.1.0.0.searchglobal.0.ini/0.1.1.1.0.0.searchglobal.0_04.04.SP.4.1.3_Small.final.json,/gpfs/projects/HeinzGroup/asoubki/FlexFringe/data/MLRegTest/Large/04.04.SP.4.1.3_TestSR.txt,2025-12-29 22:46:28.349087
0.1.1.1.0.0.searchglobal.0,Small,4,4,SP,4,1,3,TestSA,0.51184,0.5097205346294046,0.62086,0.5598275955347964,0.48816,/gpfs/projects/HeinzGroup/caffeine_underground/mlrt/FlexFringe/FlexFringe/models-ps-small/0.1.1.1.0.0.searchglobal.0.ini/0.1.1.1.0.0.searchglobal.0_04.04.SP.4.1.3_Small.final.json,/gpfs/projects/HeinzGroup/asoubki/FlexFringe/data/MLRegTest/Large/04.04.SP.4.1.3_TestSA.txt,2025-12-29 22:46:28.349087
0.1.1.1.0.0.searchglobal.0,Small,4,4,SP,4,1,3,Dev,0.54832,0.542215621177704,0.62062,0.5787745966613821,0.45168,/gpfs/projects/HeinzGroup/caffeine_underground/mlrt/FlexFringe/FlexFringe/models-ps-small/0.1.1.1.0.0.searchglobal.0.ini/0.1.1.1.0.0.searchglobal.0_04.04.SP.4.1.3_Small.final.json,/gpfs/projects/HeinzGroup/asoubki/FlexFringe/data/MLRegTest/Large/04.04.SP.4.1.3_Dev.txt,2025-12-29 22:46:28.349087
0.1.1.1.0.0.searchglobal.0,Small,4,4,SP,4,1,3,Train,0.553,0.5472370766488414,0.614,0.5786993402450519,0.447,/gpfs/projects/HeinzGroup/caffeine_underground/mlrt/FlexFringe/FlexFringe/models-ps-small/0.1.1.1.0.0.searchglobal.0.ini/0.1.1.1.0.0.searchglobal.0_04.04.SP.4.1.3_Small.final.json,/gpfs/projects/HeinzGroup/asoubki/FlexFringe/data/MLRegTest/Small/04.04.SP.4.1.3_Train.txt,2025-12-29 22:46:28.349087
0.1.1.1.0.0.searchglobal.0,Small,4,4,SP,4,1,4,TestLA,0.51939,0.5138986452584045,0.71694,0.5986722892572335,0.48061,/gpfs/projects/HeinzGroup/caffeine_underground/mlrt/FlexFringe/FlexFringe/models-ps-small/0.1.1.1.0.0.searchglobal.0.ini/0.1.1.1.0.0.searchglobal.0_04.04.SP.4.1.4_Small.final.json,/gpfs/projects/HeinzGroup/asoubki/FlexFringe/data/MLRegTest/Large/04.04.SP.4.1.4_TestLA.txt,2025-12-29 22:49:57.786450
0.1.1.1.0.0.searchglobal.0,Small,4,4,SP,4,1,4,TestLR,0.5795,0.5625846270113676,0.71464,0.6295611114047607,0.4205,/gpfs/projects/HeinzGroup/caffeine_underground/mlrt/FlexFringe/FlexFringe/models-ps-small/0.1.1.1.0.0.searchglobal.0.ini/0.1.1.1.0.0.searchglobal.0_04.04.SP.4.1.4_Small.final.json,/gpfs/projects/HeinzGroup/asoubki/FlexFringe/data/MLRegTest/Large/04.04.SP.4.1.4_TestLR.txt,2025-12-29 22:49:57.786450
0.1.1.1.0.0.searchglobal.0,Small,4,4,SP,4,1,4,TestSR,0.56083,0.5490920829634413,0.68038,0.6077263186101559,0.43917,/gpfs/projects/HeinzGroup/caffeine_underground/mlrt/FlexFringe/FlexFringe/models-ps-small/0.1.1.1.0.0.searchglobal.0.ini/0.1.1.1.0.0.searchglobal.0_04.04.SP.4.1.4_Small.final.json,/gpfs/projects/HeinzGroup/asoubki/FlexFringe/data/MLRegTest/Large/04.04.SP.4.1.4_TestSR.txt,2025-12-29 22:49:57.786450
0.1.1.1.0.0.searchglobal.0,Small,4,4,SP,4,1,4,TestSA,0.51848,0.5141120410532103,0.67324,0.5830129204336831,0.48152,/gpfs/projects/HeinzGroup/caffeine_underground/mlrt/FlexFringe/FlexFringe/models-ps-small/0.1.1.1.0.0.searchglobal.0.ini/0.1.1.1.0.0.searchglobal.0_04.04.SP.4.1.4_Small.final.json,/gpfs/projects/HeinzGroup/asoubki/FlexFringe/data/MLRegTest/Large/04.04.SP.4.1.4_TestSA.txt,2025-12-29 22:49:57.786450
0.1.1.1.0.0.searchglobal.0,Small,4,4,SP,4,1,4,Dev,0.55893,0.5477761743388517,0.67566,0.6050343413358645,0.44107,/gpfs/projects/HeinzGroup/caffeine_underground/mlrt/FlexFringe/FlexFringe/models-ps-small/0.1.1.1.0.0.searchglobal.0.ini/0.1.1.1.0.0.searchglobal.0_04.04.SP.4.1.4_Small.final.json,/gpfs/projects/HeinzGroup/asoubki/FlexFringe/data/MLRegTest/Large/04.04.SP.4.1.4_Dev.txt,2025-12-29 22:49:57.786450
0.1.1.1.0.0.searchglobal.0,Small,4,4,SP,4,1,4,Train,0.583,0.5685950413223141,0.688,0.6226244343891403,0.417,/gpfs/projects/HeinzGroup/caffeine_underground/mlrt/FlexFringe/FlexFringe/models-ps-small/0.1.1.1.0.0.searchglobal.0.ini/0.1.1.1.0.0.searchglobal.0_04.04.SP.4.1.4_Small.final.json,/gpfs/projects/HeinzGroup/asoubki/FlexFringe/data/MLRegTest/Small/04.04.SP.4.1.4_Train.txt,2025-12-29 22:49:57.786450
0.1.1.1.0.0.searchglobal.0,Small,4,4,SP,4,1,5,TestLA,0.52707,0.5165244356542016,0.84616,0.641472530304983,0.47293,/gpfs/projects/HeinzGroup/caffeine_underground/mlrt/FlexFringe/FlexFringe/models-ps-small/0.1.1.1.0.0.searchglobal.0.ini/0.1.1.1.0.0.searchglobal.0_04.04.SP.4.1.5_Small.final.json,/gpfs/projects/HeinzGroup/asoubki/FlexFringe/data/MLRegTest/Large/04.04.SP.4.1.5_TestLA.txt,2025-12-29 22:29:15.040844
0.1.1.1.0.0.searchglobal.0,Small,4,4,SP,4,1,5,TestSR,0.61859,0.5889714157101058,0.78504,0.6730164173346479,0.38141,/gpfs/projects/HeinzGroup/caffeine_underground/mlrt/FlexFringe/FlexFringe/models-ps-small/0.1.1.1.0.0.searchglobal.0.ini/0.1.1.1.0.0.searchglobal.0_04.04.SP.4.1.5_Small.final.json,/gpfs/projects/HeinzGroup/asoubki/FlexFringe/data/MLRegTest/Large/04.04.SP.4.1.5_TestSR.txt,2025-12-29 22:29:15.040844
0.1.1.1.0.0.searchglobal.0,Small,4,4,SP,4,1,5,TestLR,0.65566,0.6120468745501138,0.85028,0.7117577137499791,0.34434,/gpfs/projects/HeinzGroup/caffeine_underground/mlrt/FlexFringe/FlexFringe/models-ps-small/0.1.1.1.0.0.searchglobal.0.ini/0.1.1.1.0.0.searchglobal.0_04.04.SP.4.1.5_Small.final.json,/gpfs/projects/HeinzGroup/asoubki/FlexFringe/data/MLRegTest/Large/04.04.SP.4.1.5_TestLR.txt,2025-12-29 22:29:15.040844
0.1.1.1.0.0.searchglobal.0,Small,4,4,SP,4,1,5,TestSA,0.53091,0.5207035593243045,0.7774,0.6236712689231362,0.46909,/gpfs/projects/HeinzGroup/caffeine_underground/mlrt/FlexFringe/FlexFringe/models-ps-small/0.1.1.1.0.0.searchglobal.0.ini/0.1.1.1.0.0.searchglobal.0_04.04.SP.4.1.5_Small.final.json,/gpfs/projects/HeinzGroup/asoubki/FlexFringe/data/MLRegTest/Large/04.04.SP.4.1.5_TestSA.txt,2025-12-29 22:29:15.040844
0.1.1.1.0.0.searchglobal.0,Small,4,4,SP,4,1,5,Dev,0.62155,0.5914941663530298,0.7858,0.6749409491088684,0.37845,/gpfs/projects/HeinzGroup/caffeine_underground/mlrt/FlexFringe/FlexFringe/models-ps-small/0.1.1.1.0.0.searchglobal.0.ini/0.1.1.1.0.0.searchglobal.0_04.04.SP.4.1.5_Small.final.json,/gpfs/projects/HeinzGroup/asoubki/FlexFringe/data/MLRegTest/Large/04.04.SP.4.1.5_Dev.txt,2025-12-29 22:29:15.040844
0.1.1.1.0.0.searchglobal.0,Small,4,4,SP,4,1,5,Train,0.614,0.5861027190332326,0.776,0.6678141135972461,0.386,/gpfs/projects/HeinzGroup/caffeine_underground/mlrt/FlexFringe/FlexFringe/models-ps-small/0.1.1.1.0.0.searchglobal.0.ini/0.1.1.1.0.0.searchglobal.0_04.04.SP.4.1.5_Small.final.json,/gpfs/projects/HeinzGroup/asoubki/FlexFringe/data/MLRegTest/Small/04.04.SP.4.1.5_Train.txt,2025-12-29 22:29:15.040844
0.1.1.1.0.0.searchglobal.0,Small,4,4,SP,4,1,6,TestLA,0.52258,0.5135752591203135,0.85424,0.6414850637550126,0.47742,/gpfs/projects/HeinzGroup/caffeine_underground/mlrt/FlexFringe/FlexFringe/models-ps-small/0.1.1.1.0.0.searchglobal.0.ini/0.1.1.1.0.0.searchglobal.0_04.04.SP.4.1.6_Small.final.json,/gpfs/projects/HeinzGroup/asoubki/FlexFringe/data/MLRegTest/Large/04.04.SP.4.1.6_TestLA.txt,2025-12-29 22:08:24.981181
0.1.1.1.0.0.searchglobal.0,Small,4,4,SP,4,1,6,TestLR,0.66264,0.6177049559981473,0.85352,0.7167136907161091,0.33736,/gpfs/projects/HeinzGroup/caffeine_underground/mlrt/FlexFringe/FlexFringe/models-ps-small/0.1.1.1.0.0.searchglobal.0.ini/0.1.1.1.0.0.searchglobal.0_04.04.SP.4.1.6_Small.final.json,/gpfs/projects/HeinzGroup/asoubki/FlexFringe/data/MLRegTest/Large/04.04.SP.4.1.6_TestLR.txt,2025-12-29 22:08:24.981181
0.1.1.1.0.0.searchglobal.0,Small,4,4,SP,4,1,6,TestSA,0.5251,0.5165952607637787,0.78134,0.6219671400369357,0.4749,/gpfs/projects/HeinzGroup/caffeine_underground/mlrt/FlexFringe/FlexFringe/models-ps-small/0.1.1.1.0.0.searchglobal.0.ini/0.1.1.1.0.0.searchglobal.0_04.04.SP.4.1.6_Small.final.json,/gpfs/projects/HeinzGroup/asoubki/FlexFringe/data/MLRegTest/Large/04.04.SP.4.1.6_TestSA.txt,2025-12-29 22:08:24.981181
0.1.1.1.0.0.searchglobal.0,Small,4,4,SP,4,1,6,TestSR,0.62673,0.5959508775117733,0.78712,0.678323667042977,0.37327,/gpfs/projects/HeinzGroup/caffeine_underground/mlrt/FlexFringe/FlexFringe/models-ps-small/0.1.1.1.0.0.searchglobal.0.ini/0.1.1.1.0.0.searchglobal.0_04.04.SP.4.1.6_Small.final.json,/gpfs/projects/HeinzGroup/asoubki/FlexFringe/data/MLRegTest/Large/04.04.SP.4.1.6_TestSR.txt,2025-12-29 22:08:24.981181
0.1.1.1.0.0.searchglobal.0,Small,4,4,SP,4,1,6,Dev,0.62897,0.5980775373009476,0.78646,0.6794529542371857,0.37103,/gpfs/projects/HeinzGroup/caffeine_underground/mlrt/FlexFringe/FlexFringe/models-ps-small/0.1.1.1.0.0.searchglobal.0.ini/0.1.1.1.0.0.searchglobal.0_04.04.SP.4.1.6_Small.final.json,/gpfs/projects/HeinzGroup/asoubki/FlexFringe/data/MLRegTest/Large/04.04.SP.4.1.6_Dev.txt,2025-12-29 22:08:24.981181
0.1.1.1.0.0.searchglobal.0,Small,4,4,SP,4,1,6,Train,0.624,0.5930930930930931,0.79,0.6775300171526587,0.376,/gpfs/projects/HeinzGroup/caffeine_underground/mlrt/FlexFringe/FlexFringe/models-ps-small/0.1.1.1.0.0.searchglobal.0.ini/0.1.1.1.0.0.searchglobal.0_04.04.SP.4.1.6_Small.final.json,/gpfs/projects/HeinzGroup/asoubki/FlexFringe/data/MLRegTest/Small/04.04.SP.4.1.6_Train.txt,2025-12-29 22:08:24.981181
0.1.1.1.0.0.searchglobal.0,Small,4,4,SP,4,1,7,TestSA,0.51929,0.5139975328350628,0.70834,0.5957192716874816,0.48071,/gpfs/projects/HeinzGroup/caffeine_underground/mlrt/FlexFringe/FlexFringe/models-ps-small/0.1.1.1.0.0.searchglobal.0.ini/0.1.1.1.0.0.searchglobal.0_04.04.SP.4.1.7_Small.final.json,/gpfs/projects/HeinzGroup/asoubki/FlexFringe/data/MLRegTest/Large/04.04.SP.4.1.7_TestSA.txt,2025-12-29 23:11:22.713313
0.1.1.1.0.0.searchglobal.0,Small,4,4,SP,4,1,7,TestLA,0.51385,0.5093894485648042,0.75138,0.6071610385202783,0.48615,/gpfs/projects/HeinzGroup/caffeine_underground/mlrt/FlexFringe/FlexFringe/models-ps-small/0.1.1.1.0.0.searchglobal.0.ini/0.1.1.1.0.0.searchglobal.0_04.04.SP.4.1.7_Small.final.json,/gpfs/projects/HeinzGroup/asoubki/FlexFringe/data/MLRegTest/Large/04.04.SP.4.1.7_TestLA.txt,2025-12-29 23:11:22.713313
0.1.1.1.0.0.searchglobal.0,Small,4,4,SP,4,1,7,TestSR,0.57452,0.5585646474489956,0.71074,0.6255302670257521,0.42548,/gpfs/projects/HeinzGroup/caffeine_underground/mlrt/FlexFringe/FlexFringe/models-ps-small/0.1.1.1.0.0.searchglobal.0.ini/0.1.1.1.0.0.searchglobal.0_04.04.SP.4.1.7_Small.final.json,/gpfs/projects/HeinzGroup/asoubki/FlexFringe/data/MLRegTest/Large/04.04.SP.4.1.7_TestSR.txt,2025-12-29 23:11:22.713313
0.1.1.1.0.0.searchglobal.0,Small,4,4,SP,4,1,7,TestLR,0.59727,0.5740585646632456,0.75398,0.6518314875811569,0.40273,/gpfs/projects/HeinzGroup/caffeine_underground/mlrt/FlexFringe/FlexFringe/models-ps-small/0.1.1.1.0.0.searchglobal.0.ini/0.1.1.1.0.0.searchglobal.0_04.04.SP.4.1.7_Small.final.json,/gpfs/projects/HeinzGroup/asoubki/FlexFringe/data/MLRegTest/Large/04.04.SP.4.1.7_TestLR.txt,2025-12-29 23:11:22.713313
0.1.1.1.0.0.searchglobal.0,Small,4,4,SP,4,1,7,Dev,0.57599,0.559786628062501,0.7115,0.6265906949300314,0.42401,/gpfs/projects/HeinzGroup/caffeine_underground/mlrt/FlexFringe/FlexFringe/models-ps-small/0.1.1.1.0.0.searchglobal.0.ini/0.1.1.1.0.0.searchglobal.0_04.04.SP.4.1.7_Small.final.json,/gpfs/projects/HeinzGroup/asoubki/FlexFringe/data/MLRegTest/Large/04.04.SP.4.1.7_Dev.txt,2025-12-29 23:11:22.713313
0.1.1.1.0.0.searchglobal.0,Small,4,4,SP,4,1,7,Train,0.571,0.5566188197767146,0.698,0.6193433895297249,0.429,/gpfs/projects/HeinzGroup/caffeine_underground/mlrt/FlexFringe/FlexFringe/models-ps-small/0.1.1.1.0.0.searchglobal.0.ini/0.1.1.1.0.0.searchglobal.0_04.04.SP.4.1.7_Small.final.json,/gpfs/projects/HeinzGroup/asoubki/FlexFringe/data/MLRegTest/Small/04.04.SP.4.1.7_Train.txt,2025-12-29 23:11:22.713313
0.1.1.1.0.0.searchglobal.0,Small,4,4,SP,4,1,8,TestLA,0.52153,0.5119604466418533,0.92158,0.6582479197171529,0.47847,/gpfs/projects/HeinzGroup/caffeine_underground/mlrt/FlexFringe/FlexFringe/models-ps-small/0.1.1.1.0.0.searchglobal.0.ini/0.1.1.1.0.0.searchglobal.0_04.04.SP.4.1.8_Small.final.json,/gpfs/projects/HeinzGroup/asoubki/FlexFringe/data/MLRegTest/Large/04.04.SP.4.1.8_TestLA.txt,2025-12-29 22:26:25.908060
0.1.1.1.0.0.searchglobal.0,Small,4,4,SP,4,1,8,TestSR,0.68332,0.6348734549735139,0.86292,0.7315361139369277,0.31668,/gpfs/projects/HeinzGroup/caffeine_underground/mlrt/FlexFringe/FlexFringe/models-ps-small/0.1.1.1.0.0.searchglobal.0.ini/0.1.1.1.0.0.searchglobal.0_04.04.SP.4.1.8_Small.final.json,/gpfs/projects/HeinzGroup/asoubki/FlexFringe/data/MLRegTest/Large/04.04.SP.4.1.8_TestSR.txt,2025-12-29 22:26:25.908060
0.1.1.1.0.0.searchglobal.0,Small,4,4,SP,4,1,8,TestLR,0.71538,0.6517872244460732,0.92486,0.7646757284122102,0.28462,/gpfs/projects/HeinzGroup/caffeine_underground/mlrt/FlexFringe/FlexFringe/models-ps-small/0.1.1.1.0.0.searchglobal.0.ini/0.1.1.1.0.0.searchglobal.0_04.04.SP.4.1.8_Small.final.json,/gpfs/projects/HeinzGroup/asoubki/FlexFringe/data/MLRegTest/Large/04.04.SP.4.1.8_TestLR.txt,2025-12-29 22:26:25.908060
0.1.1.1.0.0.searchglobal.0,Small,4,4,SP,4,1,8,TestSA,0.53879,0.5238095238095238,0.85338,0.6491605747799695,0.46121,/gpfs/projects/HeinzGroup/caffeine_underground/mlrt/FlexFringe/FlexFringe/models-ps-small/0.1.1.1.0.0.searchglobal.0.ini/0.1.1.1.0.0.searchglobal.0_04.04.SP.4.1.8_Small.final.json,/gpfs/projects/HeinzGroup/asoubki/FlexFringe/data/MLRegTest/Large/04.04.SP.4.1.8_TestSA.txt,2025-12-29 22:26:25.908060
0.1.1.1.0.0.searchglobal.0,Small,4,4,SP,4,1,8,Dev,0.68312,0.6346747859853499,0.86298,0.7314257623785873,0.31688,/gpfs/projects/HeinzGroup/caffeine_underground/mlrt/FlexFringe/FlexFringe/models-ps-small/0.1.1.1.0.0.searchglobal.0.ini/0.1.1.1.0.0.searchglobal.0_04.04.SP.4.1.8_Small.final.json,/gpfs/projects/HeinzGroup/asoubki/FlexFringe/data/MLRegTest/Large/04.04.SP.4.1.8_Dev.txt,2025-12-29 22:26:25.908060
0.1.1.1.0.0.searchglobal.0,Small,4,4,SP,4,1,8,Train,0.683,0.637593984962406,0.848,0.7278969957081545,0.317,/gpfs/projects/HeinzGroup/caffeine_underground/mlrt/FlexFringe/FlexFringe/models-ps-small/0.1.1.1.0.0.searchglobal.0.ini/0.1.1.1.0.0.searchglobal.0_04.04.SP.4.1.8_Small.final.json,/gpfs/projects/HeinzGroup/asoubki/FlexFringe/data/MLRegTest/Small/04.04.SP.4.1.8_Train.txt,2025-12-29 22:26:25.908060
0.1.1.1.0.0.searchglobal.0,Small,4,4,SP,4,1,9,TestSA,0.51573,0.5117033465767897,0.68776,0.5868109178092711,0.48427,/gpfs/projects/HeinzGroup/caffeine_underground/mlrt/FlexFringe/FlexFringe/models-ps-small/0.1.1.1.0.0.searchglobal.0.ini/0.1.1.1.0.0.searchglobal.0_04.04.SP.4.1.9_Small.final.json,/gpfs/projects/HeinzGroup/asoubki/FlexFringe/data/MLRegTest/Large/04.04.SP.4.1.9_TestSA.txt,2025-12-29 22:21:44.752838
0.1.1.1.0.0.searchglobal.0,Small,4,4,SP,4,1,9,TestLR,0.60891,0.587735833856961,0.72958,0.6510212640652466,0.39109,/gpfs/projects/HeinzGroup/caffeine_underground/mlrt/FlexFringe/FlexFringe/models-ps-small/0.1.1.1.0.0.searchglobal.0.ini/0.1.1.1.0.0.searchglobal.0_04.04.SP.4.1.9_Small.final.json,/gpfs/projects/HeinzGroup/asoubki/FlexFringe/data/MLRegTest/Large/04.04.SP.4.1.9_TestLR.txt,2025-12-29 22:21:44.752838
0.1.1.1.0.0.searchglobal.0,Small,4,4,SP,4,1,9,TestLA,0.51142,0.5080115613424627,0.72414,0.5971205224619038,0.48858,/gpfs/projects/HeinzGroup/caffeine_underground/mlrt/FlexFringe/FlexFringe/models-ps-small/0.1.1.1.0.0.searchglobal.0.ini/0.1.1.1.0.0.searchglobal.0_04.04.SP.4.1.9_Small.final.json,/gpfs/projects/HeinzGroup/asoubki/FlexFringe/data/MLRegTest/Large/04.04.SP.4.1.9_TestLA.txt,2025-12-29 22:21:44.752838
0.1.1.1.0.0.searchglobal.0,Small,4,4,SP,4,1,9,TestSR,0.58723,0.5723240195672,0.69028,0.625792121843978,0.41277,/gpfs/projects/HeinzGroup/caffeine_underground/mlrt/FlexFringe/FlexFringe/models-ps-small/0.1.1.1.0.0.searchglobal.0.ini/0.1.1.1.0.0.searchglobal.0_04.04.SP.4.1.9_Small.final.json,/gpfs/projects/HeinzGroup/asoubki/FlexFringe/data/MLRegTest/Large/04.04.SP.4.1.9_TestSR.txt,2025-12-29 22:21:44.752838
0.1.1.1.0.0.searchglobal.0,Small,4,4,SP,4,1,9,Dev,0.5893,0.5736579893760929,0.69548,0.628722269431738,0.4107,/gpfs/projects/HeinzGroup/caffeine_underground/mlrt/FlexFringe/FlexFringe/models-ps-small/0.1.1.1.0.0.searchglobal.0.ini/0.1.1.1.0.0.searchglobal.0_04.04.SP.4.1.9_Small.final.json,/gpfs/projects/HeinzGroup/asoubki/FlexFringe/data/MLRegTest/Large/04.04.SP.4.1.9_Dev.txt,2025-12-29 22:21:44.752838
0.1.1.1.0.0.searchglobal.0,Small,4,4,SP,4,1,9,Train,0.596,0.5813559322033899,0.686,0.6293577981651376,0.404,/gpfs/projects/HeinzGroup/caffeine_underground/mlrt/FlexFringe/FlexFringe/models-ps-small/0.1.1.1.0.0.searchglobal.0.ini/0.1.1.1.0.0.searchglobal.0_04.04.SP.4.1.9_Small.final.json,/gpfs/projects/HeinzGroup/asoubki/FlexFringe/data/MLRegTest/Small/04.04.SP.4.1.9_Train.txt,2025-12-29 22:21:44.752838
0.1.1.1.0.0.searchglobal.0,Small,4,4,SP,6,1,0,TestSR,0.50579,0.5047540849002381,0.61474,0.5543441994679652,0.49421,/gpfs/projects/HeinzGroup/caffeine_underground/mlrt/FlexFringe/FlexFringe/models-ps-small/0.1.1.1.0.0.searchglobal.0.ini/0.1.1.1.0.0.searchglobal.0_04.04.SP.6.1.0_Small.final.json,/gpfs/projects/HeinzGroup/asoubki/FlexFringe/data/MLRegTest/Large/04.04.SP.6.1.0_TestSR.txt,2025-12-29 23:34:14.886961
0.1.1.1.0.0.searchglobal.0,Small,4,4,SP,6,1,0,TestLR,0.51881,0.5153769435769991,0.63044,0.5671311497530653,0.48119,/gpfs/projects/HeinzGroup/caffeine_underground/mlrt/FlexFringe/FlexFringe/models-ps-small/0.1.1.1.0.0.searchglobal.0.ini/0.1.1.1.0.0.searchglobal.0_04.04.SP.6.1.0_Small.final.json,/gpfs/projects/HeinzGroup/asoubki/FlexFringe/data/MLRegTest/Large/04.04.SP.6.1.0_TestLR.txt,2025-12-29 23:34:14.886961
0.1.1.1.0.0.searchglobal.0,Small,4,4,SP,6,1,0,TestLA,0.50183,0.50147226825854,0.62332,0.5557963066991235,0.49817,/gpfs/projects/HeinzGroup/caffeine_underground/mlrt/FlexFringe/FlexFringe/models-ps-small/0.1.1.1.0.0.searchglobal.0.ini/0.1.1.1.0.0.searchglobal.0_04.04.SP.6.1.0_Small.final.json,/gpfs/projects/HeinzGroup/asoubki/FlexFringe/data/MLRegTest/Large/04.04.SP.6.1.0_TestLA.txt,2025-12-29 23:34:14.886961
0.1.1.1.0.0.searchglobal.0,Small,4,4,SP,6,1,0,TestSA,0.50289,0.5023842130446978,0.60896,0.5505618993372933,0.49711,/gpfs/projects/HeinzGroup/caffeine_underground/mlrt/FlexFringe/FlexFringe/models-ps-small/0.1.1.1.0.0.searchglobal.0.ini/0.1.1.1.0.0.searchglobal.0_04.04.SP.6.1.0_Small.final.json,/gpfs/projects/HeinzGroup/asoubki/FlexFringe/data/MLRegTest/Large/04.04.SP.6.1.0_TestSA.txt,2025-12-29 23:34:14.886961
0.1.1.1.0.0.searchglobal.0,Small,4,4,SP,6,1,0,Dev,0.50782,0.5064483145326208,0.61418,0.5551357605119491,0.49218,/gpfs/projects/HeinzGroup/caffeine_underground/mlrt/FlexFringe/FlexFringe/models-ps-small/0.1.1.1.0.0.searchglobal.0.ini/0.1.1.1.0.0.searchglobal.0_04.04.SP.6.1.0_Small.final.json,/gpfs/projects/HeinzGroup/asoubki/FlexFringe/data/MLRegTest/Large/04.04.SP.6.1.0_Dev.txt,2025-12-29 23:34:14.886961
0.1.1.1.0.0.searchglobal.0,Small,4,4,SP,6,1,0,Train,0.541,0.5342237061769616,0.64,0.5823475887170154,0.459,/gpfs/projects/HeinzGroup/caffeine_underground/mlrt/FlexFringe/FlexFringe/models-ps-small/0.1.1.1.0.0.searchglobal.0.ini/0.1.1.1.0.0.searchglobal.0_04.04.SP.6.1.0_Small.final.json,/gpfs/projects/HeinzGroup/asoubki/FlexFringe/data/MLRegTest/Small/04.04.SP.6.1.0_Train.txt,2025-12-29 23:34:14.886961
0.1.1.1.0.0.searchglobal.0,Small,4,4,SP,6,1,1,TestLA,0.51333,0.5091122868900647,0.74476,0.604792801864499,0.48667,/gpfs/projects/HeinzGroup/caffeine_underground/mlrt/FlexFringe/FlexFringe/models-ps-small/0.1.1.1.0.0.searchglobal.0.ini/0.1.1.1.0.0.searchglobal.0_04.04.SP.6.1.1_Small.final.json,/gpfs/projects/HeinzGroup/asoubki/FlexFringe/data/MLRegTest/Large/04.04.SP.6.1.1_TestLA.txt,2025-12-29 22:03:14.211939
0.1.1.1.0.0.searchglobal.0,Small,4,4,SP,6,1,1,TestSA,0.5145,0.5107235830079281,0.69058,0.5871879463982042,0.4855,/gpfs/projects/HeinzGroup/caffeine_underground/mlrt/FlexFringe/FlexFringe/models-ps-small/0.1.1.1.0.0.searchglobal.0.ini/0.1.1.1.0.0.searchglobal.0_04.04.SP.6.1.1_Small.final.json,/gpfs/projects/HeinzGroup/asoubki/FlexFringe/data/MLRegTest/Large/04.04.SP.6.1.1_TestSA.txt,2025-12-29 22:03:14.211939
0.1.1.1.0.0.searchglobal.0,Small,4,4,SP,6,1,1,TestLR,0.56344,0.546307921399165,0.74842,0.6315887187969417,0.43656,/gpfs/projects/HeinzGroup/caffeine_underground/mlrt/FlexFringe/FlexFringe/models-ps-small/0.1.1.1.0.0.searchglobal.0.ini/0.1.1.1.0.0.searchglobal.0_04.04.SP.6.1.1_Small.final.json,/gpfs/projects/HeinzGroup/asoubki/FlexFringe/data/MLRegTest/Large/04.04.SP.6.1.1_TestLR.txt,2025-12-29 22:03:14.211939
0.1.1.1.0.0.searchglobal.0,Small,4,4,SP,6,1,1,TestSR,0.53907,0.5293287492305614,0.70514,0.604714982805492,0.46093,/gpfs/projects/HeinzGroup/caffeine_underground/mlrt/FlexFringe/FlexFringe/models-ps-small/0.1.1.1.0.0.searchglobal.0.ini/0.1.1.1.0.0.searchglobal.0_04.04.SP.6.1.1_Small.final.json,/gpfs/projects/HeinzGroup/asoubki/FlexFringe/data/MLRegTest/Large/04.04.SP.6.1.1_TestSR.txt,2025-12-29 22:03:14.211939
0.1.1.1.0.0.searchglobal.0,Small,4,4,SP,6,1,1,Dev,0.53777,0.5285121159507813,0.70012,0.6023314836322966,0.46223,/gpfs/projects/HeinzGroup/caffeine_underground/mlrt/FlexFringe/FlexFringe/models-ps-small/0.1.1.1.0.0.searchglobal.0.ini/0.1.1.1.0.0.searchglobal.0_04.04.SP.6.1.1_Small.final.json,/gpfs/projects/HeinzGroup/asoubki/FlexFringe/data/MLRegTest/Large/04.04.SP.6.1.1_Dev.txt,2025-12-29 22:03:14.211939
0.1.1.1.0.0.searchglobal.0,Small,4,4,SP,6,1,1,Train,0.528,0.5208955223880597,0.698,0.5965811965811966,0.472,/gpfs/projects/HeinzGroup/caffeine_underground/mlrt/FlexFringe/FlexFringe/models-ps-small/0.1.1.1.0.0.searchglobal.0.ini/0.1.1.1.0.0.searchglobal.0_04.04.SP.6.1.1_Small.final.json,/gpfs/projects/HeinzGroup/asoubki/FlexFringe/data/MLRegTest/Small/04.04.SP.6.1.1_Train.txt,2025-12-29 22:03:14.211939
0.1.1.1.0.0.searchglobal.0,Small,4,4,SP,6,1,2,TestSR,0.53507,0.5284303711270003,0.65184,0.5836833009482705,0.46493,/gpfs/projects/HeinzGroup/caffeine_underground/mlrt/FlexFringe/FlexFringe/models-ps-small/0.1.1.1.0.0.searchglobal.0.ini/0.1.1.1.0.0.searchglobal.0_04.04.SP.6.1.2_Small.final.json,/gpfs/projects/HeinzGroup/asoubki/FlexFringe/data/MLRegTest/Large/04.04.SP.6.1.2_TestSR.txt,2025-12-29 23:00:37.384901
0.1.1.1.0.0.searchglobal.0,Small,4,4,SP,6,1,2,TestLA,0.50912,0.5068761686470836,0.67228,0.5779772344303449,0.49088,/gpfs/projects/HeinzGroup/caffeine_underground/mlrt/FlexFringe/FlexFringe/models-ps-small/0.1.1.1.0.0.searchglobal.0.ini/0.1.1.1.0.0.searchglobal.0_04.04.SP.6.1.2_Small.final.json,/gpfs/projects/HeinzGroup/asoubki/FlexFringe/data/MLRegTest/Large/04.04.SP.6.1.2_TestLA.txt,2025-12-29 23:00:37.384901
0.1.1.1.0.0.searchglobal.0,Small,4,4,SP,6,1,2,TestLR,0.54912,0.5394525477093105,0.67164,0.5983323237002459,0.45088,/gpfs/projects/HeinzGroup/caffeine_underground/mlrt/FlexFringe/FlexFringe/models-ps-small/0.1.1.1.0.0.searchglobal.0.ini/0.1.1.1.0.0.searchglobal.0_04.04.SP.6.1.2_Small.final.json,/gpfs/projects/HeinzGroup/asoubki/FlexFringe/data/MLRegTest/Large/04.04.SP.6.1.2_TestLR.txt,2025-12-29 23:00:37.384901
0.1.1.1.0.0.searchglobal.0,Small,4,4,SP,6,1,2,TestSA,0.51321,0.5105170135184625,0.64124,0.5684600586863825,0.48679,/gpfs/projects/HeinzGroup/caffeine_underground/mlrt/FlexFringe/FlexFringe/models-ps-small/0.1.1.1.0.0.searchglobal.0.ini/0.1.1.1.0.0.searchglobal.0_04.04.SP.6.1.2_Small.final.json,/gpfs/projects/HeinzGroup/asoubki/FlexFringe/data/MLRegTest/Large/04.04.SP.6.1.2_TestSA.txt,2025-12-29 23:00:37.384901
0.1.1.1.0.0.searchglobal.0,Small,4,4,SP,6,1,2,Dev,0.53748,0.5305639821248002,0.65062,0.5844907199453797,0.46252,/gpfs/projects/HeinzGroup/caffeine_underground/mlrt/FlexFringe/FlexFringe/models-ps-small/0.1.1.1.0.0.searchglobal.0.ini/0.1.1.1.0.0.searchglobal.0_04.04.SP.6.1.2_Small.final.json,/gpfs/projects/HeinzGroup/asoubki/FlexFringe/data/MLRegTest/Large/04.04.SP.6.1.2_Dev.txt,2025-12-29 23:00:37.384901
0.1.1.1.0.0.searchglobal.0,Small,4,4,SP,6,1,2,Train,0.529,0.5233494363929146,0.65,0.5798394290811775,0.471,/gpfs/projects/HeinzGroup/caffeine_underground/mlrt/FlexFringe/FlexFringe/models-ps-small/0.1.1.1.0.0.searchglobal.0.ini/0.1.1.1.0.0.searchglobal.0_04.04.SP.6.1.2_Small.final.json,/gpfs/projects/HeinzGroup/asoubki/FlexFringe/data/MLRegTest/Small/04.04.SP.6.1.2_Train.txt,2025-12-29 23:00:37.384901
0.1.1.1.0.0.searchglobal.0,Small,4,4,SP,6,1,3,TestLR,0.58311,0.5599353843047322,0.77644,0.650649862150453,0.41689,/gpfs/projects/HeinzGroup/caffeine_underground/mlrt/FlexFringe/FlexFringe/models-ps-small/0.1.1.1.0.0.searchglobal.0.ini/0.1.1.1.0.0.searchglobal.0_04.04.SP.6.1.3_Small.final.json,/gpfs/projects/HeinzGroup/asoubki/FlexFringe/data/MLRegTest/Large/04.04.SP.6.1.3_TestLR.txt,2025-12-29 22:38:26.167462
0.1.1.1.0.0.searchglobal.0,Small,4,4,SP,6,1,3,TestLA,0.51427,0.5093919888375522,0.77396,0.6144051314212227,0.48573,/gpfs/projects/HeinzGroup/caffeine_underground/mlrt/FlexFringe/FlexFringe/models-ps-small/0.1.1.1.0.0.searchglobal.0.ini/0.1.1.1.0.0.searchglobal.0_04.04.SP.6.1.3_Small.final.json,/gpfs/projects/HeinzGroup/asoubki/FlexFringe/data/MLRegTest/Large/04.04.SP.6.1.3_TestLA.txt,2025-12-29 22:38:26.167462
0.1.1.1.0.0.searchglobal.0,Small,4,4,SP,6,1,3,TestSR,0.55301,0.540218199474986,0.71204,0.6143413026410015,0.44699,/gpfs/projects/HeinzGroup/caffeine_underground/mlrt/FlexFringe/FlexFringe/models-ps-small/0.1.1.1.0.0.searchglobal.0.ini/0.1.1.1.0.0.searchglobal.0_04.04.SP.6.1.3_Small.final.json,/gpfs/projects/HeinzGroup/asoubki/FlexFringe/data/MLRegTest/Large/04.04.SP.6.1.3_TestSR.txt,2025-12-29 22:38:26.167462
0.1.1.1.0.0.searchglobal.0,Small,4,4,SP,6,1,3,TestSA,0.51978,0.5144590643274853,0.70378,0.5944087837837838,0.48022,/gpfs/projects/HeinzGroup/caffeine_underground/mlrt/FlexFringe/FlexFringe/models-ps-small/0.1.1.1.0.0.searchglobal.0.ini/0.1.1.1.0.0.searchglobal.0_04.04.SP.6.1.3_Small.final.json,/gpfs/projects/HeinzGroup/asoubki/FlexFringe/data/MLRegTest/Large/04.04.SP.6.1.3_TestSA.txt,2025-12-29 22:38:26.167462
0.1.1.1.0.0.searchglobal.0,Small,4,4,SP,6,1,3,Dev,0.55464,0.5414253222137984,0.71414,0.6159034066407935,0.44536,/gpfs/projects/HeinzGroup/caffeine_underground/mlrt/FlexFringe/FlexFringe/models-ps-small/0.1.1.1.0.0.searchglobal.0.ini/0.1.1.1.0.0.searchglobal.0_04.04.SP.6.1.3_Small.final.json,/gpfs/projects/HeinzGroup/asoubki/FlexFringe/data/MLRegTest/Large/04.04.SP.6.1.3_Dev.txt,2025-12-29 22:38:26.167462
0.1.1.1.0.0.searchglobal.0,Small,4,4,SP,6,1,3,Train,0.55,0.5378787878787878,0.71,0.6120689655172413,0.45,/gpfs/projects/HeinzGroup/caffeine_underground/mlrt/FlexFringe/FlexFringe/models-ps-small/0.1.1.1.0.0.searchglobal.0.ini/0.1.1.1.0.0.searchglobal.0_04.04.SP.6.1.3_Small.final.json,/gpfs/projects/HeinzGroup/asoubki/FlexFringe/data/MLRegTest/Small/04.04.SP.6.1.3_Train.txt,2025-12-29 22:38:26.167462
0.1.1.1.0.0.searchglobal.0,Small,4,4,SP,6,1,4,TestSR,0.5442,0.5363212043519705,0.65266,0.5887988741136352,0.4558,/gpfs/projects/HeinzGroup/caffeine_underground/mlrt/FlexFringe/FlexFringe/models-ps-small/0.1.1.1.0.0.searchglobal.0.ini/0.1.1.1.0.0.searchglobal.0_04.04.SP.6.1.4_Small.final.json,/gpfs/projects/HeinzGroup/asoubki/FlexFringe/data/MLRegTest/Large/04.04.SP.6.1.4_TestSR.txt,2025-12-29 22:31:49.029899
0.1.1.1.0.0.searchglobal.0,Small,4,4,SP,6,1,4,TestLR,0.57641,0.5605938050149879,0.70692,0.6253107004803142,0.42359,/gpfs/projects/HeinzGroup/caffeine_underground/mlrt/FlexFringe/FlexFringe/models-ps-small/0.1.1.1.0.0.searchglobal.0.ini/0.1.1.1.0.0.searchglobal.0_04.04.SP.6.1.4_Small.final.json,/gpfs/projects/HeinzGroup/asoubki/FlexFringe/data/MLRegTest/Large/04.04.SP.6.1.4_TestLR.txt,2025-12-29 22:31:49.029899
0.1.1.1.0.0.searchglobal.0,Small,4,4,SP,6,1,4,TestSA,0.51457,0.511689853816653,0.63776,0.5678113231065092,0.48543,/gpfs/projects/HeinzGroup/caffeine_underground/mlrt/FlexFringe/FlexFringe/models-ps-small/0.1.1.1.0.0.searchglobal.0.ini/0.1.1.1.0.0.searchglobal.0_04.04.SP.6.1.4_Small.final.json,/gpfs/projects/HeinzGroup/asoubki/FlexFringe/data/MLRegTest/Large/04.04.SP.6.1.4_TestSA.txt,2025-12-29 22:31:49.029899
0.1.1.1.0.0.searchglobal.0,Small,4,4,SP,6,1,4,TestLA,0.51559,0.5113671162960263,0.70134,0.5914737507906388,0.48441,/gpfs/projects/HeinzGroup/caffeine_underground/mlrt/FlexFringe/FlexFringe/models-ps-small/0.1.1.1.0.0.searchglobal.0.ini/0.1.1.1.0.0.searchglobal.0_04.04.SP.6.1.4_Small.final.json,/gpfs/projects/HeinzGroup/asoubki/FlexFringe/data/MLRegTest/Large/04.04.SP.6.1.4_TestLA.txt,2025-12-29 22:31:49.029899
0.1.1.1.0.0.searchglobal.0,Small,4,4,SP,6,1,4,Dev,0.54431,0.5365491528779055,0.65048,0.5880470452100491,0.45569,/gpfs/projects/HeinzGroup/caffeine_underground/mlrt/FlexFringe/FlexFringe/models-ps-small/0.1.1.1.0.0.searchglobal.0.ini/0.1.1.1.0.0.searchglobal.0_04.04.SP.6.1.4_Small.final.json,/gpfs/projects/HeinzGroup/asoubki/FlexFringe/data/MLRegTest/Large/04.04.SP.6.1.4_Dev.txt,2025-12-29 22:31:49.029899
0.1.1.1.0.0.searchglobal.0,Small,4,4,SP,6,1,4,Train,0.555,0.5454545454545454,0.66,0.5972850678733032,0.445,/gpfs/projects/HeinzGroup/caffeine_underground/mlrt/FlexFringe/FlexFringe/models-ps-small/0.1.1.1.0.0.searchglobal.0.ini/0.1.1.1.0.0.searchglobal.0_04.04.SP.6.1.4_Small.final.json,/gpfs/projects/HeinzGroup/asoubki/FlexFringe/data/MLRegTest/Small/04.04.SP.6.1.4_Train.txt,2025-12-29 22:31:49.029899
0.1.1.1.0.0.searchglobal.0,Small,4,4,SP,6,1,5,TestSA,0.50922,0.5067070154508686,0.69656,0.5866558862667812,0.49078,/gpfs/projects/HeinzGroup/caffeine_underground/mlrt/FlexFringe/FlexFringe/models-ps-small/0.1.1.1.0.0.searchglobal.0.ini/0.1.1.1.0.0.searchglobal.0_04.04.SP.6.1.5_Small.final.json,/gpfs/projects/HeinzGroup/asoubki/FlexFringe/data/MLRegTest/Large/04.04.SP.6.1.5_TestSA.txt,2025-12-29 22:13:19.794659
0.1.1.1.0.0.searchglobal.0,Small,4,4,SP,6,1,5,TestLR,0.54326,0.5317108928309632,0.72536,0.613619829117672,0.45674,/gpfs/projects/HeinzGroup/caffeine_underground/mlrt/FlexFringe/FlexFringe/models-ps-small/0.1.1.1.0.0.searchglobal.0.ini/0.1.1.1.0.0.searchglobal.0_04.04.SP.6.1.5_Small.final.json,/gpfs/projects/HeinzGroup/asoubki/FlexFringe/data/MLRegTest/Large/04.04.SP.6.1.5_TestLR.txt,2025-12-29 22:13:19.794659
0.1.1.1.0.0.searchglobal.0,Small,4,4,SP,6,1,5,TestSR,0.52846,0.5212807321887899,0.69714,0.5965191498100421,0.47154,/gpfs/projects/HeinzGroup/caffeine_underground/mlrt/FlexFringe/FlexFringe/models-ps-small/0.1.1.1.0.0.searchglobal.0.ini/0.1.1.1.0.0.searchglobal.0_04.04.SP.6.1.5_Small.final.json,/gpfs/projects/HeinzGroup/asoubki/FlexFringe/data/MLRegTest/Large/04.04.SP.6.1.5_TestSR.txt,2025-12-29 22:13:19.794659
0.1.1.1.0.0.searchglobal.0,Small,4,4,SP,6,1,5,TestLA,0.5051,0.5035848844401957,0.71642,0.5914374401479378,0.4949,/gpfs/projects/HeinzGroup/caffeine_underground/mlrt/FlexFringe/FlexFringe/models-ps-small/0.1.1.1.0.0.searchglobal.0.ini/0.1.1.1.0.0.searchglobal.0_04.04.SP.6.1.5_Small.final.json,/gpfs/projects/HeinzGroup/asoubki/FlexFringe/data/MLRegTest/Large/04.04.SP.6.1.5_TestLA.txt,2025-12-29 22:13:19.794659
0.1.1.1.0.0.searchglobal.0,Small,4,4,SP,6,1,5,Dev,0.529,0.5216890537589374,0.69754,0.5969329248463895,0.471,/gpfs/projects/HeinzGroup/caffeine_underground/mlrt/FlexFringe/FlexFringe/models-ps-small/0.1.1.1.0.0.searchglobal.0.ini/0.1.1.1.0.0.searchglobal.0_04.04.SP.6.1.5_Small.final.json,/gpfs/projects/HeinzGroup/asoubki/FlexFringe/data/MLRegTest/Large/04.04.SP.6.1.5_Dev.txt,2025-12-29 22:13:19.794659
0.1.1.1.0.0.searchglobal.0,Small,4,4,SP,6,1,5,Train,0.513,0.5096296296296297,0.688,0.585531914893617,0.487,/gpfs/projects/HeinzGroup/caffeine_underground/mlrt/FlexFringe/FlexFringe/models-ps-small/0.1.1.1.0.0.searchglobal.0.ini/0.1.1.1.0.0.searchglobal.0_04.04.SP.6.1.5_Small.final.json,/gpfs/projects/HeinzGroup/asoubki/FlexFringe/data/MLRegTest/Small/04.04.SP.6.1.5_Train.txt,2025-12-29 22:13:19.794659
0.1.1.1.0.0.searchglobal.0,Small,4,4,SP,6,1,6,TestSR,0.52289,0.5183422279917304,0.64686,0.575513581323345,0.47711,/gpfs/projects/HeinzGroup/caffeine_underground/mlrt/FlexFringe/FlexFringe/models-ps-small/0.1.1.1.0.0.searchglobal.0.ini/0.1.1.1.0.0.searchglobal.0_04.04.SP.6.1.6_Small.final.json,/gpfs/projects/HeinzGroup/asoubki/FlexFringe/data/MLRegTest/Large/04.04.SP.6.1.6_TestSR.txt,2025-12-29 23:27:16.868194
0.1.1.1.0.0.searchglobal.0,Small,4,4,SP,6,1,6,TestLA,0.50491,0.5037169374252449,0.6654,0.5733784866737327,0.49509,/gpfs/projects/HeinzGroup/caffeine_underground/mlrt/FlexFringe/FlexFringe/models-ps-small/0.1.1.1.0.0.searchglobal.0.ini/0.1.1.1.0.0.searchglobal.0_04.04.SP.6.1.6_Small.final.json,/gpfs/projects/HeinzGroup/asoubki/FlexFringe/data/MLRegTest/Large/04.04.SP.6.1.6_TestLA.txt,2025-12-29 23:27:16.868194
0.1.1.1.0.0.searchglobal.0,Small,4,4,SP,6,1,6,TestLR,0.53481,0.5276889546445218,0.6634,0.5878131119361327,0.46519,/gpfs/projects/HeinzGroup/caffeine_underground/mlrt/FlexFringe/FlexFringe/models-ps-small/0.1.1.1.0.0.searchglobal.0.ini/0.1.1.1.0.0.searchglobal.0_04.04.SP.6.1.6_Small.final.json,/gpfs/projects/HeinzGroup/asoubki/FlexFringe/data/MLRegTest/Large/04.04.SP.6.1.6_TestLR.txt,2025-12-29 23:27:16.868194
0.1.1.1.0.0.searchglobal.0,Small,4,4,SP,6,1,6,TestSA,0.50672,0.5052559129020148,0.646,0.5670247875851415,0.49328,/gpfs/projects/HeinzGroup/caffeine_underground/mlrt/FlexFringe/FlexFringe/models-ps-small/0.1.1.1.0.0.searchglobal.0.ini/0.1.1.1.0.0.searchglobal.0_04.04.SP.6.1.6_Small.final.json,/gpfs/projects/HeinzGroup/asoubki/FlexFringe/data/MLRegTest/Large/04.04.SP.6.1.6_TestSA.txt,2025-12-29 23:27:16.868194
0.1.1.1.0.0.searchglobal.0,Small,4,4,SP,6,1,6,Dev,0.52096,0.516858089630988,0.64262,0.5729187097694488,0.47904,/gpfs/projects/HeinzGroup/caffeine_underground/mlrt/FlexFringe/FlexFringe/models-ps-small/0.1.1.1.0.0.searchglobal.0.ini/0.1.1.1.0.0.searchglobal.0_04.04.SP.6.1.6_Small.final.json,/gpfs/projects/HeinzGroup/asoubki/FlexFringe/data/MLRegTest/Large/04.04.SP.6.1.6_Dev.txt,2025-12-29 23:27:16.868194
0.1.1.1.0.0.searchglobal.0,Small,4,4,SP,6,1,6,Train,0.489,0.49093904448105435,0.596,0.5383920505871725,0.511,/gpfs/projects/HeinzGroup/caffeine_underground/mlrt/FlexFringe/FlexFringe/models-ps-small/0.1.1.1.0.0.searchglobal.0.ini/0.1.1.1.0.0.searchglobal.0_04.04.SP.6.1.6_Small.final.json,/gpfs/projects/HeinzGroup/asoubki/FlexFringe/data/MLRegTest/Small/04.04.SP.6.1.6_Train.txt,2025-12-29 23:27:16.868194
0.1.1.1.0.0.searchglobal.0,Small,4,4,SP,6,1,7,TestLA,0.51416,0.5097324938828252,0.74162,0.6041907679272644,0.48584,/gpfs/projects/HeinzGroup/caffeine_underground/mlrt/FlexFringe/FlexFringe/models-ps-small/0.1.1.1.0.0.searchglobal.0.ini/0.1.1.1.0.0.searchglobal.0_04.04.SP.6.1.7_Small.final.json,/gpfs/projects/HeinzGroup/asoubki/FlexFringe/data/MLRegTest/Large/04.04.SP.6.1.7_TestLA.txt,2025-12-29 22:45:02.477073
0.1.1.1.0.0.searchglobal.0,Small,4,4,SP,6,1,7,TestSR,0.55771,0.5469057333745143,0.67288,0.6033878242779128,0.44229,/gpfs/projects/HeinzGroup/caffeine_underground/mlrt/FlexFringe/FlexFringe/models-ps-small/0.1.1.1.0.0.searchglobal.0.ini/0.1.1.1.0.0.searchglobal.0_04.04.SP.6.1.7_Small.final.json,/gpfs/projects/HeinzGroup/asoubki/FlexFringe/data/MLRegTest/Large/04.04.SP.6.1.7_TestSR.txt,2025-12-29 22:45:02.477073
0.1.1.1.0.0.searchglobal.0,Small,4,4,SP,6,1,7,TestSA,0.51547,0.5119016479204813,0.66538,0.5786365889504396,0.48453,/gpfs/projects/HeinzGroup/caffeine_underground/mlrt/FlexFringe/FlexFringe/models-ps-small/0.1.1.1.0.0.searchglobal.0.ini/0.1.1.1.0.0.searchglobal.0_04.04.SP.6.1.7_Small.final.json,/gpfs/projects/HeinzGroup/asoubki/FlexFringe/data/MLRegTest/Large/04.04.SP.6.1.7_TestSA.txt,2025-12-29 22:45:02.477073
0.1.1.1.0.0.searchglobal.0,Small,4,4,SP,6,1,7,TestLR,0.59374,0.5716469473233666,0.74792,0.6480098424855741,0.40626,/gpfs/projects/HeinzGroup/caffeine_underground/mlrt/FlexFringe/FlexFringe/models-ps-small/0.1.1.1.0.0.searchglobal.0.ini/0.1.1.1.0.0.searchglobal.0_04.04.SP.6.1.7_Small.final.json,/gpfs/projects/HeinzGroup/asoubki/FlexFringe/data/MLRegTest/Large/04.04.SP.6.1.7_TestLR.txt,2025-12-29 22:45:02.477073
0.1.1.1.0.0.searchglobal.0,Small,4,4,SP,6,1,7,Dev,0.56177,0.5499652176726578,0.6799,0.6080688292059063,0.43823,/gpfs/projects/HeinzGroup/caffeine_underground/mlrt/FlexFringe/FlexFringe/models-ps-small/0.1.1.1.0.0.searchglobal.0.ini/0.1.1.1.0.0.searchglobal.0_04.04.SP.6.1.7_Small.final.json,/gpfs/projects/HeinzGroup/asoubki/FlexFringe/data/MLRegTest/Large/04.04.SP.6.1.7_Dev.txt,2025-12-29 22:45:02.477073
0.1.1.1.0.0.searchglobal.0,Small,4,4,SP,6,1,7,Train,0.54,0.5332225913621262,0.642,0.5825771324863884,0.46,/gpfs/projects/HeinzGroup/caffeine_underground/mlrt/FlexFringe/FlexFringe/models-ps-small/0.1.1.1.0.0.searchglobal.0.ini/0.1.1.1.0.0.searchglobal.0_04.04.SP.6.1.7_Small.final.json,/gpfs/projects/HeinzGroup/asoubki/FlexFringe/data/MLRegTest/Small/04.04.SP.6.1.7_Train.txt,2025-12-29 22:45:02.477073
0.1.1.1.0.0.searchglobal.0,Small,4,4,SP,6,1,8,TestSR,0.56261,0.5480543403177527,0.71406,0.6201398237005514,0.43739,/gpfs/projects/HeinzGroup/caffeine_underground/mlrt/FlexFringe/FlexFringe/models-ps-small/0.1.1.1.0.0.searchglobal.0.ini/0.1.1.1.0.0.searchglobal.0_04.04.SP.6.1.8_Small.final.json,/gpfs/projects/HeinzGroup/asoubki/FlexFringe/data/MLRegTest/Large/04.04.SP.6.1.8_TestSR.txt,2025-12-29 23:35:52.384165
0.1.1.1.0.0.searchglobal.0,Small,4,4,SP,6,1,8,TestLA,0.51433,0.508934917883553,0.81624,0.6269557803534807,0.48567,/gpfs/projects/HeinzGroup/caffeine_underground/mlrt/FlexFringe/FlexFringe/models-ps-small/0.1.1.1.0.0.searchglobal.0.ini/0.1.1.1.0.0.searchglobal.0_04.04.SP.6.1.8_Small.final.json,/gpfs/projects/HeinzGroup/asoubki/FlexFringe/data/MLRegTest/Large/04.04.SP.6.1.8_TestLA.txt,2025-12-29 23:35:52.384165
0.1.1.1.0.0.searchglobal.0,Small,4,4,SP,6,1,8,TestLR,0.61565,0.581985226354369,0.82096,0.6811193800764949,0.38435,/gpfs/projects/HeinzGroup/caffeine_underground/mlrt/FlexFringe/FlexFringe/models-ps-small/0.1.1.1.0.0.searchglobal.0.ini/0.1.1.1.0.0.searchglobal.0_04.04.SP.6.1.8_Small.final.json,/gpfs/projects/HeinzGroup/asoubki/FlexFringe/data/MLRegTest/Large/04.04.SP.6.1.8_TestLR.txt,2025-12-29 23:35:52.384165
0.1.1.1.0.0.searchglobal.0,Small,4,4,SP,6,1,8,TestSA,0.51279,0.5092957337015771,0.70074,0.5898733111662948,0.48721,/gpfs/projects/HeinzGroup/caffeine_underground/mlrt/FlexFringe/FlexFringe/models-ps-small/0.1.1.1.0.0.searchglobal.0.ini/0.1.1.1.0.0.searchglobal.0_04.04.SP.6.1.8_Small.final.json,/gpfs/projects/HeinzGroup/asoubki/FlexFringe/data/MLRegTest/Large/04.04.SP.6.1.8_TestSA.txt,2025-12-29 23:35:52.384165
0.1.1.1.0.0.searchglobal.0,Small,4,4,SP,6,1,8,Dev,0.56132,0.547211357826984,0.71074,0.6183466443945642,0.43868,/gpfs/projects/HeinzGroup/caffeine_underground/mlrt/FlexFringe/FlexFringe/models-ps-small/0.1.1.1.0.0.searchglobal.0.ini/0.1.1.1.0.0.searchglobal.0_04.04.SP.6.1.8_Small.final.json,/gpfs/projects/HeinzGroup/asoubki/FlexFringe/data/MLRegTest/Large/04.04.SP.6.1.8_Dev.txt,2025-12-29 23:35:52.384165
0.1.1.1.0.0.searchglobal.0,Small,4,4,SP,6,1,8,Train,0.574,0.5578125,0.714,0.6263157894736842,0.426,/gpfs/projects/HeinzGroup/caffeine_underground/mlrt/FlexFringe/FlexFringe/models-ps-small/0.1.1.1.0.0.searchglobal.0.ini/0.1.1.1.0.0.searchglobal.0_04.04.SP.6.1.8_Small.final.json,/gpfs/projects/HeinzGroup/asoubki/FlexFringe/data/MLRegTest/Small/04.04.SP.6.1.8_Train.txt,2025-12-29 23:35:52.384165
0.1.1.1.0.0.searchglobal.0,Small,4,4,SP,6,1,9,TestSR,0.54592,0.5371857994299041,0.66336,0.5936426116838488,0.45408,/gpfs/projects/HeinzGroup/caffeine_underground/mlrt/FlexFringe/FlexFringe/models-ps-small/0.1.1.1.0.0.searchglobal.0.ini/0.1.1.1.0.0.searchglobal.0_04.04.SP.6.1.9_Small.final.json,/gpfs/projects/HeinzGroup/asoubki/FlexFringe/data/MLRegTest/Large/04.04.SP.6.1.9_TestSR.txt,2025-12-29 22:31:40.197033
0.1.1.1.0.0.searchglobal.0,Small,4,4,SP,6,1,9,TestSA,0.51176,0.5091548857196239,0.65404,0.5725741499457226,0.48824,/gpfs/projects/HeinzGroup/caffeine_underground/mlrt/FlexFringe/FlexFringe/models-ps-small/0.1.1.1.0.0.searchglobal.0.ini/0.1.1.1.0.0.searchglobal.0_04.04.SP.6.1.9_Small.final.json,/gpfs/projects/HeinzGroup/asoubki/FlexFringe/data/MLRegTest/Large/04.04.SP.6.1.9_TestSA.txt,2025-12-29 22:31:40.197033
0.1.1.1.0.0.searchglobal.0,Small,4,4,SP,6,1,9,TestLR,0.5771,0.5595274861025324,0.7247,0.6314918089926804,0.4229,/gpfs/projects/HeinzGroup/caffeine_underground/mlrt/FlexFringe/FlexFringe/models-ps-small/0.1.1.1.0.0.searchglobal.0.ini/0.1.1.1.0.0.searchglobal.0_04.04.SP.6.1.9_Small.final.json,/gpfs/projects/HeinzGroup/asoubki/FlexFringe/data/MLRegTest/Large/04.04.SP.6.1.9_TestLR.txt,2025-12-29 22:31:40.197033
0.1.1.1.0.0.searchglobal.0,Small,4,4,SP,6,1,9,TestLA,0.50946,0.5066384101498905,0.72198,0.5954376010292614,0.49054,/gpfs/projects/HeinzGroup/caffeine_underground/mlrt/FlexFringe/FlexFringe/models-ps-small/0.1.1.1.0.0.searchglobal.0.ini/0.1.1.1.0.0.searchglobal.0_04.04.SP.6.1.9_Small.final.json,/gpfs/projects/HeinzGroup/asoubki/FlexFringe/data/MLRegTest/Large/04.04.SP.6.1.9_TestLA.txt,2025-12-29 22:31:40.197033
0.1.1.1.0.0.searchglobal.0,Small,4,4,SP,6,1,9,Dev,0.54575,0.5369995956328346,0.664,0.5937849318131009,0.45425,/gpfs/projects/HeinzGroup/caffeine_underground/mlrt/FlexFringe/FlexFringe/models-ps-small/0.1.1.1.0.0.searchglobal.0.ini/0.1.1.1.0.0.searchglobal.0_04.04.SP.6.1.9_Small.final.json,/gpfs/projects/HeinzGroup/asoubki/FlexFringe/data/MLRegTest/Large/04.04.SP.6.1.9_Dev.txt,2025-12-29 22:31:40.197033
0.1.1.1.0.0.searchglobal.0,Small,4,4,SP,6,1,9,Train,0.533,0.5269168026101142,0.646,0.5804132973944295,0.467,/gpfs/projects/HeinzGroup/caffeine_underground/mlrt/FlexFringe/FlexFringe/models-ps-small/0.1.1.1.0.0.searchglobal.0.ini/0.1.1.1.0.0.searchglobal.0_04.04.SP.6.1.9_Small.final.json,/gpfs/projects/HeinzGroup/asoubki/FlexFringe/data/MLRegTest/Small/04.04.SP.6.1.9_Train.txt,2025-12-29 22:31:40.197033
0.1.1.1.0.0.searchglobal.0,Small,4,4,Zp,2,1,0,TestLA,1.0,1.0,1.0,1.0,0.0,/gpfs/projects/HeinzGroup/caffeine_underground/mlrt/FlexFringe/FlexFringe/models-ps-small/0.1.1.1.0.0.searchglobal.0.ini/0.1.1.1.0.0.searchglobal.0_04.04.Zp.2.1.0_Small.final.json,/gpfs/projects/HeinzGroup/asoubki/FlexFringe/data/MLRegTest/Large/04.04.Zp.2.1.0_TestLA.txt,2025-12-29 23:11:37.699059
0.1.1.1.0.0.searchglobal.0,Small,4,4,Zp,2,1,0,TestSA,1.0,1.0,1.0,1.0,0.0,/gpfs/projects/HeinzGroup/caffeine_underground/mlrt/FlexFringe/FlexFringe/models-ps-small/0.1.1.1.0.0.searchglobal.0.ini/0.1.1.1.0.0.searchglobal.0_04.04.Zp.2.1.0_Small.final.json,/gpfs/projects/HeinzGroup/asoubki/FlexFringe/data/MLRegTest/Large/04.04.Zp.2.1.0_TestSA.txt,2025-12-29 23:11:37.699059
0.1.1.1.0.0.searchglobal.0,Small,4,4,Zp,2,1,0,TestSR,1.0,1.0,1.0,1.0,0.0,/gpfs/projects/HeinzGroup/caffeine_underground/mlrt/FlexFringe/FlexFringe/models-ps-small/0.1.1.1.0.0.searchglobal.0.ini/0.1.1.1.0.0.searchglobal.0_04.04.Zp.2.1.0_Small.final.json,/gpfs/projects/HeinzGroup/asoubki/FlexFringe/data/MLRegTest/Large/04.04.Zp.2.1.0_TestSR.txt,2025-12-29 23:11:37.699059
0.1.1.1.0.0.searchglobal.0,Small,4,4,Zp,2,1,0,TestLR,1.0,1.0,1.0,1.0,0.0,/gpfs/projects/HeinzGroup/caffeine_underground/mlrt/FlexFringe/FlexFringe/models-ps-small/0.1.1.1.0.0.searchglobal.0.ini/0.1.1.1.0.0.searchglobal.0_04.04.Zp.2.1.0_Small.final.json,/gpfs/projects/HeinzGroup/asoubki/FlexFringe/data/MLRegTest/Large/04.04.Zp.2.1.0_TestLR.txt,2025-12-29 23:11:37.699059
0.1.1.1.0.0.searchglobal.0,Small,4,4,Zp,2,1,0,Dev,1.0,1.0,1.0,1.0,0.0,/gpfs/projects/HeinzGroup/caffeine_underground/mlrt/FlexFringe/FlexFringe/models-ps-small/0.1.1.1.0.0.searchglobal.0.ini/0.1.1.1.0.0.searchglobal.0_04.04.Zp.2.1.0_Small.final.json,/gpfs/projects/HeinzGroup/asoubki/FlexFringe/data/MLRegTest/Large/04.04.Zp.2.1.0_Dev.txt,2025-12-29 23:11:37.699059
0.1.1.1.0.0.searchglobal.0,Small,4,4,Zp,2,1,0,Train,1.0,1.0,1.0,1.0,0.0,/gpfs/projects/HeinzGroup/caffeine_underground/mlrt/FlexFringe/FlexFringe/models-ps-small/0.1.1.1.0.0.searchglobal.0.ini/0.1.1.1.0.0.searchglobal.0_04.04.Zp.2.1.0_Small.final.json,/gpfs/projects/HeinzGroup/asoubki/FlexFringe/data/MLRegTest/Small/04.04.Zp.2.1.0_Train.txt,2025-12-29 23:11:37.699059
0.1.1.1.0.0.searchglobal.0,Small,4,4,Zp,2,1,1,TestLA,1.0,1.0,1.0,1.0,0.0,/gpfs/projects/HeinzGroup/caffeine_underground/mlrt/FlexFringe/FlexFringe/models-ps-small/0.1.1.1.0.0.searchglobal.0.ini/0.1.1.1.0.0.searchglobal.0_04.04.Zp.2.1.1_Small.final.json,/gpfs/projects/HeinzGroup/asoubki/FlexFringe/data/MLRegTest/Large/04.04.Zp.2.1.1_TestLA.txt,2025-12-29 22:14:06.248415
0.1.1.1.0.0.searchglobal.0,Small,4,4,Zp,2,1,1,TestLR,1.0,1.0,1.0,1.0,0.0,/gpfs/projects/HeinzGroup/caffeine_underground/mlrt/FlexFringe/FlexFringe/models-ps-small/0.1.1.1.0.0.searchglobal.0.ini/0.1.1.1.0.0.searchglobal.0_04.04.Zp.2.1.1_Small.final.json,/gpfs/projects/HeinzGroup/asoubki/FlexFringe/data/MLRegTest/Large/04.04.Zp.2.1.1_TestLR.txt,2025-12-29 22:14:06.248415
0.1.1.1.0.0.searchglobal.0,Small,4,4,Zp,2,1,1,TestSA,1.0,1.0,1.0,1.0,0.0,/gpfs/projects/HeinzGroup/caffeine_underground/mlrt/FlexFringe/FlexFringe/models-ps-small/0.1.1.1.0.0.searchglobal.0.ini/0.1.1.1.0.0.searchglobal.0_04.04.Zp.2.1.1_Small.final.json,/gpfs/projects/HeinzGroup/asoubki/FlexFringe/data/MLRegTest/Large/04.04.Zp.2.1.1_TestSA.txt,2025-12-29 22:14:06.248415
0.1.1.1.0.0.searchglobal.0,Small,4,4,Zp,2,1,1,TestSR,1.0,1.0,1.0,1.0,0.0,/gpfs/projects/HeinzGroup/caffeine_underground/mlrt/FlexFringe/FlexFringe/models-ps-small/0.1.1.1.0.0.searchglobal.0.ini/0.1.1.1.0.0.searchglobal.0_04.04.Zp.2.1.1_Small.final.json,/gpfs/projects/HeinzGroup/asoubki/FlexFringe/data/MLRegTest/Large/04.04.Zp.2.1.1_TestSR.txt,2025-12-29 22:14:06.248415
0.1.1.1.0.0.searchglobal.0,Small,4,4,Zp,2,1,1,Dev,1.0,1.0,1.0,1.0,0.0,/gpfs/projects/HeinzGroup/caffeine_underground/mlrt/FlexFringe/FlexFringe/models-ps-small/0.1.1.1.0.0.searchglobal.0.ini/0.1.1.1.0.0.searchglobal.0_04.04.Zp.2.1.1_Small.final.json,/gpfs/projects/HeinzGroup/asoubki/FlexFringe/data/MLRegTest/Large/04.04.Zp.2.1.1_Dev.txt,2025-12-29 22:14:06.248415
0.1.1.1.0.0.searchglobal.0,Small,4,4,Zp,2,1,1,Train,1.0,1.0,1.0,1.0,0.0,/gpfs/projects/HeinzGroup/caffeine_underground/mlrt/FlexFringe/FlexFringe/models-ps-small/0.1.1.1.0.0.searchglobal.0.ini/0.1.1.1.0.0.searchglobal.0_04.04.Zp.2.1.1_Small.final.json,/gpfs/projects/HeinzGroup/asoubki/FlexFringe/data/MLRegTest/Small/04.04.Zp.2.1.1_Train.txt,2025-12-29 22:14:06.248415
0.1.1.1.0.0.searchglobal.0,Small,4,4,Zp,3,1,2,TestSR,1.0,1.0,1.0,1.0,0.0,/gpfs/projects/HeinzGroup/caffeine_underground/mlrt/FlexFringe/FlexFringe/models-ps-small/0.1.1.1.0.0.searchglobal.0.ini/0.1.1.1.0.0.searchglobal.0_04.04.Zp.3.1.2_Small.final.json,/gpfs/projects/HeinzGroup/asoubki/FlexFringe/data/MLRegTest/Large/04.04.Zp.3.1.2_TestSR.txt,2025-12-29 23:33:16.113940
0.1.1.1.0.0.searchglobal.0,Small,4,4,Zp,3,1,2,TestLR,1.0,1.0,1.0,1.0,0.0,/gpfs/projects/HeinzGroup/caffeine_underground/mlrt/FlexFringe/FlexFringe/models-ps-small/0.1.1.1.0.0.searchglobal.0.ini/0.1.1.1.0.0.searchglobal.0_04.04.Zp.3.1.2_Small.final.json,/gpfs/projects/HeinzGroup/asoubki/FlexFringe/data/MLRegTest/Large/04.04.Zp.3.1.2_TestLR.txt,2025-12-29 23:33:16.113940
0.1.1.1.0.0.searchglobal.0,Small,4,4,Zp,3,1,2,TestLA,1.0,1.0,1.0,1.0,0.0,/gpfs/projects/HeinzGroup/caffeine_underground/mlrt/FlexFringe/FlexFringe/models-ps-small/0.1.1.1.0.0.searchglobal.0.ini/0.1.1.1.0.0.searchglobal.0_04.04.Zp.3.1.2_Small.final.json,/gpfs/projects/HeinzGroup/asoubki/FlexFringe/data/MLRegTest/Large/04.04.Zp.3.1.2_TestLA.txt,2025-12-29 23:33:16.113940
0.1.1.1.0.0.searchglobal.0,Small,4,4,Zp,3,1,2,TestSA,1.0,1.0,1.0,1.0,0.0,/gpfs/projects/HeinzGroup/caffeine_underground/mlrt/FlexFringe/FlexFringe/models-ps-small/0.1.1.1.0.0.searchglobal.0.ini/0.1.1.1.0.0.searchglobal.0_04.04.Zp.3.1.2_Small.final.json,/gpfs/projects/HeinzGroup/asoubki/FlexFringe/data/MLRegTest/Large/04.04.Zp.3.1.2_TestSA.txt,2025-12-29 23:33:16.113940
0.1.1.1.0.0.searchglobal.0,Small,4,4,Zp,3,1,2,Dev,1.0,1.0,1.0,1.0,0.0,/gpfs/projects/HeinzGroup/caffeine_underground/mlrt/FlexFringe/FlexFringe/models-ps-small/0.1.1.1.0.0.searchglobal.0.ini/0.1.1.1.0.0.searchglobal.0_04.04.Zp.3.1.2_Small.final.json,/gpfs/projects/HeinzGroup/asoubki/FlexFringe/data/MLRegTest/Large/04.04.Zp.3.1.2_Dev.txt,2025-12-29 23:33:16.113940
0.1.1.1.0.0.searchglobal.0,Small,4,4,Zp,3,1,2,Train,1.0,1.0,1.0,1.0,0.0,/gpfs/projects/HeinzGroup/caffeine_underground/mlrt/FlexFringe/FlexFringe/models-ps-small/0.1.1.1.0.0.searchglobal.0.ini/0.1.1.1.0.0.searchglobal.0_04.04.Zp.3.1.2_Small.final.json,/gpfs/projects/HeinzGroup/asoubki/FlexFringe/data/MLRegTest/Small/04.04.Zp.3.1.2_Train.txt,2025-12-29 23:33:16.113940
0.1.1.1.0.0.searchglobal.0,Small,4,4,Zp,3,1,3,TestSA,1.0,1.0,1.0,1.0,0.0,/gpfs/projects/HeinzGroup/caffeine_underground/mlrt/FlexFringe/FlexFringe/models-ps-small/0.1.1.1.0.0.searchglobal.0.ini/0.1.1.1.0.0.searchglobal.0_04.04.Zp.3.1.3_Small.final.json,/gpfs/projects/HeinzGroup/asoubki/FlexFringe/data/MLRegTest/Large/04.04.Zp.3.1.3_TestSA.txt,2025-12-29 23:33:07.086254
0.1.1.1.0.0.searchglobal.0,Small,4,4,Zp,3,1,3,TestSR,1.0,1.0,1.0,1.0,0.0,/gpfs/projects/HeinzGroup/caffeine_underground/mlrt/FlexFringe/FlexFringe/models-ps-small/0.1.1.1.0.0.searchglobal.0.ini/0.1.1.1.0.0.searchglobal.0_04.04.Zp.3.1.3_Small.final.json,/gpfs/projects/HeinzGroup/asoubki/FlexFringe/data/MLRegTest/Large/04.04.Zp.3.1.3_TestSR.txt,2025-12-29 23:33:07.086254
0.1.1.1.0.0.searchglobal.0,Small,4,4,Zp,3,1,3,TestLR,1.0,1.0,1.0,1.0,0.0,/gpfs/projects/HeinzGroup/caffeine_underground/mlrt/FlexFringe/FlexFringe/models-ps-small/0.1.1.1.0.0.searchglobal.0.ini/0.1.1.1.0.0.searchglobal.0_04.04.Zp.3.1.3_Small.final.json,/gpfs/projects/HeinzGroup/asoubki/FlexFringe/data/MLRegTest/Large/04.04.Zp.3.1.3_TestLR.txt,2025-12-29 23:33:07.086254
0.1.1.1.0.0.searchglobal.0,Small,4,4,Zp,3,1,3,TestLA,1.0,1.0,1.0,1.0,0.0,/gpfs/projects/HeinzGroup/caffeine_underground/mlrt/FlexFringe/FlexFringe/models-ps-small/0.1.1.1.0.0.searchglobal.0.ini/0.1.1.1.0.0.searchglobal.0_04.04.Zp.3.1.3_Small.final.json,/gpfs/projects/HeinzGroup/asoubki/FlexFringe/data/MLRegTest/Large/04.04.Zp.3.1.3_TestLA.txt,2025-12-29 23:33:07.086254
0.1.1.1.0.0.searchglobal.0,Small,4,4,Zp,3,1,3,Dev,1.0,1.0,1.0,1.0,0.0,/gpfs/projects/HeinzGroup/caffeine_underground/mlrt/FlexFringe/FlexFringe/models-ps-small/0.1.1.1.0.0.searchglobal.0.ini/0.1.1.1.0.0.searchglobal.0_04.04.Zp.3.1.3_Small.final.json,/gpfs/projects/HeinzGroup/asoubki/FlexFringe/data/MLRegTest/Large/04.04.Zp.3.1.3_Dev.txt,2025-12-29 23:33:07.086254
0.1.1.1.0.0.searchglobal.0,Small,4,4,Zp,3,1,3,Train,1.0,1.0,1.0,1.0,0.0,/gpfs/projects/HeinzGroup/caffeine_underground/mlrt/FlexFringe/FlexFringe/models-ps-small/0.1.1.1.0.0.searchglobal.0.ini/0.1.1.1.0.0.searchglobal.0_04.04.Zp.3.1.3_Small.final.json,/gpfs/projects/HeinzGroup/asoubki/FlexFringe/data/MLRegTest/Small/04.04.Zp.3.1.3_Train.txt,2025-12-29 23:33:07.086254
0.1.1.1.0.0.searchglobal.0,Small,4,4,Zp,3,1,4,TestSR,1.0,1.0,1.0,1.0,0.0,/gpfs/projects/HeinzGroup/caffeine_underground/mlrt/FlexFringe/FlexFringe/models-ps-small/0.1.1.1.0.0.searchglobal.0.ini/0.1.1.1.0.0.searchglobal.0_04.04.Zp.3.1.4_Small.final.json,/gpfs/projects/HeinzGroup/asoubki/FlexFringe/data/MLRegTest/Large/04.04.Zp.3.1.4_TestSR.txt,2025-12-29 22:16:36.879339
0.1.1.1.0.0.searchglobal.0,Small,4,4,Zp,3,1,4,TestLA,1.0,1.0,1.0,1.0,0.0,/gpfs/projects/HeinzGroup/caffeine_underground/mlrt/FlexFringe/FlexFringe/models-ps-small/0.1.1.1.0.0.searchglobal.0.ini/0.1.1.1.0.0.searchglobal.0_04.04.Zp.3.1.4_Small.final.json,/gpfs/projects/HeinzGroup/asoubki/FlexFringe/data/MLRegTest/Large/04.04.Zp.3.1.4_TestLA.txt,2025-12-29 22:16:36.879339
0.1.1.1.0.0.searchglobal.0,Small,4,4,Zp,3,1,4,TestLR,1.0,1.0,1.0,1.0,0.41353,/gpfs/projects/HeinzGroup/caffeine_underground/mlrt/FlexFringe/FlexFringe/models-ps-small/0.1.1.1.0.0.searchglobal.0.ini/0.1.1.1.0.0.searchglobal.0_04.04.Zp.3.1.4_Small.final.json,/gpfs/projects/HeinzGroup/asoubki/FlexFringe/data/MLRegTest/Large/04.04.Zp.3.1.4_TestLR.txt,2025-12-29 22:16:36.879339
0.1.1.1.0.0.searchglobal.0,Small,4,4,Zp,3,1,4,TestSA,1.0,1.0,1.0,1.0,0.0,/gpfs/projects/HeinzGroup/caffeine_underground/mlrt/FlexFringe/FlexFringe/models-ps-small/0.1.1.1.0.0.searchglobal.0.ini/0.1.1.1.0.0.searchglobal.0_04.04.Zp.3.1.4_Small.final.json,/gpfs/projects/HeinzGroup/asoubki/FlexFringe/data/MLRegTest/Large/04.04.Zp.3.1.4_TestSA.txt,2025-12-29 22:16:36.879339
0.1.1.1.0.0.searchglobal.0,Small,4,4,Zp,3,1,4,Dev,1.0,1.0,1.0,1.0,0.0,/gpfs/projects/HeinzGroup/caffeine_underground/mlrt/FlexFringe/FlexFringe/models-ps-small/0.1.1.1.0.0.searchglobal.0.ini/0.1.1.1.0.0.searchglobal.0_04.04.Zp.3.1.4_Small.final.json,/gpfs/projects/HeinzGroup/asoubki/FlexFringe/data/MLRegTest/Large/04.04.Zp.3.1.4_Dev.txt,2025-12-29 22:16:36.879339
0.1.1.1.0.0.searchglobal.0,Small,4,4,Zp,3,1,4,Train,1.0,1.0,1.0,1.0,0.0,/gpfs/projects/HeinzGroup/caffeine_underground/mlrt/FlexFringe/FlexFringe/models-ps-small/0.1.1.1.0.0.searchglobal.0.ini/0.1.1.1.0.0.searchglobal.0_04.04.Zp.3.1.4_Small.final.json,/gpfs/projects/HeinzGroup/asoubki/FlexFringe/data/MLRegTest/Small/04.04.Zp.3.1.4_Train.txt,2025-12-29 22:16:36.879339
0.1.1.1.0.0.searchglobal.0,Small,4,4,Zp,3,1,5,TestSR,1.0,1.0,1.0,1.0,0.0,/gpfs/projects/HeinzGroup/caffeine_underground/mlrt/FlexFringe/FlexFringe/models-ps-small/0.1.1.1.0.0.searchglobal.0.ini/0.1.1.1.0.0.searchglobal.0_04.04.Zp.3.1.5_Small.final.json,/gpfs/projects/HeinzGroup/asoubki/FlexFringe/data/MLRegTest/Large/04.04.Zp.3.1.5_TestSR.txt,2025-12-29 22:45:09.373299
0.1.1.1.0.0.searchglobal.0,Small,4,4,Zp,3,1,5,TestLR,1.0,1.0,1.0,1.0,0.0,/gpfs/projects/HeinzGroup/caffeine_underground/mlrt/FlexFringe/FlexFringe/models-ps-small/0.1.1.1.0.0.searchglobal.0.ini/0.1.1.1.0.0.searchglobal.0_04.04.Zp.3.1.5_Small.final.json,/gpfs/projects/HeinzGroup/asoubki/FlexFringe/data/MLRegTest/Large/04.04.Zp.3.1.5_TestLR.txt,2025-12-29 22:45:09.373299
0.1.1.1.0.0.searchglobal.0,Small,4,4,Zp,3,1,5,TestLA,1.0,1.0,1.0,1.0,0.0,/gpfs/projects/HeinzGroup/caffeine_underground/mlrt/FlexFringe/FlexFringe/models-ps-small/0.1.1.1.0.0.searchglobal.0.ini/0.1.1.1.0.0.searchglobal.0_04.04.Zp.3.1.5_Small.final.json,/gpfs/projects/HeinzGroup/asoubki/FlexFringe/data/MLRegTest/Large/04.04.Zp.3.1.5_TestLA.txt,2025-12-29 22:45:09.373299
0.1.1.1.0.0.searchglobal.0,Small,4,4,Zp,3,1,5,TestSA,1.0,1.0,1.0,1.0,0.0,/gpfs/projects/HeinzGroup/caffeine_underground/mlrt/FlexFringe/FlexFringe/models-ps-small/0.1.1.1.0.0.searchglobal.0.ini/0.1.1.1.0.0.searchglobal.0_04.04.Zp.3.1.5_Small.final.json,/gpfs/projects/HeinzGroup/asoubki/FlexFringe/data/MLRegTest/Large/04.04.Zp.3.1.5_TestSA.txt,2025-12-29 22:45:09.373299
0.1.1.1.0.0.searchglobal.0,Small,4,4,Zp,3,1,5,Dev,1.0,1.0,1.0,1.0,0.0,/gpfs/projects/HeinzGroup/caffeine_underground/mlrt/FlexFringe/FlexFringe/models-ps-small/0.1.1.1.0.0.searchglobal.0.ini/0.1.1.1.0.0.searchglobal.0_04.04.Zp.3.1.5_Small.final.json,/gpfs/projects/HeinzGroup/asoubki/FlexFringe/data/MLRegTest/Large/04.04.Zp.3.1.5_Dev.txt,2025-12-29 22:45:09.373299
0.1.1.1.0.0.searchglobal.0,Small,4,4,Zp,3,1,5,Train,1.0,1.0,1.0,1.0,0.0,/gpfs/projects/HeinzGroup/caffeine_underground/mlrt/FlexFringe/FlexFringe/models-ps-small/0.1.1.1.0.0.searchglobal.0.ini/0.1.1.1.0.0.searchglobal.0_04.04.Zp.3.1.5_Small.final.json,/gpfs/projects/HeinzGroup/asoubki/FlexFringe/data/MLRegTest/Small/04.04.Zp.3.1.5_Train.txt,2025-12-29 22:45:09.373299
0.1.1.1.0.0.searchglobal.0,Small,4,4,Zp,3,1,6,TestLA,1.0,1.0,1.0,1.0,0.0,/gpfs/projects/HeinzGroup/caffeine_underground/mlrt/FlexFringe/FlexFringe/models-ps-small/0.1.1.1.0.0.searchglobal.0.ini/0.1.1.1.0.0.searchglobal.0_04.04.Zp.3.1.6_Small.final.json,/gpfs/projects/HeinzGroup/asoubki/FlexFringe/data/MLRegTest/Large/04.04.Zp.3.1.6_TestLA.txt,2025-12-29 22:27:33.367497
0.1.1.1.0.0.searchglobal.0,Small,4,4,Zp,3,1,6,TestSA,1.0,1.0,1.0,1.0,0.0,/gpfs/projects/HeinzGroup/caffeine_underground/mlrt/FlexFringe/FlexFringe/models-ps-small/0.1.1.1.0.0.searchglobal.0.ini/0.1.1.1.0.0.searchglobal.0_04.04.Zp.3.1.6_Small.final.json,/gpfs/projects/HeinzGroup/asoubki/FlexFringe/data/MLRegTest/Large/04.04.Zp.3.1.6_TestSA.txt,2025-12-29 22:27:33.367497
0.1.1.1.0.0.searchglobal.0,Small,4,4,Zp,3,1,6,TestSR,1.0,1.0,1.0,1.0,0.0,/gpfs/projects/HeinzGroup/caffeine_underground/mlrt/FlexFringe/FlexFringe/models-ps-small/0.1.1.1.0.0.searchglobal.0.ini/0.1.1.1.0.0.searchglobal.0_04.04.Zp.3.1.6_Small.final.json,/gpfs/projects/HeinzGroup/asoubki/FlexFringe/data/MLRegTest/Large/04.04.Zp.3.1.6_TestSR.txt,2025-12-29 22:27:33.367497
0.1.1.1.0.0.searchglobal.0,Small,4,4,Zp,3,1,6,TestLR,1.0,1.0,1.0,1.0,0.0,/gpfs/projects/HeinzGroup/caffeine_underground/mlrt/FlexFringe/FlexFringe/models-ps-small/0.1.1.1.0.0.searchglobal.0.ini/0.1.1.1.0.0.searchglobal.0_04.04.Zp.3.1.6_Small.final.json,/gpfs/projects/HeinzGroup/asoubki/FlexFringe/data/MLRegTest/Large/04.04.Zp.3.1.6_TestLR.txt,2025-12-29 22:27:33.367497
0.1.1.1.0.0.searchglobal.0,Small,4,4,Zp,3,1,6,Dev,1.0,1.0,1.0,1.0,0.0,/gpfs/projects/HeinzGroup/caffeine_underground/mlrt/FlexFringe/FlexFringe/models-ps-small/0.1.1.1.0.0.searchglobal.0.ini/0.1.1.1.0.0.searchglobal.0_04.04.Zp.3.1.6_Small.final.json,/gpfs/projects/HeinzGroup/asoubki/FlexFringe/data/MLRegTest/Large/04.04.Zp.3.1.6_Dev.txt,2025-12-29 22:27:33.367497
0.1.1.1.0.0.searchglobal.0,Small,4,4,Zp,3,1,6,Train,1.0,1.0,1.0,1.0,0.0,/gpfs/projects/HeinzGroup/caffeine_underground/mlrt/FlexFringe/FlexFringe/models-ps-small/0.1.1.1.0.0.searchglobal.0.ini/0.1.1.1.0.0.searchglobal.0_04.04.Zp.3.1.6_Small.final.json,/gpfs/projects/HeinzGroup/asoubki/FlexFringe/data/MLRegTest/Small/04.04.Zp.3.1.6_Train.txt,2025-12-29 22:27:33.367497
0.1.1.1.0.0.searchglobal.0,Small,4,4,Zp,3,1,7,TestLA,1.0,1.0,1.0,1.0,0.0,/gpfs/projects/HeinzGroup/caffeine_underground/mlrt/FlexFringe/FlexFringe/models-ps-small/0.1.1.1.0.0.searchglobal.0.ini/0.1.1.1.0.0.searchglobal.0_04.04.Zp.3.1.7_Small.final.json,/gpfs/projects/HeinzGroup/asoubki/FlexFringe/data/MLRegTest/Large/04.04.Zp.3.1.7_TestLA.txt,2025-12-29 22:43:22.065796
0.1.1.1.0.0.searchglobal.0,Small,4,4,Zp,3,1,7,TestLR,1.0,1.0,1.0,1.0,0.0,/gpfs/projects/HeinzGroup/caffeine_underground/mlrt/FlexFringe/FlexFringe/models-ps-small/0.1.1.1.0.0.searchglobal.0.ini/0.1.1.1.0.0.searchglobal.0_04.04.Zp.3.1.7_Small.final.json,/gpfs/projects/HeinzGroup/asoubki/FlexFringe/data/MLRegTest/Large/04.04.Zp.3.1.7_TestLR.txt,2025-12-29 22:43:22.065796
0.1.1.1.0.0.searchglobal.0,Small,4,4,Zp,3,1,7,TestSR,1.0,1.0,1.0,1.0,0.0,/gpfs/projects/HeinzGroup/caffeine_underground/mlrt/FlexFringe/FlexFringe/models-ps-small/0.1.1.1.0.0.searchglobal.0.ini/0.1.1.1.0.0.searchglobal.0_04.04.Zp.3.1.7_Small.final.json,/gpfs/projects/HeinzGroup/asoubki/FlexFringe/data/MLRegTest/Large/04.04.Zp.3.1.7_TestSR.txt,2025-12-29 22:43:22.065796
0.1.1.1.0.0.searchglobal.0,Small,4,4,Zp,3,1,7,TestSA,1.0,1.0,1.0,1.0,0.0,/gpfs/projects/HeinzGroup/caffeine_underground/mlrt/FlexFringe/FlexFringe/models-ps-small/0.1.1.1.0.0.searchglobal.0.ini/0.1.1.1.0.0.searchglobal.0_04.04.Zp.3.1.7_Small.final.json,/gpfs/projects/HeinzGroup/asoubki/FlexFringe/data/MLRegTest/Large/04.04.Zp.3.1.7_TestSA.txt,2025-12-29 22:43:22.065796
0.1.1.1.0.0.searchglobal.0,Small,4,4,Zp,3,1,7,Dev,1.0,1.0,1.0,1.0,0.0,/gpfs/projects/HeinzGroup/caffeine_underground/mlrt/FlexFringe/FlexFringe/models-ps-small/0.1.1.1.0.0.searchglobal.0.ini/0.1.1.1.0.0.searchglobal.0_04.04.Zp.3.1.7_Small.final.json,/gpfs/projects/HeinzGroup/asoubki/FlexFringe/data/MLRegTest/Large/04.04.Zp.3.1.7_Dev.txt,2025-12-29 22:43:22.065796
0.1.1.1.0.0.searchglobal.0,Small,4,4,Zp,3,1,7,Train,1.0,1.0,1.0,1.0,0.0,/gpfs/projects/HeinzGroup/caffeine_underground/mlrt/FlexFringe/FlexFringe/models-ps-small/0.1.1.1.0.0.searchglobal.0.ini/0.1.1.1.0.0.searchglobal.0_04.04.Zp.3.1.7_Small.final.json,/gpfs/projects/HeinzGroup/asoubki/FlexFringe/data/MLRegTest/Small/04.04.Zp.3.1.7_Train.txt,2025-12-29 22:43:22.065796
0.1.1.1.0.0.searchglobal.0,Small,4,4,Zp,5,1,8,TestLR,1.0,1.0,1.0,1.0,0.0,/gpfs/projects/HeinzGroup/caffeine_underground/mlrt/FlexFringe/FlexFringe/models-ps-small/0.1.1.1.0.0.searchglobal.0.ini/0.1.1.1.0.0.searchglobal.0_04.04.Zp.5.1.8_Small.final.json,/gpfs/projects/HeinzGroup/asoubki/FlexFringe/data/MLRegTest/Large/04.04.Zp.5.1.8_TestLR.txt,2025-12-29 23:01:17.086002
0.1.1.1.0.0.searchglobal.0,Small,4,4,Zp,5,1,8,TestSR,1.0,1.0,1.0,1.0,0.0,/gpfs/projects/HeinzGroup/caffeine_underground/mlrt/FlexFringe/FlexFringe/models-ps-small/0.1.1.1.0.0.searchglobal.0.ini/0.1.1.1.0.0.searchglobal.0_04.04.Zp.5.1.8_Small.final.json,/gpfs/projects/HeinzGroup/asoubki/FlexFringe/data/MLRegTest/Large/04.04.Zp.5.1.8_TestSR.txt,2025-12-29 23:01:17.086002
0.1.1.1.0.0.searchglobal.0,Small,4,4,Zp,5,1,8,TestSA,1.0,1.0,1.0,1.0,0.0,/gpfs/projects/HeinzGroup/caffeine_underground/mlrt/FlexFringe/FlexFringe/models-ps-small/0.1.1.1.0.0.searchglobal.0.ini/0.1.1.1.0.0.searchglobal.0_04.04.Zp.5.1.8_Small.final.json,/gpfs/projects/HeinzGroup/asoubki/FlexFringe/data/MLRegTest/Large/04.04.Zp.5.1.8_TestSA.txt,2025-12-29 23:01:17.086002
0.1.1.1.0.0.searchglobal.0,Small,4,4,Zp,5,1,8,TestLA,1.0,1.0,1.0,1.0,0.0,/gpfs/projects/HeinzGroup/caffeine_underground/mlrt/FlexFringe/FlexFringe/models-ps-small/0.1.1.1.0.0.searchglobal.0.ini/0.1.1.1.0.0.searchglobal.0_04.04.Zp.5.1.8_Small.final.json,/gpfs/projects/HeinzGroup/asoubki/FlexFringe/data/MLRegTest/Large/04.04.Zp.5.1.8_TestLA.txt,2025-12-29 23:01:17.086002
0.1.1.1.0.0.searchglobal.0,Small,4,4,Zp,5,1,8,Dev,1.0,1.0,1.0,1.0,0.0,/gpfs/projects/HeinzGroup/caffeine_underground/mlrt/FlexFringe/FlexFringe/models-ps-small/0.1.1.1.0.0.searchglobal.0.ini/0.1.1.1.0.0.searchglobal.0_04.04.Zp.5.1.8_Small.final.json,/gpfs/projects/HeinzGroup/asoubki/FlexFringe/data/MLRegTest/Large/04.04.Zp.5.1.8_Dev.txt,2025-12-29 23:01:17.086002
0.1.1.1.0.0.searchglobal.0,Small,4,4,Zp,5,1,8,Train,1.0,1.0,1.0,1.0,0.0,/gpfs/projects/HeinzGroup/caffeine_underground/mlrt/FlexFringe/FlexFringe/models-ps-small/0.1.1.1.0.0.searchglobal.0.ini/0.1.1.1.0.0.searchglobal.0_04.04.Zp.5.1.8_Small.final.json,/gpfs/projects/HeinzGroup/asoubki/FlexFringe/data/MLRegTest/Small/04.04.Zp.5.1.8_Train.txt,2025-12-29 23:01:17.086002
0.1.1.1.0.0.searchglobal.0,Small,4,4,Zp,5,1,9,TestSR,1.0,1.0,1.0,1.0,0.0,/gpfs/projects/HeinzGroup/caffeine_underground/mlrt/FlexFringe/FlexFringe/models-ps-small/0.1.1.1.0.0.searchglobal.0.ini/0.1.1.1.0.0.searchglobal.0_04.04.Zp.5.1.9_Small.final.json,/gpfs/projects/HeinzGroup/asoubki/FlexFringe/data/MLRegTest/Large/04.04.Zp.5.1.9_TestSR.txt,2025-12-29 22:51:03.307705
0.1.1.1.0.0.searchglobal.0,Small,4,4,Zp,5,1,9,TestLR,1.0,1.0,1.0,1.0,0.0,/gpfs/projects/HeinzGroup/caffeine_underground/mlrt/FlexFringe/FlexFringe/models-ps-small/0.1.1.1.0.0.searchglobal.0.ini/0.1.1.1.0.0.searchglobal.0_04.04.Zp.5.1.9_Small.final.json,/gpfs/projects/HeinzGroup/asoubki/FlexFringe/data/MLRegTest/Large/04.04.Zp.5.1.9_TestLR.txt,2025-12-29 22:51:03.307705
0.1.1.1.0.0.searchglobal.0,Small,4,4,Zp,5,1,9,TestSA,1.0,1.0,1.0,1.0,0.0,/gpfs/projects/HeinzGroup/caffeine_underground/mlrt/FlexFringe/FlexFringe/models-ps-small/0.1.1.1.0.0.searchglobal.0.ini/0.1.1.1.0.0.searchglobal.0_04.04.Zp.5.1.9_Small.final.json,/gpfs/projects/HeinzGroup/asoubki/FlexFringe/data/MLRegTest/Large/04.04.Zp.5.1.9_TestSA.txt,2025-12-29 22:51:03.307705
0.1.1.1.0.0.searchglobal.0,Small,4,4,Zp,5,1,9,TestLA,1.0,1.0,1.0,1.0,0.0,/gpfs/projects/HeinzGroup/caffeine_underground/mlrt/FlexFringe/FlexFringe/models-ps-small/0.1.1.1.0.0.searchglobal.0.ini/0.1.1.1.0.0.searchglobal.0_04.04.Zp.5.1.9_Small.final.json,/gpfs/projects/HeinzGroup/asoubki/FlexFringe/data/MLRegTest/Large/04.04.Zp.5.1.9_TestLA.txt,2025-12-29 22:51:03.307705
0.1.1.1.0.0.searchglobal.0,Small,4,4,Zp,5,1,9,Dev,1.0,1.0,1.0,1.0,0.0,/gpfs/projects/HeinzGroup/caffeine_underground/mlrt/FlexFringe/FlexFringe/models-ps-small/0.1.1.1.0.0.searchglobal.0.ini/0.1.1.1.0.0.searchglobal.0_04.04.Zp.5.1.9_Small.final.json,/gpfs/projects/HeinzGroup/asoubki/FlexFringe/data/MLRegTest/Large/04.04.Zp.5.1.9_Dev.txt,2025-12-29 22:51:03.307705
0.1.1.1.0.0.searchglobal.0,Small,4,4,Zp,5,1,9,Train,1.0,1.0,1.0,1.0,0.0,/gpfs/projects/HeinzGroup/caffeine_underground/mlrt/FlexFringe/FlexFringe/models-ps-small/0.1.1.1.0.0.searchglobal.0.ini/0.1.1.1.0.0.searchglobal.0_04.04.Zp.5.1.9_Small.final.json,/gpfs/projects/HeinzGroup/asoubki/FlexFringe/data/MLRegTest/Small/04.04.Zp.5.1.9_Train.txt,2025-12-29 22:51:03.307705
0.1.1.1.0.0.searchglobal.0,Small,16,4,TcoSL,2,1,0,TestSR,1.0,1.0,1.0,1.0,0.0,/gpfs/projects/HeinzGroup/caffeine_underground/mlrt/FlexFringe/FlexFringe/models-ps-small/0.1.1.1.0.0.searchglobal.0.ini/0.1.1.1.0.0.searchglobal.0_16.04.TcoSL.2.1.0_Small.final.json,/gpfs/projects/HeinzGroup/asoubki/FlexFringe/data/MLRegTest/Large/16.04.TcoSL.2.1.0_TestSR.txt,2025-12-29 23:18:48.526165
0.1.1.1.0.0.searchglobal.0,Small,16,4,TcoSL,2,1,0,TestLR,1.0,1.0,1.0,1.0,0.0,/gpfs/projects/HeinzGroup/caffeine_underground/mlrt/FlexFringe/FlexFringe/models-ps-small/0.1.1.1.0.0.searchglobal.0.ini/0.1.1.1.0.0.searchglobal.0_16.04.TcoSL.2.1.0_Small.final.json,/gpfs/projects/HeinzGroup/asoubki/FlexFringe/data/MLRegTest/Large/16.04.TcoSL.2.1.0_TestLR.txt,2025-12-29 23:18:48.526165
0.1.1.1.0.0.searchglobal.0,Small,16,4,TcoSL,2,1,0,TestSA,1.0,1.0,1.0,1.0,0.0,/gpfs/projects/HeinzGroup/caffeine_underground/mlrt/FlexFringe/FlexFringe/models-ps-small/0.1.1.1.0.0.searchglobal.0.ini/0.1.1.1.0.0.searchglobal.0_16.04.TcoSL.2.1.0_Small.final.json,/gpfs/projects/HeinzGroup/asoubki/FlexFringe/data/MLRegTest/Large/16.04.TcoSL.2.1.0_TestSA.txt,2025-12-29 23:18:48.526165
0.1.1.1.0.0.searchglobal.0,Small,16,4,TcoSL,2,1,0,TestLA,1.0,1.0,1.0,1.0,0.0,/gpfs/projects/HeinzGroup/caffeine_underground/mlrt/FlexFringe/FlexFringe/models-ps-small/0.1.1.1.0.0.searchglobal.0.ini/0.1.1.1.0.0.searchglobal.0_16.04.TcoSL.2.1.0_Small.final.json,/gpfs/projects/HeinzGroup/asoubki/FlexFringe/data/MLRegTest/Large/16.04.TcoSL.2.1.0_TestLA.txt,2025-12-29 23:18:48.526165
0.1.1.1.0.0.searchglobal.0,Small,16,4,TcoSL,2,1,0,Dev,1.0,1.0,1.0,1.0,0.0,/gpfs/projects/HeinzGroup/caffeine_underground/mlrt/FlexFringe/FlexFringe/models-ps-small/0.1.1.1.0.0.searchglobal.0.ini/0.1.1.1.0.0.searchglobal.0_16.04.TcoSL.2.1.0_Small.final.json,/gpfs/projects/HeinzGroup/asoubki/FlexFringe/data/MLRegTest/Large/16.04.TcoSL.2.1.0_Dev.txt,2025-12-29 23:18:48.526165
0.1.1.1.0.0.searchglobal.0,Small,16,4,TcoSL,2,1,0,Train,1.0,1.0,1.0,1.0,0.0,/gpfs/projects/HeinzGroup/caffeine_underground/mlrt/FlexFringe/FlexFringe/models-ps-small/0.1.1.1.0.0.searchglobal.0.ini/0.1.1.1.0.0.searchglobal.0_16.04.TcoSL.2.1.0_Small.final.json,/gpfs/projects/HeinzGroup/asoubki/FlexFringe/data/MLRegTest/Small/16.04.TcoSL.2.1.0_Train.txt,2025-12-29 23:18:48.526165
0.1.1.1.0.0.searchglobal.0,Small,16,4,TcoSL,2,1,1,TestLA,0.54284,0.53125,0.72828,0.6143541638547713,0.45716,/gpfs/projects/HeinzGroup/caffeine_underground/mlrt/FlexFringe/FlexFringe/models-ps-small/0.1.1.1.0.0.searchglobal.0.ini/0.1.1.1.0.0.searchglobal.0_16.04.TcoSL.2.1.1_Small.final.json,/gpfs/projects/HeinzGroup/asoubki/FlexFringe/data/MLRegTest/Large/16.04.TcoSL.2.1.1_TestLA.txt,2025-12-29 22:34:09.139555
0.1.1.1.0.0.searchglobal.0,Small,16,4,TcoSL,2,1,1,TestSR,0.58251,0.5807860262008734,0.59318,0.5869175893219349,0.41749,/gpfs/projects/HeinzGroup/caffeine_underground/mlrt/FlexFringe/FlexFringe/models-ps-small/0.1.1.1.0.0.searchglobal.0.ini/0.1.1.1.0.0.searchglobal.0_16.04.TcoSL.2.1.1_Small.final.json,/gpfs/projects/HeinzGroup/asoubki/FlexFringe/data/MLRegTest/Large/16.04.TcoSL.2.1.1_TestSR.txt,2025-12-29 22:34:09.139555
0.1.1.1.0.0.searchglobal.0,Small,16,4,TcoSL,2,1,1,TestSA,0.55875,0.5578282182018623,0.56672,0.56223895552447,0.44125,/gpfs/projects/HeinzGroup/caffeine_underground/mlrt/FlexFringe/FlexFringe/models-ps-small/0.1.1.1.0.0.searchglobal.0.ini/0.1.1.1.0.0.searchglobal.0_16.04.TcoSL.2.1.1_Small.final.json,/gpfs/projects/HeinzGroup/asoubki/FlexFringe/data/MLRegTest/Large/16.04.TcoSL.2.1.1_TestSA.txt,2025-12-29 22:34:09.139555
0.1.1.1.0.0.searchglobal.0,Small,16,4,TcoSL,2,1,1,TestLR,0.56513,0.5465580098648939,0.76458,0.6374421609904539,0.43487,/gpfs/projects/HeinzGroup/caffeine_underground/mlrt/FlexFringe/FlexFringe/models-ps-small/0.1.1.1.0.0.searchglobal.0.ini/0.1.1.1.0.0.searchglobal.0_16.04.TcoSL.2.1.1_Small.final.json,/gpfs/projects/HeinzGroup/asoubki/FlexFringe/data/MLRegTest/Large/16.04.TcoSL.2.1.1_TestLR.txt,2025-12-29 22:34:09.139555
0.1.1.1.0.0.searchglobal.0,Small,16,4,TcoSL,2,1,1,Dev,0.57852,0.5768447837150127,0.58942,0.5830645959046394,0.42148,/gpfs/projects/HeinzGroup/caffeine_underground/mlrt/FlexFringe/FlexFringe/models-ps-small/0.1.1.1.0.0.searchglobal.0.ini/0.1.1.1.0.0.searchglobal.0_16.04.TcoSL.2.1.1_Small.final.json,/gpfs/projects/HeinzGroup/asoubki/FlexFringe/data/MLRegTest/Large/16.04.TcoSL.2.1.1_Dev.txt,2025-12-29 22:34:09.139555
0.1.1.1.0.0.searchglobal.0,Small,16,4,TcoSL,2,1,1,Train,0.598,0.5949612403100775,0.614,0.6043307086614174,0.402,/gpfs/projects/HeinzGroup/caffeine_underground/mlrt/FlexFringe/FlexFringe/models-ps-small/0.1.1.1.0.0.searchglobal.0.ini/0.1.1.1.0.0.searchglobal.0_16.04.TcoSL.2.1.1_Small.final.json,/gpfs/projects/HeinzGroup/asoubki/FlexFringe/data/MLRegTest/Small/16.04.TcoSL.2.1.1_Train.txt,2025-12-29 22:34:09.139555
0.1.1.1.0.0.searchglobal.0,Small,16,4,TcoSL,2,1,2,TestSR,0.57054,0.5893363728470111,0.46534,0.520049172999553,0.42946,/gpfs/projects/HeinzGroup/caffeine_underground/mlrt/FlexFringe/FlexFringe/models-ps-small/0.1.1.1.0.0.searchglobal.0.ini/0.1.1.1.0.0.searchglobal.0_16.04.TcoSL.2.1.2_Small.final.json,/gpfs/projects/HeinzGroup/asoubki/FlexFringe/data/MLRegTest/Large/16.04.TcoSL.2.1.2_TestSR.txt,2025-12-29 23:20:18.582801
0.1.1.1.0.0.searchglobal.0,Small,16,4,TcoSL,2,1,2,TestSA,0.54742,0.5589712978162463,0.44948,0.49828171075094785,0.45258,/gpfs/projects/HeinzGroup/caffeine_underground/mlrt/FlexFringe/FlexFringe/models-ps-small/0.1.1.1.0.0.searchglobal.0.ini/0.1.1.1.0.0.searchglobal.0_16.04.TcoSL.2.1.2_Small.final.json,/gpfs/projects/HeinzGroup/asoubki/FlexFringe/data/MLRegTest/Large/16.04.TcoSL.2.1.2_TestSA.txt,2025-12-29 23:20:18.582801
0.1.1.1.0.0.searchglobal.0,Small,16,4,TcoSL,2,1,2,TestLR,0.5477,0.5641646489104116,0.4194,0.48112882872547896,0.4523,/gpfs/projects/HeinzGroup/caffeine_underground/mlrt/FlexFringe/FlexFringe/models-ps-small/0.1.1.1.0.0.searchglobal.0.ini/0.1.1.1.0.0.searchglobal.0_16.04.TcoSL.2.1.2_Small.final.json,/gpfs/projects/HeinzGroup/asoubki/FlexFringe/data/MLRegTest/Large/16.04.TcoSL.2.1.2_TestLR.txt,2025-12-29 23:20:18.582801
0.1.1.1.0.0.searchglobal.0,Small,16,4,TcoSL,2,1,2,TestLA,0.52369,0.5319091619299049,0.3949,0.4532776253716096,0.47631,/gpfs/projects/HeinzGroup/caffeine_underground/mlrt/FlexFringe/FlexFringe/models-ps-small/0.1.1.1.0.0.searchglobal.0.ini/0.1.1.1.0.0.searchglobal.0_16.04.TcoSL.2.1.2_Small.final.json,/gpfs/projects/HeinzGroup/asoubki/FlexFringe/data/MLRegTest/Large/16.04.TcoSL.2.1.2_TestLA.txt,2025-12-29 23:20:18.582801
0.1.1.1.0.0.searchglobal.0,Small,16,4,TcoSL,2,1,2,Dev,0.57461,0.5943642020590393,0.46994,0.5248790948588788,0.42539,/gpfs/projects/HeinzGroup/caffeine_underground/mlrt/FlexFringe/FlexFringe/models-ps-small/0.1.1.1.0.0.searchglobal.0.ini/0.1.1.1.0.0.searchglobal.0_16.04.TcoSL.2.1.2_Small.final.json,/gpfs/projects/HeinzGroup/asoubki/FlexFringe/data/MLRegTest/Large/16.04.TcoSL.2.1.2_Dev.txt,2025-12-29 23:20:18.582801
0.1.1.1.0.0.searchglobal.0,Small,16,4,TcoSL,2,1,2,Train,0.553,0.5681233933161953,0.442,0.49718785151856015,0.447,/gpfs/projects/HeinzGroup/caffeine_underground/mlrt/FlexFringe/FlexFringe/models-ps-small/0.1.1.1.0.0.searchglobal.0.ini/0.1.1.1.0.0.searchglobal.0_16.04.TcoSL.2.1.2_Small.final.json,/gpfs/projects/HeinzGroup/asoubki/FlexFringe/data/MLRegTest/Small/16.04.TcoSL.2.1.2_Train.txt,2025-12-29 23:20:18.582801
0.1.1.1.0.0.searchglobal.0,Small,16,4,TcoSL,2,1,3,TestLA,0.50435,0.5060823848541626,0.36194,0.4220431674809641,0.49565,/gpfs/projects/HeinzGroup/caffeine_underground/mlrt/FlexFringe/FlexFringe/models-ps-small/0.1.1.1.0.0.searchglobal.0.ini/0.1.1.1.0.0.searchglobal.0_16.04.TcoSL.2.1.3_Small.final.json,/gpfs/projects/HeinzGroup/asoubki/FlexFringe/data/MLRegTest/Large/16.04.TcoSL.2.1.3_TestLA.txt,2025-12-29 22:03:14.818371
0.1.1.1.0.0.searchglobal.0,Small,16,4,TcoSL,2,1,3,TestSA,0.51195,0.5160209143316798,0.3849,0.4409187238673464,0.48805,/gpfs/projects/HeinzGroup/caffeine_underground/mlrt/FlexFringe/FlexFringe/models-ps-small/0.1.1.1.0.0.searchglobal.0.ini/0.1.1.1.0.0.searchglobal.0_16.04.TcoSL.2.1.3_Small.final.json,/gpfs/projects/HeinzGroup/asoubki/FlexFringe/data/MLRegTest/Large/16.04.TcoSL.2.1.3_TestSA.txt,2025-12-29 22:03:14.818371
0.1.1.1.0.0.searchglobal.0,Small,16,4,TcoSL,2,1,3,TestLR,0.5188,0.5257746092678914,0.3835,0.4435064184110096,0.4812,/gpfs/projects/HeinzGroup/caffeine_underground/mlrt/FlexFringe/FlexFringe/models-ps-small/0.1.1.1.0.0.searchglobal.0.ini/0.1.1.1.0.0.searchglobal.0_16.04.TcoSL.2.1.3_Small.final.json,/gpfs/projects/HeinzGroup/asoubki/FlexFringe/data/MLRegTest/Large/16.04.TcoSL.2.1.3_TestLR.txt,2025-12-29 22:03:14.818371
0.1.1.1.0.0.searchglobal.0,Small,16,4,TcoSL,2,1,3,TestSR,0.52744,0.536745406824147,0.40082,0.45892967551352215,0.47256,/gpfs/projects/HeinzGroup/caffeine_underground/mlrt/FlexFringe/FlexFringe/models-ps-small/0.1.1.1.0.0.searchglobal.0.ini/0.1.1.1.0.0.searchglobal.0_16.04.TcoSL.2.1.3_Small.final.json,/gpfs/projects/HeinzGroup/asoubki/FlexFringe/data/MLRegTest/Large/16.04.TcoSL.2.1.3_TestSR.txt,2025-12-29 22:03:14.818371
0.1.1.1.0.0.searchglobal.0,Small,16,4,TcoSL,2,1,3,Dev,0.5264,0.5348505650015841,0.40516,0.4610587646228777,0.4736,/gpfs/projects/HeinzGroup/caffeine_underground/mlrt/FlexFringe/FlexFringe/models-ps-small/0.1.1.1.0.0.searchglobal.0.ini/0.1.1.1.0.0.searchglobal.0_16.04.TcoSL.2.1.3_Small.final.json,/gpfs/projects/HeinzGroup/asoubki/FlexFringe/data/MLRegTest/Large/16.04.TcoSL.2.1.3_Dev.txt,2025-12-29 22:03:14.818371
0.1.1.1.0.0.searchglobal.0,Small,16,4,TcoSL,2,1,3,Train,0.531,0.5404699738903395,0.414,0.46885617214043035,0.469,/gpfs/projects/HeinzGroup/caffeine_underground/mlrt/FlexFringe/FlexFringe/models-ps-small/0.1.1.1.0.0.searchglobal.0.ini/0.1.1.1.0.0.searchglobal.0_16.04.TcoSL.2.1.3_Small.final.json,/gpfs/projects/HeinzGroup/asoubki/FlexFringe/data/MLRegTest/Small/16.04.TcoSL.2.1.3_Train.txt,2025-12-29 22:03:14.818371
0.1.1.1.0.0.searchglobal.0,Small,16,4,TcoSL,2,1,4,TestSA,0.52182,0.5142465395664665,0.78762,0.6222310001580028,0.47818,/gpfs/projects/HeinzGroup/caffeine_underground/mlrt/FlexFringe/FlexFringe/models-ps-small/0.1.1.1.0.0.searchglobal.0.ini/0.1.1.1.0.0.searchglobal.0_16.04.TcoSL.2.1.4_Small.final.json,/gpfs/projects/HeinzGroup/asoubki/FlexFringe/data/MLRegTest/Large/16.04.TcoSL.2.1.4_TestSA.txt,2025-12-29 23:12:20.024401
0.1.1.1.0.0.searchglobal.0,Small,16,4,TcoSL,2,1,4,TestLR,0.49228,0.49507338864071476,0.77578,0.6044253992987924,0.50772,/gpfs/projects/HeinzGroup/caffeine_underground/mlrt/FlexFringe/FlexFringe/models-ps-small/0.1.1.1.0.0.searchglobal.0.ini/0.1.1.1.0.0.searchglobal.0_16.04.TcoSL.2.1.4_Small.final.json,/gpfs/projects/HeinzGroup/asoubki/FlexFringe/data/MLRegTest/Large/16.04.TcoSL.2.1.4_TestLR.txt,2025-12-29 23:12:20.024401
0.1.1.1.0.0.searchglobal.0,Small,16,4,TcoSL,2,1,4,TestLA,0.5104,0.5067444876783398,0.7814,0.6147915027537372,0.4896,/gpfs/projects/HeinzGroup/caffeine_underground/mlrt/FlexFringe/FlexFringe/models-ps-small/0.1.1.1.0.0.searchglobal.0.ini/0.1.1.1.0.0.searchglobal.0_16.04.TcoSL.2.1.4_Small.final.json,/gpfs/projects/HeinzGroup/asoubki/FlexFringe/data/MLRegTest/Large/16.04.TcoSL.2.1.4_TestLA.txt,2025-12-29 23:12:20.024401
0.1.1.1.0.0.searchglobal.0,Small,16,4,TcoSL,2,1,4,TestSR,0.50117,0.5007448528756414,0.78656,0.6119232295256692,0.49883,/gpfs/projects/HeinzGroup/caffeine_underground/mlrt/FlexFringe/FlexFringe/models-ps-small/0.1.1.1.0.0.searchglobal.0.ini/0.1.1.1.0.0.searchglobal.0_16.04.TcoSL.2.1.4_Small.final.json,/gpfs/projects/HeinzGroup/asoubki/FlexFringe/data/MLRegTest/Large/16.04.TcoSL.2.1.4_TestSR.txt,2025-12-29 23:12:20.024401
0.1.1.1.0.0.searchglobal.0,Small,16,4,TcoSL,2,1,4,Dev,0.50331,0.5020994278900432,0.79162,0.6144639100837531,0.49669,/gpfs/projects/HeinzGroup/caffeine_underground/mlrt/FlexFringe/FlexFringe/models-ps-small/0.1.1.1.0.0.searchglobal.0.ini/0.1.1.1.0.0.searchglobal.0_16.04.TcoSL.2.1.4_Small.final.json,/gpfs/projects/HeinzGroup/asoubki/FlexFringe/data/MLRegTest/Large/16.04.TcoSL.2.1.4_Dev.txt,2025-12-29 23:12:20.024401
0.1.1.1.0.0.searchglobal.0,Small,16,4,TcoSL,2,1,4,Train,0.512,0.5079365079365079,0.768,0.6114649681528662,0.488,/gpfs/projects/HeinzGroup/caffeine_underground/mlrt/FlexFringe/FlexFringe/models-ps-small/0.1.1.1.0.0.searchglobal.0.ini/0.1.1.1.0.0.searchglobal.0_16.04.TcoSL.2.1.4_Small.final.json,/gpfs/projects/HeinzGroup/asoubki/FlexFringe/data/MLRegTest/Small/16.04.TcoSL.2.1.4_Train.txt,2025-12-29 23:12:20.024401
0.1.1.1.0.0.searchglobal.0,Small,16,4,TcoSL,2,1,5,TestLR,0.50933,0.5063791382351734,0.74062,0.6014992406338068,0.49067,/gpfs/projects/HeinzGroup/caffeine_underground/mlrt/FlexFringe/FlexFringe/models-ps-small/0.1.1.1.0.0.searchglobal.0.ini/0.1.1.1.0.0.searchglobal.0_16.04.TcoSL.2.1.5_Small.final.json,/gpfs/projects/HeinzGroup/asoubki/FlexFringe/data/MLRegTest/Large/16.04.TcoSL.2.1.5_TestLR.txt,2025-12-29 22:55:59.756091
0.1.1.1.0.0.searchglobal.0,Small,16,4,TcoSL,2,1,5,TestLA,0.51113,0.5076918824033504,0.73462,0.6004299176944642,0.48887,/gpfs/projects/HeinzGroup/caffeine_underground/mlrt/FlexFringe/FlexFringe/models-ps-small/0.1.1.1.0.0.searchglobal.0.ini/0.1.1.1.0.0.searchglobal.0_16.04.TcoSL.2.1.5_Small.final.json,/gpfs/projects/HeinzGroup/asoubki/FlexFringe/data/MLRegTest/Large/16.04.TcoSL.2.1.5_TestLA.txt,2025-12-29 22:55:59.756091
0.1.1.1.0.0.searchglobal.0,Small,16,4,TcoSL,2,1,5,TestSR,0.51883,0.5127822202913505,0.7554,0.6108833305029234,0.48117,/gpfs/projects/HeinzGroup/caffeine_underground/mlrt/FlexFringe/FlexFringe/models-ps-small/0.1.1.1.0.0.searchglobal.0.ini/0.1.1.1.0.0.searchglobal.0_16.04.TcoSL.2.1.5_Small.final.json,/gpfs/projects/HeinzGroup/asoubki/FlexFringe/data/MLRegTest/Large/16.04.TcoSL.2.1.5_TestSR.txt,2025-12-29 22:55:59.756091
0.1.1.1.0.0.searchglobal.0,Small,16,4,TcoSL,2,1,5,TestSA,0.51794,0.5125609141320786,0.73206,0.6029552268309557,0.48206,/gpfs/projects/HeinzGroup/caffeine_underground/mlrt/FlexFringe/FlexFringe/models-ps-small/0.1.1.1.0.0.searchglobal.0.ini/0.1.1.1.0.0.searchglobal.0_16.04.TcoSL.2.1.5_Small.final.json,/gpfs/projects/HeinzGroup/asoubki/FlexFringe/data/MLRegTest/Large/16.04.TcoSL.2.1.5_TestSA.txt,2025-12-29 22:55:59.756091
0.1.1.1.0.0.searchglobal.0,Small,16,4,TcoSL,2,1,5,Dev,0.5183,0.512433754586221,0.7542,0.6102435472125577,0.4817,/gpfs/projects/HeinzGroup/caffeine_underground/mlrt/FlexFringe/FlexFringe/models-ps-small/0.1.1.1.0.0.searchglobal.0.ini/0.1.1.1.0.0.searchglobal.0_16.04.TcoSL.2.1.5_Small.final.json,/gpfs/projects/HeinzGroup/asoubki/FlexFringe/data/MLRegTest/Large/16.04.TcoSL.2.1.5_Dev.txt,2025-12-29 22:55:59.756091
0.1.1.1.0.0.searchglobal.0,Small,16,4,TcoSL,2,1,5,Train,0.519,0.5131761442441054,0.74,0.6060606060606061,0.481,/gpfs/projects/HeinzGroup/caffeine_underground/mlrt/FlexFringe/FlexFringe/models-ps-small/0.1.1.1.0.0.searchglobal.0.ini/0.1.1.1.0.0.searchglobal.0_16.04.TcoSL.2.1.5_Small.final.json,/gpfs/projects/HeinzGroup/asoubki/FlexFringe/data/MLRegTest/Small/16.04.TcoSL.2.1.5_Train.txt,2025-12-29 22:55:59.756091
0.1.1.1.0.0.searchglobal.0,Small,16,4,TcoSL,2,1,6,TestSR,0.50629,0.5041471616008439,0.76464,0.6076528787698177,0.49371,/gpfs/projects/HeinzGroup/caffeine_underground/mlrt/FlexFringe/FlexFringe/models-ps-small/0.1.1.1.0.0.searchglobal.0.ini/0.1.1.1.0.0.searchglobal.0_16.04.TcoSL.2.1.6_Small.final.json,/gpfs/projects/HeinzGroup/asoubki/FlexFringe/data/MLRegTest/Large/16.04.TcoSL.2.1.6_TestSR.txt,2025-12-29 22:40:17.843002
0.1.1.1.0.0.searchglobal.0,Small,16,4,TcoSL,2,1,6,TestSA,0.51142,0.5077335644824877,0.74976,0.6054556906826881,0.48858,/gpfs/projects/HeinzGroup/caffeine_underground/mlrt/FlexFringe/FlexFringe/models-ps-small/0.1.1.1.0.0.searchglobal.0.ini/0.1.1.1.0.0.searchglobal.0_16.04.TcoSL.2.1.6_Small.final.json,/gpfs/projects/HeinzGroup/asoubki/FlexFringe/data/MLRegTest/Large/16.04.TcoSL.2.1.6_TestSA.txt,2025-12-29 22:40:17.843002
0.1.1.1.0.0.searchglobal.0,Small,16,4,TcoSL,2,1,6,TestLA,0.50258,0.5017147414595241,0.75488,0.6027948574622695,0.49742,/gpfs/projects/HeinzGroup/caffeine_underground/mlrt/FlexFringe/FlexFringe/models-ps-small/0.1.1.1.0.0.searchglobal.0.ini/0.1.1.1.0.0.searchglobal.0_16.04.TcoSL.2.1.6_Small.final.json,/gpfs/projects/HeinzGroup/asoubki/FlexFringe/data/MLRegTest/Large/16.04.TcoSL.2.1.6_TestLA.txt,2025-12-29 22:40:17.843002
0.1.1.1.0.0.searchglobal.0,Small,16,4,TcoSL,2,1,6,TestLR,0.48914,0.49286821298169115,0.75052,0.5949991279392411,0.51086,/gpfs/projects/HeinzGroup/caffeine_underground/mlrt/FlexFringe/FlexFringe/models-ps-small/0.1.1.1.0.0.searchglobal.0.ini/0.1.1.1.0.0.searchglobal.0_16.04.TcoSL.2.1.6_Small.final.json,/gpfs/projects/HeinzGroup/asoubki/FlexFringe/data/MLRegTest/Large/16.04.TcoSL.2.1.6_TestLR.txt,2025-12-29 22:40:17.843002
0.1.1.1.0.0.searchglobal.0,Small,16,4,TcoSL,2,1,6,Dev,0.50449,0.5029606087380817,0.76278,0.6062036573444913,0.49551,/gpfs/projects/HeinzGroup/caffeine_underground/mlrt/FlexFringe/FlexFringe/models-ps-small/0.1.1.1.0.0.searchglobal.0.ini/0.1.1.1.0.0.searchglobal.0_16.04.TcoSL.2.1.6_Small.final.json,/gpfs/projects/HeinzGroup/asoubki/FlexFringe/data/MLRegTest/Large/16.04.TcoSL.2.1.6_Dev.txt,2025-12-29 22:40:17.843002
0.1.1.1.0.0.searchglobal.0,Small,16,4,TcoSL,2,1,6,Train,0.48,0.4868073878627968,0.738,0.5866454689984102,0.52,/gpfs/projects/HeinzGroup/caffeine_underground/mlrt/FlexFringe/FlexFringe/models-ps-small/0.1.1.1.0.0.searchglobal.0.ini/0.1.1.1.0.0.searchglobal.0_16.04.TcoSL.2.1.6_Small.final.json,/gpfs/projects/HeinzGroup/asoubki/FlexFringe/data/MLRegTest/Small/16.04.TcoSL.2.1.6_Train.txt,2025-12-29 22:40:17.843002
0.1.1.1.0.0.searchglobal.0,Small,16,4,TcoSL,2,1,7,TestLR,0.51297,0.5088038446396329,0.74958,0.6061571554491715,0.48703,/gpfs/projects/HeinzGroup/caffeine_underground/mlrt/FlexFringe/FlexFringe/models-ps-small/0.1.1.1.0.0.searchglobal.0.ini/0.1.1.1.0.0.searchglobal.0_16.04.TcoSL.2.1.7_Small.final.json,/gpfs/projects/HeinzGroup/asoubki/FlexFringe/data/MLRegTest/Large/16.04.TcoSL.2.1.7_TestLR.txt,2025-12-29 22:35:44.428135
0.1.1.1.0.0.searchglobal.0,Small,16,4,TcoSL,2,1,7,TestSA,0.50775,0.5052655895421995,0.74366,0.6017104805366087,0.49225,/gpfs/projects/HeinzGroup/caffeine_underground/mlrt/FlexFringe/FlexFringe/models-ps-small/0.1.1.1.0.0.searchglobal.0.ini/0.1.1.1.0.0.searchglobal.0_16.04.TcoSL.2.1.7_Small.final.json,/gpfs/projects/HeinzGroup/asoubki/FlexFringe/data/MLRegTest/Large/16.04.TcoSL.2.1.7_TestSA.txt,2025-12-29 22:35:44.428135
0.1.1.1.0.0.searchglobal.0,Small,16,4,TcoSL,2,1,7,TestLA,0.50415,0.5028325711555526,0.7367,0.5977039471015375,0.49585,/gpfs/projects/HeinzGroup/caffeine_underground/mlrt/FlexFringe/FlexFringe/models-ps-small/0.1.1.1.0.0.searchglobal.0.ini/0.1.1.1.0.0.searchglobal.0_16.04.TcoSL.2.1.7_Small.final.json,/gpfs/projects/HeinzGroup/asoubki/FlexFringe/data/MLRegTest/Large/16.04.TcoSL.2.1.7_TestLA.txt,2025-12-29 22:35:44.428135
0.1.1.1.0.0.searchglobal.0,Small,16,4,TcoSL,2,1,7,TestSR,0.51523,0.510252716330295,0.75796,0.6099152671940004,0.48477,/gpfs/projects/HeinzGroup/caffeine_underground/mlrt/FlexFringe/FlexFringe/models-ps-small/0.1.1.1.0.0.searchglobal.0.ini/0.1.1.1.0.0.searchglobal.0_16.04.TcoSL.2.1.7_Small.final.json,/gpfs/projects/HeinzGroup/asoubki/FlexFringe/data/MLRegTest/Large/16.04.TcoSL.2.1.7_TestSR.txt,2025-12-29 22:35:44.428135
0.1.1.1.0.0.searchglobal.0,Small,16,4,TcoSL,2,1,7,Dev,0.51516,0.5102073794775115,0.75776,0.6098181232898761,0.48484,/gpfs/projects/HeinzGroup/caffeine_underground/mlrt/FlexFringe/FlexFringe/models-ps-small/0.1.1.1.0.0.searchglobal.0.ini/0.1.1.1.0.0.searchglobal.0_16.04.TcoSL.2.1.7_Small.final.json,/gpfs/projects/HeinzGroup/asoubki/FlexFringe/data/MLRegTest/Large/16.04.TcoSL.2.1.7_Dev.txt,2025-12-29 22:35:44.428135
0.1.1.1.0.0.searchglobal.0,Small,16,4,TcoSL,2,1,7,Train,0.536,0.5244565217391305,0.772,0.6245954692556634,0.464,/gpfs/projects/HeinzGroup/caffeine_underground/mlrt/FlexFringe/FlexFringe/models-ps-small/0.1.1.1.0.0.searchglobal.0.ini/0.1.1.1.0.0.searchglobal.0_16.04.TcoSL.2.1.7_Small.final.json,/gpfs/projects/HeinzGroup/asoubki/FlexFringe/data/MLRegTest/Small/16.04.TcoSL.2.1.7_Train.txt,2025-12-29 22:35:44.428135
0.1.1.1.0.0.searchglobal.0,Small,16,4,TcoSL,2,1,8,TestLR,0.42538,0.4489645172762837,0.65644,0.5332315240524426,0.57462,/gpfs/projects/HeinzGroup/caffeine_underground/mlrt/FlexFringe/FlexFringe/models-ps-small/0.1.1.1.0.0.searchglobal.0.ini/0.1.1.1.0.0.searchglobal.0_16.04.TcoSL.2.1.8_Small.final.json,/gpfs/projects/HeinzGroup/asoubki/FlexFringe/data/MLRegTest/Large/16.04.TcoSL.2.1.8_TestLR.txt,2025-12-29 22:55:50.431381
0.1.1.1.0.0.searchglobal.0,Small,16,4,TcoSL,2,1,8,TestLA,0.45107,0.4674143235791633,0.70186,0.5611333637141327,0.54893,/gpfs/projects/HeinzGroup/caffeine_underground/mlrt/FlexFringe/FlexFringe/models-ps-small/0.1.1.1.0.0.searchglobal.0.ini/0.1.1.1.0.0.searchglobal.0_16.04.TcoSL.2.1.8_Small.final.json,/gpfs/projects/HeinzGroup/asoubki/FlexFringe/data/MLRegTest/Large/16.04.TcoSL.2.1.8_TestLA.txt,2025-12-29 22:55:50.431381
0.1.1.1.0.0.searchglobal.0,Small,16,4,TcoSL,2,1,8,TestSR,0.42454,0.44909056563039723,0.66566,0.5363381461905375,0.57546,/gpfs/projects/HeinzGroup/caffeine_underground/mlrt/FlexFringe/FlexFringe/models-ps-small/0.1.1.1.0.0.searchglobal.0.ini/0.1.1.1.0.0.searchglobal.0_16.04.TcoSL.2.1.8_Small.final.json,/gpfs/projects/HeinzGroup/asoubki/FlexFringe/data/MLRegTest/Large/16.04.TcoSL.2.1.8_TestSR.txt,2025-12-29 22:55:50.431381
0.1.1.1.0.0.searchglobal.0,Small,16,4,TcoSL,2,1,8,TestSA,0.45012,0.46699049686317073,0.70566,0.5620370517864823,0.54988,/gpfs/projects/HeinzGroup/caffeine_underground/mlrt/FlexFringe/FlexFringe/models-ps-small/0.1.1.1.0.0.searchglobal.0.ini/0.1.1.1.0.0.searchglobal.0_16.04.TcoSL.2.1.8_Small.final.json,/gpfs/projects/HeinzGroup/asoubki/FlexFringe/data/MLRegTest/Large/16.04.TcoSL.2.1.8_TestSA.txt,2025-12-29 22:55:50.431381
0.1.1.1.0.0.searchglobal.0,Small,16,4,TcoSL,2,1,8,Dev,0.42744,0.45084277274944445,0.66548,0.5375270588995509,0.57256,/gpfs/projects/HeinzGroup/caffeine_underground/mlrt/FlexFringe/FlexFringe/models-ps-small/0.1.1.1.0.0.searchglobal.0.ini/0.1.1.1.0.0.searchglobal.0_16.04.TcoSL.2.1.8_Small.final.json,/gpfs/projects/HeinzGroup/asoubki/FlexFringe/data/MLRegTest/Large/16.04.TcoSL.2.1.8_Dev.txt,2025-12-29 22:55:50.431381
0.1.1.1.0.0.searchglobal.0,Small,16,4,TcoSL,2,1,8,Train,0.454,0.46965699208443273,0.712,0.5659777424483307,0.546,/gpfs/projects/HeinzGroup/caffeine_underground/mlrt/FlexFringe/FlexFringe/models-ps-small/0.1.1.1.0.0.searchglobal.0.ini/0.1.1.1.0.0.searchglobal.0_16.04.TcoSL.2.1.8_Small.final.json,/gpfs/projects/HeinzGroup/asoubki/FlexFringe/data/MLRegTest/Small/16.04.TcoSL.2.1.8_Train.txt,2025-12-29 22:55:50.431381
0.1.1.1.0.0.searchglobal.0,Small,16,4,TcoSL,2,1,9,TestSA,0.44393,0.4676550331698875,0.81068,0.5931443204682642,0.55607,/gpfs/projects/HeinzGroup/caffeine_underground/mlrt/FlexFringe/FlexFringe/models-ps-small/0.1.1.1.0.0.searchglobal.0.ini/0.1.1.1.0.0.searchglobal.0_16.04.TcoSL.2.1.9_Small.final.json,/gpfs/projects/HeinzGroup/asoubki/FlexFringe/data/MLRegTest/Large/16.04.TcoSL.2.1.9_TestSA.txt,2025-12-29 23:17:03.968676
0.1.1.1.0.0.searchglobal.0,Small,16,4,TcoSL,2,1,9,TestLR,0.4048,0.4417423445034636,0.72186,0.5480843697325862,0.5952,/gpfs/projects/HeinzGroup/caffeine_underground/mlrt/FlexFringe/FlexFringe/models-ps-small/0.1.1.1.0.0.searchglobal.0.ini/0.1.1.1.0.0.searchglobal.0_16.04.TcoSL.2.1.9_Small.final.json,/gpfs/projects/HeinzGroup/asoubki/FlexFringe/data/MLRegTest/Large/16.04.TcoSL.2.1.9_TestLR.txt,2025-12-29 23:17:03.968676
0.1.1.1.0.0.searchglobal.0,Small,16,4,TcoSL,2,1,9,TestLA,0.44709,0.4688834260577047,0.79728,0.5904946711203608,0.55291,/gpfs/projects/HeinzGroup/caffeine_underground/mlrt/FlexFringe/FlexFringe/models-ps-small/0.1.1.1.0.0.searchglobal.0.ini/0.1.1.1.0.0.searchglobal.0_16.04.TcoSL.2.1.9_Small.final.json,/gpfs/projects/HeinzGroup/asoubki/FlexFringe/data/MLRegTest/Large/16.04.TcoSL.2.1.9_TestLA.txt,2025-12-29 23:17:03.968676
0.1.1.1.0.0.searchglobal.0,Small,16,4,TcoSL,2,1,9,TestSR,0.40399,0.44244487872720517,0.73806,0.5532393352672649,0.59601,/gpfs/projects/HeinzGroup/caffeine_underground/mlrt/FlexFringe/FlexFringe/models-ps-small/0.1.1.1.0.0.searchglobal.0.ini/0.1.1.1.0.0.searchglobal.0_16.04.TcoSL.2.1.9_Small.final.json,/gpfs/projects/HeinzGroup/asoubki/FlexFringe/data/MLRegTest/Large/16.04.TcoSL.2.1.9_TestSR.txt,2025-12-29 23:17:03.968676
0.1.1.1.0.0.searchglobal.0,Small,16,4,TcoSL,2,1,9,Dev,0.40305,0.4417822614543926,0.7357,0.5520579296889656,0.59695,/gpfs/projects/HeinzGroup/caffeine_underground/mlrt/FlexFringe/FlexFringe/models-ps-small/0.1.1.1.0.0.searchglobal.0.ini/0.1.1.1.0.0.searchglobal.0_16.04.TcoSL.2.1.9_Small.final.json,/gpfs/projects/HeinzGroup/asoubki/FlexFringe/data/MLRegTest/Large/16.04.TcoSL.2.1.9_Dev.txt,2025-12-29 23:17:03.968676
0.1.1.1.0.0.searchglobal.0,Small,16,4,TcoSL,2,1,9,Train,0.409,0.44563918757467147,0.746,0.5579655946148093,0.591,/gpfs/projects/HeinzGroup/caffeine_underground/mlrt/FlexFringe/FlexFringe/models-ps-small/0.1.1.1.0.0.searchglobal.0.ini/0.1.1.1.0.0.searchglobal.0_16.04.TcoSL.2.1.9_Small.final.json,/gpfs/projects/HeinzGroup/asoubki/FlexFringe/data/MLRegTest/Small/16.04.TcoSL.2.1.9_Train.txt,2025-12-29 23:17:03.968676
0.1.1.1.0.0.searchglobal.0,Small,16,4,TcoSL,4,1,0,TestLR,0.61569,0.6629666150161995,0.47064,0.5504883326510323,0.38431,/gpfs/projects/HeinzGroup/caffeine_underground/mlrt/FlexFringe/FlexFringe/models-ps-small/0.1.1.1.0.0.searchglobal.0.ini/0.1.1.1.0.0.searchglobal.0_16.04.TcoSL.4.1.0_Small.final.json,/gpfs/projects/HeinzGroup/asoubki/FlexFringe/data/MLRegTest/Large/16.04.TcoSL.4.1.0_TestLR.txt,2025-12-29 22:26:21.991926
0.1.1.1.0.0.searchglobal.0,Small,16,4,TcoSL,4,1,0,TestSR,0.68494,0.73910120494389,0.57168,0.6446985587658164,0.31506,/gpfs/projects/HeinzGroup/caffeine_underground/mlrt/FlexFringe/FlexFringe/models-ps-small/0.1.1.1.0.0.searchglobal.0.ini/0.1.1.1.0.0.searchglobal.0_16.04.TcoSL.4.1.0_Small.final.json,/gpfs/projects/HeinzGroup/asoubki/FlexFringe/data/MLRegTest/Large/16.04.TcoSL.4.1.0_TestSR.txt,2025-12-29 22:26:21.991926
0.1.1.1.0.0.searchglobal.0,Small,16,4,TcoSL,4,1,0,TestSA,0.52752,0.5258598007893253,0.55962,0.5422149016568162,0.47248,/gpfs/projects/HeinzGroup/caffeine_underground/mlrt/FlexFringe/FlexFringe/models-ps-small/0.1.1.1.0.0.searchglobal.0.ini/0.1.1.1.0.0.searchglobal.0_16.04.TcoSL.4.1.0_Small.final.json,/gpfs/projects/HeinzGroup/asoubki/FlexFringe/data/MLRegTest/Large/16.04.TcoSL.4.1.0_TestSA.txt,2025-12-29 22:26:21.991926
0.1.1.1.0.0.searchglobal.0,Small,16,4,TcoSL,4,1,0,TestLA,0.51777,0.5200614147982568,0.46066,0.48856176224161885,0.48223,/gpfs/projects/HeinzGroup/caffeine_underground/mlrt/FlexFringe/FlexFringe/models-ps-small/0.1.1.1.0.0.searchglobal.0.ini/0.1.1.1.0.0.searchglobal.0_16.04.TcoSL.4.1.0_Small.final.json,/gpfs/projects/HeinzGroup/asoubki/FlexFringe/data/MLRegTest/Large/16.04.TcoSL.4.1.0_TestLA.txt,2025-12-29 22:26:21.991926
0.1.1.1.0.0.searchglobal.0,Small,16,4,TcoSL,4,1,0,Dev,0.68263,0.7358890237916871,0.56974,0.642242788380246,0.31737,/gpfs/projects/HeinzGroup/caffeine_underground/mlrt/FlexFringe/FlexFringe/models-ps-small/0.1.1.1.0.0.searchglobal.0.ini/0.1.1.1.0.0.searchglobal.0_16.04.TcoSL.4.1.0_Small.final.json,/gpfs/projects/HeinzGroup/asoubki/FlexFringe/data/MLRegTest/Large/16.04.TcoSL.4.1.0_Dev.txt,2025-12-29 22:26:21.991926
0.1.1.1.0.0.searchglobal.0,Small,16,4,TcoSL,4,1,0,Train,0.691,0.7480519480519481,0.576,0.6508474576271186,0.309,/gpfs/projects/HeinzGroup/caffeine_underground/mlrt/FlexFringe/FlexFringe/models-ps-small/0.1.1.1.0.0.searchglobal.0.ini/0.1.1.1.0.0.searchglobal.0_16.04.TcoSL.4.1.0_Small.final.json,/gpfs/projects/HeinzGroup/asoubki/FlexFringe/data/MLRegTest/Small/16.04.TcoSL.4.1.0_Train.txt,2025-12-29 22:26:21.991926
0.1.1.1.0.0.searchglobal.0,Small,16,4,TcoSL,4,1,1,TestLR,0.52489,0.5398737624555445,0.337,0.41496841560872294,0.47511,/gpfs/projects/HeinzGroup/caffeine_underground/mlrt/FlexFringe/FlexFringe/models-ps-small/0.1.1.1.0.0.searchglobal.0.ini/0.1.1.1.0.0.searchglobal.0_16.04.TcoSL.4.1.1_Small.final.json,/gpfs/projects/HeinzGroup/asoubki/FlexFringe/data/MLRegTest/Large/16.04.TcoSL.4.1.1_TestLR.txt,2025-12-29 22:50:07.432114
0.1.1.1.0.0.searchglobal.0,Small,16,4,TcoSL,4,1,1,TestSA,0.52845,0.5405166766356205,0.37954,0.44594578716704464,0.47155,/gpfs/projects/HeinzGroup/caffeine_underground/mlrt/FlexFringe/FlexFringe/models-ps-small/0.1.1.1.0.0.searchglobal.0.ini/0.1.1.1.0.0.searchglobal.0_16.04.TcoSL.4.1.1_Small.final.json,/gpfs/projects/HeinzGroup/asoubki/FlexFringe/data/MLRegTest/Large/16.04.TcoSL.4.1.1_TestSA.txt,2025-12-29 22:50:07.432114
0.1.1.1.0.0.searchglobal.0,Small,16,4,TcoSL,4,1,1,TestLA,0.51372,0.5211597779148673,0.33792,0.4099975734045135,0.48628,/gpfs/projects/HeinzGroup/caffeine_underground/mlrt/FlexFringe/FlexFringe/models-ps-small/0.1.1.1.0.0.searchglobal.0.ini/0.1.1.1.0.0.searchglobal.0_16.04.TcoSL.4.1.1_Small.final.json,/gpfs/projects/HeinzGroup/asoubki/FlexFringe/data/MLRegTest/Large/16.04.TcoSL.4.1.1_TestLA.txt,2025-12-29 22:50:07.432114
0.1.1.1.0.0.searchglobal.0,Small,16,4,TcoSL,4,1,1,TestSR,0.55451,0.582950360653742,0.38308,0.462338728170221,0.44549,/gpfs/projects/HeinzGroup/caffeine_underground/mlrt/FlexFringe/FlexFringe/models-ps-small/0.1.1.1.0.0.searchglobal.0.ini/0.1.1.1.0.0.searchglobal.0_16.04.TcoSL.4.1.1_Small.final.json,/gpfs/projects/HeinzGroup/asoubki/FlexFringe/data/MLRegTest/Large/16.04.TcoSL.4.1.1_TestSR.txt,2025-12-29 22:50:07.432114
0.1.1.1.0.0.searchglobal.0,Small,16,4,TcoSL,4,1,1,Dev,0.5558,0.5854884176982473,0.38216,0.46246188102037855,0.4442,/gpfs/projects/HeinzGroup/caffeine_underground/mlrt/FlexFringe/FlexFringe/models-ps-small/0.1.1.1.0.0.searchglobal.0.ini/0.1.1.1.0.0.searchglobal.0_16.04.TcoSL.4.1.1_Small.final.json,/gpfs/projects/HeinzGroup/asoubki/FlexFringe/data/MLRegTest/Large/16.04.TcoSL.4.1.1_Dev.txt,2025-12-29 22:50:07.432114
0.1.1.1.0.0.searchglobal.0,Small,16,4,TcoSL,4,1,1,Train,0.571,0.6179401993355482,0.372,0.46441947565543074,0.429,/gpfs/projects/HeinzGroup/caffeine_underground/mlrt/FlexFringe/FlexFringe/models-ps-small/0.1.1.1.0.0.searchglobal.0.ini/0.1.1.1.0.0.searchglobal.0_16.04.TcoSL.4.1.1_Small.final.json,/gpfs/projects/HeinzGroup/asoubki/FlexFringe/data/MLRegTest/Small/16.04.TcoSL.4.1.1_Train.txt,2025-12-29 22:50:07.432114
0.1.1.1.0.0.searchglobal.0,Small,16,4,TcoSL,4,1,2,TestLR,0.65998,0.6927562774109596,0.57496,0.6283853198977026,0.34002,/gpfs/projects/HeinzGroup/caffeine_underground/mlrt/FlexFringe/FlexFringe/models-ps-small/0.1.1.1.0.0.searchglobal.0.ini/0.1.1.1.0.0.searchglobal.0_16.04.TcoSL.4.1.2_Small.final.json,/gpfs/projects/HeinzGroup/asoubki/FlexFringe/data/MLRegTest/Large/16.04.TcoSL.4.1.2_TestLR.txt,2025-12-29 22:14:08.984171
0.1.1.1.0.0.searchglobal.0,Small,16,4,TcoSL,4,1,2,TestSR,0.74777,0.7797953790907243,0.69054,0.7324586060226779,0.25223,/gpfs/projects/HeinzGroup/caffeine_underground/mlrt/FlexFringe/FlexFringe/models-ps-small/0.1.1.1.0.0.searchglobal.0.ini/0.1.1.1.0.0.searchglobal.0_16.04.TcoSL.4.1.2_Small.final.json,/gpfs/projects/HeinzGroup/asoubki/FlexFringe/data/MLRegTest/Large/16.04.TcoSL.4.1.2_TestSR.txt,2025-12-29 22:14:08.984171
0.1.1.1.0.0.searchglobal.0,Small,16,4,TcoSL,4,1,2,TestLA,0.57279,0.5730104916848884,0.57128,0.5721439373453916,0.42721,/gpfs/projects/HeinzGroup/caffeine_underground/mlrt/FlexFringe/FlexFringe/models-ps-small/0.1.1.1.0.0.searchglobal.0.ini/0.1.1.1.0.0.searchglobal.0_16.04.TcoSL.4.1.2_Small.final.json,/gpfs/projects/HeinzGroup/asoubki/FlexFringe/data/MLRegTest/Large/16.04.TcoSL.4.1.2_TestLA.txt,2025-12-29 22:14:08.984171
0.1.1.1.0.0.searchglobal.0,Small,16,4,TcoSL,4,1,2,TestSA,0.62415,0.6097448862330499,0.68978,0.647297842590768,0.37585,/gpfs/projects/HeinzGroup/caffeine_underground/mlrt/FlexFringe/FlexFringe/models-ps-small/0.1.1.1.0.0.searchglobal.0.ini/0.1.1.1.0.0.searchglobal.0_16.04.TcoSL.4.1.2_Small.final.json,/gpfs/projects/HeinzGroup/asoubki/FlexFringe/data/MLRegTest/Large/16.04.TcoSL.4.1.2_TestSA.txt,2025-12-29 22:14:08.984171
0.1.1.1.0.0.searchglobal.0,Small,16,4,TcoSL,4,1,2,Dev,0.75094,0.7835095806218366,0.6935,0.7357621795959939,0.24906,/gpfs/projects/HeinzGroup/caffeine_underground/mlrt/FlexFringe/FlexFringe/models-ps-small/0.1.1.1.0.0.searchglobal.0.ini/0.1.1.1.0.0.searchglobal.0_16.04.TcoSL.4.1.2_Small.final.json,/gpfs/projects/HeinzGroup/asoubki/FlexFringe/data/MLRegTest/Large/16.04.TcoSL.4.1.2_Dev.txt,2025-12-29 22:14:08.984171
0.1.1.1.0.0.searchglobal.0,Small,16,4,TcoSL,4,1,2,Train,0.747,0.780045351473923,0.688,0.7311370882040382,0.253,/gpfs/projects/HeinzGroup/caffeine_underground/mlrt/FlexFringe/FlexFringe/models-ps-small/0.1.1.1.0.0.searchglobal.0.ini/0.1.1.1.0.0.searchglobal.0_16.04.TcoSL.4.1.2_Small.final.json,/gpfs/projects/HeinzGroup/asoubki/FlexFringe/data/MLRegTest/Small/16.04.TcoSL.4.1.2_Train.txt,2025-12-29 22:14:08.984171
0.1.1.1.0.0.searchglobal.0,Small,16,4,TcoSL,4,1,3,TestSA,0.50948,0.5142496392496393,0.34212,0.41088585703305147,0.49052,/gpfs/projects/HeinzGroup/caffeine_underground/mlrt/FlexFringe/FlexFringe/models-ps-small/0.1.1.1.0.0.searchglobal.0.ini/0.1.1.1.0.0.searchglobal.0_16.04.TcoSL.4.1.3_Small.final.json,/gpfs/projects/HeinzGroup/asoubki/FlexFringe/data/MLRegTest/Large/16.04.TcoSL.4.1.3_TestSA.txt,2025-12-29 22:17:25.003133
0.1.1.1.0.0.searchglobal.0,Small,16,4,TcoSL,4,1,3,TestLR,0.51312,0.5215974188450648,0.31686,0.3942319655610023,0.48688,/gpfs/projects/HeinzGroup/caffeine_underground/mlrt/FlexFringe/FlexFringe/models-ps-small/0.1.1.1.0.0.searchglobal.0.ini/0.1.1.1.0.0.searchglobal.0_16.04.TcoSL.4.1.3_Small.final.json,/gpfs/projects/HeinzGroup/asoubki/FlexFringe/data/MLRegTest/Large/16.04.TcoSL.4.1.3_TestLR.txt,2025-12-29 22:17:25.003133
0.1.1.1.0.0.searchglobal.0,Small,16,4,TcoSL,4,1,3,TestSR,0.52682,0.5418226047904192,0.34746,0.42340124780659,0.47318,/gpfs/projects/HeinzGroup/caffeine_underground/mlrt/FlexFringe/FlexFringe/models-ps-small/0.1.1.1.0.0.searchglobal.0.ini/0.1.1.1.0.0.searchglobal.0_16.04.TcoSL.4.1.3_Small.final.json,/gpfs/projects/HeinzGroup/asoubki/FlexFringe/data/MLRegTest/Large/16.04.TcoSL.4.1.3_TestSR.txt,2025-12-29 22:17:25.003133
0.1.1.1.0.0.searchglobal.0,Small,16,4,TcoSL,4,1,3,TestLA,0.50423,0.5068008617640438,0.31522,0.38868543385245197,0.49577,/gpfs/projects/HeinzGroup/caffeine_underground/mlrt/FlexFringe/FlexFringe/models-ps-small/0.1.1.1.0.0.searchglobal.0.ini/0.1.1.1.0.0.searchglobal.0_16.04.TcoSL.4.1.3_Small.final.json,/gpfs/projects/HeinzGroup/asoubki/FlexFringe/data/MLRegTest/Large/16.04.TcoSL.4.1.3_TestLA.txt,2025-12-29 22:17:25.003133
0.1.1.1.0.0.searchglobal.0,Small,16,4,TcoSL,4,1,3,Dev,0.52646,0.5411329436637234,0.3481,0.4236648653911689,0.47354,/gpfs/projects/HeinzGroup/caffeine_underground/mlrt/FlexFringe/FlexFringe/models-ps-small/0.1.1.1.0.0.searchglobal.0.ini/0.1.1.1.0.0.searchglobal.0_16.04.TcoSL.4.1.3_Small.final.json,/gpfs/projects/HeinzGroup/asoubki/FlexFringe/data/MLRegTest/Large/16.04.TcoSL.4.1.3_Dev.txt,2025-12-29 22:17:25.003133
0.1.1.1.0.0.searchglobal.0,Small,16,4,TcoSL,4,1,3,Train,0.541,0.5634674922600619,0.364,0.4422843256379101,0.459,/gpfs/projects/HeinzGroup/caffeine_underground/mlrt/FlexFringe/FlexFringe/models-ps-small/0.1.1.1.0.0.searchglobal.0.ini/0.1.1.1.0.0.searchglobal.0_16.04.TcoSL.4.1.3_Small.final.json,/gpfs/projects/HeinzGroup/asoubki/FlexFringe/data/MLRegTest/Small/16.04.TcoSL.4.1.3_Train.txt,2025-12-29 22:17:25.003133
0.1.1.1.0.0.searchglobal.0,Small,16,4,TcoSL,4,1,4,TestLA,0.50751,0.5038369182036478,0.98616,0.6669326750752376,0.49249,/gpfs/projects/HeinzGroup/caffeine_underground/mlrt/FlexFringe/FlexFringe/models-ps-small/0.1.1.1.0.0.searchglobal.0.ini/0.1.1.1.0.0.searchglobal.0_16.04.TcoSL.4.1.4_Small.final.json,/gpfs/projects/HeinzGroup/asoubki/FlexFringe/data/MLRegTest/Large/16.04.TcoSL.4.1.4_TestLA.txt,2025-12-29 23:13:29.807205
0.1.1.1.0.0.searchglobal.0,Small,16,4,TcoSL,4,1,4,TestLR,0.50276,0.5014005602240896,0.98808,0.6652303880645248,0.49724,/gpfs/projects/HeinzGroup/caffeine_underground/mlrt/FlexFringe/FlexFringe/models-ps-small/0.1.1.1.0.0.searchglobal.0.ini/0.1.1.1.0.0.searchglobal.0_16.04.TcoSL.4.1.4_Small.final.json,/gpfs/projects/HeinzGroup/asoubki/FlexFringe/data/MLRegTest/Large/16.04.TcoSL.4.1.4_TestLR.txt,2025-12-29 23:13:29.807205
0.1.1.1.0.0.searchglobal.0,Small,16,4,TcoSL,4,1,4,TestSR,0.54896,0.5260165366548345,0.9899,0.686982108901134,0.45104,/gpfs/projects/HeinzGroup/caffeine_underground/mlrt/FlexFringe/FlexFringe/models-ps-small/0.1.1.1.0.0.searchglobal.0.ini/0.1.1.1.0.0.searchglobal.0_16.04.TcoSL.4.1.4_Small.final.json,/gpfs/projects/HeinzGroup/asoubki/FlexFringe/data/MLRegTest/Large/16.04.TcoSL.4.1.4_TestSR.txt,2025-12-29 23:13:29.807205
0.1.1.1.0.0.searchglobal.0,Small,16,4,TcoSL,4,1,4,TestSA,0.56112,0.5335772518513635,0.97126,0.6887684910718085,0.43888,/gpfs/projects/HeinzGroup/caffeine_underground/mlrt/FlexFringe/FlexFringe/models-ps-small/0.1.1.1.0.0.searchglobal.0.ini/0.1.1.1.0.0.searchglobal.0_16.04.TcoSL.4.1.4_Small.final.json,/gpfs/projects/HeinzGroup/asoubki/FlexFringe/data/MLRegTest/Large/16.04.TcoSL.4.1.4_TestSA.txt,2025-12-29 23:13:29.807205
0.1.1.1.0.0.searchglobal.0,Small,16,4,TcoSL,4,1,4,Dev,0.54965,0.5264149136527596,0.98946,0.6872156742903578,0.45035,/gpfs/projects/HeinzGroup/caffeine_underground/mlrt/FlexFringe/FlexFringe/models-ps-small/0.1.1.1.0.0.searchglobal.0.ini/0.1.1.1.0.0.searchglobal.0_16.04.TcoSL.4.1.4_Small.final.json,/gpfs/projects/HeinzGroup/asoubki/FlexFringe/data/MLRegTest/Large/16.04.TcoSL.4.1.4_Dev.txt,2025-12-29 23:13:29.807205
0.1.1.1.0.0.searchglobal.0,Small,16,4,TcoSL,4,1,4,Train,0.548,0.5255863539445629,0.986,0.6856745479833102,0.452,/gpfs/projects/HeinzGroup/caffeine_underground/mlrt/FlexFringe/FlexFringe/models-ps-small/0.1.1.1.0.0.searchglobal.0.ini/0.1.1.1.0.0.searchglobal.0_16.04.TcoSL.4.1.4_Small.final.json,/gpfs/projects/HeinzGroup/asoubki/FlexFringe/data/MLRegTest/Small/16.04.TcoSL.4.1.4_Train.txt,2025-12-29 23:13:29.807205
0.1.1.1.0.0.searchglobal.0,Small,16,4,TcoSL,4,1,5,TestLA,0.50551,0.502832642737433,0.9781,0.6642038856708249,0.49449,/gpfs/projects/HeinzGroup/caffeine_underground/mlrt/FlexFringe/FlexFringe/models-ps-small/0.1.1.1.0.0.searchglobal.0.ini/0.1.1.1.0.0.searchglobal.0_16.04.TcoSL.4.1.5_Small.final.json,/gpfs/projects/HeinzGroup/asoubki/FlexFringe/data/MLRegTest/Large/16.04.TcoSL.4.1.5_TestLA.txt,2025-12-29 22:05:24.870252
0.1.1.1.0.0.searchglobal.0,Small,16,4,TcoSL,4,1,5,TestSR,0.56104,0.5329511347196131,0.98726,0.6922213964185049,0.43896,/gpfs/projects/HeinzGroup/caffeine_underground/mlrt/FlexFringe/FlexFringe/models-ps-small/0.1.1.1.0.0.searchglobal.0.ini/0.1.1.1.0.0.searchglobal.0_16.04.TcoSL.4.1.5_Small.final.json,/gpfs/projects/HeinzGroup/asoubki/FlexFringe/data/MLRegTest/Large/16.04.TcoSL.4.1.5_TestSR.txt,2025-12-29 22:05:24.870252
0.1.1.1.0.0.searchglobal.0,Small,16,4,TcoSL,4,1,5,TestLR,0.50562,0.5028735632183908,0.9835,0.6654802825669202,0.49438,/gpfs/projects/HeinzGroup/caffeine_underground/mlrt/FlexFringe/FlexFringe/models-ps-small/0.1.1.1.0.0.searchglobal.0.ini/0.1.1.1.0.0.searchglobal.0_16.04.TcoSL.4.1.5_Small.final.json,/gpfs/projects/HeinzGroup/asoubki/FlexFringe/data/MLRegTest/Large/16.04.TcoSL.4.1.5_TestLR.txt,2025-12-29 22:05:24.870252
0.1.1.1.0.0.searchglobal.0,Small,16,4,TcoSL,4,1,5,TestSA,0.55231,0.5295253146695265,0.93816,0.6769563805606668,0.44769,/gpfs/projects/HeinzGroup/caffeine_underground/mlrt/FlexFringe/FlexFringe/models-ps-small/0.1.1.1.0.0.searchglobal.0.ini/0.1.1.1.0.0.searchglobal.0_16.04.TcoSL.4.1.5_Small.final.json,/gpfs/projects/HeinzGroup/asoubki/FlexFringe/data/MLRegTest/Large/16.04.TcoSL.4.1.5_TestSA.txt,2025-12-29 22:05:24.870252
0.1.1.1.0.0.searchglobal.0,Small,16,4,TcoSL,4,1,5,Dev,0.55992,0.5323339592911567,0.9865,0.691513970474842,0.44008,/gpfs/projects/HeinzGroup/caffeine_underground/mlrt/FlexFringe/FlexFringe/models-ps-small/0.1.1.1.0.0.searchglobal.0.ini/0.1.1.1.0.0.searchglobal.0_16.04.TcoSL.4.1.5_Small.final.json,/gpfs/projects/HeinzGroup/asoubki/FlexFringe/data/MLRegTest/Large/16.04.TcoSL.4.1.5_Dev.txt,2025-12-29 22:05:24.870252
0.1.1.1.0.0.searchglobal.0,Small,16,4,TcoSL,4,1,5,Train,0.565,0.5351351351351351,0.99,0.6947368421052632,0.435,/gpfs/projects/HeinzGroup/caffeine_underground/mlrt/FlexFringe/FlexFringe/models-ps-small/0.1.1.1.0.0.searchglobal.0.ini/0.1.1.1.0.0.searchglobal.0_16.04.TcoSL.4.1.5_Small.final.json,/gpfs/projects/HeinzGroup/asoubki/FlexFringe/data/MLRegTest/Small/16.04.TcoSL.4.1.5_Train.txt,2025-12-29 22:05:24.870252
0.1.1.1.0.0.searchglobal.0,Small,16,4,TcoSL,4,1,6,TestLR,0.50398,0.5020612790288165,0.9694,0.661516834764095,0.49602,/gpfs/projects/HeinzGroup/caffeine_underground/mlrt/FlexFringe/FlexFringe/models-ps-small/0.1.1.1.0.0.searchglobal.0.ini/0.1.1.1.0.0.searchglobal.0_16.04.TcoSL.4.1.6_Small.final.json,/gpfs/projects/HeinzGroup/asoubki/FlexFringe/data/MLRegTest/Large/16.04.TcoSL.4.1.6_TestLR.txt,2025-12-29 22:30:41.364948
0.1.1.1.0.0.searchglobal.0,Small,16,4,TcoSL,4,1,6,TestLA,0.50357,0.5018641324212835,0.96112,0.6594079105348015,0.49643,/gpfs/projects/HeinzGroup/caffeine_underground/mlrt/FlexFringe/FlexFringe/models-ps-small/0.1.1.1.0.0.searchglobal.0.ini/0.1.1.1.0.0.searchglobal.0_16.04.TcoSL.4.1.6_Small.final.json,/gpfs/projects/HeinzGroup/asoubki/FlexFringe/data/MLRegTest/Large/16.04.TcoSL.4.1.6_TestLA.txt,2025-12-29 22:30:41.364948
0.1.1.1.0.0.searchglobal.0,Small,16,4,TcoSL,4,1,6,TestSA,0.54785,0.52728765810874,0.92462,0.6715863942415945,0.45215,/gpfs/projects/HeinzGroup/caffeine_underground/mlrt/FlexFringe/FlexFringe/models-ps-small/0.1.1.1.0.0.searchglobal.0.ini/0.1.1.1.0.0.searchglobal.0_16.04.TcoSL.4.1.6_Small.final.json,/gpfs/projects/HeinzGroup/asoubki/FlexFringe/data/MLRegTest/Large/16.04.TcoSL.4.1.6_TestSA.txt,2025-12-29 22:30:41.364948
0.1.1.1.0.0.searchglobal.0,Small,16,4,TcoSL,4,1,6,TestSR,0.55793,0.5314696711248248,0.97834,0.6887729599200231,0.44207,/gpfs/projects/HeinzGroup/caffeine_underground/mlrt/FlexFringe/FlexFringe/models-ps-small/0.1.1.1.0.0.searchglobal.0.ini/0.1.1.1.0.0.searchglobal.0_16.04.TcoSL.4.1.6_Small.final.json,/gpfs/projects/HeinzGroup/asoubki/FlexFringe/data/MLRegTest/Large/16.04.TcoSL.4.1.6_TestSR.txt,2025-12-29 22:30:41.364948
0.1.1.1.0.0.searchglobal.0,Small,16,4,TcoSL,4,1,6,Dev,0.56002,0.5326507964139612,0.97914,0.6899627938440723,0.43998,/gpfs/projects/HeinzGroup/caffeine_underground/mlrt/FlexFringe/FlexFringe/models-ps-small/0.1.1.1.0.0.searchglobal.0.ini/0.1.1.1.0.0.searchglobal.0_16.04.TcoSL.4.1.6_Small.final.json,/gpfs/projects/HeinzGroup/asoubki/FlexFringe/data/MLRegTest/Large/16.04.TcoSL.4.1.6_Dev.txt,2025-12-29 22:30:41.364948
0.1.1.1.0.0.searchglobal.0,Small,16,4,TcoSL,4,1,6,Train,0.566,0.5359477124183006,0.984,0.693935119887165,0.434,/gpfs/projects/HeinzGroup/caffeine_underground/mlrt/FlexFringe/FlexFringe/models-ps-small/0.1.1.1.0.0.searchglobal.0.ini/0.1.1.1.0.0.searchglobal.0_16.04.TcoSL.4.1.6_Small.final.json,/gpfs/projects/HeinzGroup/asoubki/FlexFringe/data/MLRegTest/Small/16.04.TcoSL.4.1.6_Train.txt,2025-12-29 22:30:41.364948
0.1.1.1.0.0.searchglobal.0,Small,16,4,TcoSL,4,1,7,TestSR,0.54869,0.5258854426947654,0.98918,0.6866968878645461,0.45131,/gpfs/projects/HeinzGroup/caffeine_underground/mlrt/FlexFringe/FlexFringe/models-ps-small/0.1.1.1.0.0.searchglobal.0.ini/0.1.1.1.0.0.searchglobal.0_16.04.TcoSL.4.1.7_Small.final.json,/gpfs/projects/HeinzGroup/asoubki/FlexFringe/data/MLRegTest/Large/16.04.TcoSL.4.1.7_TestSR.txt,2025-12-29 22:44:25.250131
0.1.1.1.0.0.searchglobal.0,Small,16,4,TcoSL,4,1,7,TestLR,0.50395,0.5020050557862357,0.98896,0.6659618453747786,0.49605,/gpfs/projects/HeinzGroup/caffeine_underground/mlrt/FlexFringe/FlexFringe/models-ps-small/0.1.1.1.0.0.searchglobal.0.ini/0.1.1.1.0.0.searchglobal.0_16.04.TcoSL.4.1.7_Small.final.json,/gpfs/projects/HeinzGroup/asoubki/FlexFringe/data/MLRegTest/Large/16.04.TcoSL.4.1.7_TestLR.txt,2025-12-29 22:44:25.250131
0.1.1.1.0.0.searchglobal.0,Small,16,4,TcoSL,4,1,7,TestSA,0.55974,0.532790304520605,0.97068,0.6879668873233448,0.44026,/gpfs/projects/HeinzGroup/caffeine_underground/mlrt/FlexFringe/FlexFringe/models-ps-small/0.1.1.1.0.0.searchglobal.0.ini/0.1.1.1.0.0.searchglobal.0_16.04.TcoSL.4.1.7_Small.final.json,/gpfs/projects/HeinzGroup/asoubki/FlexFringe/data/MLRegTest/Large/16.04.TcoSL.4.1.7_TestSA.txt,2025-12-29 22:44:25.250131
0.1.1.1.0.0.searchglobal.0,Small,16,4,TcoSL,4,1,7,TestLA,0.50729,0.5037193498025531,0.9873,0.6670900872291403,0.49271,/gpfs/projects/HeinzGroup/caffeine_underground/mlrt/FlexFringe/FlexFringe/models-ps-small/0.1.1.1.0.0.searchglobal.0.ini/0.1.1.1.0.0.searchglobal.0_16.04.TcoSL.4.1.7_Small.final.json,/gpfs/projects/HeinzGroup/asoubki/FlexFringe/data/MLRegTest/Large/16.04.TcoSL.4.1.7_TestLA.txt,2025-12-29 22:44:25.250131
0.1.1.1.0.0.searchglobal.0,Small,16,4,TcoSL,4,1,7,Dev,0.55024,0.5267319357241673,0.98994,0.6876015836632632,0.44976,/gpfs/projects/HeinzGroup/caffeine_underground/mlrt/FlexFringe/FlexFringe/models-ps-small/0.1.1.1.0.0.searchglobal.0.ini/0.1.1.1.0.0.searchglobal.0_16.04.TcoSL.4.1.7_Small.final.json,/gpfs/projects/HeinzGroup/asoubki/FlexFringe/data/MLRegTest/Large/16.04.TcoSL.4.1.7_Dev.txt,2025-12-29 22:44:25.250131
0.1.1.1.0.0.searchglobal.0,Small,16,4,TcoSL,4,1,7,Train,0.544,0.523109243697479,0.996,0.6859504132231405,0.456,/gpfs/projects/HeinzGroup/caffeine_underground/mlrt/FlexFringe/FlexFringe/models-ps-small/0.1.1.1.0.0.searchglobal.0.ini/0.1.1.1.0.0.searchglobal.0_16.04.TcoSL.4.1.7_Small.final.json,/gpfs/projects/HeinzGroup/asoubki/FlexFringe/data/MLRegTest/Small/16.04.TcoSL.4.1.7_Train.txt,2025-12-29 22:44:25.250131
0.1.1.1.0.0.searchglobal.0,Small,16,4,TcoSL,4,1,8,TestSR,0.50805,0.504890703410734,0.83104,0.6281528960914292,0.49195,/gpfs/projects/HeinzGroup/caffeine_underground/mlrt/FlexFringe/FlexFringe/models-ps-small/0.1.1.1.0.0.searchglobal.0.ini/0.1.1.1.0.0.searchglobal.0_16.04.TcoSL.4.1.8_Small.final.json,/gpfs/projects/HeinzGroup/asoubki/FlexFringe/data/MLRegTest/Large/16.04.TcoSL.4.1.8_TestSR.txt,2025-12-29 22:06:01.059915
0.1.1.1.0.0.searchglobal.0,Small,16,4,TcoSL,4,1,8,TestLA,0.49882,0.4992729692429022,0.81034,0.6178632426497499,0.50118,/gpfs/projects/HeinzGroup/caffeine_underground/mlrt/FlexFringe/FlexFringe/models-ps-small/0.1.1.1.0.0.searchglobal.0.ini/0.1.1.1.0.0.searchglobal.0_16.04.TcoSL.4.1.8_Small.final.json,/gpfs/projects/HeinzGroup/asoubki/FlexFringe/data/MLRegTest/Large/16.04.TcoSL.4.1.8_TestLA.txt,2025-12-29 22:06:01.059915
0.1.1.1.0.0.searchglobal.0,Small,16,4,TcoSL,4,1,8,TestSA,0.49742,0.4984047289275821,0.80606,0.6159524391734931,0.50258,/gpfs/projects/HeinzGroup/caffeine_underground/mlrt/FlexFringe/FlexFringe/models-ps-small/0.1.1.1.0.0.searchglobal.0.ini/0.1.1.1.0.0.searchglobal.0_16.04.TcoSL.4.1.8_Small.final.json,/gpfs/projects/HeinzGroup/asoubki/FlexFringe/data/MLRegTest/Large/16.04.TcoSL.4.1.8_TestSA.txt,2025-12-29 22:06:01.059915
0.1.1.1.0.0.searchglobal.0,Small,16,4,TcoSL,4,1,8,TestLR,0.49942,0.499645390070922,0.81722,0.6201396266504781,0.50058,/gpfs/projects/HeinzGroup/caffeine_underground/mlrt/FlexFringe/FlexFringe/models-ps-small/0.1.1.1.0.0.searchglobal.0.ini/0.1.1.1.0.0.searchglobal.0_16.04.TcoSL.4.1.8_Small.final.json,/gpfs/projects/HeinzGroup/asoubki/FlexFringe/data/MLRegTest/Large/16.04.TcoSL.4.1.8_TestLR.txt,2025-12-29 22:06:01.059915
0.1.1.1.0.0.searchglobal.0,Small,16,4,TcoSL,4,1,8,Dev,0.50691,0.5042008632743632,0.82936,0.627139022269273,0.49309,/gpfs/projects/HeinzGroup/caffeine_underground/mlrt/FlexFringe/FlexFringe/models-ps-small/0.1.1.1.0.0.searchglobal.0.ini/0.1.1.1.0.0.searchglobal.0_16.04.TcoSL.4.1.8_Small.final.json,/gpfs/projects/HeinzGroup/asoubki/FlexFringe/data/MLRegTest/Large/16.04.TcoSL.4.1.8_Dev.txt,2025-12-29 22:06:01.059915
0.1.1.1.0.0.searchglobal.0,Small,16,4,TcoSL,4,1,8,Train,0.515,0.5091799265605875,0.832,0.6317388003037205,0.485,/gpfs/projects/HeinzGroup/caffeine_underground/mlrt/FlexFringe/FlexFringe/models-ps-small/0.1.1.1.0.0.searchglobal.0.ini/0.1.1.1.0.0.searchglobal.0_16.04.TcoSL.4.1.8_Small.final.json,/gpfs/projects/HeinzGroup/asoubki/FlexFringe/data/MLRegTest/Small/16.04.TcoSL.4.1.8_Train.txt,2025-12-29 22:06:01.059915
0.1.1.1.0.0.searchglobal.0,Small,16,4,TcoSL,4,1,9,TestSR,0.45766,0.4766839948896427,0.86562,0.6148043978522117,0.54234,/gpfs/projects/HeinzGroup/caffeine_underground/mlrt/FlexFringe/FlexFringe/models-ps-small/0.1.1.1.0.0.searchglobal.0.ini/0.1.1.1.0.0.searchglobal.0_16.04.TcoSL.4.1.9_Small.final.json,/gpfs/projects/HeinzGroup/asoubki/FlexFringe/data/MLRegTest/Large/16.04.TcoSL.4.1.9_TestSR.txt,2025-12-29 23:25:47.181291
0.1.1.1.0.0.searchglobal.0,Small,16,4,TcoSL,4,1,9,TestLA,0.49401,0.4967593243813502,0.9182,0.644717348106643,0.50599,/gpfs/projects/HeinzGroup/caffeine_underground/mlrt/FlexFringe/FlexFringe/models-ps-small/0.1.1.1.0.0.searchglobal.0.ini/0.1.1.1.0.0.searchglobal.0_16.04.TcoSL.4.1.9_Small.final.json,/gpfs/projects/HeinzGroup/asoubki/FlexFringe/data/MLRegTest/Large/16.04.TcoSL.4.1.9_TestLA.txt,2025-12-29 23:25:47.181291
0.1.1.1.0.0.searchglobal.0,Small,16,4,TcoSL,4,1,9,TestLR,0.45893,0.47695105114879954,0.84986,0.6110012725298901,0.54107,/gpfs/projects/HeinzGroup/caffeine_underground/mlrt/FlexFringe/FlexFringe/models-ps-small/0.1.1.1.0.0.searchglobal.0.ini/0.1.1.1.0.0.searchglobal.0_16.04.TcoSL.4.1.9_Small.final.json,/gpfs/projects/HeinzGroup/asoubki/FlexFringe/data/MLRegTest/Large/16.04.TcoSL.4.1.9_TestLR.txt,2025-12-29 23:25:47.181291
0.1.1.1.0.0.searchglobal.0,Small,16,4,TcoSL,4,1,9,TestSA,0.493,0.49628418549346015,0.93492,0.6483854860186418,0.507,/gpfs/projects/HeinzGroup/caffeine_underground/mlrt/FlexFringe/FlexFringe/models-ps-small/0.1.1.1.0.0.searchglobal.0.ini/0.1.1.1.0.0.searchglobal.0_16.04.TcoSL.4.1.9_Small.final.json,/gpfs/projects/HeinzGroup/asoubki/FlexFringe/data/MLRegTest/Large/16.04.TcoSL.4.1.9_TestSA.txt,2025-12-29 23:25:47.181291
0.1.1.1.0.0.searchglobal.0,Small,16,4,TcoSL,4,1,9,Dev,0.45965,0.47778108170614864,0.86766,0.6162314188109459,0.54035,/gpfs/projects/HeinzGroup/caffeine_underground/mlrt/FlexFringe/FlexFringe/models-ps-small/0.1.1.1.0.0.searchglobal.0.ini/0.1.1.1.0.0.searchglobal.0_16.04.TcoSL.4.1.9_Small.final.json,/gpfs/projects/HeinzGroup/asoubki/FlexFringe/data/MLRegTest/Large/16.04.TcoSL.4.1.9_Dev.txt,2025-12-29 23:25:47.181291
0.1.1.1.0.0.searchglobal.0,Small,16,4,TcoSL,4,1,9,Train,0.467,0.4820457018498368,0.886,0.6243833685694151,0.533,/gpfs/projects/HeinzGroup/caffeine_underground/mlrt/FlexFringe/FlexFringe/models-ps-small/0.1.1.1.0.0.searchglobal.0.ini/0.1.1.1.0.0.searchglobal.0_16.04.TcoSL.4.1.9_Small.final.json,/gpfs/projects/HeinzGroup/asoubki/FlexFringe/data/MLRegTest/Small/16.04.TcoSL.4.1.9_Train.txt,2025-12-29 23:25:47.181291
0.1.1.1.0.0.searchglobal.0,Small,16,4,TcoSL,6,1,0,TestSR,0.86386,0.8858863954524244,0.83532,0.8598604162806498,0.13614,/gpfs/projects/HeinzGroup/caffeine_underground/mlrt/FlexFringe/FlexFringe/models-ps-small/0.1.1.1.0.0.searchglobal.0.ini/0.1.1.1.0.0.searchglobal.0_16.04.TcoSL.6.1.0_Small.final.json,/gpfs/projects/HeinzGroup/asoubki/FlexFringe/data/MLRegTest/Large/16.04.TcoSL.6.1.0_TestSR.txt,2025-12-29 23:36:13.333928
0.1.1.1.0.0.searchglobal.0,Small,16,4,TcoSL,6,1,0,TestLA,0.54021,0.5280619722241608,0.75666,0.6220231000041103,0.45979,/gpfs/projects/HeinzGroup/caffeine_underground/mlrt/FlexFringe/FlexFringe/models-ps-small/0.1.1.1.0.0.searchglobal.0.ini/0.1.1.1.0.0.searchglobal.0_16.04.TcoSL.6.1.0_Small.final.json,/gpfs/projects/HeinzGroup/asoubki/FlexFringe/data/MLRegTest/Large/16.04.TcoSL.6.1.0_TestLA.txt,2025-12-29 23:36:13.333928
0.1.1.1.0.0.searchglobal.0,Small,16,4,TcoSL,6,1,0,TestLR,0.80131,0.8199231275615299,0.77222,0.7953569331863921,0.19869,/gpfs/projects/HeinzGroup/caffeine_underground/mlrt/FlexFringe/FlexFringe/models-ps-small/0.1.1.1.0.0.searchglobal.0.ini/0.1.1.1.0.0.searchglobal.0_16.04.TcoSL.6.1.0_Small.final.json,/gpfs/projects/HeinzGroup/asoubki/FlexFringe/data/MLRegTest/Large/16.04.TcoSL.6.1.0_TestLR.txt,2025-12-29 23:36:13.333928
0.1.1.1.0.0.searchglobal.0,Small,16,4,TcoSL,6,1,0,TestSA,0.54651,0.5297344295413572,0.8286,0.646288482087841,0.45349,/gpfs/projects/HeinzGroup/caffeine_underground/mlrt/FlexFringe/FlexFringe/models-ps-small/0.1.1.1.0.0.searchglobal.0.ini/0.1.1.1.0.0.searchglobal.0_16.04.TcoSL.6.1.0_Small.final.json,/gpfs/projects/HeinzGroup/asoubki/FlexFringe/data/MLRegTest/Large/16.04.TcoSL.6.1.0_TestSA.txt,2025-12-29 23:36:13.333928
0.1.1.1.0.0.searchglobal.0,Small,16,4,TcoSL,6,1,0,Dev,0.86292,0.8823430257058575,0.83752,0.8593474245844449,0.13708,/gpfs/projects/HeinzGroup/caffeine_underground/mlrt/FlexFringe/FlexFringe/models-ps-small/0.1.1.1.0.0.searchglobal.0.ini/0.1.1.1.0.0.searchglobal.0_16.04.TcoSL.6.1.0_Small.final.json,/gpfs/projects/HeinzGroup/asoubki/FlexFringe/data/MLRegTest/Large/16.04.TcoSL.6.1.0_Dev.txt,2025-12-29 23:36:13.333928
0.1.1.1.0.0.searchglobal.0,Small,16,4,TcoSL,6,1,0,Train,0.865,0.8794178794178794,0.846,0.8623853211009175,0.135,/gpfs/projects/HeinzGroup/caffeine_underground/mlrt/FlexFringe/FlexFringe/models-ps-small/0.1.1.1.0.0.searchglobal.0.ini/0.1.1.1.0.0.searchglobal.0_16.04.TcoSL.6.1.0_Small.final.json,/gpfs/projects/HeinzGroup/asoubki/FlexFringe/data/MLRegTest/Small/16.04.TcoSL.6.1.0_Train.txt,2025-12-29 23:36:13.333928
0.1.1.1.0.0.searchglobal.0,Small,16,4,TcoSL,6,1,1,TestLA,0.5063,0.5125059552167699,0.25818,0.34337926264829494,0.4937,/gpfs/projects/HeinzGroup/caffeine_underground/mlrt/FlexFringe/FlexFringe/models-ps-small/0.1.1.1.0.0.searchglobal.0.ini/0.1.1.1.0.0.searchglobal.0_16.04.TcoSL.6.1.1_Small.final.json,/gpfs/projects/HeinzGroup/asoubki/FlexFringe/data/MLRegTest/Large/16.04.TcoSL.6.1.1_TestLA.txt,2025-12-29 22:35:48.419215
0.1.1.1.0.0.searchglobal.0,Small,16,4,TcoSL,6,1,1,TestSA,0.51126,0.5192636693355231,0.30352,0.3831065559286093,0.48874,/gpfs/projects/HeinzGroup/caffeine_underground/mlrt/FlexFringe/FlexFringe/models-ps-small/0.1.1.1.0.0.searchglobal.0.ini/0.1.1.1.0.0.searchglobal.0_16.04.TcoSL.6.1.1_Small.final.json,/gpfs/projects/HeinzGroup/asoubki/FlexFringe/data/MLRegTest/Large/16.04.TcoSL.6.1.1_TestSA.txt,2025-12-29 22:35:48.419215
0.1.1.1.0.0.searchglobal.0,Small,16,4,TcoSL,6,1,1,TestLR,0.52768,0.5601059671675497,0.25794,0.3532166625585408,0.47232,/gpfs/projects/HeinzGroup/caffeine_underground/mlrt/FlexFringe/FlexFringe/models-ps-small/0.1.1.1.0.0.searchglobal.0.ini/0.1.1.1.0.0.searchglobal.0_16.04.TcoSL.6.1.1_Small.final.json,/gpfs/projects/HeinzGroup/asoubki/FlexFringe/data/MLRegTest/Large/16.04.TcoSL.6.1.1_TestLR.txt,2025-12-29 22:35:48.419215
0.1.1.1.0.0.searchglobal.0,Small,16,4,TcoSL,6,1,1,TestSR,0.56013,0.6202840568113622,0.31008,0.4134675645043003,0.43987,/gpfs/projects/HeinzGroup/caffeine_underground/mlrt/FlexFringe/FlexFringe/models-ps-small/0.1.1.1.0.0.searchglobal.0.ini/0.1.1.1.0.0.searchglobal.0_16.04.TcoSL.6.1.1_Small.final.json,/gpfs/projects/HeinzGroup/asoubki/FlexFringe/data/MLRegTest/Large/16.04.TcoSL.6.1.1_TestSR.txt,2025-12-29 22:35:48.419215
0.1.1.1.0.0.searchglobal.0,Small,16,4,TcoSL,6,1,1,Dev,0.55752,0.6144448865897334,0.30882,0.4110475176360974,0.44248,/gpfs/projects/HeinzGroup/caffeine_underground/mlrt/FlexFringe/FlexFringe/models-ps-small/0.1.1.1.0.0.searchglobal.0.ini/0.1.1.1.0.0.searchglobal.0_16.04.TcoSL.6.1.1_Small.final.json,/gpfs/projects/HeinzGroup/asoubki/FlexFringe/data/MLRegTest/Large/16.04.TcoSL.6.1.1_Dev.txt,2025-12-29 22:35:48.419215
0.1.1.1.0.0.searchglobal.0,Small,16,4,TcoSL,6,1,1,Train,0.548,0.5923076923076923,0.308,0.4052631578947368,0.452,/gpfs/projects/HeinzGroup/caffeine_underground/mlrt/FlexFringe/FlexFringe/models-ps-small/0.1.1.1.0.0.searchglobal.0.ini/0.1.1.1.0.0.searchglobal.0_16.04.TcoSL.6.1.1_Small.final.json,/gpfs/projects/HeinzGroup/asoubki/FlexFringe/data/MLRegTest/Small/16.04.TcoSL.6.1.1_Train.txt,2025-12-29 22:35:48.419215
0.1.1.1.0.0.searchglobal.0,Small,16,4,TcoSL,6,1,2,TestSR,0.75462,0.8420656671503036,0.6268,0.7186589924098237,0.24538,/gpfs/projects/HeinzGroup/caffeine_underground/mlrt/FlexFringe/FlexFringe/models-ps-small/0.1.1.1.0.0.searchglobal.0.ini/0.1.1.1.0.0.searchglobal.0_16.04.TcoSL.6.1.2_Small.final.json,/gpfs/projects/HeinzGroup/asoubki/FlexFringe/data/MLRegTest/Large/16.04.TcoSL.6.1.2_TestSR.txt,2025-12-29 22:18:29.242239
0.1.1.1.0.0.searchglobal.0,Small,16,4,TcoSL,6,1,2,TestLR,0.66405,0.75846856782732,0.4814,0.5889765706245794,0.33595,/gpfs/projects/HeinzGroup/caffeine_underground/mlrt/FlexFringe/FlexFringe/models-ps-small/0.1.1.1.0.0.searchglobal.0.ini/0.1.1.1.0.0.searchglobal.0_16.04.TcoSL.6.1.2_Small.final.json,/gpfs/projects/HeinzGroup/asoubki/FlexFringe/data/MLRegTest/Large/16.04.TcoSL.6.1.2_TestLR.txt,2025-12-29 22:18:29.242239
0.1.1.1.0.0.searchglobal.0,Small,16,4,TcoSL,6,1,2,TestSA,0.54953,0.5437273770636533,0.61588,0.5775589628170863,0.45047,/gpfs/projects/HeinzGroup/caffeine_underground/mlrt/FlexFringe/FlexFringe/models-ps-small/0.1.1.1.0.0.searchglobal.0.ini/0.1.1.1.0.0.searchglobal.0_16.04.TcoSL.6.1.2_Small.final.json,/gpfs/projects/HeinzGroup/asoubki/FlexFringe/data/MLRegTest/Large/16.04.TcoSL.6.1.2_TestSA.txt,2025-12-29 22:18:29.242239
0.1.1.1.0.0.searchglobal.0,Small,16,4,TcoSL,6,1,2,TestLA,0.5327,0.5371034357554577,0.47336,0.5032211426020029,0.4673,/gpfs/projects/HeinzGroup/caffeine_underground/mlrt/FlexFringe/FlexFringe/models-ps-small/0.1.1.1.0.0.searchglobal.0.ini/0.1.1.1.0.0.searchglobal.0_16.04.TcoSL.6.1.2_Small.final.json,/gpfs/projects/HeinzGroup/asoubki/FlexFringe/data/MLRegTest/Large/16.04.TcoSL.6.1.2_TestLA.txt,2025-12-29 22:18:29.242239
0.1.1.1.0.0.searchglobal.0,Small,16,4,TcoSL,6,1,2,Dev,0.75415,0.8391470282099869,0.62884,0.7189289919857321,0.24585,/gpfs/projects/HeinzGroup/caffeine_underground/mlrt/FlexFringe/FlexFringe/models-ps-small/0.1.1.1.0.0.searchglobal.0.ini/0.1.1.1.0.0.searchglobal.0_16.04.TcoSL.6.1.2_Small.final.json,/gpfs/projects/HeinzGroup/asoubki/FlexFringe/data/MLRegTest/Large/16.04.TcoSL.6.1.2_Dev.txt,2025-12-29 22:18:29.242239
0.1.1.1.0.0.searchglobal.0,Small,16,4,TcoSL,6,1,2,Train,0.763,0.8704225352112676,0.618,0.7228070175438597,0.237,/gpfs/projects/HeinzGroup/caffeine_underground/mlrt/FlexFringe/FlexFringe/models-ps-small/0.1.1.1.0.0.searchglobal.0.ini/0.1.1.1.0.0.searchglobal.0_16.04.TcoSL.6.1.2_Small.final.json,/gpfs/projects/HeinzGroup/asoubki/FlexFringe/data/MLRegTest/Small/16.04.TcoSL.6.1.2_Train.txt,2025-12-29 22:18:29.242239
0.1.1.1.0.0.searchglobal.0,Small,16,4,TcoSL,6,1,3,TestLR,0.51973,0.5358271291084075,0.29508,0.38057651383246277,0.48027,/gpfs/projects/HeinzGroup/caffeine_underground/mlrt/FlexFringe/FlexFringe/models-ps-small/0.1.1.1.0.0.searchglobal.0.ini/0.1.1.1.0.0.searchglobal.0_16.04.TcoSL.6.1.3_Small.final.json,/gpfs/projects/HeinzGroup/asoubki/FlexFringe/data/MLRegTest/Large/16.04.TcoSL.6.1.3_TestLR.txt,2025-12-29 23:10:56.550956
0.1.1.1.0.0.searchglobal.0,Small,16,4,TcoSL,6,1,3,TestSA,0.50802,0.5120463830809902,0.3409,0.4093026606473922,0.49198,/gpfs/projects/HeinzGroup/caffeine_underground/mlrt/FlexFringe/FlexFringe/models-ps-small/0.1.1.1.0.0.searchglobal.0.ini/0.1.1.1.0.0.searchglobal.0_16.04.TcoSL.6.1.3_Small.final.json,/gpfs/projects/HeinzGroup/asoubki/FlexFringe/data/MLRegTest/Large/16.04.TcoSL.6.1.3_TestSA.txt,2025-12-29 23:10:56.550956
0.1.1.1.0.0.searchglobal.0,Small,16,4,TcoSL,6,1,3,TestLA,0.50282,0.50498585572843,0.28562,0.36486969851814,0.49718,/gpfs/projects/HeinzGroup/caffeine_underground/mlrt/FlexFringe/FlexFringe/models-ps-small/0.1.1.1.0.0.searchglobal.0.ini/0.1.1.1.0.0.searchglobal.0_16.04.TcoSL.6.1.3_Small.final.json,/gpfs/projects/HeinzGroup/asoubki/FlexFringe/data/MLRegTest/Large/16.04.TcoSL.6.1.3_TestLA.txt,2025-12-29 23:10:56.550956
0.1.1.1.0.0.searchglobal.0,Small,16,4,TcoSL,6,1,3,TestSR,0.54827,0.5804151534335121,0.3484,0.43542924274805345,0.45173,/gpfs/projects/HeinzGroup/caffeine_underground/mlrt/FlexFringe/FlexFringe/models-ps-small/0.1.1.1.0.0.searchglobal.0.ini/0.1.1.1.0.0.searchglobal.0_16.04.TcoSL.6.1.3_Small.final.json,/gpfs/projects/HeinzGroup/asoubki/FlexFringe/data/MLRegTest/Large/16.04.TcoSL.6.1.3_TestSR.txt,2025-12-29 23:10:56.550956
0.1.1.1.0.0.searchglobal.0,Small,16,4,TcoSL,6,1,3,Dev,0.54491,0.5742928039702233,0.34716,0.43273293861015893,0.45509,/gpfs/projects/HeinzGroup/caffeine_underground/mlrt/FlexFringe/FlexFringe/models-ps-small/0.1.1.1.0.0.searchglobal.0.ini/0.1.1.1.0.0.searchglobal.0_16.04.TcoSL.6.1.3_Small.final.json,/gpfs/projects/HeinzGroup/asoubki/FlexFringe/data/MLRegTest/Large/16.04.TcoSL.6.1.3_Dev.txt,2025-12-29 23:10:56.550956
0.1.1.1.0.0.searchglobal.0,Small,16,4,TcoSL,6,1,3,Train,0.526,0.543046357615894,0.328,0.4089775561097257,0.474,/gpfs/projects/HeinzGroup/caffeine_underground/mlrt/FlexFringe/FlexFringe/models-ps-small/0.1.1.1.0.0.searchglobal.0.ini/0.1.1.1.0.0.searchglobal.0_16.04.TcoSL.6.1.3_Small.final.json,/gpfs/projects/HeinzGroup/asoubki/FlexFringe/data/MLRegTest/Small/16.04.TcoSL.6.1.3_Train.txt,2025-12-29 23:10:56.550956
0.1.1.1.0.0.searchglobal.0,Small,16,4,TcoSL,6,1,4,TestLA,0.50352,0.5021971985718209,0.80454,0.6183917234170113,0.49648,/gpfs/projects/HeinzGroup/caffeine_underground/mlrt/FlexFringe/FlexFringe/models-ps-small/0.1.1.1.0.0.searchglobal.0.ini/0.1.1.1.0.0.searchglobal.0_16.04.TcoSL.6.1.4_Small.final.json,/gpfs/projects/HeinzGroup/asoubki/FlexFringe/data/MLRegTest/Large/16.04.TcoSL.6.1.4_TestLA.txt,2025-12-29 22:51:41.184109
0.1.1.1.0.0.searchglobal.0,Small,16,4,TcoSL,6,1,4,TestLR,0.5368,0.521775147928994,0.8818,0.6556133828996282,0.4632,/gpfs/projects/HeinzGroup/caffeine_underground/mlrt/FlexFringe/FlexFringe/models-ps-small/0.1.1.1.0.0.searchglobal.0.ini/0.1.1.1.0.0.searchglobal.0_16.04.TcoSL.6.1.4_Small.final.json,/gpfs/projects/HeinzGroup/asoubki/FlexFringe/data/MLRegTest/Large/16.04.TcoSL.6.1.4_TestLR.txt,2025-12-29 22:51:41.184109
0.1.1.1.0.0.searchglobal.0,Small,16,4,TcoSL,6,1,4,TestSA,0.52022,0.516233140655106,0.64302,0.5726932668329177,0.47978,/gpfs/projects/HeinzGroup/caffeine_underground/mlrt/FlexFringe/FlexFringe/models-ps-small/0.1.1.1.0.0.searchglobal.0.ini/0.1.1.1.0.0.searchglobal.0_16.04.TcoSL.6.1.4_Small.final.json,/gpfs/projects/HeinzGroup/asoubki/FlexFringe/data/MLRegTest/Large/16.04.TcoSL.6.1.4_TestSA.txt,2025-12-29 22:51:41.184109
0.1.1.1.0.0.searchglobal.0,Small,16,4,TcoSL,6,1,4,TestSR,0.63071,0.5853387827585756,0.89654,0.7082625629033914,0.36929,/gpfs/projects/HeinzGroup/caffeine_underground/mlrt/FlexFringe/FlexFringe/models-ps-small/0.1.1.1.0.0.searchglobal.0.ini/0.1.1.1.0.0.searchglobal.0_16.04.TcoSL.6.1.4_Small.final.json,/gpfs/projects/HeinzGroup/asoubki/FlexFringe/data/MLRegTest/Large/16.04.TcoSL.6.1.4_TestSR.txt,2025-12-29 22:51:41.184109
0.1.1.1.0.0.searchglobal.0,Small,16,4,TcoSL,6,1,4,Dev,0.63246,0.5866113930009939,0.89714,0.7093810291931556,0.36754,/gpfs/projects/HeinzGroup/caffeine_underground/mlrt/FlexFringe/FlexFringe/models-ps-small/0.1.1.1.0.0.searchglobal.0.ini/0.1.1.1.0.0.searchglobal.0_16.04.TcoSL.6.1.4_Small.final.json,/gpfs/projects/HeinzGroup/asoubki/FlexFringe/data/MLRegTest/Large/16.04.TcoSL.6.1.4_Dev.txt,2025-12-29 22:51:41.184109
0.1.1.1.0.0.searchglobal.0,Small,16,4,TcoSL,6,1,4,Train,0.639,0.5927903871829105,0.888,0.710968775020016,0.361,/gpfs/projects/HeinzGroup/caffeine_underground/mlrt/FlexFringe/FlexFringe/models-ps-small/0.1.1.1.0.0.searchglobal.0.ini/0.1.1.1.0.0.searchglobal.0_16.04.TcoSL.6.1.4_Small.final.json,/gpfs/projects/HeinzGroup/asoubki/FlexFringe/data/MLRegTest/Small/16.04.TcoSL.6.1.4_Train.txt,2025-12-29 22:51:41.184109
0.1.1.1.0.0.searchglobal.0,Small,16,4,TcoSL,6,1,5,TestSA,0.52444,0.5179310344827586,0.70594,0.5974947101142616,0.47556,/gpfs/projects/HeinzGroup/caffeine_underground/mlrt/FlexFringe/FlexFringe/models-ps-small/0.1.1.1.0.0.searchglobal.0.ini/0.1.1.1.0.0.searchglobal.0_16.04.TcoSL.6.1.5_Small.final.json,/gpfs/projects/HeinzGroup/asoubki/FlexFringe/data/MLRegTest/Large/16.04.TcoSL.6.1.5_TestSA.txt,2025-12-29 23:19:57.158227
0.1.1.1.0.0.searchglobal.0,Small,16,4,TcoSL,6,1,5,TestLR,0.55733,0.5339234783843596,0.90232,0.670874876393133,0.44267,/gpfs/projects/HeinzGroup/caffeine_underground/mlrt/FlexFringe/FlexFringe/models-ps-small/0.1.1.1.0.0.searchglobal.0.ini/0.1.1.1.0.0.searchglobal.0_16.04.TcoSL.6.1.5_Small.final.json,/gpfs/projects/HeinzGroup/asoubki/FlexFringe/data/MLRegTest/Large/16.04.TcoSL.6.1.5_TestLR.txt,2025-12-29 23:19:57.158227
0.1.1.1.0.0.searchglobal.0,Small,16,4,TcoSL,6,1,5,TestSR,0.62457,0.5779078639598734,0.92404,0.7110899058847069,0.37543,/gpfs/projects/HeinzGroup/caffeine_underground/mlrt/FlexFringe/FlexFringe/models-ps-small/0.1.1.1.0.0.searchglobal.0.ini/0.1.1.1.0.0.searchglobal.0_16.04.TcoSL.6.1.5_Small.final.json,/gpfs/projects/HeinzGroup/asoubki/FlexFringe/data/MLRegTest/Large/16.04.TcoSL.6.1.5_TestSR.txt,2025-12-29 23:19:57.158227
0.1.1.1.0.0.searchglobal.0,Small,16,4,TcoSL,6,1,5,TestLA,0.50595,0.5037846502219904,0.79202,0.6158451717247118,0.49405,/gpfs/projects/HeinzGroup/caffeine_underground/mlrt/FlexFringe/FlexFringe/models-ps-small/0.1.1.1.0.0.searchglobal.0.ini/0.1.1.1.0.0.searchglobal.0_16.04.TcoSL.6.1.5_Small.final.json,/gpfs/projects/HeinzGroup/asoubki/FlexFringe/data/MLRegTest/Large/16.04.TcoSL.6.1.5_TestLA.txt,2025-12-29 23:19:57.158227
0.1.1.1.0.0.searchglobal.0,Small,16,4,TcoSL,6,1,5,Dev,0.62575,0.5785377918233259,0.92632,0.7122415556256103,0.37425,/gpfs/projects/HeinzGroup/caffeine_underground/mlrt/FlexFringe/FlexFringe/models-ps-small/0.1.1.1.0.0.searchglobal.0.ini/0.1.1.1.0.0.searchglobal.0_16.04.TcoSL.6.1.5_Small.final.json,/gpfs/projects/HeinzGroup/asoubki/FlexFringe/data/MLRegTest/Large/16.04.TcoSL.6.1.5_Dev.txt,2025-12-29 23:19:57.158227
0.1.1.1.0.0.searchglobal.0,Small,16,4,TcoSL,6,1,5,Train,0.622,0.5796344647519582,0.888,0.7014218009478673,0.378,/gpfs/projects/HeinzGroup/caffeine_underground/mlrt/FlexFringe/FlexFringe/models-ps-small/0.1.1.1.0.0.searchglobal.0.ini/0.1.1.1.0.0.searchglobal.0_16.04.TcoSL.6.1.5_Small.final.json,/gpfs/projects/HeinzGroup/asoubki/FlexFringe/data/MLRegTest/Small/16.04.TcoSL.6.1.5_Train.txt,2025-12-29 23:19:57.158227
0.1.1.1.0.0.searchglobal.0,Small,16,4,TcoSL,6,1,6,TestSR,0.61884,0.5744928917082466,0.9165,0.7062712883189741,0.38116,/gpfs/projects/HeinzGroup/caffeine_underground/mlrt/FlexFringe/FlexFringe/models-ps-small/0.1.1.1.0.0.searchglobal.0.ini/0.1.1.1.0.0.searchglobal.0_16.04.TcoSL.6.1.6_Small.final.json,/gpfs/projects/HeinzGroup/asoubki/FlexFringe/data/MLRegTest/Large/16.04.TcoSL.6.1.6_TestSR.txt,2025-12-29 23:10:51.164033
0.1.1.1.0.0.searchglobal.0,Small,16,4,TcoSL,6,1,6,TestLA,0.50039,0.500232322630607,0.83974,0.6269757718296188,0.49961,/gpfs/projects/HeinzGroup/caffeine_underground/mlrt/FlexFringe/FlexFringe/models-ps-small/0.1.1.1.0.0.searchglobal.0.ini/0.1.1.1.0.0.searchglobal.0_16.04.TcoSL.6.1.6_Small.final.json,/gpfs/projects/HeinzGroup/asoubki/FlexFringe/data/MLRegTest/Large/16.04.TcoSL.6.1.6_TestLA.txt,2025-12-29 23:10:51.164033
0.1.1.1.0.0.searchglobal.0,Small,16,4,TcoSL,6,1,6,TestLR,0.52299,0.5131261918627887,0.89872,0.653267719683368,0.47701,/gpfs/projects/HeinzGroup/caffeine_underground/mlrt/FlexFringe/FlexFringe/models-ps-small/0.1.1.1.0.0.searchglobal.0.ini/0.1.1.1.0.0.searchglobal.0_16.04.TcoSL.6.1.6_Small.final.json,/gpfs/projects/HeinzGroup/asoubki/FlexFringe/data/MLRegTest/Large/16.04.TcoSL.6.1.6_TestLR.txt,2025-12-29 23:10:51.164033
0.1.1.1.0.0.searchglobal.0,Small,16,4,TcoSL,6,1,6,TestSA,0.52858,0.5208460977388767,0.71408,0.6023450021088148,0.47142,/gpfs/projects/HeinzGroup/caffeine_underground/mlrt/FlexFringe/FlexFringe/models-ps-small/0.1.1.1.0.0.searchglobal.0.ini/0.1.1.1.0.0.searchglobal.0_16.04.TcoSL.6.1.6_Small.final.json,/gpfs/projects/HeinzGroup/asoubki/FlexFringe/data/MLRegTest/Large/16.04.TcoSL.6.1.6_TestSA.txt,2025-12-29 23:10:51.164033
0.1.1.1.0.0.searchglobal.0,Small,16,4,TcoSL,6,1,6,Dev,0.61821,0.5739339279236456,0.91764,0.7061865587219012,0.38179,/gpfs/projects/HeinzGroup/caffeine_underground/mlrt/FlexFringe/FlexFringe/models-ps-small/0.1.1.1.0.0.searchglobal.0.ini/0.1.1.1.0.0.searchglobal.0_16.04.TcoSL.6.1.6_Small.final.json,/gpfs/projects/HeinzGroup/asoubki/FlexFringe/data/MLRegTest/Large/16.04.TcoSL.6.1.6_Dev.txt,2025-12-29 23:10:51.164033
0.1.1.1.0.0.searchglobal.0,Small,16,4,TcoSL,6,1,6,Train,0.61,0.5679012345679012,0.92,0.7022900763358778,0.39,/gpfs/projects/HeinzGroup/caffeine_underground/mlrt/FlexFringe/FlexFringe/models-ps-small/0.1.1.1.0.0.searchglobal.0.ini/0.1.1.1.0.0.searchglobal.0_16.04.TcoSL.6.1.6_Small.final.json,/gpfs/projects/HeinzGroup/asoubki/FlexFringe/data/MLRegTest/Small/16.04.TcoSL.6.1.6_Train.txt,2025-12-29 23:10:51.164033
0.1.1.1.0.0.searchglobal.0,Small,16,4,TcoSL,6,1,7,TestSR,0.61246,0.5670698251389584,0.95084,0.7104409808873414,0.38754,/gpfs/projects/HeinzGroup/caffeine_underground/mlrt/FlexFringe/FlexFringe/models-ps-small/0.1.1.1.0.0.searchglobal.0.ini/0.1.1.1.0.0.searchglobal.0_16.04.TcoSL.6.1.7_Small.final.json,/gpfs/projects/HeinzGroup/asoubki/FlexFringe/data/MLRegTest/Large/16.04.TcoSL.6.1.7_TestSR.txt,2025-12-29 23:03:09.579833
0.1.1.1.0.0.searchglobal.0,Small,16,4,TcoSL,6,1,7,TestSA,0.53097,0.5215773705845468,0.74862,0.6148072106106024,0.46903,/gpfs/projects/HeinzGroup/caffeine_underground/mlrt/FlexFringe/FlexFringe/models-ps-small/0.1.1.1.0.0.searchglobal.0.ini/0.1.1.1.0.0.searchglobal.0_16.04.TcoSL.6.1.7_Small.final.json,/gpfs/projects/HeinzGroup/asoubki/FlexFringe/data/MLRegTest/Large/16.04.TcoSL.6.1.7_TestSA.txt,2025-12-29 23:03:09.579833
0.1.1.1.0.0.searchglobal.0,Small,16,4,TcoSL,6,1,7,TestLR,0.51713,0.509242174096015,0.94386,0.6615547440651,0.48287,/gpfs/projects/HeinzGroup/caffeine_underground/mlrt/FlexFringe/FlexFringe/models-ps-small/0.1.1.1.0.0.searchglobal.0.ini/0.1.1.1.0.0.searchglobal.0_16.04.TcoSL.6.1.7_Small.final.json,/gpfs/projects/HeinzGroup/asoubki/FlexFringe/data/MLRegTest/Large/16.04.TcoSL.6.1.7_TestLR.txt,2025-12-29 23:03:09.579833
0.1.1.1.0.0.searchglobal.0,Small,16,4,TcoSL,6,1,7,TestLA,0.50381,0.5021146694788255,0.90466,0.6457936252989257,0.49619,/gpfs/projects/HeinzGroup/caffeine_underground/mlrt/FlexFringe/FlexFringe/models-ps-small/0.1.1.1.0.0.searchglobal.0.ini/0.1.1.1.0.0.searchglobal.0_16.04.TcoSL.6.1.7_Small.final.json,/gpfs/projects/HeinzGroup/asoubki/FlexFringe/data/MLRegTest/Large/16.04.TcoSL.6.1.7_TestLA.txt,2025-12-29 23:03:09.579833
0.1.1.1.0.0.searchglobal.0,Small,16,4,TcoSL,6,1,7,Dev,0.61483,0.5685756942370856,0.95208,0.7119685922602356,0.38517,/gpfs/projects/HeinzGroup/caffeine_underground/mlrt/FlexFringe/FlexFringe/models-ps-small/0.1.1.1.0.0.searchglobal.0.ini/0.1.1.1.0.0.searchglobal.0_16.04.TcoSL.6.1.7_Small.final.json,/gpfs/projects/HeinzGroup/asoubki/FlexFringe/data/MLRegTest/Large/16.04.TcoSL.6.1.7_Dev.txt,2025-12-29 23:03:09.579833
0.1.1.1.0.0.searchglobal.0,Small,16,4,TcoSL,6,1,7,Train,0.613,0.5676646706586826,0.948,0.7101123595505618,0.387,/gpfs/projects/HeinzGroup/caffeine_underground/mlrt/FlexFringe/FlexFringe/models-ps-small/0.1.1.1.0.0.searchglobal.0.ini/0.1.1.1.0.0.searchglobal.0_16.04.TcoSL.6.1.7_Small.final.json,/gpfs/projects/HeinzGroup/asoubki/FlexFringe/data/MLRegTest/Small/16.04.TcoSL.6.1.7_Train.txt,2025-12-29 23:03:09.579833
0.1.1.1.0.0.searchglobal.0,Small,16,4,TcoSL,6,1,8,TestSR,0.52625,0.5148427516482522,0.91052,0.6577618528177307,0.47375,/gpfs/projects/HeinzGroup/caffeine_underground/mlrt/FlexFringe/FlexFringe/models-ps-small/0.1.1.1.0.0.searchglobal.0.ini/0.1.1.1.0.0.searchglobal.0_16.04.TcoSL.6.1.8_Small.final.json,/gpfs/projects/HeinzGroup/asoubki/FlexFringe/data/MLRegTest/Large/16.04.TcoSL.6.1.8_TestSR.txt,2025-12-29 23:34:22.700867
0.1.1.1.0.0.searchglobal.0,Small,16,4,TcoSL,6,1,8,TestLR,0.52863,0.516605380073544,0.8907,0.6539311489130515,0.47137,/gpfs/projects/HeinzGroup/caffeine_underground/mlrt/FlexFringe/FlexFringe/models-ps-small/0.1.1.1.0.0.searchglobal.0.ini/0.1.1.1.0.0.searchglobal.0_16.04.TcoSL.6.1.8_Small.final.json,/gpfs/projects/HeinzGroup/asoubki/FlexFringe/data/MLRegTest/Large/16.04.TcoSL.6.1.8_TestLR.txt,2025-12-29 23:34:22.700867
0.1.1.1.0.0.searchglobal.0,Small,16,4,TcoSL,6,1,8,TestSA,0.49211,0.49536944656376547,0.84406,0.6243278227745109,0.50789,/gpfs/projects/HeinzGroup/caffeine_underground/mlrt/FlexFringe/FlexFringe/models-ps-small/0.1.1.1.0.0.searchglobal.0.ini/0.1.1.1.0.0.searchglobal.0_16.04.TcoSL.6.1.8_Small.final.json,/gpfs/projects/HeinzGroup/asoubki/FlexFringe/data/MLRegTest/Large/16.04.TcoSL.6.1.8_TestSA.txt,2025-12-29 23:34:22.700867
0.1.1.1.0.0.searchglobal.0,Small,16,4,TcoSL,6,1,8,TestLA,0.49974,0.4998433508459054,0.82962,0.6238307215688633,0.50026,/gpfs/projects/HeinzGroup/caffeine_underground/mlrt/FlexFringe/FlexFringe/models-ps-small/0.1.1.1.0.0.searchglobal.0.ini/0.1.1.1.0.0.searchglobal.0_16.04.TcoSL.6.1.8_Small.final.json,/gpfs/projects/HeinzGroup/asoubki/FlexFringe/data/MLRegTest/Large/16.04.TcoSL.6.1.8_TestLA.txt,2025-12-29 23:34:22.700867
0.1.1.1.0.0.searchglobal.0,Small,16,4,TcoSL,6,1,8,Dev,0.5245,0.5137838689350976,0.91322,0.6575983639610576,0.4755,/gpfs/projects/HeinzGroup/caffeine_underground/mlrt/FlexFringe/FlexFringe/models-ps-small/0.1.1.1.0.0.searchglobal.0.ini/0.1.1.1.0.0.searchglobal.0_16.04.TcoSL.6.1.8_Small.final.json,/gpfs/projects/HeinzGroup/asoubki/FlexFringe/data/MLRegTest/Large/16.04.TcoSL.6.1.8_Dev.txt,2025-12-29 23:34:22.700867
0.1.1.1.0.0.searchglobal.0,Small,16,4,TcoSL,6,1,8,Train,0.52,0.5113636363636364,0.9,0.6521739130434783,0.48,/gpfs/projects/HeinzGroup/caffeine_underground/mlrt/FlexFringe/FlexFringe/models-ps-small/0.1.1.1.0.0.searchglobal.0.ini/0.1.1.1.0.0.searchglobal.0_16.04.TcoSL.6.1.8_Small.final.json,/gpfs/projects/HeinzGroup/asoubki/FlexFringe/data/MLRegTest/Small/16.04.TcoSL.6.1.8_Train.txt,2025-12-29 23:34:22.700867
0.1.1.1.0.0.searchglobal.0,Small,16,4,TcoSL,6,1,9,TestSA,0.4958,0.4978117705901967,0.95548,0.6545818261536775,0.5042,/gpfs/projects/HeinzGroup/caffeine_underground/mlrt/FlexFringe/FlexFringe/models-ps-small/0.1.1.1.0.0.searchglobal.0.ini/0.1.1.1.0.0.searchglobal.0_16.04.TcoSL.6.1.9_Small.final.json,/gpfs/projects/HeinzGroup/asoubki/FlexFringe/data/MLRegTest/Large/16.04.TcoSL.6.1.9_TestSA.txt,2025-12-29 23:11:45.327407
0.1.1.1.0.0.searchglobal.0,Small,16,4,TcoSL,6,1,9,TestSR,0.48613,0.4926990009159148,0.936,0.6455751205280473,0.51387,/gpfs/projects/HeinzGroup/caffeine_underground/mlrt/FlexFringe/FlexFringe/models-ps-small/0.1.1.1.0.0.searchglobal.0.ini/0.1.1.1.0.0.searchglobal.0_16.04.TcoSL.6.1.9_Small.final.json,/gpfs/projects/HeinzGroup/asoubki/FlexFringe/data/MLRegTest/Large/16.04.TcoSL.6.1.9_TestSR.txt,2025-12-29 23:11:45.327407
0.1.1.1.0.0.searchglobal.0,Small,16,4,TcoSL,6,1,9,TestLR,0.49096,0.4951122453393313,0.91572,0.6427187736882001,0.50904,/gpfs/projects/HeinzGroup/caffeine_underground/mlrt/FlexFringe/FlexFringe/models-ps-small/0.1.1.1.0.0.searchglobal.0.ini/0.1.1.1.0.0.searchglobal.0_16.04.TcoSL.6.1.9_Small.final.json,/gpfs/projects/HeinzGroup/asoubki/FlexFringe/data/MLRegTest/Large/16.04.TcoSL.6.1.9_TestLR.txt,2025-12-29 23:11:45.327407
0.1.1.1.0.0.searchglobal.0,Small,16,4,TcoSL,6,1,9,TestLA,0.49572,0.49769709231001014,0.92498,0.6471740621020668,0.50428,/gpfs/projects/HeinzGroup/caffeine_underground/mlrt/FlexFringe/FlexFringe/models-ps-small/0.1.1.1.0.0.searchglobal.0.ini/0.1.1.1.0.0.searchglobal.0_16.04.TcoSL.6.1.9_Small.final.json,/gpfs/projects/HeinzGroup/asoubki/FlexFringe/data/MLRegTest/Large/16.04.TcoSL.6.1.9_TestLA.txt,2025-12-29 23:11:45.327407
0.1.1.1.0.0.searchglobal.0,Small,16,4,TcoSL,6,1,9,Dev,0.48793,0.4936575830504556,0.93946,0.6472205190385317,0.51207,/gpfs/projects/HeinzGroup/caffeine_underground/mlrt/FlexFringe/FlexFringe/models-ps-small/0.1.1.1.0.0.searchglobal.0.ini/0.1.1.1.0.0.searchglobal.0_16.04.TcoSL.6.1.9_Small.final.json,/gpfs/projects/HeinzGroup/asoubki/FlexFringe/data/MLRegTest/Large/16.04.TcoSL.6.1.9_Dev.txt,2025-12-29 23:11:45.327407
0.1.1.1.0.0.searchglobal.0,Small,16,4,TcoSL,6,1,9,Train,0.508,0.5042105263157894,0.958,0.6606896551724138,0.492,/gpfs/projects/HeinzGroup/caffeine_underground/mlrt/FlexFringe/FlexFringe/models-ps-small/0.1.1.1.0.0.searchglobal.0.ini/0.1.1.1.0.0.searchglobal.0_16.04.TcoSL.6.1.9_Small.final.json,/gpfs/projects/HeinzGroup/asoubki/FlexFringe/data/MLRegTest/Small/16.04.TcoSL.6.1.9_Train.txt,2025-12-29 23:11:45.327407
0.1.1.1.0.0.searchglobal.0,Small,16,4,TLT,2,1,0,TestLR,0.6295,0.6289326961369972,0.6317,0.6303133107164238,0.3705,/gpfs/projects/HeinzGroup/caffeine_underground/mlrt/FlexFringe/FlexFringe/models-ps-small/0.1.1.1.0.0.searchglobal.0.ini/0.1.1.1.0.0.searchglobal.0_16.04.TLT.2.1.0_Small.final.json,/gpfs/projects/HeinzGroup/asoubki/FlexFringe/data/MLRegTest/Large/16.04.TLT.2.1.0_TestLR.txt,2025-12-29 23:06:24.657098
0.1.1.1.0.0.searchglobal.0,Small,16,4,TLT,2,1,0,TestSR,0.71044,0.6991671398826425,0.73874,0.7184090246037149,0.28956,/gpfs/projects/HeinzGroup/caffeine_underground/mlrt/FlexFringe/FlexFringe/models-ps-small/0.1.1.1.0.0.searchglobal.0.ini/0.1.1.1.0.0.searchglobal.0_16.04.TLT.2.1.0_Small.final.json,/gpfs/projects/HeinzGroup/asoubki/FlexFringe/data/MLRegTest/Large/16.04.TLT.2.1.0_TestSR.txt,2025-12-29 23:06:24.657098
0.1.1.1.0.0.searchglobal.0,Small,16,4,TLT,2,1,0,TestLA,0.57266,0.5784326424870466,0.53586,0.5563330564784054,0.42734,/gpfs/projects/HeinzGroup/caffeine_underground/mlrt/FlexFringe/FlexFringe/models-ps-small/0.1.1.1.0.0.searchglobal.0.ini/0.1.1.1.0.0.searchglobal.0_16.04.TLT.2.1.0_Small.final.json,/gpfs/projects/HeinzGroup/asoubki/FlexFringe/data/MLRegTest/Large/16.04.TLT.2.1.0_TestLA.txt,2025-12-29 23:06:24.657098
0.1.1.1.0.0.searchglobal.0,Small,16,4,TLT,2,1,0,TestSA,0.63553,0.6448124799658083,0.60348,0.6234619556795289,0.36447,/gpfs/projects/HeinzGroup/caffeine_underground/mlrt/FlexFringe/FlexFringe/models-ps-small/0.1.1.1.0.0.searchglobal.0.ini/0.1.1.1.0.0.searchglobal.0_16.04.TLT.2.1.0_Small.final.json,/gpfs/projects/HeinzGroup/asoubki/FlexFringe/data/MLRegTest/Large/16.04.TLT.2.1.0_TestSA.txt,2025-12-29 23:06:24.657098
0.1.1.1.0.0.searchglobal.0,Small,16,4,TLT,2,1,0,Dev,0.71201,0.7011976388862527,0.73888,0.7195458042400693,0.28799,/gpfs/projects/HeinzGroup/caffeine_underground/mlrt/FlexFringe/FlexFringe/models-ps-small/0.1.1.1.0.0.searchglobal.0.ini/0.1.1.1.0.0.searchglobal.0_16.04.TLT.2.1.0_Small.final.json,/gpfs/projects/HeinzGroup/asoubki/FlexFringe/data/MLRegTest/Large/16.04.TLT.2.1.0_Dev.txt,2025-12-29 23:06:24.657098
0.1.1.1.0.0.searchglobal.0,Small,16,4,TLT,2,1,0,Train,0.713,0.7052023121387283,0.732,0.718351324828263,0.287,/gpfs/projects/HeinzGroup/caffeine_underground/mlrt/FlexFringe/FlexFringe/models-ps-small/0.1.1.1.0.0.searchglobal.0.ini/0.1.1.1.0.0.searchglobal.0_16.04.TLT.2.1.0_Small.final.json,/gpfs/projects/HeinzGroup/asoubki/FlexFringe/data/MLRegTest/Small/16.04.TLT.2.1.0_Train.txt,2025-12-29 23:06:24.657098
0.1.1.1.0.0.searchglobal.0,Small,16,4,TLT,2,1,1,TestSA,0.64764,0.6739232871548393,0.57208,0.6188395136515079,0.35236,/gpfs/projects/HeinzGroup/caffeine_underground/mlrt/FlexFringe/FlexFringe/models-ps-small/0.1.1.1.0.0.searchglobal.0.ini/0.1.1.1.0.0.searchglobal.0_16.04.TLT.2.1.1_Small.final.json,/gpfs/projects/HeinzGroup/asoubki/FlexFringe/data/MLRegTest/Large/16.04.TLT.2.1.1_TestSA.txt,2025-12-29 22:15:19.291890
0.1.1.1.0.0.searchglobal.0,Small,16,4,TLT,2,1,1,TestLR,0.6547,0.6621797291063866,0.63164,0.6465494298523963,0.3453,/gpfs/projects/HeinzGroup/caffeine_underground/mlrt/FlexFringe/FlexFringe/models-ps-small/0.1.1.1.0.0.searchglobal.0.ini/0.1.1.1.0.0.searchglobal.0_16.04.TLT.2.1.1_Small.final.json,/gpfs/projects/HeinzGroup/asoubki/FlexFringe/data/MLRegTest/Large/16.04.TLT.2.1.1_TestLR.txt,2025-12-29 22:15:19.291890
0.1.1.1.0.0.searchglobal.0,Small,16,4,TLT,2,1,1,TestLA,0.57518,0.591193595342067,0.48738,0.5342907257180443,0.42482,/gpfs/projects/HeinzGroup/caffeine_underground/mlrt/FlexFringe/FlexFringe/models-ps-small/0.1.1.1.0.0.searchglobal.0.ini/0.1.1.1.0.0.searchglobal.0_16.04.TLT.2.1.1_Small.final.json,/gpfs/projects/HeinzGroup/asoubki/FlexFringe/data/MLRegTest/Large/16.04.TLT.2.1.1_TestLA.txt,2025-12-29 22:15:19.291890
0.1.1.1.0.0.searchglobal.0,Small,16,4,TLT,2,1,1,TestSR,0.74961,0.7441651178714663,0.76076,0.7523710626514365,0.25039,/gpfs/projects/HeinzGroup/caffeine_underground/mlrt/FlexFringe/FlexFringe/models-ps-small/0.1.1.1.0.0.searchglobal.0.ini/0.1.1.1.0.0.searchglobal.0_16.04.TLT.2.1.1_Small.final.json,/gpfs/projects/HeinzGroup/asoubki/FlexFringe/data/MLRegTest/Large/16.04.TLT.2.1.1_TestSR.txt,2025-12-29 22:15:19.291890
0.1.1.1.0.0.searchglobal.0,Small,16,4,TLT,2,1,1,Dev,0.74874,0.7428247881604123,0.76092,0.7517635203224723,0.25126,/gpfs/projects/HeinzGroup/caffeine_underground/mlrt/FlexFringe/FlexFringe/models-ps-small/0.1.1.1.0.0.searchglobal.0.ini/0.1.1.1.0.0.searchglobal.0_16.04.TLT.2.1.1_Small.final.json,/gpfs/projects/HeinzGroup/asoubki/FlexFringe/data/MLRegTest/Large/16.04.TLT.2.1.1_Dev.txt,2025-12-29 22:15:19.291890
0.1.1.1.0.0.searchglobal.0,Small,16,4,TLT,2,1,1,Train,0.744,0.7401574803149606,0.752,0.746031746031746,0.256,/gpfs/projects/HeinzGroup/caffeine_underground/mlrt/FlexFringe/FlexFringe/models-ps-small/0.1.1.1.0.0.searchglobal.0.ini/0.1.1.1.0.0.searchglobal.0_16.04.TLT.2.1.1_Small.final.json,/gpfs/projects/HeinzGroup/asoubki/FlexFringe/data/MLRegTest/Small/16.04.TLT.2.1.1_Train.txt,2025-12-29 22:15:19.291890
0.1.1.1.0.0.searchglobal.0,Small,16,4,TLT,2,1,2,TestSR,0.6064,0.5808658113941753,0.76428,0.6600684008705565,0.3936,/gpfs/projects/HeinzGroup/caffeine_underground/mlrt/FlexFringe/FlexFringe/models-ps-small/0.1.1.1.0.0.searchglobal.0.ini/0.1.1.1.0.0.searchglobal.0_16.04.TLT.2.1.2_Small.final.json,/gpfs/projects/HeinzGroup/asoubki/FlexFringe/data/MLRegTest/Large/16.04.TLT.2.1.2_TestSR.txt,2025-12-29 23:00:10.732715
0.1.1.1.0.0.searchglobal.0,Small,16,4,TLT,2,1,2,TestSA,0.53472,0.5281033477951176,0.65244,0.583724009590953,0.46528,/gpfs/projects/HeinzGroup/caffeine_underground/mlrt/FlexFringe/FlexFringe/models-ps-small/0.1.1.1.0.0.searchglobal.0.ini/0.1.1.1.0.0.searchglobal.0_16.04.TLT.2.1.2_Small.final.json,/gpfs/projects/HeinzGroup/asoubki/FlexFringe/data/MLRegTest/Large/16.04.TLT.2.1.2_TestSA.txt,2025-12-29 23:00:10.732715
0.1.1.1.0.0.searchglobal.0,Small,16,4,TLT,2,1,2,TestLA,0.52292,0.5174370834728097,0.68014,0.5877361262335598,0.47708,/gpfs/projects/HeinzGroup/caffeine_underground/mlrt/FlexFringe/FlexFringe/models-ps-small/0.1.1.1.0.0.searchglobal.0.ini/0.1.1.1.0.0.searchglobal.0_16.04.TLT.2.1.2_Small.final.json,/gpfs/projects/HeinzGroup/asoubki/FlexFringe/data/MLRegTest/Large/16.04.TLT.2.1.2_TestLA.txt,2025-12-29 23:00:10.732715
0.1.1.1.0.0.searchglobal.0,Small,16,4,TLT,2,1,2,TestLR,0.57447,0.5555754563500948,0.74446,0.6362960367182625,0.42553,/gpfs/projects/HeinzGroup/caffeine_underground/mlrt/FlexFringe/FlexFringe/models-ps-small/0.1.1.1.0.0.searchglobal.0.ini/0.1.1.1.0.0.searchglobal.0_16.04.TLT.2.1.2_Small.final.json,/gpfs/projects/HeinzGroup/asoubki/FlexFringe/data/MLRegTest/Large/16.04.TLT.2.1.2_TestLR.txt,2025-12-29 23:00:10.732715
0.1.1.1.0.0.searchglobal.0,Small,16,4,TLT,2,1,2,Dev,0.60706,0.5816952566998351,0.7623,0.659862885634154,0.39294,/gpfs/projects/HeinzGroup/caffeine_underground/mlrt/FlexFringe/FlexFringe/models-ps-small/0.1.1.1.0.0.searchglobal.0.ini/0.1.1.1.0.0.searchglobal.0_16.04.TLT.2.1.2_Small.final.json,/gpfs/projects/HeinzGroup/asoubki/FlexFringe/data/MLRegTest/Large/16.04.TLT.2.1.2_Dev.txt,2025-12-29 23:00:10.732715
0.1.1.1.0.0.searchglobal.0,Small,16,4,TLT,2,1,2,Train,0.604,0.5822784810126582,0.736,0.6501766784452296,0.396,/gpfs/projects/HeinzGroup/caffeine_underground/mlrt/FlexFringe/FlexFringe/models-ps-small/0.1.1.1.0.0.searchglobal.0.ini/0.1.1.1.0.0.searchglobal.0_16.04.TLT.2.1.2_Small.final.json,/gpfs/projects/HeinzGroup/asoubki/FlexFringe/data/MLRegTest/Small/16.04.TLT.2.1.2_Train.txt,2025-12-29 23:00:10.732715
0.1.1.1.0.0.searchglobal.0,Small,16,4,TLT,2,1,3,TestSA,0.64188,0.638907382024672,0.65258,0.6456713169090729,0.35812,/gpfs/projects/HeinzGroup/caffeine_underground/mlrt/FlexFringe/FlexFringe/models-ps-small/0.1.1.1.0.0.searchglobal.0.ini/0.1.1.1.0.0.searchglobal.0_16.04.TLT.2.1.3_Small.final.json,/gpfs/projects/HeinzGroup/asoubki/FlexFringe/data/MLRegTest/Large/16.04.TLT.2.1.3_TestSA.txt,2025-12-29 22:08:08.139414
0.1.1.1.0.0.searchglobal.0,Small,16,4,TLT,2,1,3,TestLR,0.57178,0.5710186797530473,0.57714,0.5740630222010026,0.42822,/gpfs/projects/HeinzGroup/caffeine_underground/mlrt/FlexFringe/FlexFringe/models-ps-small/0.1.1.1.0.0.searchglobal.0.ini/0.1.1.1.0.0.searchglobal.0_16.04.TLT.2.1.3_Small.final.json,/gpfs/projects/HeinzGroup/asoubki/FlexFringe/data/MLRegTest/Large/16.04.TLT.2.1.3_TestLR.txt,2025-12-29 22:08:08.139414
0.1.1.1.0.0.searchglobal.0,Small,16,4,TLT,2,1,3,TestLA,0.57205,0.5688090917772897,0.5956,0.5818963411655512,0.42795,/gpfs/projects/HeinzGroup/caffeine_underground/mlrt/FlexFringe/FlexFringe/models-ps-small/0.1.1.1.0.0.searchglobal.0.ini/0.1.1.1.0.0.searchglobal.0_16.04.TLT.2.1.3_Small.final.json,/gpfs/projects/HeinzGroup/asoubki/FlexFringe/data/MLRegTest/Large/16.04.TLT.2.1.3_TestLA.txt,2025-12-29 22:08:08.139414
0.1.1.1.0.0.searchglobal.0,Small,16,4,TLT,2,1,3,TestSR,0.65484,0.6500155014726399,0.67092,0.6603023383985513,0.34516,/gpfs/projects/HeinzGroup/caffeine_underground/mlrt/FlexFringe/FlexFringe/models-ps-small/0.1.1.1.0.0.searchglobal.0.ini/0.1.1.1.0.0.searchglobal.0_16.04.TLT.2.1.3_Small.final.json,/gpfs/projects/HeinzGroup/asoubki/FlexFringe/data/MLRegTest/Large/16.04.TLT.2.1.3_TestSR.txt,2025-12-29 22:08:08.139414
0.1.1.1.0.0.searchglobal.0,Small,16,4,TLT,2,1,3,Dev,0.65495,0.6510263357960194,0.66794,0.6593747223565879,0.34505,/gpfs/projects/HeinzGroup/caffeine_underground/mlrt/FlexFringe/FlexFringe/models-ps-small/0.1.1.1.0.0.searchglobal.0.ini/0.1.1.1.0.0.searchglobal.0_16.04.TLT.2.1.3_Small.final.json,/gpfs/projects/HeinzGroup/asoubki/FlexFringe/data/MLRegTest/Large/16.04.TLT.2.1.3_Dev.txt,2025-12-29 22:08:08.139414
0.1.1.1.0.0.searchglobal.0,Small,16,4,TLT,2,1,3,Train,0.611,0.6053130929791272,0.638,0.6212268743914313,0.389,/gpfs/projects/HeinzGroup/caffeine_underground/mlrt/FlexFringe/FlexFringe/models-ps-small/0.1.1.1.0.0.searchglobal.0.ini/0.1.1.1.0.0.searchglobal.0_16.04.TLT.2.1.3_Small.final.json,/gpfs/projects/HeinzGroup/asoubki/FlexFringe/data/MLRegTest/Small/16.04.TLT.2.1.3_Train.txt,2025-12-29 22:08:08.139414
0.1.1.1.0.0.searchglobal.0,Small,16,4,TLT,2,1,4,TestSR,0.69444,0.721498222910781,0.63336,0.6745622630256038,0.30556,/gpfs/projects/HeinzGroup/caffeine_underground/mlrt/FlexFringe/FlexFringe/models-ps-small/0.1.1.1.0.0.searchglobal.0.ini/0.1.1.1.0.0.searchglobal.0_16.04.TLT.2.1.4_Small.final.json,/gpfs/projects/HeinzGroup/asoubki/FlexFringe/data/MLRegTest/Large/16.04.TLT.2.1.4_TestSR.txt,2025-12-29 22:30:02.881453
0.1.1.1.0.0.searchglobal.0,Small,16,4,TLT,2,1,4,TestLR,0.58509,0.5941198593013738,0.53712,0.5641839017678014,0.41491,/gpfs/projects/HeinzGroup/caffeine_underground/mlrt/FlexFringe/FlexFringe/models-ps-small/0.1.1.1.0.0.searchglobal.0.ini/0.1.1.1.0.0.searchglobal.0_16.04.TLT.2.1.4_Small.final.json,/gpfs/projects/HeinzGroup/asoubki/FlexFringe/data/MLRegTest/Large/16.04.TLT.2.1.4_TestLR.txt,2025-12-29 22:30:02.881453
0.1.1.1.0.0.searchglobal.0,Small,16,4,TLT,2,1,4,TestSA,0.65152,0.6511934222080307,0.6526,0.6518959523714388,0.34848,/gpfs/projects/HeinzGroup/caffeine_underground/mlrt/FlexFringe/FlexFringe/models-ps-small/0.1.1.1.0.0.searchglobal.0.ini/0.1.1.1.0.0.searchglobal.0_16.04.TLT.2.1.4_Small.final.json,/gpfs/projects/HeinzGroup/asoubki/FlexFringe/data/MLRegTest/Large/16.04.TLT.2.1.4_TestSA.txt,2025-12-29 22:30:02.881453
0.1.1.1.0.0.searchglobal.0,Small,16,4,TLT,2,1,4,TestLA,0.57456,0.5791641892465812,0.54548,0.561817657479504,0.42544,/gpfs/projects/HeinzGroup/caffeine_underground/mlrt/FlexFringe/FlexFringe/models-ps-small/0.1.1.1.0.0.searchglobal.0.ini/0.1.1.1.0.0.searchglobal.0_16.04.TLT.2.1.4_Small.final.json,/gpfs/projects/HeinzGroup/asoubki/FlexFringe/data/MLRegTest/Large/16.04.TLT.2.1.4_TestLA.txt,2025-12-29 22:30:02.881453
0.1.1.1.0.0.searchglobal.0,Small,16,4,TLT,2,1,4,Dev,0.69488,0.7228014816847305,0.63222,0.6744831117844112,0.30512,/gpfs/projects/HeinzGroup/caffeine_underground/mlrt/FlexFringe/FlexFringe/models-ps-small/0.1.1.1.0.0.searchglobal.0.ini/0.1.1.1.0.0.searchglobal.0_16.04.TLT.2.1.4_Small.final.json,/gpfs/projects/HeinzGroup/asoubki/FlexFringe/data/MLRegTest/Large/16.04.TLT.2.1.4_Dev.txt,2025-12-29 22:30:02.881453
0.1.1.1.0.0.searchglobal.0,Small,16,4,TLT,2,1,4,Train,0.7,0.7183406113537117,0.658,0.6868475991649269,0.3,/gpfs/projects/HeinzGroup/caffeine_underground/mlrt/FlexFringe/FlexFringe/models-ps-small/0.1.1.1.0.0.searchglobal.0.ini/0.1.1.1.0.0.searchglobal.0_16.04.TLT.2.1.4_Small.final.json,/gpfs/projects/HeinzGroup/asoubki/FlexFringe/data/MLRegTest/Small/16.04.TLT.2.1.4_Train.txt,2025-12-29 22:30:02.881453
0.1.1.1.0.0.searchglobal.0,Small,16,4,TLT,2,1,5,TestSR,0.50153,0.5036791227817053,0.20946,0.2958767109742489,0.49847,/gpfs/projects/HeinzGroup/caffeine_underground/mlrt/FlexFringe/FlexFringe/models-ps-small/0.1.1.1.0.0.searchglobal.0.ini/0.1.1.1.0.0.searchglobal.0_16.04.TLT.2.1.5_Small.final.json,/gpfs/projects/HeinzGroup/asoubki/FlexFringe/data/MLRegTest/Large/16.04.TLT.2.1.5_TestSR.txt,2025-12-29 22:14:32.040464
0.1.1.1.0.0.searchglobal.0,Small,16,4,TLT,2,1,5,TestLA,0.51214,0.5288745124155646,0.22236,0.31308608600152066,0.48786,/gpfs/projects/HeinzGroup/caffeine_underground/mlrt/FlexFringe/FlexFringe/models-ps-small/0.1.1.1.0.0.searchglobal.0.ini/0.1.1.1.0.0.searchglobal.0_16.04.TLT.2.1.5_Small.final.json,/gpfs/projects/HeinzGroup/asoubki/FlexFringe/data/MLRegTest/Large/16.04.TLT.2.1.5_TestLA.txt,2025-12-29 22:14:32.040464
0.1.1.1.0.0.searchglobal.0,Small,16,4,TLT,2,1,5,TestSA,0.52081,0.5463329919401523,0.24538,0.3386560304732462,0.47919,/gpfs/projects/HeinzGroup/caffeine_underground/mlrt/FlexFringe/FlexFringe/models-ps-small/0.1.1.1.0.0.searchglobal.0.ini/0.1.1.1.0.0.searchglobal.0_16.04.TLT.2.1.5_Small.final.json,/gpfs/projects/HeinzGroup/asoubki/FlexFringe/data/MLRegTest/Large/16.04.TLT.2.1.5_TestSA.txt,2025-12-29 22:14:32.040464
0.1.1.1.0.0.searchglobal.0,Small,16,4,TLT,2,1,5,TestLR,0.49712,0.4928966061562747,0.19984,0.2843806921675774,0.50288,/gpfs/projects/HeinzGroup/caffeine_underground/mlrt/FlexFringe/FlexFringe/models-ps-small/0.1.1.1.0.0.searchglobal.0.ini/0.1.1.1.0.0.searchglobal.0_16.04.TLT.2.1.5_Small.final.json,/gpfs/projects/HeinzGroup/asoubki/FlexFringe/data/MLRegTest/Large/16.04.TLT.2.1.5_TestLR.txt,2025-12-29 22:14:32.040464
0.1.1.1.0.0.searchglobal.0,Small,16,4,TLT,2,1,5,Dev,0.50252,0.5060183416125335,0.21188,0.2986917785045675,0.49748,/gpfs/projects/HeinzGroup/caffeine_underground/mlrt/FlexFringe/FlexFringe/models-ps-small/0.1.1.1.0.0.searchglobal.0.ini/0.1.1.1.0.0.searchglobal.0_16.04.TLT.2.1.5_Small.final.json,/gpfs/projects/HeinzGroup/asoubki/FlexFringe/data/MLRegTest/Large/16.04.TLT.2.1.5_Dev.txt,2025-12-29 22:14:32.040464
0.1.1.1.0.0.searchglobal.0,Small,16,4,TLT,2,1,5,Train,0.518,0.5432692307692307,0.226,0.3192090395480226,0.482,/gpfs/projects/HeinzGroup/caffeine_underground/mlrt/FlexFringe/FlexFringe/models-ps-small/0.1.1.1.0.0.searchglobal.0.ini/0.1.1.1.0.0.searchglobal.0_16.04.TLT.2.1.5_Small.final.json,/gpfs/projects/HeinzGroup/asoubki/FlexFringe/data/MLRegTest/Small/16.04.TLT.2.1.5_Train.txt,2025-12-29 22:14:32.040464
0.1.1.1.0.0.searchglobal.0,Small,16,4,TLT,2,1,6,TestSR,0.49511,0.48827281884023216,0.2036,0.28737173425171847,0.50489,/gpfs/projects/HeinzGroup/caffeine_underground/mlrt/FlexFringe/FlexFringe/models-ps-small/0.1.1.1.0.0.searchglobal.0.ini/0.1.1.1.0.0.searchglobal.0_16.04.TLT.2.1.6_Small.final.json,/gpfs/projects/HeinzGroup/asoubki/FlexFringe/data/MLRegTest/Large/16.04.TLT.2.1.6_TestSR.txt,2025-12-29 23:00:06.370325
0.1.1.1.0.0.searchglobal.0,Small,16,4,TLT,2,1,6,TestLR,0.49636,0.49122807017543857,0.20384,0.28812121897438797,0.50364,/gpfs/projects/HeinzGroup/caffeine_underground/mlrt/FlexFringe/FlexFringe/models-ps-small/0.1.1.1.0.0.searchglobal.0.ini/0.1.1.1.0.0.searchglobal.0_16.04.TLT.2.1.6_Small.final.json,/gpfs/projects/HeinzGroup/asoubki/FlexFringe/data/MLRegTest/Large/16.04.TLT.2.1.6_TestLR.txt,2025-12-29 23:00:06.370325
0.1.1.1.0.0.searchglobal.0,Small,16,4,TLT,2,1,6,TestLA,0.50534,0.5127616862632636,0.21456,0.3025295394940921,0.49466,/gpfs/projects/HeinzGroup/caffeine_underground/mlrt/FlexFringe/FlexFringe/models-ps-small/0.1.1.1.0.0.searchglobal.0.ini/0.1.1.1.0.0.searchglobal.0_16.04.TLT.2.1.6_Small.final.json,/gpfs/projects/HeinzGroup/asoubki/FlexFringe/data/MLRegTest/Large/16.04.TLT.2.1.6_TestLA.txt,2025-12-29 23:00:06.370325
0.1.1.1.0.0.searchglobal.0,Small,16,4,TLT,2,1,6,TestSA,0.51351,0.5295197308045274,0.24234,0.33250552254984017,0.48649,/gpfs/projects/HeinzGroup/caffeine_underground/mlrt/FlexFringe/FlexFringe/models-ps-small/0.1.1.1.0.0.searchglobal.0.ini/0.1.1.1.0.0.searchglobal.0_16.04.TLT.2.1.6_Small.final.json,/gpfs/projects/HeinzGroup/asoubki/FlexFringe/data/MLRegTest/Large/16.04.TLT.2.1.6_TestSA.txt,2025-12-29 23:00:06.370325
0.1.1.1.0.0.searchglobal.0,Small,16,4,TLT,2,1,6,Dev,0.49412,0.48597328244274807,0.20372,0.2870913190529876,0.50588,/gpfs/projects/HeinzGroup/caffeine_underground/mlrt/FlexFringe/FlexFringe/models-ps-small/0.1.1.1.0.0.searchglobal.0.ini/0.1.1.1.0.0.searchglobal.0_16.04.TLT.2.1.6_Small.final.json,/gpfs/projects/HeinzGroup/asoubki/FlexFringe/data/MLRegTest/Large/16.04.TLT.2.1.6_Dev.txt,2025-12-29 23:00:06.370325
0.1.1.1.0.0.searchglobal.0,Small,16,4,TLT,2,1,6,Train,0.495,0.4880382775119617,0.204,0.28772919605077574,0.505,/gpfs/projects/HeinzGroup/caffeine_underground/mlrt/FlexFringe/FlexFringe/models-ps-small/0.1.1.1.0.0.searchglobal.0.ini/0.1.1.1.0.0.searchglobal.0_16.04.TLT.2.1.6_Small.final.json,/gpfs/projects/HeinzGroup/asoubki/FlexFringe/data/MLRegTest/Small/16.04.TLT.2.1.6_Train.txt,2025-12-29 23:00:06.370325
0.1.1.1.0.0.searchglobal.0,Small,16,4,TLT,2,1,7,TestLR,0.48598,0.471745264006449,0.23408,0.31289934500735195,0.51402,/gpfs/projects/HeinzGroup/caffeine_underground/mlrt/FlexFringe/FlexFringe/models-ps-small/0.1.1.1.0.0.searchglobal.0.ini/0.1.1.1.0.0.searchglobal.0_16.04.TLT.2.1.7_Small.final.json,/gpfs/projects/HeinzGroup/asoubki/FlexFringe/data/MLRegTest/Large/16.04.TLT.2.1.7_TestLR.txt,2025-12-29 22:18:34.741070
0.1.1.1.0.0.searchglobal.0,Small,16,4,TLT,2,1,7,TestSA,0.49938,0.4988752630433205,0.275,0.3545550656249194,0.50062,/gpfs/projects/HeinzGroup/caffeine_underground/mlrt/FlexFringe/FlexFringe/models-ps-small/0.1.1.1.0.0.searchglobal.0.ini/0.1.1.1.0.0.searchglobal.0_16.04.TLT.2.1.7_Small.final.json,/gpfs/projects/HeinzGroup/asoubki/FlexFringe/data/MLRegTest/Large/16.04.TLT.2.1.7_TestSA.txt,2025-12-29 22:18:34.741070
0.1.1.1.0.0.searchglobal.0,Small,16,4,TLT,2,1,7,TestSR,0.49182,0.4841041585697629,0.24912,0.3289581407632378,0.50818,/gpfs/projects/HeinzGroup/caffeine_underground/mlrt/FlexFringe/FlexFringe/models-ps-small/0.1.1.1.0.0.searchglobal.0.ini/0.1.1.1.0.0.searchglobal.0_16.04.TLT.2.1.7_Small.final.json,/gpfs/projects/HeinzGroup/asoubki/FlexFringe/data/MLRegTest/Large/16.04.TLT.2.1.7_TestSR.txt,2025-12-29 22:18:34.741070
0.1.1.1.0.0.searchglobal.0,Small,16,4,TLT,2,1,7,TestLA,0.49713,0.4943789415958322,0.25242,0.33420275655708404,0.50287,/gpfs/projects/HeinzGroup/caffeine_underground/mlrt/FlexFringe/FlexFringe/models-ps-small/0.1.1.1.0.0.searchglobal.0.ini/0.1.1.1.0.0.searchglobal.0_16.04.TLT.2.1.7_Small.final.json,/gpfs/projects/HeinzGroup/asoubki/FlexFringe/data/MLRegTest/Large/16.04.TLT.2.1.7_TestLA.txt,2025-12-29 22:18:34.741070
0.1.1.1.0.0.searchglobal.0,Small,16,4,TLT,2,1,7,Dev,0.49095,0.48251883330113965,0.2498,0.3291823153455887,0.50905,/gpfs/projects/HeinzGroup/caffeine_underground/mlrt/FlexFringe/FlexFringe/models-ps-small/0.1.1.1.0.0.searchglobal.0.ini/0.1.1.1.0.0.searchglobal.0_16.04.TLT.2.1.7_Small.final.json,/gpfs/projects/HeinzGroup/asoubki/FlexFringe/data/MLRegTest/Large/16.04.TLT.2.1.7_Dev.txt,2025-12-29 22:18:34.741070
0.1.1.1.0.0.searchglobal.0,Small,16,4,TLT,2,1,7,Train,0.512,0.5222222222222223,0.282,0.36623376623376624,0.488,/gpfs/projects/HeinzGroup/caffeine_underground/mlrt/FlexFringe/FlexFringe/models-ps-small/0.1.1.1.0.0.searchglobal.0.ini/0.1.1.1.0.0.searchglobal.0_16.04.TLT.2.1.7_Small.final.json,/gpfs/projects/HeinzGroup/asoubki/FlexFringe/data/MLRegTest/Small/16.04.TLT.2.1.7_Train.txt,2025-12-29 22:18:34.741070
0.1.1.1.0.0.searchglobal.0,Small,16,4,TLT,2,1,8,TestLA,0.50263,0.5057723541547781,0.23044,0.31662109616520795,0.49737,/gpfs/projects/HeinzGroup/caffeine_underground/mlrt/FlexFringe/FlexFringe/models-ps-small/0.1.1.1.0.0.searchglobal.0.ini/0.1.1.1.0.0.searchglobal.0_16.04.TLT.2.1.8_Small.final.json,/gpfs/projects/HeinzGroup/asoubki/FlexFringe/data/MLRegTest/Large/16.04.TLT.2.1.8_TestLA.txt,2025-12-29 22:15:28.752727
0.1.1.1.0.0.searchglobal.0,Small,16,4,TLT,2,1,8,TestSA,0.50696,0.5144218814753418,0.24826,0.334898151895319,0.49304,/gpfs/projects/HeinzGroup/caffeine_underground/mlrt/FlexFringe/FlexFringe/models-ps-small/0.1.1.1.0.0.searchglobal.0.ini/0.1.1.1.0.0.searchglobal.0_16.04.TLT.2.1.8_Small.final.json,/gpfs/projects/HeinzGroup/asoubki/FlexFringe/data/MLRegTest/Large/16.04.TLT.2.1.8_TestSA.txt,2025-12-29 22:15:28.752727
0.1.1.1.0.0.searchglobal.0,Small,16,4,TLT,2,1,8,TestLR,0.50179,0.5038655897723837,0.23332,0.3189479583885828,0.49821,/gpfs/projects/HeinzGroup/caffeine_underground/mlrt/FlexFringe/FlexFringe/models-ps-small/0.1.1.1.0.0.searchglobal.0.ini/0.1.1.1.0.0.searchglobal.0_16.04.TLT.2.1.8_Small.final.json,/gpfs/projects/HeinzGroup/asoubki/FlexFringe/data/MLRegTest/Large/16.04.TLT.2.1.8_TestLR.txt,2025-12-29 22:15:28.752727
0.1.1.1.0.0.searchglobal.0,Small,16,4,TLT,2,1,8,TestSR,0.50465,0.5099219050057611,0.23898,0.3254395162937644,0.49535,/gpfs/projects/HeinzGroup/caffeine_underground/mlrt/FlexFringe/FlexFringe/models-ps-small/0.1.1.1.0.0.searchglobal.0.ini/0.1.1.1.0.0.searchglobal.0_16.04.TLT.2.1.8_Small.final.json,/gpfs/projects/HeinzGroup/asoubki/FlexFringe/data/MLRegTest/Large/16.04.TLT.2.1.8_TestSR.txt,2025-12-29 22:15:28.752727
0.1.1.1.0.0.searchglobal.0,Small,16,4,TLT,2,1,8,Dev,0.50246,0.5052247047829411,0.23788,0.32346142340431316,0.49754,/gpfs/projects/HeinzGroup/caffeine_underground/mlrt/FlexFringe/FlexFringe/models-ps-small/0.1.1.1.0.0.searchglobal.0.ini/0.1.1.1.0.0.searchglobal.0_16.04.TLT.2.1.8_Small.final.json,/gpfs/projects/HeinzGroup/asoubki/FlexFringe/data/MLRegTest/Large/16.04.TLT.2.1.8_Dev.txt,2025-12-29 22:15:28.752727
0.1.1.1.0.0.searchglobal.0,Small,16,4,TLT,2,1,8,Train,0.522,0.5466101694915254,0.258,0.35054347826086957,0.478,/gpfs/projects/HeinzGroup/caffeine_underground/mlrt/FlexFringe/FlexFringe/models-ps-small/0.1.1.1.0.0.searchglobal.0.ini/0.1.1.1.0.0.searchglobal.0_16.04.TLT.2.1.8_Small.final.json,/gpfs/projects/HeinzGroup/asoubki/FlexFringe/data/MLRegTest/Small/16.04.TLT.2.1.8_Train.txt,2025-12-29 22:15:28.752727
0.1.1.1.0.0.searchglobal.0,Small,16,4,TLT,2,1,9,TestLA,0.50183,0.5044859538167378,0.2058,0.2923420032103641,0.49817,/gpfs/projects/HeinzGroup/caffeine_underground/mlrt/FlexFringe/FlexFringe/models-ps-small/0.1.1.1.0.0.searchglobal.0.ini/0.1.1.1.0.0.searchglobal.0_16.04.TLT.2.1.9_Small.final.json,/gpfs/projects/HeinzGroup/asoubki/FlexFringe/data/MLRegTest/Large/16.04.TLT.2.1.9_TestLA.txt,2025-12-29 22:03:15.013438
0.1.1.1.0.0.searchglobal.0,Small,16,4,TLT,2,1,9,TestLR,0.49751,0.49360850146311414,0.1923,0.27677427711970526,0.50249,/gpfs/projects/HeinzGroup/caffeine_underground/mlrt/FlexFringe/FlexFringe/models-ps-small/0.1.1.1.0.0.searchglobal.0.ini/0.1.1.1.0.0.searchglobal.0_16.04.TLT.2.1.9_Small.final.json,/gpfs/projects/HeinzGroup/asoubki/FlexFringe/data/MLRegTest/Large/16.04.TLT.2.1.9_TestLR.txt,2025-12-29 22:03:15.013438
0.1.1.1.0.0.searchglobal.0,Small,16,4,TLT,2,1,9,TestSA,0.52113,0.543092548027899,0.2663,0.3573681173423514,0.47887,/gpfs/projects/HeinzGroup/caffeine_underground/mlrt/FlexFringe/FlexFringe/models-ps-small/0.1.1.1.0.0.searchglobal.0.ini/0.1.1.1.0.0.searchglobal.0_16.04.TLT.2.1.9_Small.final.json,/gpfs/projects/HeinzGroup/asoubki/FlexFringe/data/MLRegTest/Large/16.04.TLT.2.1.9_TestSA.txt,2025-12-29 22:03:15.013438
0.1.1.1.0.0.searchglobal.0,Small,16,4,TLT,2,1,9,TestSR,0.532,0.5747384155455905,0.24608,0.3446112480394354,0.468,/gpfs/projects/HeinzGroup/caffeine_underground/mlrt/FlexFringe/FlexFringe/models-ps-small/0.1.1.1.0.0.searchglobal.0.ini/0.1.1.1.0.0.searchglobal.0_16.04.TLT.2.1.9_Small.final.json,/gpfs/projects/HeinzGroup/asoubki/FlexFringe/data/MLRegTest/Large/16.04.TLT.2.1.9_TestSR.txt,2025-12-29 22:03:15.013438
0.1.1.1.0.0.searchglobal.0,Small,16,4,TLT,2,1,9,Dev,0.53536,0.5809301473954042,0.25382,0.353283411741781,0.46464,/gpfs/projects/HeinzGroup/caffeine_underground/mlrt/FlexFringe/FlexFringe/models-ps-small/0.1.1.1.0.0.searchglobal.0.ini/0.1.1.1.0.0.searchglobal.0_16.04.TLT.2.1.9_Small.final.json,/gpfs/projects/HeinzGroup/asoubki/FlexFringe/data/MLRegTest/Large/16.04.TLT.2.1.9_Dev.txt,2025-12-29 22:03:15.013438
0.1.1.1.0.0.searchglobal.0,Small,16,4,TLT,2,1,9,Train,0.518,0.5428571428571428,0.228,0.3211267605633803,0.482,/gpfs/projects/HeinzGroup/caffeine_underground/mlrt/FlexFringe/FlexFringe/models-ps-small/0.1.1.1.0.0.searchglobal.0.ini/0.1.1.1.0.0.searchglobal.0_16.04.TLT.2.1.9_Small.final.json,/gpfs/projects/HeinzGroup/asoubki/FlexFringe/data/MLRegTest/Small/16.04.TLT.2.1.9_Train.txt,2025-12-29 22:03:15.013438
0.1.1.1.0.0.searchglobal.0,Small,16,4,TLT,4,1,0,TestLR,0.70329,0.6853989968080255,0.75154,0.7169472931075602,0.29671,/gpfs/projects/HeinzGroup/caffeine_underground/mlrt/FlexFringe/FlexFringe/models-ps-small/0.1.1.1.0.0.searchglobal.0.ini/0.1.1.1.0.0.searchglobal.0_16.04.TLT.4.1.0_Small.final.json,/gpfs/projects/HeinzGroup/asoubki/FlexFringe/data/MLRegTest/Large/16.04.TLT.4.1.0_TestLR.txt,2025-12-29 23:05:21.834882
0.1.1.1.0.0.searchglobal.0,Small,16,4,TLT,4,1,0,TestSA,0.55592,0.5885987705177768,0.3715,0.455504058461463,0.44408,/gpfs/projects/HeinzGroup/caffeine_underground/mlrt/FlexFringe/FlexFringe/models-ps-small/0.1.1.1.0.0.searchglobal.0.ini/0.1.1.1.0.0.searchglobal.0_16.04.TLT.4.1.0_Small.final.json,/gpfs/projects/HeinzGroup/asoubki/FlexFringe/data/MLRegTest/Large/16.04.TLT.4.1.0_TestSA.txt,2025-12-29 23:05:21.834882
0.1.1.1.0.0.searchglobal.0,Small,16,4,TLT,4,1,0,TestSR,0.78567,0.7674061593185435,0.81982,0.7927476671662718,0.21433,/gpfs/projects/HeinzGroup/caffeine_underground/mlrt/FlexFringe/FlexFringe/models-ps-small/0.1.1.1.0.0.searchglobal.0.ini/0.1.1.1.0.0.searchglobal.0_16.04.TLT.4.1.0_Small.final.json,/gpfs/projects/HeinzGroup/asoubki/FlexFringe/data/MLRegTest/Large/16.04.TLT.4.1.0_TestSR.txt,2025-12-29 23:05:21.834882
0.1.1.1.0.0.searchglobal.0,Small,16,4,TLT,4,1,0,TestLA,0.53831,0.548993528915262,0.42928,0.48181195775390867,0.46169,/gpfs/projects/HeinzGroup/caffeine_underground/mlrt/FlexFringe/FlexFringe/models-ps-small/0.1.1.1.0.0.searchglobal.0.ini/0.1.1.1.0.0.searchglobal.0_16.04.TLT.4.1.0_Small.final.json,/gpfs/projects/HeinzGroup/asoubki/FlexFringe/data/MLRegTest/Large/16.04.TLT.4.1.0_TestLA.txt,2025-12-29 23:05:21.834882
0.1.1.1.0.0.searchglobal.0,Small,16,4,TLT,4,1,0,Dev,0.78378,0.7662401020752805,0.81672,0.7906751602222781,0.21622,/gpfs/projects/HeinzGroup/caffeine_underground/mlrt/FlexFringe/FlexFringe/models-ps-small/0.1.1.1.0.0.searchglobal.0.ini/0.1.1.1.0.0.searchglobal.0_16.04.TLT.4.1.0_Small.final.json,/gpfs/projects/HeinzGroup/asoubki/FlexFringe/data/MLRegTest/Large/16.04.TLT.4.1.0_Dev.txt,2025-12-29 23:05:21.834882
0.1.1.1.0.0.searchglobal.0,Small,16,4,TLT,4,1,0,Train,0.784,0.7649253731343284,0.82,0.7915057915057915,0.216,/gpfs/projects/HeinzGroup/caffeine_underground/mlrt/FlexFringe/FlexFringe/models-ps-small/0.1.1.1.0.0.searchglobal.0.ini/0.1.1.1.0.0.searchglobal.0_16.04.TLT.4.1.0_Small.final.json,/gpfs/projects/HeinzGroup/asoubki/FlexFringe/data/MLRegTest/Small/16.04.TLT.4.1.0_Train.txt,2025-12-29 23:05:21.834882
0.1.1.1.0.0.searchglobal.0,Small,16,4,TLT,4,1,1,TestSA,0.54557,0.5614233724221593,0.41652,0.4782364085194328,0.45443,/gpfs/projects/HeinzGroup/caffeine_underground/mlrt/FlexFringe/FlexFringe/models-ps-small/0.1.1.1.0.0.searchglobal.0.ini/0.1.1.1.0.0.searchglobal.0_16.04.TLT.4.1.1_Small.final.json,/gpfs/projects/HeinzGroup/asoubki/FlexFringe/data/MLRegTest/Large/16.04.TLT.4.1.1_TestSA.txt,2025-12-29 23:36:27.202111
0.1.1.1.0.0.searchglobal.0,Small,16,4,TLT,4,1,1,TestLR,0.67672,0.6515608919382504,0.75972,0.7014958448753462,0.32328,/gpfs/projects/HeinzGroup/caffeine_underground/mlrt/FlexFringe/FlexFringe/models-ps-small/0.1.1.1.0.0.searchglobal.0.ini/0.1.1.1.0.0.searchglobal.0_16.04.TLT.4.1.1_Small.final.json,/gpfs/projects/HeinzGroup/asoubki/FlexFringe/data/MLRegTest/Large/16.04.TLT.4.1.1_TestLR.txt,2025-12-29 23:36:27.202111
0.1.1.1.0.0.searchglobal.0,Small,16,4,TLT,4,1,1,TestSR,0.75174,0.721852086858432,0.8191,0.7674074351671414,0.24826,/gpfs/projects/HeinzGroup/caffeine_underground/mlrt/FlexFringe/FlexFringe/models-ps-small/0.1.1.1.0.0.searchglobal.0.ini/0.1.1.1.0.0.searchglobal.0_16.04.TLT.4.1.1_Small.final.json,/gpfs/projects/HeinzGroup/asoubki/FlexFringe/data/MLRegTest/Large/16.04.TLT.4.1.1_TestSR.txt,2025-12-29 23:36:27.202111
0.1.1.1.0.0.searchglobal.0,Small,16,4,TLT,4,1,1,TestLA,0.52968,0.5331768388106416,0.47698,0.5035152538794468,0.47032,/gpfs/projects/HeinzGroup/caffeine_underground/mlrt/FlexFringe/FlexFringe/models-ps-small/0.1.1.1.0.0.searchglobal.0.ini/0.1.1.1.0.0.searchglobal.0_16.04.TLT.4.1.1_Small.final.json,/gpfs/projects/HeinzGroup/asoubki/FlexFringe/data/MLRegTest/Large/16.04.TLT.4.1.1_TestLA.txt,2025-12-29 23:36:27.202111
0.1.1.1.0.0.searchglobal.0,Small,16,4,TLT,4,1,1,Dev,0.75139,0.7226226953118081,0.816,0.766477865133711,0.24861,/gpfs/projects/HeinzGroup/caffeine_underground/mlrt/FlexFringe/FlexFringe/models-ps-small/0.1.1.1.0.0.searchglobal.0.ini/0.1.1.1.0.0.searchglobal.0_16.04.TLT.4.1.1_Small.final.json,/gpfs/projects/HeinzGroup/asoubki/FlexFringe/data/MLRegTest/Large/16.04.TLT.4.1.1_Dev.txt,2025-12-29 23:36:27.202111
0.1.1.1.0.0.searchglobal.0,Small,16,4,TLT,4,1,1,Train,0.758,0.7279151943462897,0.824,0.7729831144465291,0.242,/gpfs/projects/HeinzGroup/caffeine_underground/mlrt/FlexFringe/FlexFringe/models-ps-small/0.1.1.1.0.0.searchglobal.0.ini/0.1.1.1.0.0.searchglobal.0_16.04.TLT.4.1.1_Small.final.json,/gpfs/projects/HeinzGroup/asoubki/FlexFringe/data/MLRegTest/Small/16.04.TLT.4.1.1_Train.txt,2025-12-29 23:36:27.202111
0.1.1.1.0.0.searchglobal.0,Small,16,4,TLT,4,1,2,TestLR,0.67305,0.6531009466513316,0.7382,0.6930479275219452,0.32695,/gpfs/projects/HeinzGroup/caffeine_underground/mlrt/FlexFringe/FlexFringe/models-ps-small/0.1.1.1.0.0.searchglobal.0.ini/0.1.1.1.0.0.searchglobal.0_16.04.TLT.4.1.2_Small.final.json,/gpfs/projects/HeinzGroup/asoubki/FlexFringe/data/MLRegTest/Large/16.04.TLT.4.1.2_TestLR.txt,2025-12-29 22:08:51.363855
0.1.1.1.0.0.searchglobal.0,Small,16,4,TLT,4,1,2,TestSA,0.53969,0.5642794674958702,0.34842,0.43082363706057647,0.46031,/gpfs/projects/HeinzGroup/caffeine_underground/mlrt/FlexFringe/FlexFringe/models-ps-small/0.1.1.1.0.0.searchglobal.0.ini/0.1.1.1.0.0.searchglobal.0_16.04.TLT.4.1.2_Small.final.json,/gpfs/projects/HeinzGroup/asoubki/FlexFringe/data/MLRegTest/Large/16.04.TLT.4.1.2_TestSA.txt,2025-12-29 22:08:51.363855
0.1.1.1.0.0.searchglobal.0,Small,16,4,TLT,4,1,2,TestLA,0.52554,0.5303873976775176,0.44578,0.48441710858037035,0.47446,/gpfs/projects/HeinzGroup/caffeine_underground/mlrt/FlexFringe/FlexFringe/models-ps-small/0.1.1.1.0.0.searchglobal.0.ini/0.1.1.1.0.0.searchglobal.0_16.04.TLT.4.1.2_Small.final.json,/gpfs/projects/HeinzGroup/asoubki/FlexFringe/data/MLRegTest/Large/16.04.TLT.4.1.2_TestLA.txt,2025-12-29 22:08:51.363855
0.1.1.1.0.0.searchglobal.0,Small,16,4,TLT,4,1,2,TestSR,0.76474,0.753049130185433,0.78784,0.7700518033427818,0.23526,/gpfs/projects/HeinzGroup/caffeine_underground/mlrt/FlexFringe/FlexFringe/models-ps-small/0.1.1.1.0.0.searchglobal.0.ini/0.1.1.1.0.0.searchglobal.0_16.04.TLT.4.1.2_Small.final.json,/gpfs/projects/HeinzGroup/asoubki/FlexFringe/data/MLRegTest/Large/16.04.TLT.4.1.2_TestSR.txt,2025-12-29 22:08:51.363855
0.1.1.1.0.0.searchglobal.0,Small,16,4,TLT,4,1,2,Dev,0.76531,0.7540261580590184,0.78752,0.7704092114144843,0.23469,/gpfs/projects/HeinzGroup/caffeine_underground/mlrt/FlexFringe/FlexFringe/models-ps-small/0.1.1.1.0.0.searchglobal.0.ini/0.1.1.1.0.0.searchglobal.0_16.04.TLT.4.1.2_Small.final.json,/gpfs/projects/HeinzGroup/asoubki/FlexFringe/data/MLRegTest/Large/16.04.TLT.4.1.2_Dev.txt,2025-12-29 22:08:51.363855
0.1.1.1.0.0.searchglobal.0,Small,16,4,TLT,4,1,2,Train,0.76,0.7443609022556391,0.792,0.7674418604651163,0.24,/gpfs/projects/HeinzGroup/caffeine_underground/mlrt/FlexFringe/FlexFringe/models-ps-small/0.1.1.1.0.0.searchglobal.0.ini/0.1.1.1.0.0.searchglobal.0_16.04.TLT.4.1.2_Small.final.json,/gpfs/projects/HeinzGroup/asoubki/FlexFringe/data/MLRegTest/Small/16.04.TLT.4.1.2_Train.txt,2025-12-29 22:08:51.363855
0.1.1.1.0.0.searchglobal.0,Small,16,4,TLT,4,1,3,TestSR,0.58561,0.5599551789340991,0.79956,0.6586432719634252,0.41439,/gpfs/projects/HeinzGroup/caffeine_underground/mlrt/FlexFringe/FlexFringe/models-ps-small/0.1.1.1.0.0.searchglobal.0.ini/0.1.1.1.0.0.searchglobal.0_16.04.TLT.4.1.3_Small.final.json,/gpfs/projects/HeinzGroup/asoubki/FlexFringe/data/MLRegTest/Large/16.04.TLT.4.1.3_TestSR.txt,2025-12-29 23:27:04.146287
0.1.1.1.0.0.searchglobal.0,Small,16,4,TLT,4,1,3,TestSA,0.51682,0.5128612937758067,0.67072,0.5812635410347518,0.48318,/gpfs/projects/HeinzGroup/caffeine_underground/mlrt/FlexFringe/FlexFringe/models-ps-small/0.1.1.1.0.0.searchglobal.0.ini/0.1.1.1.0.0.searchglobal.0_16.04.TLT.4.1.3_Small.final.json,/gpfs/projects/HeinzGroup/asoubki/FlexFringe/data/MLRegTest/Large/16.04.TLT.4.1.3_TestSA.txt,2025-12-29 23:27:04.146287
0.1.1.1.0.0.searchglobal.0,Small,16,4,TLT,4,1,3,TestLR,0.54513,0.5308067224596229,0.7776,0.6309281361818138,0.45487,/gpfs/projects/HeinzGroup/caffeine_underground/mlrt/FlexFringe/FlexFringe/models-ps-small/0.1.1.1.0.0.searchglobal.0.ini/0.1.1.1.0.0.searchglobal.0_16.04.TLT.4.1.3_Small.final.json,/gpfs/projects/HeinzGroup/asoubki/FlexFringe/data/MLRegTest/Large/16.04.TLT.4.1.3_TestLR.txt,2025-12-29 23:27:04.146287
0.1.1.1.0.0.searchglobal.0,Small,16,4,TLT,4,1,3,TestLA,0.50985,0.5070087805433406,0.71254,0.5924552461565324,0.49015,/gpfs/projects/HeinzGroup/caffeine_underground/mlrt/FlexFringe/FlexFringe/models-ps-small/0.1.1.1.0.0.searchglobal.0.ini/0.1.1.1.0.0.searchglobal.0_16.04.TLT.4.1.3_Small.final.json,/gpfs/projects/HeinzGroup/asoubki/FlexFringe/data/MLRegTest/Large/16.04.TLT.4.1.3_TestLA.txt,2025-12-29 23:27:04.146287
0.1.1.1.0.0.searchglobal.0,Small,16,4,TLT,4,1,3,Dev,0.58599,0.5604788229171063,0.7969,0.6581001065314516,0.41401,/gpfs/projects/HeinzGroup/caffeine_underground/mlrt/FlexFringe/FlexFringe/models-ps-small/0.1.1.1.0.0.searchglobal.0.ini/0.1.1.1.0.0.searchglobal.0_16.04.TLT.4.1.3_Small.final.json,/gpfs/projects/HeinzGroup/asoubki/FlexFringe/data/MLRegTest/Large/16.04.TLT.4.1.3_Dev.txt,2025-12-29 23:27:04.146287
0.1.1.1.0.0.searchglobal.0,Small,16,4,TLT,4,1,3,Train,0.604,0.5760233918128655,0.788,0.6655405405405406,0.396,/gpfs/projects/HeinzGroup/caffeine_underground/mlrt/FlexFringe/FlexFringe/models-ps-small/0.1.1.1.0.0.searchglobal.0.ini/0.1.1.1.0.0.searchglobal.0_16.04.TLT.4.1.3_Small.final.json,/gpfs/projects/HeinzGroup/asoubki/FlexFringe/data/MLRegTest/Small/16.04.TLT.4.1.3_Train.txt,2025-12-29 23:27:04.146287
0.1.1.1.0.0.searchglobal.0,Small,16,4,TLT,4,1,4,TestSA,0.63938,0.6162701458173446,0.73876,0.6719787516600265,0.36062,/gpfs/projects/HeinzGroup/caffeine_underground/mlrt/FlexFringe/FlexFringe/models-ps-small/0.1.1.1.0.0.searchglobal.0.ini/0.1.1.1.0.0.searchglobal.0_16.04.TLT.4.1.4_Small.final.json,/gpfs/projects/HeinzGroup/asoubki/FlexFringe/data/MLRegTest/Large/16.04.TLT.4.1.4_TestSA.txt,2025-12-29 23:11:14.808172
0.1.1.1.0.0.searchglobal.0,Small,16,4,TLT,4,1,4,TestSR,0.80525,0.8501617454745681,0.74112,0.7919048585807857,0.19475,/gpfs/projects/HeinzGroup/caffeine_underground/mlrt/FlexFringe/FlexFringe/models-ps-small/0.1.1.1.0.0.searchglobal.0.ini/0.1.1.1.0.0.searchglobal.0_16.04.TLT.4.1.4_Small.final.json,/gpfs/projects/HeinzGroup/asoubki/FlexFringe/data/MLRegTest/Large/16.04.TLT.4.1.4_TestSR.txt,2025-12-29 23:11:14.808172
0.1.1.1.0.0.searchglobal.0,Small,16,4,TLT,4,1,4,TestLA,0.59674,0.5855863826173119,0.6619,0.6214089901986556,0.40326,/gpfs/projects/HeinzGroup/caffeine_underground/mlrt/FlexFringe/FlexFringe/models-ps-small/0.1.1.1.0.0.searchglobal.0.ini/0.1.1.1.0.0.searchglobal.0_16.04.TLT.4.1.4_Small.final.json,/gpfs/projects/HeinzGroup/asoubki/FlexFringe/data/MLRegTest/Large/16.04.TLT.4.1.4_TestLA.txt,2025-12-29 23:11:14.808172
0.1.1.1.0.0.searchglobal.0,Small,16,4,TLT,4,1,4,TestLR,0.73201,0.7693468620121201,0.6627,0.7120523482577442,0.26799,/gpfs/projects/HeinzGroup/caffeine_underground/mlrt/FlexFringe/FlexFringe/models-ps-small/0.1.1.1.0.0.searchglobal.0.ini/0.1.1.1.0.0.searchglobal.0_16.04.TLT.4.1.4_Small.final.json,/gpfs/projects/HeinzGroup/asoubki/FlexFringe/data/MLRegTest/Large/16.04.TLT.4.1.4_TestLR.txt,2025-12-29 23:11:14.808172
0.1.1.1.0.0.searchglobal.0,Small,16,4,TLT,4,1,4,Dev,0.80385,0.8490362303857376,0.73912,0.7902744661969271,0.19615,/gpfs/projects/HeinzGroup/caffeine_underground/mlrt/FlexFringe/FlexFringe/models-ps-small/0.1.1.1.0.0.searchglobal.0.ini/0.1.1.1.0.0.searchglobal.0_16.04.TLT.4.1.4_Small.final.json,/gpfs/projects/HeinzGroup/asoubki/FlexFringe/data/MLRegTest/Large/16.04.TLT.4.1.4_Dev.txt,2025-12-29 23:11:14.808172
0.1.1.1.0.0.searchglobal.0,Small,16,4,TLT,4,1,4,Train,0.77,0.8183962264150944,0.694,0.7510822510822511,0.23,/gpfs/projects/HeinzGroup/caffeine_underground/mlrt/FlexFringe/FlexFringe/models-ps-small/0.1.1.1.0.0.searchglobal.0.ini/0.1.1.1.0.0.searchglobal.0_16.04.TLT.4.1.4_Small.final.json,/gpfs/projects/HeinzGroup/asoubki/FlexFringe/data/MLRegTest/Small/16.04.TLT.4.1.4_Train.txt,2025-12-29 23:11:14.808172
0.1.1.1.0.0.searchglobal.0,Small,16,4,TLT,4,1,5,TestSA,0.56122,0.8408685968819599,0.15102,0.2560528992878942,0.43878,/gpfs/projects/HeinzGroup/caffeine_underground/mlrt/FlexFringe/FlexFringe/models-ps-small/0.1.1.1.0.0.searchglobal.0.ini/0.1.1.1.0.0.searchglobal.0_16.04.TLT.4.1.5_Small.final.json,/gpfs/projects/HeinzGroup/asoubki/FlexFringe/data/MLRegTest/Large/16.04.TLT.4.1.5_TestSA.txt,2025-12-29 23:13:42.454062
0.1.1.1.0.0.searchglobal.0,Small,16,4,TLT,4,1,5,TestSR,0.54682,0.9085514834205933,0.10412,0.18682935582271668,0.45318,/gpfs/projects/HeinzGroup/caffeine_underground/mlrt/FlexFringe/FlexFringe/models-ps-small/0.1.1.1.0.0.searchglobal.0.ini/0.1.1.1.0.0.searchglobal.0_16.04.TLT.4.1.5_Small.final.json,/gpfs/projects/HeinzGroup/asoubki/FlexFringe/data/MLRegTest/Large/16.04.TLT.4.1.5_TestSR.txt,2025-12-29 23:13:42.454062
0.1.1.1.0.0.searchglobal.0,Small,16,4,TLT,4,1,5,TestLA,0.50724,0.6738712776176753,0.02806,0.05387657924042855,0.49276,/gpfs/projects/HeinzGroup/caffeine_underground/mlrt/FlexFringe/FlexFringe/models-ps-small/0.1.1.1.0.0.searchglobal.0.ini/0.1.1.1.0.0.searchglobal.0_16.04.TLT.4.1.5_Small.final.json,/gpfs/projects/HeinzGroup/asoubki/FlexFringe/data/MLRegTest/Large/16.04.TLT.4.1.5_TestLA.txt,2025-12-29 23:13:42.454062
0.1.1.1.0.0.searchglobal.0,Small,16,4,TLT,4,1,5,TestLR,0.50521,0.6629143214509068,0.0212,0.041086067559448824,0.49479,/gpfs/projects/HeinzGroup/caffeine_underground/mlrt/FlexFringe/FlexFringe/models-ps-small/0.1.1.1.0.0.searchglobal.0.ini/0.1.1.1.0.0.searchglobal.0_16.04.TLT.4.1.5_Small.final.json,/gpfs/projects/HeinzGroup/asoubki/FlexFringe/data/MLRegTest/Large/16.04.TLT.4.1.5_TestLR.txt,2025-12-29 23:13:42.454062
0.1.1.1.0.0.searchglobal.0,Small,16,4,TLT,4,1,5,Dev,0.54978,0.9108616705183229,0.11036,0.19686753005815405,0.45022,/gpfs/projects/HeinzGroup/caffeine_underground/mlrt/FlexFringe/FlexFringe/models-ps-small/0.1.1.1.0.0.searchglobal.0.ini/0.1.1.1.0.0.searchglobal.0_16.04.TLT.4.1.5_Small.final.json,/gpfs/projects/HeinzGroup/asoubki/FlexFringe/data/MLRegTest/Large/16.04.TLT.4.1.5_Dev.txt,2025-12-29 23:13:42.454062
0.1.1.1.0.0.searchglobal.0,Small,16,4,TLT,4,1,5,Train,0.542,0.9038461538461539,0.094,0.17028985507246377,0.458,/gpfs/projects/HeinzGroup/caffeine_underground/mlrt/FlexFringe/FlexFringe/models-ps-small/0.1.1.1.0.0.searchglobal.0.ini/0.1.1.1.0.0.searchglobal.0_16.04.TLT.4.1.5_Small.final.json,/gpfs/projects/HeinzGroup/asoubki/FlexFringe/data/MLRegTest/Small/16.04.TLT.4.1.5_Train.txt,2025-12-29 23:13:42.454062
0.1.1.1.0.0.searchglobal.0,Small,16,4,TLT,4,1,6,TestLA,0.50724,0.6772771792360431,0.02766,0.053149379347450135,0.49276,/gpfs/projects/HeinzGroup/caffeine_underground/mlrt/FlexFringe/FlexFringe/models-ps-small/0.1.1.1.0.0.searchglobal.0.ini/0.1.1.1.0.0.searchglobal.0_16.04.TLT.4.1.6_Small.final.json,/gpfs/projects/HeinzGroup/asoubki/FlexFringe/data/MLRegTest/Large/16.04.TLT.4.1.6_TestLA.txt,2025-12-29 22:39:36.469216
0.1.1.1.0.0.searchglobal.0,Small,16,4,TLT,4,1,6,TestLR,0.50297,0.5951313260730301,0.01858,0.03603498768449022,0.49703,/gpfs/projects/HeinzGroup/caffeine_underground/mlrt/FlexFringe/FlexFringe/models-ps-small/0.1.1.1.0.0.searchglobal.0.ini/0.1.1.1.0.0.searchglobal.0_16.04.TLT.4.1.6_Small.final.json,/gpfs/projects/HeinzGroup/asoubki/FlexFringe/data/MLRegTest/Large/16.04.TLT.4.1.6_TestLR.txt,2025-12-29 22:39:36.469216
0.1.1.1.0.0.searchglobal.0,Small,16,4,TLT,4,1,6,TestSR,0.54954,0.9103711066931743,0.1099,0.19612392033692627,0.45046,/gpfs/projects/HeinzGroup/caffeine_underground/mlrt/FlexFringe/FlexFringe/models-ps-small/0.1.1.1.0.0.searchglobal.0.ini/0.1.1.1.0.0.searchglobal.0_16.04.TLT.4.1.6_Small.final.json,/gpfs/projects/HeinzGroup/asoubki/FlexFringe/data/MLRegTest/Large/16.04.TLT.4.1.6_TestSR.txt,2025-12-29 22:39:36.469216
0.1.1.1.0.0.searchglobal.0,Small,16,4,TLT,4,1,6,TestSA,0.55741,0.8063827516277084,0.1511,0.2545099294244471,0.44259,/gpfs/projects/HeinzGroup/caffeine_underground/mlrt/FlexFringe/FlexFringe/models-ps-small/0.1.1.1.0.0.searchglobal.0.ini/0.1.1.1.0.0.searchglobal.0_16.04.TLT.4.1.6_Small.final.json,/gpfs/projects/HeinzGroup/asoubki/FlexFringe/data/MLRegTest/Large/16.04.TLT.4.1.6_TestSA.txt,2025-12-29 22:39:36.469216
0.1.1.1.0.0.searchglobal.0,Small,16,4,TLT,4,1,6,Dev,0.54854,0.9123343527013251,0.1074,0.1921769316107791,0.45146,/gpfs/projects/HeinzGroup/caffeine_underground/mlrt/FlexFringe/FlexFringe/models-ps-small/0.1.1.1.0.0.searchglobal.0.ini/0.1.1.1.0.0.searchglobal.0_16.04.TLT.4.1.6_Small.final.json,/gpfs/projects/HeinzGroup/asoubki/FlexFringe/data/MLRegTest/Large/16.04.TLT.4.1.6_Dev.txt,2025-12-29 22:39:36.469216
0.1.1.1.0.0.searchglobal.0,Small,16,4,TLT,4,1,6,Train,0.541,0.9183673469387755,0.09,0.16393442622950818,0.459,/gpfs/projects/HeinzGroup/caffeine_underground/mlrt/FlexFringe/FlexFringe/models-ps-small/0.1.1.1.0.0.searchglobal.0.ini/0.1.1.1.0.0.searchglobal.0_16.04.TLT.4.1.6_Small.final.json,/gpfs/projects/HeinzGroup/asoubki/FlexFringe/data/MLRegTest/Small/16.04.TLT.4.1.6_Train.txt,2025-12-29 22:39:36.469216
0.1.1.1.0.0.searchglobal.0,Small,16,4,TLT,4,1,7,TestLR,0.50645,0.6497909893172318,0.02798,0.053649837976722334,0.49355,/gpfs/projects/HeinzGroup/caffeine_underground/mlrt/FlexFringe/FlexFringe/models-ps-small/0.1.1.1.0.0.searchglobal.0.ini/0.1.1.1.0.0.searchglobal.0_16.04.TLT.4.1.7_Small.final.json,/gpfs/projects/HeinzGroup/asoubki/FlexFringe/data/MLRegTest/Large/16.04.TLT.4.1.7_TestLR.txt,2025-12-29 23:23:51.745845
0.1.1.1.0.0.searchglobal.0,Small,16,4,TLT,4,1,7,TestLA,0.50564,0.5982578397212543,0.03434,0.06495176848874598,0.49436,/gpfs/projects/HeinzGroup/caffeine_underground/mlrt/FlexFringe/FlexFringe/models-ps-small/0.1.1.1.0.0.searchglobal.0.ini/0.1.1.1.0.0.searchglobal.0_16.04.TLT.4.1.7_Small.final.json,/gpfs/projects/HeinzGroup/asoubki/FlexFringe/data/MLRegTest/Large/16.04.TLT.4.1.7_TestLA.txt,2025-12-29 23:23:51.745845
0.1.1.1.0.0.searchglobal.0,Small,16,4,TLT,4,1,7,TestSR,0.56097,0.9175455417066155,0.13398,0.23381790893701682,0.43903,/gpfs/projects/HeinzGroup/caffeine_underground/mlrt/FlexFringe/FlexFringe/models-ps-small/0.1.1.1.0.0.searchglobal.0.ini/0.1.1.1.0.0.searchglobal.0_16.04.TLT.4.1.7_Small.final.json,/gpfs/projects/HeinzGroup/asoubki/FlexFringe/data/MLRegTest/Large/16.04.TLT.4.1.7_TestSR.txt,2025-12-29 23:23:51.745845
0.1.1.1.0.0.searchglobal.0,Small,16,4,TLT,4,1,7,TestSA,0.55217,0.7273202614379085,0.16692,0.27152501016673447,0.44783,/gpfs/projects/HeinzGroup/caffeine_underground/mlrt/FlexFringe/FlexFringe/models-ps-small/0.1.1.1.0.0.searchglobal.0.ini/0.1.1.1.0.0.searchglobal.0_16.04.TLT.4.1.7_Small.final.json,/gpfs/projects/HeinzGroup/asoubki/FlexFringe/data/MLRegTest/Large/16.04.TLT.4.1.7_TestSA.txt,2025-12-29 23:23:51.745845
0.1.1.1.0.0.searchglobal.0,Small,16,4,TLT,4,1,7,Dev,0.55883,0.9070153590701536,0.1311,0.22908766840826883,0.44117,/gpfs/projects/HeinzGroup/caffeine_underground/mlrt/FlexFringe/FlexFringe/models-ps-small/0.1.1.1.0.0.searchglobal.0.ini/0.1.1.1.0.0.searchglobal.0_16.04.TLT.4.1.7_Small.final.json,/gpfs/projects/HeinzGroup/asoubki/FlexFringe/data/MLRegTest/Large/16.04.TLT.4.1.7_Dev.txt,2025-12-29 23:23:51.745845
0.1.1.1.0.0.searchglobal.0,Small,16,4,TLT,4,1,7,Train,0.568,0.9358974358974359,0.146,0.25259515570934254,0.432,/gpfs/projects/HeinzGroup/caffeine_underground/mlrt/FlexFringe/FlexFringe/models-ps-small/0.1.1.1.0.0.searchglobal.0.ini/0.1.1.1.0.0.searchglobal.0_16.04.TLT.4.1.7_Small.final.json,/gpfs/projects/HeinzGroup/asoubki/FlexFringe/data/MLRegTest/Small/16.04.TLT.4.1.7_Train.txt,2025-12-29 23:23:51.745845
0.1.1.1.0.0.searchglobal.0,Small,16,4,TLT,4,1,8,TestLA,0.50344,0.5737564322469982,0.02676,0.051135060765879384,0.49656,/gpfs/projects/HeinzGroup/caffeine_underground/mlrt/FlexFringe/FlexFringe/models-ps-small/0.1.1.1.0.0.searchglobal.0.ini/0.1.1.1.0.0.searchglobal.0_16.04.TLT.4.1.8_Small.final.json,/gpfs/projects/HeinzGroup/asoubki/FlexFringe/data/MLRegTest/Large/16.04.TLT.4.1.8_TestLA.txt,2025-12-29 23:31:09.518552
0.1.1.1.0.0.searchglobal.0,Small,16,4,TLT,4,1,8,TestLR,0.50137,0.5397562391178178,0.0186,0.035960791137405024,0.49863,/gpfs/projects/HeinzGroup/caffeine_underground/mlrt/FlexFringe/FlexFringe/models-ps-small/0.1.1.1.0.0.searchglobal.0.ini/0.1.1.1.0.0.searchglobal.0_16.04.TLT.4.1.8_Small.final.json,/gpfs/projects/HeinzGroup/asoubki/FlexFringe/data/MLRegTest/Large/16.04.TLT.4.1.8_TestLR.txt,2025-12-29 23:31:09.518552
0.1.1.1.0.0.searchglobal.0,Small,16,4,TLT,4,1,8,TestSR,0.54386,0.8709404600811907,0.10298,0.18418228645013593,0.45614,/gpfs/projects/HeinzGroup/caffeine_underground/mlrt/FlexFringe/FlexFringe/models-ps-small/0.1.1.1.0.0.searchglobal.0.ini/0.1.1.1.0.0.searchglobal.0_16.04.TLT.4.1.8_Small.final.json,/gpfs/projects/HeinzGroup/asoubki/FlexFringe/data/MLRegTest/Large/16.04.TLT.4.1.8_TestSR.txt,2025-12-29 23:31:09.518552
0.1.1.1.0.0.searchglobal.0,Small,16,4,TLT,4,1,8,TestSA,0.53859,0.6856895390241555,0.1425,0.2359623122650726,0.46141,/gpfs/projects/HeinzGroup/caffeine_underground/mlrt/FlexFringe/FlexFringe/models-ps-small/0.1.1.1.0.0.searchglobal.0.ini/0.1.1.1.0.0.searchglobal.0_16.04.TLT.4.1.8_Small.final.json,/gpfs/projects/HeinzGroup/asoubki/FlexFringe/data/MLRegTest/Large/16.04.TLT.4.1.8_TestSA.txt,2025-12-29 23:31:09.518552
0.1.1.1.0.0.searchglobal.0,Small,16,4,TLT,4,1,8,Dev,0.54462,0.8826758147512864,0.10292,0.18434533404979403,0.45538,/gpfs/projects/HeinzGroup/caffeine_underground/mlrt/FlexFringe/FlexFringe/models-ps-small/0.1.1.1.0.0.searchglobal.0.ini/0.1.1.1.0.0.searchglobal.0_16.04.TLT.4.1.8_Small.final.json,/gpfs/projects/HeinzGroup/asoubki/FlexFringe/data/MLRegTest/Large/16.04.TLT.4.1.8_Dev.txt,2025-12-29 23:31:09.518552
0.1.1.1.0.0.searchglobal.0,Small,16,4,TLT,4,1,8,Train,0.543,0.8307692307692308,0.108,0.1911504424778761,0.457,/gpfs/projects/HeinzGroup/caffeine_underground/mlrt/FlexFringe/FlexFringe/models-ps-small/0.1.1.1.0.0.searchglobal.0.ini/0.1.1.1.0.0.searchglobal.0_16.04.TLT.4.1.8_Small.final.json,/gpfs/projects/HeinzGroup/asoubki/FlexFringe/data/MLRegTest/Small/16.04.TLT.4.1.8_Train.txt,2025-12-29 23:31:09.518552
0.1.1.1.0.0.searchglobal.0,Small,16,4,TLT,4,1,9,TestLR,0.51366,0.592247433819557,0.0877,0.1527768099783987,0.48634,/gpfs/projects/HeinzGroup/caffeine_underground/mlrt/FlexFringe/FlexFringe/models-ps-small/0.1.1.1.0.0.searchglobal.0.ini/0.1.1.1.0.0.searchglobal.0_16.04.TLT.4.1.9_Small.final.json,/gpfs/projects/HeinzGroup/asoubki/FlexFringe/data/MLRegTest/Large/16.04.TLT.4.1.9_TestLR.txt,2025-12-29 22:37:19.892188
0.1.1.1.0.0.searchglobal.0,Small,16,4,TLT,4,1,9,TestLA,0.50538,0.5294504050799211,0.09672,0.16356072648560896,0.49462,/gpfs/projects/HeinzGroup/caffeine_underground/mlrt/FlexFringe/FlexFringe/models-ps-small/0.1.1.1.0.0.searchglobal.0.ini/0.1.1.1.0.0.searchglobal.0_16.04.TLT.4.1.9_Small.final.json,/gpfs/projects/HeinzGroup/asoubki/FlexFringe/data/MLRegTest/Large/16.04.TLT.4.1.9_TestLA.txt,2025-12-29 22:37:19.892188
0.1.1.1.0.0.searchglobal.0,Small,16,4,TLT,4,1,9,TestSA,0.52732,0.5621022004000727,0.24728,0.34346352575143063,0.47268,/gpfs/projects/HeinzGroup/caffeine_underground/mlrt/FlexFringe/FlexFringe/models-ps-small/0.1.1.1.0.0.searchglobal.0.ini/0.1.1.1.0.0.searchglobal.0_16.04.TLT.4.1.9_Small.final.json,/gpfs/projects/HeinzGroup/asoubki/FlexFringe/data/MLRegTest/Large/16.04.TLT.4.1.9_TestSA.txt,2025-12-29 22:37:19.892188
0.1.1.1.0.0.searchglobal.0,Small,16,4,TLT,4,1,9,TestSR,0.58402,0.7909682781548691,0.2284,0.354449238027251,0.41598,/gpfs/projects/HeinzGroup/caffeine_underground/mlrt/FlexFringe/FlexFringe/models-ps-small/0.1.1.1.0.0.searchglobal.0.ini/0.1.1.1.0.0.searchglobal.0_16.04.TLT.4.1.9_Small.final.json,/gpfs/projects/HeinzGroup/asoubki/FlexFringe/data/MLRegTest/Large/16.04.TLT.4.1.9_TestSR.txt,2025-12-29 22:37:19.892188
0.1.1.1.0.0.searchglobal.0,Small,16,4,TLT,4,1,9,Dev,0.58429,0.7945760816383588,0.22736,0.3535540454382882,0.41571,/gpfs/projects/HeinzGroup/caffeine_underground/mlrt/FlexFringe/FlexFringe/models-ps-small/0.1.1.1.0.0.searchglobal.0.ini/0.1.1.1.0.0.searchglobal.0_16.04.TLT.4.1.9_Small.final.json,/gpfs/projects/HeinzGroup/asoubki/FlexFringe/data/MLRegTest/Large/16.04.TLT.4.1.9_Dev.txt,2025-12-29 22:37:19.892188
0.1.1.1.0.0.searchglobal.0,Small,16,4,TLT,4,1,9,Train,0.59,0.7922077922077922,0.244,0.3730886850152905,0.41,/gpfs/projects/HeinzGroup/caffeine_underground/mlrt/FlexFringe/FlexFringe/models-ps-small/0.1.1.1.0.0.searchglobal.0.ini/0.1.1.1.0.0.searchglobal.0_16.04.TLT.4.1.9_Small.final.json,/gpfs/projects/HeinzGroup/asoubki/FlexFringe/data/MLRegTest/Small/16.04.TLT.4.1.9_Train.txt,2025-12-29 22:37:19.892188
0.1.1.1.0.0.searchglobal.0,Small,16,4,TLT,6,1,0,TestSR,0.81108,0.7790055248618785,0.86856,0.8213488671180542,0.18892,/gpfs/projects/HeinzGroup/caffeine_underground/mlrt/FlexFringe/FlexFringe/models-ps-small/0.1.1.1.0.0.searchglobal.0.ini/0.1.1.1.0.0.searchglobal.0_16.04.TLT.6.1.0_Small.final.json,/gpfs/projects/HeinzGroup/asoubki/FlexFringe/data/MLRegTest/Large/16.04.TLT.6.1.0_TestSR.txt,2025-12-29 22:42:33.393547
0.1.1.1.0.0.searchglobal.0,Small,16,4,TLT,6,1,0,TestSA,0.5311,0.5531006693074717,0.32394,0.40858180717420917,0.4689,/gpfs/projects/HeinzGroup/caffeine_underground/mlrt/FlexFringe/FlexFringe/models-ps-small/0.1.1.1.0.0.searchglobal.0.ini/0.1.1.1.0.0.searchglobal.0_16.04.TLT.6.1.0_Small.final.json,/gpfs/projects/HeinzGroup/asoubki/FlexFringe/data/MLRegTest/Large/16.04.TLT.6.1.0_TestSA.txt,2025-12-29 22:42:33.393547
0.1.1.1.0.0.searchglobal.0,Small,16,4,TLT,6,1,0,TestLR,0.72736,0.692475703498019,0.81798,0.7500137536447159,0.27264,/gpfs/projects/HeinzGroup/caffeine_underground/mlrt/FlexFringe/FlexFringe/models-ps-small/0.1.1.1.0.0.searchglobal.0.ini/0.1.1.1.0.0.searchglobal.0_16.04.TLT.6.1.0_Small.final.json,/gpfs/projects/HeinzGroup/asoubki/FlexFringe/data/MLRegTest/Large/16.04.TLT.6.1.0_TestLR.txt,2025-12-29 22:42:33.393547
0.1.1.1.0.0.searchglobal.0,Small,16,4,TLT,6,1,0,TestLA,0.52564,0.5320083890941776,0.42616,0.47323768489317286,0.47436,/gpfs/projects/HeinzGroup/caffeine_underground/mlrt/FlexFringe/FlexFringe/models-ps-small/0.1.1.1.0.0.searchglobal.0.ini/0.1.1.1.0.0.searchglobal.0_16.04.TLT.6.1.0_Small.final.json,/gpfs/projects/HeinzGroup/asoubki/FlexFringe/data/MLRegTest/Large/16.04.TLT.6.1.0_TestLA.txt,2025-12-29 22:42:33.393547
0.1.1.1.0.0.searchglobal.0,Small,16,4,TLT,6,1,0,Dev,0.81209,0.7799666289897196,0.86946,0.8222854819032127,0.18791,/gpfs/projects/HeinzGroup/caffeine_underground/mlrt/FlexFringe/FlexFringe/models-ps-small/0.1.1.1.0.0.searchglobal.0.ini/0.1.1.1.0.0.searchglobal.0_16.04.TLT.6.1.0_Small.final.json,/gpfs/projects/HeinzGroup/asoubki/FlexFringe/data/MLRegTest/Large/16.04.TLT.6.1.0_Dev.txt,2025-12-29 22:42:33.393547
0.1.1.1.0.0.searchglobal.0,Small,16,4,TLT,6,1,0,Train,0.827,0.807909604519774,0.858,0.8322017458777885,0.173,/gpfs/projects/HeinzGroup/caffeine_underground/mlrt/FlexFringe/FlexFringe/models-ps-small/0.1.1.1.0.0.searchglobal.0.ini/0.1.1.1.0.0.searchglobal.0_16.04.TLT.6.1.0_Small.final.json,/gpfs/projects/HeinzGroup/asoubki/FlexFringe/data/MLRegTest/Small/16.04.TLT.6.1.0_Train.txt,2025-12-29 22:42:33.393547
0.1.1.1.0.0.searchglobal.0,Small,16,4,TLT,6,1,1,TestSR,0.81113,0.7798686696051093,0.86698,0.8211204243026945,0.18887,/gpfs/projects/HeinzGroup/caffeine_underground/mlrt/FlexFringe/FlexFringe/models-ps-small/0.1.1.1.0.0.searchglobal.0.ini/0.1.1.1.0.0.searchglobal.0_16.04.TLT.6.1.1_Small.final.json,/gpfs/projects/HeinzGroup/asoubki/FlexFringe/data/MLRegTest/Large/16.04.TLT.6.1.1_TestSR.txt,2025-12-29 23:17:01.127929
0.1.1.1.0.0.searchglobal.0,Small,16,4,TLT,6,1,1,TestLR,0.71388,0.6745446236208135,0.82656,0.7428550886148758,0.28612,/gpfs/projects/HeinzGroup/caffeine_underground/mlrt/FlexFringe/FlexFringe/models-ps-small/0.1.1.1.0.0.searchglobal.0.ini/0.1.1.1.0.0.searchglobal.0_16.04.TLT.6.1.1_Small.final.json,/gpfs/projects/HeinzGroup/asoubki/FlexFringe/data/MLRegTest/Large/16.04.TLT.6.1.1_TestLR.txt,2025-12-29 23:17:01.127929
0.1.1.1.0.0.searchglobal.0,Small,16,4,TLT,6,1,1,TestLA,0.52467,0.528495853258484,0.45754,0.49046490936572085,0.47533,/gpfs/projects/HeinzGroup/caffeine_underground/mlrt/FlexFringe/FlexFringe/models-ps-small/0.1.1.1.0.0.searchglobal.0.ini/0.1.1.1.0.0.searchglobal.0_16.04.TLT.6.1.1_Small.final.json,/gpfs/projects/HeinzGroup/asoubki/FlexFringe/data/MLRegTest/Large/16.04.TLT.6.1.1_TestLA.txt,2025-12-29 23:17:01.127929
0.1.1.1.0.0.searchglobal.0,Small,16,4,TLT,6,1,1,TestSA,0.53524,0.5613125478460574,0.32262,0.40973862683837536,0.46476,/gpfs/projects/HeinzGroup/caffeine_underground/mlrt/FlexFringe/FlexFringe/models-ps-small/0.1.1.1.0.0.searchglobal.0.ini/0.1.1.1.0.0.searchglobal.0_16.04.TLT.6.1.1_Small.final.json,/gpfs/projects/HeinzGroup/asoubki/FlexFringe/data/MLRegTest/Large/16.04.TLT.6.1.1_TestSA.txt,2025-12-29 23:17:01.127929
0.1.1.1.0.0.searchglobal.0,Small,16,4,TLT,6,1,1,Dev,0.81011,0.7801608094678832,0.86356,0.8197446485357635,0.18989,/gpfs/projects/HeinzGroup/caffeine_underground/mlrt/FlexFringe/FlexFringe/models-ps-small/0.1.1.1.0.0.searchglobal.0.ini/0.1.1.1.0.0.searchglobal.0_16.04.TLT.6.1.1_Small.final.json,/gpfs/projects/HeinzGroup/asoubki/FlexFringe/data/MLRegTest/Large/16.04.TLT.6.1.1_Dev.txt,2025-12-29 23:17:01.127929
0.1.1.1.0.0.searchglobal.0,Small,16,4,TLT,6,1,1,Train,0.818,0.7890909090909091,0.868,0.8266666666666667,0.182,/gpfs/projects/HeinzGroup/caffeine_underground/mlrt/FlexFringe/FlexFringe/models-ps-small/0.1.1.1.0.0.searchglobal.0.ini/0.1.1.1.0.0.searchglobal.0_16.04.TLT.6.1.1_Small.final.json,/gpfs/projects/HeinzGroup/asoubki/FlexFringe/data/MLRegTest/Small/16.04.TLT.6.1.1_Train.txt,2025-12-29 23:17:01.127929
0.1.1.1.0.0.searchglobal.0,Small,16,4,TLT,6,1,2,TestSA,0.54281,0.6102043968490964,0.23704,0.341443037610014,0.45719,/gpfs/projects/HeinzGroup/caffeine_underground/mlrt/FlexFringe/FlexFringe/models-ps-small/0.1.1.1.0.0.searchglobal.0.ini/0.1.1.1.0.0.searchglobal.0_16.04.TLT.6.1.2_Small.final.json,/gpfs/projects/HeinzGroup/asoubki/FlexFringe/data/MLRegTest/Large/16.04.TLT.6.1.2_TestSA.txt,2025-12-29 22:23:52.690137
0.1.1.1.0.0.searchglobal.0,Small,16,4,TLT,6,1,2,TestLA,0.53415,0.5503197477381899,0.37348,0.4449739673310855,0.46585,/gpfs/projects/HeinzGroup/caffeine_underground/mlrt/FlexFringe/FlexFringe/models-ps-small/0.1.1.1.0.0.searchglobal.0.ini/0.1.1.1.0.0.searchglobal.0_16.04.TLT.6.1.2_Small.final.json,/gpfs/projects/HeinzGroup/asoubki/FlexFringe/data/MLRegTest/Large/16.04.TLT.6.1.2_TestLA.txt,2025-12-29 22:23:52.690137
0.1.1.1.0.0.searchglobal.0,Small,16,4,TLT,6,1,2,TestSR,0.87555,0.8603642504845798,0.89662,0.8781180526310635,0.12445,/gpfs/projects/HeinzGroup/caffeine_underground/mlrt/FlexFringe/FlexFringe/models-ps-small/0.1.1.1.0.0.searchglobal.0.ini/0.1.1.1.0.0.searchglobal.0_16.04.TLT.6.1.2_Small.final.json,/gpfs/projects/HeinzGroup/asoubki/FlexFringe/data/MLRegTest/Large/16.04.TLT.6.1.2_TestSR.txt,2025-12-29 22:23:52.690137
0.1.1.1.0.0.searchglobal.0,Small,16,4,TLT,6,1,2,TestLR,0.78261,0.7439953032997773,0.86174,0.7985506843475763,0.21739,/gpfs/projects/HeinzGroup/caffeine_underground/mlrt/FlexFringe/FlexFringe/models-ps-small/0.1.1.1.0.0.searchglobal.0.ini/0.1.1.1.0.0.searchglobal.0_16.04.TLT.6.1.2_Small.final.json,/gpfs/projects/HeinzGroup/asoubki/FlexFringe/data/MLRegTest/Large/16.04.TLT.6.1.2_TestLR.txt,2025-12-29 22:23:52.690137
0.1.1.1.0.0.searchglobal.0,Small,16,4,TLT,6,1,2,Dev,0.87479,0.8604651162790697,0.89466,0.8772294508123585,0.12521,/gpfs/projects/HeinzGroup/caffeine_underground/mlrt/FlexFringe/FlexFringe/models-ps-small/0.1.1.1.0.0.searchglobal.0.ini/0.1.1.1.0.0.searchglobal.0_16.04.TLT.6.1.2_Small.final.json,/gpfs/projects/HeinzGroup/asoubki/FlexFringe/data/MLRegTest/Large/16.04.TLT.6.1.2_Dev.txt,2025-12-29 22:23:52.690137
0.1.1.1.0.0.searchglobal.0,Small,16,4,TLT,6,1,2,Train,0.877,0.8590476190476191,0.902,0.88,0.123,/gpfs/projects/HeinzGroup/caffeine_underground/mlrt/FlexFringe/FlexFringe/models-ps-small/0.1.1.1.0.0.searchglobal.0.ini/0.1.1.1.0.0.searchglobal.0_16.04.TLT.6.1.2_Small.final.json,/gpfs/projects/HeinzGroup/asoubki/FlexFringe/data/MLRegTest/Small/16.04.TLT.6.1.2_Train.txt,2025-12-29 22:23:52.690137
0.1.1.1.0.0.searchglobal.0,Small,16,4,TLT,6,1,3,TestSA,0.52326,0.5227006558401,0.53558,0.5290619566935356,0.47674,/gpfs/projects/HeinzGroup/caffeine_underground/mlrt/FlexFringe/FlexFringe/models-ps-small/0.1.1.1.0.0.searchglobal.0.ini/0.1.1.1.0.0.searchglobal.0_16.04.TLT.6.1.3_Small.final.json,/gpfs/projects/HeinzGroup/asoubki/FlexFringe/data/MLRegTest/Large/16.04.TLT.6.1.3_TestSA.txt,2025-12-29 22:52:30.527558
0.1.1.1.0.0.searchglobal.0,Small,16,4,TLT,6,1,3,TestLR,0.5772,0.5585984940490648,0.73592,0.6351146092239712,0.4228,/gpfs/projects/HeinzGroup/caffeine_underground/mlrt/FlexFringe/FlexFringe/models-ps-small/0.1.1.1.0.0.searchglobal.0.ini/0.1.1.1.0.0.searchglobal.0_16.04.TLT.6.1.3_Small.final.json,/gpfs/projects/HeinzGroup/asoubki/FlexFringe/data/MLRegTest/Large/16.04.TLT.6.1.3_TestLR.txt,2025-12-29 22:52:30.527558
0.1.1.1.0.0.searchglobal.0,Small,16,4,TLT,6,1,3,TestSR,0.64588,0.6172631105109161,0.7679,0.6843906525730379,0.35412,/gpfs/projects/HeinzGroup/caffeine_underground/mlrt/FlexFringe/FlexFringe/models-ps-small/0.1.1.1.0.0.searchglobal.0.ini/0.1.1.1.0.0.searchglobal.0_16.04.TLT.6.1.3_Small.final.json,/gpfs/projects/HeinzGroup/asoubki/FlexFringe/data/MLRegTest/Large/16.04.TLT.6.1.3_TestSR.txt,2025-12-29 22:52:30.527558
0.1.1.1.0.0.searchglobal.0,Small,16,4,TLT,6,1,3,TestLA,0.51271,0.5105615662029882,0.61442,0.557696671537882,0.48729,/gpfs/projects/HeinzGroup/caffeine_underground/mlrt/FlexFringe/FlexFringe/models-ps-small/0.1.1.1.0.0.searchglobal.0.ini/0.1.1.1.0.0.searchglobal.0_16.04.TLT.6.1.3_Small.final.json,/gpfs/projects/HeinzGroup/asoubki/FlexFringe/data/MLRegTest/Large/16.04.TLT.6.1.3_TestLA.txt,2025-12-29 22:52:30.527558
0.1.1.1.0.0.searchglobal.0,Small,16,4,TLT,6,1,3,Dev,0.64573,0.6169151035733197,0.76896,0.6845970994364466,0.35427,/gpfs/projects/HeinzGroup/caffeine_underground/mlrt/FlexFringe/FlexFringe/models-ps-small/0.1.1.1.0.0.searchglobal.0.ini/0.1.1.1.0.0.searchglobal.0_16.04.TLT.6.1.3_Small.final.json,/gpfs/projects/HeinzGroup/asoubki/FlexFringe/data/MLRegTest/Large/16.04.TLT.6.1.3_Dev.txt,2025-12-29 22:52:30.527558
0.1.1.1.0.0.searchglobal.0,Small,16,4,TLT,6,1,3,Train,0.63,0.6038338658146964,0.756,0.6714031971580817,0.37,/gpfs/projects/HeinzGroup/caffeine_underground/mlrt/FlexFringe/FlexFringe/models-ps-small/0.1.1.1.0.0.searchglobal.0.ini/0.1.1.1.0.0.searchglobal.0_16.04.TLT.6.1.3_Small.final.json,/gpfs/projects/HeinzGroup/asoubki/FlexFringe/data/MLRegTest/Small/16.04.TLT.6.1.3_Train.txt,2025-12-29 22:52:30.527558
0.1.1.1.0.0.searchglobal.0,Small,16,4,TLT,6,1,4,TestSA,0.52067,0.5212073953994213,0.508,0.5145189551619013,0.47933,/gpfs/projects/HeinzGroup/caffeine_underground/mlrt/FlexFringe/FlexFringe/models-ps-small/0.1.1.1.0.0.searchglobal.0.ini/0.1.1.1.0.0.searchglobal.0_16.04.TLT.6.1.4_Small.final.json,/gpfs/projects/HeinzGroup/asoubki/FlexFringe/data/MLRegTest/Large/16.04.TLT.6.1.4_TestSA.txt,2025-12-29 22:54:35.396055
0.1.1.1.0.0.searchglobal.0,Small,16,4,TLT,6,1,4,TestLR,0.61285,0.7054881823810044,0.38744,0.5001871958068139,0.38715,/gpfs/projects/HeinzGroup/caffeine_underground/mlrt/FlexFringe/FlexFringe/models-ps-small/0.1.1.1.0.0.searchglobal.0.ini/0.1.1.1.0.0.searchglobal.0_16.04.TLT.6.1.4_Small.final.json,/gpfs/projects/HeinzGroup/asoubki/FlexFringe/data/MLRegTest/Large/16.04.TLT.6.1.4_TestLR.txt,2025-12-29 22:54:35.396055
0.1.1.1.0.0.searchglobal.0,Small,16,4,TLT,6,1,4,TestLA,0.50939,0.5125578409607617,0.38326,0.43857782049961663,0.49061,/gpfs/projects/HeinzGroup/caffeine_underground/mlrt/FlexFringe/FlexFringe/models-ps-small/0.1.1.1.0.0.searchglobal.0.ini/0.1.1.1.0.0.searchglobal.0_16.04.TLT.6.1.4_Small.final.json,/gpfs/projects/HeinzGroup/asoubki/FlexFringe/data/MLRegTest/Large/16.04.TLT.6.1.4_TestLA.txt,2025-12-29 22:54:35.396055
0.1.1.1.0.0.searchglobal.0,Small,16,4,TLT,6,1,4,TestSR,0.68427,0.7854155695300641,0.50708,0.6162783631701122,0.31573,/gpfs/projects/HeinzGroup/caffeine_underground/mlrt/FlexFringe/FlexFringe/models-ps-small/0.1.1.1.0.0.searchglobal.0.ini/0.1.1.1.0.0.searchglobal.0_16.04.TLT.6.1.4_Small.final.json,/gpfs/projects/HeinzGroup/asoubki/FlexFringe/data/MLRegTest/Large/16.04.TLT.6.1.4_TestSR.txt,2025-12-29 22:54:35.396055
0.1.1.1.0.0.searchglobal.0,Small,16,4,TLT,6,1,4,Dev,0.68598,0.7889323887646035,0.50782,0.6179061617833155,0.31402,/gpfs/projects/HeinzGroup/caffeine_underground/mlrt/FlexFringe/FlexFringe/models-ps-small/0.1.1.1.0.0.searchglobal.0.ini/0.1.1.1.0.0.searchglobal.0_16.04.TLT.6.1.4_Small.final.json,/gpfs/projects/HeinzGroup/asoubki/FlexFringe/data/MLRegTest/Large/16.04.TLT.6.1.4_Dev.txt,2025-12-29 22:54:35.396055
0.1.1.1.0.0.searchglobal.0,Small,16,4,TLT,6,1,4,Train,0.674,0.7788461538461539,0.486,0.5985221674876847,0.326,/gpfs/projects/HeinzGroup/caffeine_underground/mlrt/FlexFringe/FlexFringe/models-ps-small/0.1.1.1.0.0.searchglobal.0.ini/0.1.1.1.0.0.searchglobal.0_16.04.TLT.6.1.4_Small.final.json,/gpfs/projects/HeinzGroup/asoubki/FlexFringe/data/MLRegTest/Small/16.04.TLT.6.1.4_Train.txt,2025-12-29 22:54:35.396055
0.1.1.1.0.0.searchglobal.0,Small,16,4,TLT,6,1,5,TestSR,0.61035,0.7995548075356969,0.29454,0.4304944532951373,0.38965,/gpfs/projects/HeinzGroup/caffeine_underground/mlrt/FlexFringe/FlexFringe/models-ps-small/0.1.1.1.0.0.searchglobal.0.ini/0.1.1.1.0.0.searchglobal.0_16.04.TLT.6.1.5_Small.final.json,/gpfs/projects/HeinzGroup/asoubki/FlexFringe/data/MLRegTest/Large/16.04.TLT.6.1.5_TestSR.txt,2025-12-29 22:13:41.564212
0.1.1.1.0.0.searchglobal.0,Small,16,4,TLT,6,1,5,TestLR,0.51764,0.5987239758226998,0.10698,0.18152509586995622,0.48236,/gpfs/projects/HeinzGroup/caffeine_underground/mlrt/FlexFringe/FlexFringe/models-ps-small/0.1.1.1.0.0.searchglobal.0.ini/0.1.1.1.0.0.searchglobal.0_16.04.TLT.6.1.5_Small.final.json,/gpfs/projects/HeinzGroup/asoubki/FlexFringe/data/MLRegTest/Large/16.04.TLT.6.1.5_TestLR.txt,2025-12-29 22:13:41.564212
0.1.1.1.0.0.searchglobal.0,Small,16,4,TLT,6,1,5,TestSA,0.52441,0.5395739437761421,0.33282,0.41169703492039933,0.47559,/gpfs/projects/HeinzGroup/caffeine_underground/mlrt/FlexFringe/FlexFringe/models-ps-small/0.1.1.1.0.0.searchglobal.0.ini/0.1.1.1.0.0.searchglobal.0_16.04.TLT.6.1.5_Small.final.json,/gpfs/projects/HeinzGroup/asoubki/FlexFringe/data/MLRegTest/Large/16.04.TLT.6.1.5_TestSA.txt,2025-12-29 22:13:41.564212
0.1.1.1.0.0.searchglobal.0,Small,16,4,TLT,6,1,5,TestLA,0.50421,0.5180981858825553,0.12052,0.19555094027356362,0.49579,/gpfs/projects/HeinzGroup/caffeine_underground/mlrt/FlexFringe/FlexFringe/models-ps-small/0.1.1.1.0.0.searchglobal.0.ini/0.1.1.1.0.0.searchglobal.0_16.04.TLT.6.1.5_Small.final.json,/gpfs/projects/HeinzGroup/asoubki/FlexFringe/data/MLRegTest/Large/16.04.TLT.6.1.5_TestLA.txt,2025-12-29 22:13:41.564212
0.1.1.1.0.0.searchglobal.0,Small,16,4,TLT,6,1,5,Dev,0.61285,0.8073424478457433,0.29644,0.43365175031817316,0.38715,/gpfs/projects/HeinzGroup/caffeine_underground/mlrt/FlexFringe/FlexFringe/models-ps-small/0.1.1.1.0.0.searchglobal.0.ini/0.1.1.1.0.0.searchglobal.0_16.04.TLT.6.1.5_Small.final.json,/gpfs/projects/HeinzGroup/asoubki/FlexFringe/data/MLRegTest/Large/16.04.TLT.6.1.5_Dev.txt,2025-12-29 22:13:41.564212
0.1.1.1.0.0.searchglobal.0,Small,16,4,TLT,6,1,5,Train,0.628,0.8333333333333334,0.32,0.4624277456647399,0.372,/gpfs/projects/HeinzGroup/caffeine_underground/mlrt/FlexFringe/FlexFringe/models-ps-small/0.1.1.1.0.0.searchglobal.0.ini/0.1.1.1.0.0.searchglobal.0_16.04.TLT.6.1.5_Small.final.json,/gpfs/projects/HeinzGroup/asoubki/FlexFringe/data/MLRegTest/Small/16.04.TLT.6.1.5_Train.txt,2025-12-29 22:13:41.564212
0.1.1.1.0.0.searchglobal.0,Small,16,4,TLT,6,1,6,TestLA,0.50515,0.5223737944217569,0.12024,0.19548358776764377,0.49485,/gpfs/projects/HeinzGroup/caffeine_underground/mlrt/FlexFringe/FlexFringe/models-ps-small/0.1.1.1.0.0.searchglobal.0.ini/0.1.1.1.0.0.searchglobal.0_16.04.TLT.6.1.6_Small.final.json,/gpfs/projects/HeinzGroup/asoubki/FlexFringe/data/MLRegTest/Large/16.04.TLT.6.1.6_TestLA.txt,2025-12-29 22:59:24.591542
0.1.1.1.0.0.searchglobal.0,Small,16,4,TLT,6,1,6,TestSA,0.52537,0.5405699299581028,0.33804,0.4159621986784304,0.47463,/gpfs/projects/HeinzGroup/caffeine_underground/mlrt/FlexFringe/FlexFringe/models-ps-small/0.1.1.1.0.0.searchglobal.0.ini/0.1.1.1.0.0.searchglobal.0_16.04.TLT.6.1.6_Small.final.json,/gpfs/projects/HeinzGroup/asoubki/FlexFringe/data/MLRegTest/Large/16.04.TLT.6.1.6_TestSA.txt,2025-12-29 22:59:24.591542
0.1.1.1.0.0.searchglobal.0,Small,16,4,TLT,6,1,6,TestSR,0.62106,0.8328750549934008,0.3029,0.44423911768156754,0.37894,/gpfs/projects/HeinzGroup/caffeine_underground/mlrt/FlexFringe/FlexFringe/models-ps-small/0.1.1.1.0.0.searchglobal.0.ini/0.1.1.1.0.0.searchglobal.0_16.04.TLT.6.1.6_Small.final.json,/gpfs/projects/HeinzGroup/asoubki/FlexFringe/data/MLRegTest/Large/16.04.TLT.6.1.6_TestSR.txt,2025-12-29 22:59:24.591542
0.1.1.1.0.0.searchglobal.0,Small,16,4,TLT,6,1,6,TestLR,0.52011,0.6217164992131703,0.10272,0.1763100530371947,0.47989,/gpfs/projects/HeinzGroup/caffeine_underground/mlrt/FlexFringe/FlexFringe/models-ps-small/0.1.1.1.0.0.searchglobal.0.ini/0.1.1.1.0.0.searchglobal.0_16.04.TLT.6.1.6_Small.final.json,/gpfs/projects/HeinzGroup/asoubki/FlexFringe/data/MLRegTest/Large/16.04.TLT.6.1.6_TestLR.txt,2025-12-29 22:59:24.591542
0.1.1.1.0.0.searchglobal.0,Small,16,4,TLT,6,1,6,Dev,0.61941,0.8301354713851258,0.30026,0.44100756407431885,0.38059,/gpfs/projects/HeinzGroup/caffeine_underground/mlrt/FlexFringe/FlexFringe/models-ps-small/0.1.1.1.0.0.searchglobal.0.ini/0.1.1.1.0.0.searchglobal.0_16.04.TLT.6.1.6_Small.final.json,/gpfs/projects/HeinzGroup/asoubki/FlexFringe/data/MLRegTest/Large/16.04.TLT.6.1.6_Dev.txt,2025-12-29 22:59:24.591542
0.1.1.1.0.0.searchglobal.0,Small,16,4,TLT,6,1,6,Train,0.614,0.8166666666666667,0.294,0.4323529411764706,0.386,/gpfs/projects/HeinzGroup/caffeine_underground/mlrt/FlexFringe/FlexFringe/models-ps-small/0.1.1.1.0.0.searchglobal.0.ini/0.1.1.1.0.0.searchglobal.0_16.04.TLT.6.1.6_Small.final.json,/gpfs/projects/HeinzGroup/asoubki/FlexFringe/data/MLRegTest/Small/16.04.TLT.6.1.6_Train.txt,2025-12-29 22:59:24.591542
0.1.1.1.0.0.searchglobal.0,Small,16,4,TLT,6,1,7,TestLR,0.51144,0.6310123683005039,0.0551,0.10135010852370967,0.48856,/gpfs/projects/HeinzGroup/caffeine_underground/mlrt/FlexFringe/FlexFringe/models-ps-small/0.1.1.1.0.0.searchglobal.0.ini/0.1.1.1.0.0.searchglobal.0_16.04.TLT.6.1.7_Small.final.json,/gpfs/projects/HeinzGroup/asoubki/FlexFringe/data/MLRegTest/Large/16.04.TLT.6.1.7_TestLR.txt,2025-12-29 23:31:18.026611
0.1.1.1.0.0.searchglobal.0,Small,16,4,TLT,6,1,7,TestLA,0.50464,0.5423666910153396,0.0594,0.10707332900713822,0.49536,/gpfs/projects/HeinzGroup/caffeine_underground/mlrt/FlexFringe/FlexFringe/models-ps-small/0.1.1.1.0.0.searchglobal.0.ini/0.1.1.1.0.0.searchglobal.0_16.04.TLT.6.1.7_Small.final.json,/gpfs/projects/HeinzGroup/asoubki/FlexFringe/data/MLRegTest/Large/16.04.TLT.6.1.7_TestLA.txt,2025-12-29 23:31:18.026611
0.1.1.1.0.0.searchglobal.0,Small,16,4,TLT,6,1,7,TestSR,0.58053,0.8511993022241605,0.19518,0.31754657121939317,0.41947,/gpfs/projects/HeinzGroup/caffeine_underground/mlrt/FlexFringe/FlexFringe/models-ps-small/0.1.1.1.0.0.searchglobal.0.ini/0.1.1.1.0.0.searchglobal.0_16.04.TLT.6.1.7_Small.final.json,/gpfs/projects/HeinzGroup/asoubki/FlexFringe/data/MLRegTest/Large/16.04.TLT.6.1.7_TestSR.txt,2025-12-29 23:31:18.026611
0.1.1.1.0.0.searchglobal.0,Small,16,4,TLT,6,1,7,TestSA,0.52786,0.5729319371727749,0.21886,0.31672937771345877,0.47214,/gpfs/projects/HeinzGroup/caffeine_underground/mlrt/FlexFringe/FlexFringe/models-ps-small/0.1.1.1.0.0.searchglobal.0.ini/0.1.1.1.0.0.searchglobal.0_16.04.TLT.6.1.7_Small.final.json,/gpfs/projects/HeinzGroup/asoubki/FlexFringe/data/MLRegTest/Large/16.04.TLT.6.1.7_TestSA.txt,2025-12-29 23:31:18.026611
0.1.1.1.0.0.searchglobal.0,Small,16,4,TLT,6,1,7,Dev,0.58144,0.8534108661690679,0.19666,0.3196580085172784,0.41856,/gpfs/projects/HeinzGroup/caffeine_underground/mlrt/FlexFringe/FlexFringe/models-ps-small/0.1.1.1.0.0.searchglobal.0.ini/0.1.1.1.0.0.searchglobal.0_16.04.TLT.6.1.7_Small.final.json,/gpfs/projects/HeinzGroup/asoubki/FlexFringe/data/MLRegTest/Large/16.04.TLT.6.1.7_Dev.txt,2025-12-29 23:31:18.026611
0.1.1.1.0.0.searchglobal.0,Small,16,4,TLT,6,1,7,Train,0.581,0.8785046728971962,0.188,0.30971993410214166,0.419,/gpfs/projects/HeinzGroup/caffeine_underground/mlrt/FlexFringe/FlexFringe/models-ps-small/0.1.1.1.0.0.searchglobal.0.ini/0.1.1.1.0.0.searchglobal.0_16.04.TLT.6.1.7_Small.final.json,/gpfs/projects/HeinzGroup/asoubki/FlexFringe/data/MLRegTest/Small/16.04.TLT.6.1.7_Train.txt,2025-12-29 23:31:18.026611
0.1.1.1.0.0.searchglobal.0,Small,16,4,TLT,6,1,8,TestLA,0.50521,0.5293521126760563,0.09396,0.1595923566878981,0.49479,/gpfs/projects/HeinzGroup/caffeine_underground/mlrt/FlexFringe/FlexFringe/models-ps-small/0.1.1.1.0.0.searchglobal.0.ini/0.1.1.1.0.0.searchglobal.0_16.04.TLT.6.1.8_Small.final.json,/gpfs/projects/HeinzGroup/asoubki/FlexFringe/data/MLRegTest/Large/16.04.TLT.6.1.8_TestLA.txt,2025-12-29 23:08:52.695331
0.1.1.1.0.0.searchglobal.0,Small,16,4,TLT,6,1,8,TestSA,0.52974,0.5549154294999631,0.30052,0.3898907600093412,0.47026,/gpfs/projects/HeinzGroup/caffeine_underground/mlrt/FlexFringe/FlexFringe/models-ps-small/0.1.1.1.0.0.searchglobal.0.ini/0.1.1.1.0.0.searchglobal.0_16.04.TLT.6.1.8_Small.final.json,/gpfs/projects/HeinzGroup/asoubki/FlexFringe/data/MLRegTest/Large/16.04.TLT.6.1.8_TestSA.txt,2025-12-29 23:08:52.695331
0.1.1.1.0.0.searchglobal.0,Small,16,4,TLT,6,1,8,TestLR,0.51467,0.61794500723589,0.07686,0.1367153453458795,0.48533,/gpfs/projects/HeinzGroup/caffeine_underground/mlrt/FlexFringe/FlexFringe/models-ps-small/0.1.1.1.0.0.searchglobal.0.ini/0.1.1.1.0.0.searchglobal.0_16.04.TLT.6.1.8_Small.final.json,/gpfs/projects/HeinzGroup/asoubki/FlexFringe/data/MLRegTest/Large/16.04.TLT.6.1.8_TestLR.txt,2025-12-29 23:08:52.695331
0.1.1.1.0.0.searchglobal.0,Small,16,4,TLT,6,1,8,TestSR,0.61045,0.8536210539796376,0.26662,0.4063276285109042,0.38955,/gpfs/projects/HeinzGroup/caffeine_underground/mlrt/FlexFringe/FlexFringe/models-ps-small/0.1.1.1.0.0.searchglobal.0.ini/0.1.1.1.0.0.searchglobal.0_16.04.TLT.6.1.8_Small.final.json,/gpfs/projects/HeinzGroup/asoubki/FlexFringe/data/MLRegTest/Large/16.04.TLT.6.1.8_TestSR.txt,2025-12-29 23:08:52.695331
0.1.1.1.0.0.searchglobal.0,Small,16,4,TLT,6,1,8,Dev,0.61108,0.8508528111181302,0.26938,0.4092055293938934,0.38892,/gpfs/projects/HeinzGroup/caffeine_underground/mlrt/FlexFringe/FlexFringe/models-ps-small/0.1.1.1.0.0.searchglobal.0.ini/0.1.1.1.0.0.searchglobal.0_16.04.TLT.6.1.8_Small.final.json,/gpfs/projects/HeinzGroup/asoubki/FlexFringe/data/MLRegTest/Large/16.04.TLT.6.1.8_Dev.txt,2025-12-29 23:08:52.695331
0.1.1.1.0.0.searchglobal.0,Small,16,4,TLT,6,1,8,Train,0.629,0.8685714285714285,0.304,0.45037037037037037,0.371,/gpfs/projects/HeinzGroup/caffeine_underground/mlrt/FlexFringe/FlexFringe/models-ps-small/0.1.1.1.0.0.searchglobal.0.ini/0.1.1.1.0.0.searchglobal.0_16.04.TLT.6.1.8_Small.final.json,/gpfs/projects/HeinzGroup/asoubki/FlexFringe/data/MLRegTest/Small/16.04.TLT.6.1.8_Train.txt,2025-12-29 23:08:52.695331
0.1.1.1.0.0.searchglobal.0,Small,16,4,TLT,6,1,9,TestSR,0.63063,0.8517421508966557,0.31632,0.461316338286981,0.36937,/gpfs/projects/HeinzGroup/caffeine_underground/mlrt/FlexFringe/FlexFringe/models-ps-small/0.1.1.1.0.0.searchglobal.0.ini/0.1.1.1.0.0.searchglobal.0_16.04.TLT.6.1.9_Small.final.json,/gpfs/projects/HeinzGroup/asoubki/FlexFringe/data/MLRegTest/Large/16.04.TLT.6.1.9_TestSR.txt,2025-12-29 22:43:54.905712
0.1.1.1.0.0.searchglobal.0,Small,16,4,TLT,6,1,9,TestSA,0.53336,0.5544599712681206,0.33964,0.4212432405615915,0.46664,/gpfs/projects/HeinzGroup/caffeine_underground/mlrt/FlexFringe/FlexFringe/models-ps-small/0.1.1.1.0.0.searchglobal.0.ini/0.1.1.1.0.0.searchglobal.0_16.04.TLT.6.1.9_Small.final.json,/gpfs/projects/HeinzGroup/asoubki/FlexFringe/data/MLRegTest/Large/16.04.TLT.6.1.9_TestSA.txt,2025-12-29 22:43:54.905712
0.1.1.1.0.0.searchglobal.0,Small,16,4,TLT,6,1,9,TestLA,0.50803,0.5368653016251951,0.11694,0.1920480859240282,0.49197,/gpfs/projects/HeinzGroup/caffeine_underground/mlrt/FlexFringe/FlexFringe/models-ps-small/0.1.1.1.0.0.searchglobal.0.ini/0.1.1.1.0.0.searchglobal.0_16.04.TLT.6.1.9_Small.final.json,/gpfs/projects/HeinzGroup/asoubki/FlexFringe/data/MLRegTest/Large/16.04.TLT.6.1.9_TestLA.txt,2025-12-29 22:43:54.905712
0.1.1.1.0.0.searchglobal.0,Small,16,4,TLT,6,1,9,TestLR,0.524,0.6535312180143296,0.10216,0.1766984917669849,0.476,/gpfs/projects/HeinzGroup/caffeine_underground/mlrt/FlexFringe/FlexFringe/models-ps-small/0.1.1.1.0.0.searchglobal.0.ini/0.1.1.1.0.0.searchglobal.0_16.04.TLT.6.1.9_Small.final.json,/gpfs/projects/HeinzGroup/asoubki/FlexFringe/data/MLRegTest/Large/16.04.TLT.6.1.9_TestLR.txt,2025-12-29 22:43:54.905712
0.1.1.1.0.0.searchglobal.0,Small,16,4,TLT,6,1,9,Dev,0.63189,0.853763210128212,0.3183,0.4637170204396789,0.36811,/gpfs/projects/HeinzGroup/caffeine_underground/mlrt/FlexFringe/FlexFringe/models-ps-small/0.1.1.1.0.0.searchglobal.0.ini/0.1.1.1.0.0.searchglobal.0_16.04.TLT.6.1.9_Small.final.json,/gpfs/projects/HeinzGroup/asoubki/FlexFringe/data/MLRegTest/Large/16.04.TLT.6.1.9_Dev.txt,2025-12-29 22:43:54.905712
0.1.1.1.0.0.searchglobal.0,Small,16,4,TLT,6,1,9,Train,0.629,0.8603351955307262,0.308,0.4536082474226804,0.371,/gpfs/projects/HeinzGroup/caffeine_underground/mlrt/FlexFringe/FlexFringe/models-ps-small/0.1.1.1.0.0.searchglobal.0.ini/0.1.1.1.0.0.searchglobal.0_16.04.TLT.6.1.9_Small.final.json,/gpfs/projects/HeinzGroup/asoubki/FlexFringe/data/MLRegTest/Small/16.04.TLT.6.1.9_Train.txt,2025-12-29 22:43:54.905712
0.1.1.1.0.0.searchglobal.0,Small,16,4,TLTT,2,2,0,TestLA,0.57152,0.5699530516431925,0.58272,0.5762658227848101,0.42848,/gpfs/projects/HeinzGroup/caffeine_underground/mlrt/FlexFringe/FlexFringe/models-ps-small/0.1.1.1.0.0.searchglobal.0.ini/0.1.1.1.0.0.searchglobal.0_16.04.TLTT.2.2.0_Small.final.json,/gpfs/projects/HeinzGroup/asoubki/FlexFringe/data/MLRegTest/Large/16.04.TLTT.2.2.0_TestLA.txt,2025-12-29 23:20:05.495050
0.1.1.1.0.0.searchglobal.0,Small,16,4,TLTT,2,2,0,TestLR,0.72351,0.7850820132139487,0.61552,0.6900371072073183,0.27649,/gpfs/projects/HeinzGroup/caffeine_underground/mlrt/FlexFringe/FlexFringe/models-ps-small/0.1.1.1.0.0.searchglobal.0.ini/0.1.1.1.0.0.searchglobal.0_16.04.TLTT.2.2.0_Small.final.json,/gpfs/projects/HeinzGroup/asoubki/FlexFringe/data/MLRegTest/Large/16.04.TLTT.2.2.0_TestLR.txt,2025-12-29 23:20:05.495050
0.1.1.1.0.0.searchglobal.0,Small,16,4,TLTT,2,2,0,TestSR,0.78835,0.8420440796185144,0.70986,0.7703226226519517,0.21165,/gpfs/projects/HeinzGroup/caffeine_underground/mlrt/FlexFringe/FlexFringe/models-ps-small/0.1.1.1.0.0.searchglobal.0.ini/0.1.1.1.0.0.searchglobal.0_16.04.TLTT.2.2.0_Small.final.json,/gpfs/projects/HeinzGroup/asoubki/FlexFringe/data/MLRegTest/Large/16.04.TLTT.2.2.0_TestSR.txt,2025-12-29 23:20:05.495050
0.1.1.1.0.0.searchglobal.0,Small,16,4,TLTT,2,2,0,TestSA,0.59062,0.5765837333513623,0.68226,0.6249862592063318,0.40938,/gpfs/projects/HeinzGroup/caffeine_underground/mlrt/FlexFringe/FlexFringe/models-ps-small/0.1.1.1.0.0.searchglobal.0.ini/0.1.1.1.0.0.searchglobal.0_16.04.TLTT.2.2.0_Small.final.json,/gpfs/projects/HeinzGroup/asoubki/FlexFringe/data/MLRegTest/Large/16.04.TLTT.2.2.0_TestSA.txt,2025-12-29 23:20:05.495050
0.1.1.1.0.0.searchglobal.0,Small,16,4,TLTT,2,2,0,Dev,0.78855,0.8433402346445825,0.70876,0.770215494289347,0.21145,/gpfs/projects/HeinzGroup/caffeine_underground/mlrt/FlexFringe/FlexFringe/models-ps-small/0.1.1.1.0.0.searchglobal.0.ini/0.1.1.1.0.0.searchglobal.0_16.04.TLTT.2.2.0_Small.final.json,/gpfs/projects/HeinzGroup/asoubki/FlexFringe/data/MLRegTest/Large/16.04.TLTT.2.2.0_Dev.txt,2025-12-29 23:20:05.495050
0.1.1.1.0.0.searchglobal.0,Small,16,4,TLTT,2,2,0,Train,0.794,0.8168103448275862,0.758,0.7863070539419087,0.206,/gpfs/projects/HeinzGroup/caffeine_underground/mlrt/FlexFringe/FlexFringe/models-ps-small/0.1.1.1.0.0.searchglobal.0.ini/0.1.1.1.0.0.searchglobal.0_16.04.TLTT.2.2.0_Small.final.json,/gpfs/projects/HeinzGroup/asoubki/FlexFringe/data/MLRegTest/Small/16.04.TLTT.2.2.0_Train.txt,2025-12-29 23:20:05.495050
0.1.1.1.0.0.searchglobal.0,Small,16,4,TLTT,2,2,1,TestSR,0.52851,0.5204510566259702,0.72554,0.606116805760925,0.47149,/gpfs/projects/HeinzGroup/caffeine_underground/mlrt/FlexFringe/FlexFringe/models-ps-small/0.1.1.1.0.0.searchglobal.0.ini/0.1.1.1.0.0.searchglobal.0_16.04.TLTT.2.2.1_Small.final.json,/gpfs/projects/HeinzGroup/asoubki/FlexFringe/data/MLRegTest/Large/16.04.TLTT.2.2.1_TestSR.txt,2025-12-29 22:23:42.438855
0.1.1.1.0.0.searchglobal.0,Small,16,4,TLTT,2,2,1,TestLR,0.51431,0.5103081644119808,0.70842,0.5932619272931304,0.48569,/gpfs/projects/HeinzGroup/caffeine_underground/mlrt/FlexFringe/FlexFringe/models-ps-small/0.1.1.1.0.0.searchglobal.0.ini/0.1.1.1.0.0.searchglobal.0_16.04.TLTT.2.2.1_Small.final.json,/gpfs/projects/HeinzGroup/asoubki/FlexFringe/data/MLRegTest/Large/16.04.TLTT.2.2.1_TestLR.txt,2025-12-29 22:23:42.438855
0.1.1.1.0.0.searchglobal.0,Small,16,4,TLTT,2,2,1,TestLA,0.5071,0.5051406064467548,0.69768,0.586000100791211,0.4929,/gpfs/projects/HeinzGroup/caffeine_underground/mlrt/FlexFringe/FlexFringe/models-ps-small/0.1.1.1.0.0.searchglobal.0.ini/0.1.1.1.0.0.searchglobal.0_16.04.TLTT.2.2.1_Small.final.json,/gpfs/projects/HeinzGroup/asoubki/FlexFringe/data/MLRegTest/Large/16.04.TLTT.2.2.1_TestLA.txt,2025-12-29 22:23:42.438855
0.1.1.1.0.0.searchglobal.0,Small,16,4,TLTT,2,2,1,TestSA,0.51077,0.5078916130545013,0.69314,0.5862293529098337,0.48923,/gpfs/projects/HeinzGroup/caffeine_underground/mlrt/FlexFringe/FlexFringe/models-ps-small/0.1.1.1.0.0.searchglobal.0.ini/0.1.1.1.0.0.searchglobal.0_16.04.TLTT.2.2.1_Small.final.json,/gpfs/projects/HeinzGroup/asoubki/FlexFringe/data/MLRegTest/Large/16.04.TLTT.2.2.1_TestSA.txt,2025-12-29 22:23:42.438855
0.1.1.1.0.0.searchglobal.0,Small,16,4,TLTT,2,2,1,Dev,0.53176,0.5229075906638585,0.72498,0.6075828430633077,0.46824,/gpfs/projects/HeinzGroup/caffeine_underground/mlrt/FlexFringe/FlexFringe/models-ps-small/0.1.1.1.0.0.searchglobal.0.ini/0.1.1.1.0.0.searchglobal.0_16.04.TLTT.2.2.1_Small.final.json,/gpfs/projects/HeinzGroup/asoubki/FlexFringe/data/MLRegTest/Large/16.04.TLTT.2.2.1_Dev.txt,2025-12-29 22:23:42.438855
0.1.1.1.0.0.searchglobal.0,Small,16,4,TLTT,2,2,1,Train,0.547,0.5334281650071123,0.75,0.6234413965087282,0.453,/gpfs/projects/HeinzGroup/caffeine_underground/mlrt/FlexFringe/FlexFringe/models-ps-small/0.1.1.1.0.0.searchglobal.0.ini/0.1.1.1.0.0.searchglobal.0_16.04.TLTT.2.2.1_Small.final.json,/gpfs/projects/HeinzGroup/asoubki/FlexFringe/data/MLRegTest/Small/16.04.TLTT.2.2.1_Train.txt,2025-12-29 22:23:42.438855
0.1.1.1.0.0.searchglobal.0,Small,16,4,TLTT,2,2,2,TestLA,0.84135,0.9118307072364452,0.75578,0.8265039423465984,0.15865,/gpfs/projects/HeinzGroup/caffeine_underground/mlrt/FlexFringe/FlexFringe/models-ps-small/0.1.1.1.0.0.searchglobal.0.ini/0.1.1.1.0.0.searchglobal.0_16.04.TLTT.2.2.2_Small.final.json,/gpfs/projects/HeinzGroup/asoubki/FlexFringe/data/MLRegTest/Large/16.04.TLTT.2.2.2_TestLA.txt,2025-12-29 23:14:21.248453
0.1.1.1.0.0.searchglobal.0,Small,16,4,TLTT,2,2,2,TestSR,0.95052,0.9556229773462783,0.94492,0.9502413515687852,0.04948,/gpfs/projects/HeinzGroup/caffeine_underground/mlrt/FlexFringe/FlexFringe/models-ps-small/0.1.1.1.0.0.searchglobal.0.ini/0.1.1.1.0.0.searchglobal.0_16.04.TLTT.2.2.2_Small.final.json,/gpfs/projects/HeinzGroup/asoubki/FlexFringe/data/MLRegTest/Large/16.04.TLTT.2.2.2_TestSR.txt,2025-12-29 23:14:21.248453
0.1.1.1.0.0.searchglobal.0,Small,16,4,TLTT,2,2,2,TestSA,0.88552,0.946389699411792,0.81734,0.8771436543538451,0.11448,/gpfs/projects/HeinzGroup/caffeine_underground/mlrt/FlexFringe/FlexFringe/models-ps-small/0.1.1.1.0.0.searchglobal.0.ini/0.1.1.1.0.0.searchglobal.0_16.04.TLTT.2.2.2_Small.final.json,/gpfs/projects/HeinzGroup/asoubki/FlexFringe/data/MLRegTest/Large/16.04.TLTT.2.2.2_TestSA.txt,2025-12-29 23:14:21.248453
0.1.1.1.0.0.searchglobal.0,Small,16,4,TLTT,2,2,2,TestLR,0.90056,0.9275284976305341,0.86902,0.8973215207649258,0.09944,/gpfs/projects/HeinzGroup/caffeine_underground/mlrt/FlexFringe/FlexFringe/models-ps-small/0.1.1.1.0.0.searchglobal.0.ini/0.1.1.1.0.0.searchglobal.0_16.04.TLTT.2.2.2_Small.final.json,/gpfs/projects/HeinzGroup/asoubki/FlexFringe/data/MLRegTest/Large/16.04.TLTT.2.2.2_TestLR.txt,2025-12-29 23:14:21.248453
0.1.1.1.0.0.searchglobal.0,Small,16,4,TLTT,2,2,2,Dev,0.94987,0.9549380094249944,0.9443,0.9495892119103406,0.05013,/gpfs/projects/HeinzGroup/caffeine_underground/mlrt/FlexFringe/FlexFringe/models-ps-small/0.1.1.1.0.0.searchglobal.0.ini/0.1.1.1.0.0.searchglobal.0_16.04.TLTT.2.2.2_Small.final.json,/gpfs/projects/HeinzGroup/asoubki/FlexFringe/data/MLRegTest/Large/16.04.TLTT.2.2.2_Dev.txt,2025-12-29 23:14:21.248453
0.1.1.1.0.0.searchglobal.0,Small,16,4,TLTT,2,2,2,Train,0.942,0.9455645161290323,0.938,0.9417670682730924,0.058,/gpfs/projects/HeinzGroup/caffeine_underground/mlrt/FlexFringe/FlexFringe/models-ps-small/0.1.1.1.0.0.searchglobal.0.ini/0.1.1.1.0.0.searchglobal.0_16.04.TLTT.2.2.2_Small.final.json,/gpfs/projects/HeinzGroup/asoubki/FlexFringe/data/MLRegTest/Small/16.04.TLTT.2.2.2_Train.txt,2025-12-29 23:14:21.248453
0.1.1.1.0.0.searchglobal.0,Small,16,4,TLTT,2,2,3,TestLR,0.55745,0.5501020354769505,0.63078,0.5876850549225309,0.44255,/gpfs/projects/HeinzGroup/caffeine_underground/mlrt/FlexFringe/FlexFringe/models-ps-small/0.1.1.1.0.0.searchglobal.0.ini/0.1.1.1.0.0.searchglobal.0_16.04.TLTT.2.2.3_Small.final.json,/gpfs/projects/HeinzGroup/asoubki/FlexFringe/data/MLRegTest/Large/16.04.TLTT.2.2.3_TestLR.txt,2025-12-29 23:10:23.870141
0.1.1.1.0.0.searchglobal.0,Small,16,4,TLTT,2,2,3,TestSR,0.5884,0.5640802598005104,0.77816,0.6540478752017214,0.4116,/gpfs/projects/HeinzGroup/caffeine_underground/mlrt/FlexFringe/FlexFringe/models-ps-small/0.1.1.1.0.0.searchglobal.0.ini/0.1.1.1.0.0.searchglobal.0_16.04.TLTT.2.2.3_Small.final.json,/gpfs/projects/HeinzGroup/asoubki/FlexFringe/data/MLRegTest/Large/16.04.TLTT.2.2.3_TestSR.txt,2025-12-29 23:10:23.870141
0.1.1.1.0.0.searchglobal.0,Small,16,4,TLTT,2,2,3,TestSA,0.54512,0.5363777089783281,0.66528,0.5939151549778603,0.45488,/gpfs/projects/HeinzGroup/caffeine_underground/mlrt/FlexFringe/FlexFringe/models-ps-small/0.1.1.1.0.0.searchglobal.0.ini/0.1.1.1.0.0.searchglobal.0_16.04.TLTT.2.2.3_Small.final.json,/gpfs/projects/HeinzGroup/asoubki/FlexFringe/data/MLRegTest/Large/16.04.TLTT.2.2.3_TestSA.txt,2025-12-29 23:10:23.870141
0.1.1.1.0.0.searchglobal.0,Small,16,4,TLTT,2,2,3,TestLA,0.52965,0.5282407848366512,0.5546,0.5410995658324796,0.47035,/gpfs/projects/HeinzGroup/caffeine_underground/mlrt/FlexFringe/FlexFringe/models-ps-small/0.1.1.1.0.0.searchglobal.0.ini/0.1.1.1.0.0.searchglobal.0_16.04.TLTT.2.2.3_Small.final.json,/gpfs/projects/HeinzGroup/asoubki/FlexFringe/data/MLRegTest/Large/16.04.TLTT.2.2.3_TestLA.txt,2025-12-29 23:10:23.870141
0.1.1.1.0.0.searchglobal.0,Small,16,4,TLTT,2,2,3,Dev,0.58636,0.5627342728461426,0.77466,0.6519060843221409,0.41364,/gpfs/projects/HeinzGroup/caffeine_underground/mlrt/FlexFringe/FlexFringe/models-ps-small/0.1.1.1.0.0.searchglobal.0.ini/0.1.1.1.0.0.searchglobal.0_16.04.TLTT.2.2.3_Small.final.json,/gpfs/projects/HeinzGroup/asoubki/FlexFringe/data/MLRegTest/Large/16.04.TLTT.2.2.3_Dev.txt,2025-12-29 23:10:23.870141
0.1.1.1.0.0.searchglobal.0,Small,16,4,TLTT,2,2,3,Train,0.598,0.5710144927536231,0.788,0.6621848739495798,0.402,/gpfs/projects/HeinzGroup/caffeine_underground/mlrt/FlexFringe/FlexFringe/models-ps-small/0.1.1.1.0.0.searchglobal.0.ini/0.1.1.1.0.0.searchglobal.0_16.04.TLTT.2.2.3_Small.final.json,/gpfs/projects/HeinzGroup/asoubki/FlexFringe/data/MLRegTest/Small/16.04.TLTT.2.2.3_Train.txt,2025-12-29 23:10:23.870141
0.1.1.1.0.0.searchglobal.0,Small,16,4,TLTT,2,2,4,TestSA,0.58068,0.5647761577493737,0.70344,0.6265274858384695,0.41932,/gpfs/projects/HeinzGroup/caffeine_underground/mlrt/FlexFringe/FlexFringe/models-ps-small/0.1.1.1.0.0.searchglobal.0.ini/0.1.1.1.0.0.searchglobal.0_16.04.TLTT.2.2.4_Small.final.json,/gpfs/projects/HeinzGroup/asoubki/FlexFringe/data/MLRegTest/Large/16.04.TLTT.2.2.4_TestSA.txt,2025-12-29 23:09:08.659352
0.1.1.1.0.0.searchglobal.0,Small,16,4,TLTT,2,2,4,TestSR,0.7782,0.8116039426523297,0.7246,0.7656382079459002,0.2218,/gpfs/projects/HeinzGroup/caffeine_underground/mlrt/FlexFringe/FlexFringe/models-ps-small/0.1.1.1.0.0.searchglobal.0.ini/0.1.1.1.0.0.searchglobal.0_16.04.TLTT.2.2.4_Small.final.json,/gpfs/projects/HeinzGroup/asoubki/FlexFringe/data/MLRegTest/Large/16.04.TLTT.2.2.4_TestSR.txt,2025-12-29 23:09:08.659352
0.1.1.1.0.0.searchglobal.0,Small,16,4,TLTT,2,2,4,TestLA,0.55484,0.5511071348691567,0.59136,0.5705244471886698,0.44516,/gpfs/projects/HeinzGroup/caffeine_underground/mlrt/FlexFringe/FlexFringe/models-ps-small/0.1.1.1.0.0.searchglobal.0.ini/0.1.1.1.0.0.searchglobal.0_16.04.TLTT.2.2.4_Small.final.json,/gpfs/projects/HeinzGroup/asoubki/FlexFringe/data/MLRegTest/Large/16.04.TLTT.2.2.4_TestLA.txt,2025-12-29 23:09:08.659352
0.1.1.1.0.0.searchglobal.0,Small,16,4,TLTT,2,2,4,TestLR,0.69638,0.7341201716738197,0.61578,0.6697628888405481,0.30362,/gpfs/projects/HeinzGroup/caffeine_underground/mlrt/FlexFringe/FlexFringe/models-ps-small/0.1.1.1.0.0.searchglobal.0.ini/0.1.1.1.0.0.searchglobal.0_16.04.TLTT.2.2.4_Small.final.json,/gpfs/projects/HeinzGroup/asoubki/FlexFringe/data/MLRegTest/Large/16.04.TLTT.2.2.4_TestLR.txt,2025-12-29 23:09:08.659352
0.1.1.1.0.0.searchglobal.0,Small,16,4,TLTT,2,2,4,Dev,0.77798,0.8103009465976068,0.7259,0.7657819225251076,0.22202,/gpfs/projects/HeinzGroup/caffeine_underground/mlrt/FlexFringe/FlexFringe/models-ps-small/0.1.1.1.0.0.searchglobal.0.ini/0.1.1.1.0.0.searchglobal.0_16.04.TLTT.2.2.4_Small.final.json,/gpfs/projects/HeinzGroup/asoubki/FlexFringe/data/MLRegTest/Large/16.04.TLTT.2.2.4_Dev.txt,2025-12-29 23:09:08.659352
0.1.1.1.0.0.searchglobal.0,Small,16,4,TLTT,2,2,4,Train,0.794,0.8195652173913044,0.754,0.7854166666666667,0.206,/gpfs/projects/HeinzGroup/caffeine_underground/mlrt/FlexFringe/FlexFringe/models-ps-small/0.1.1.1.0.0.searchglobal.0.ini/0.1.1.1.0.0.searchglobal.0_16.04.TLTT.2.2.4_Small.final.json,/gpfs/projects/HeinzGroup/asoubki/FlexFringe/data/MLRegTest/Small/16.04.TLTT.2.2.4_Train.txt,2025-12-29 23:09:08.659352
0.1.1.1.0.0.searchglobal.0,Small,16,4,TLTT,2,2,5,TestLA,0.51234,0.5195773575326819,0.3275,0.40176161735119487,0.48766,/gpfs/projects/HeinzGroup/caffeine_underground/mlrt/FlexFringe/FlexFringe/models-ps-small/0.1.1.1.0.0.searchglobal.0.ini/0.1.1.1.0.0.searchglobal.0_16.04.TLTT.2.2.5_Small.final.json,/gpfs/projects/HeinzGroup/asoubki/FlexFringe/data/MLRegTest/Large/16.04.TLTT.2.2.5_TestLA.txt,2025-12-29 23:17:00.812614
0.1.1.1.0.0.searchglobal.0,Small,16,4,TLTT,2,2,5,TestLR,0.56562,0.6249619134673979,0.32818,0.4303661351237935,0.43438,/gpfs/projects/HeinzGroup/caffeine_underground/mlrt/FlexFringe/FlexFringe/models-ps-small/0.1.1.1.0.0.searchglobal.0.ini/0.1.1.1.0.0.searchglobal.0_16.04.TLTT.2.2.5_Small.final.json,/gpfs/projects/HeinzGroup/asoubki/FlexFringe/data/MLRegTest/Large/16.04.TLTT.2.2.5_TestLR.txt,2025-12-29 23:17:00.812614
0.1.1.1.0.0.searchglobal.0,Small,16,4,TLTT,2,2,5,TestSR,0.62248,0.700445142707515,0.428,0.5313337968020657,0.37752,/gpfs/projects/HeinzGroup/caffeine_underground/mlrt/FlexFringe/FlexFringe/models-ps-small/0.1.1.1.0.0.searchglobal.0.ini/0.1.1.1.0.0.searchglobal.0_16.04.TLTT.2.2.5_Small.final.json,/gpfs/projects/HeinzGroup/asoubki/FlexFringe/data/MLRegTest/Large/16.04.TLTT.2.2.5_TestSR.txt,2025-12-29 23:17:00.812614
0.1.1.1.0.0.searchglobal.0,Small,16,4,TLTT,2,2,5,TestSA,0.52085,0.5257058315867341,0.4264,0.47087405444205177,0.47915,/gpfs/projects/HeinzGroup/caffeine_underground/mlrt/FlexFringe/FlexFringe/models-ps-small/0.1.1.1.0.0.searchglobal.0.ini/0.1.1.1.0.0.searchglobal.0_16.04.TLTT.2.2.5_Small.final.json,/gpfs/projects/HeinzGroup/asoubki/FlexFringe/data/MLRegTest/Large/16.04.TLTT.2.2.5_TestSA.txt,2025-12-29 23:17:00.812614
0.1.1.1.0.0.searchglobal.0,Small,16,4,TLTT,2,2,5,Dev,0.62525,0.7077321126480247,0.42672,0.5324216751718717,0.37475,/gpfs/projects/HeinzGroup/caffeine_underground/mlrt/FlexFringe/FlexFringe/models-ps-small/0.1.1.1.0.0.searchglobal.0.ini/0.1.1.1.0.0.searchglobal.0_16.04.TLTT.2.2.5_Small.final.json,/gpfs/projects/HeinzGroup/asoubki/FlexFringe/data/MLRegTest/Large/16.04.TLTT.2.2.5_Dev.txt,2025-12-29 23:17:00.812614
0.1.1.1.0.0.searchglobal.0,Small,16,4,TLTT,2,2,5,Train,0.623,0.7188612099644128,0.404,0.5172855313700384,0.377,/gpfs/projects/HeinzGroup/caffeine_underground/mlrt/FlexFringe/FlexFringe/models-ps-small/0.1.1.1.0.0.searchglobal.0.ini/0.1.1.1.0.0.searchglobal.0_16.04.TLTT.2.2.5_Small.final.json,/gpfs/projects/HeinzGroup/asoubki/FlexFringe/data/MLRegTest/Small/16.04.TLTT.2.2.5_Train.txt,2025-12-29 23:17:00.812614
0.1.1.1.0.0.searchglobal.0,Small,16,4,TLTT,2,2,6,TestLR,0.50783,0.5155721729445925,0.25924,0.34500472445136476,0.49217,/gpfs/projects/HeinzGroup/caffeine_underground/mlrt/FlexFringe/FlexFringe/models-ps-small/0.1.1.1.0.0.searchglobal.0.ini/0.1.1.1.0.0.searchglobal.0_16.04.TLTT.2.2.6_Small.final.json,/gpfs/projects/HeinzGroup/asoubki/FlexFringe/data/MLRegTest/Large/16.04.TLTT.2.2.6_TestLR.txt,2025-12-29 22:06:24.646321
0.1.1.1.0.0.searchglobal.0,Small,16,4,TLTT,2,2,6,TestSR,0.51319,0.5260106487872215,0.26674,0.3539778382323668,0.48681,/gpfs/projects/HeinzGroup/caffeine_underground/mlrt/FlexFringe/FlexFringe/models-ps-small/0.1.1.1.0.0.searchglobal.0.ini/0.1.1.1.0.0.searchglobal.0_16.04.TLTT.2.2.6_Small.final.json,/gpfs/projects/HeinzGroup/asoubki/FlexFringe/data/MLRegTest/Large/16.04.TLTT.2.2.6_TestSR.txt,2025-12-29 22:06:24.646321
0.1.1.1.0.0.searchglobal.0,Small,16,4,TLTT,2,2,6,TestLA,0.50693,0.5140722089103683,0.25316,0.33925197325221446,0.49307,/gpfs/projects/HeinzGroup/caffeine_underground/mlrt/FlexFringe/FlexFringe/models-ps-small/0.1.1.1.0.0.searchglobal.0.ini/0.1.1.1.0.0.searchglobal.0_16.04.TLTT.2.2.6_Small.final.json,/gpfs/projects/HeinzGroup/asoubki/FlexFringe/data/MLRegTest/Large/16.04.TLTT.2.2.6_TestLA.txt,2025-12-29 22:06:24.646321
0.1.1.1.0.0.searchglobal.0,Small,16,4,TLTT,2,2,6,TestSA,0.50914,0.5183489922107123,0.2582,0.3446986890235762,0.49086,/gpfs/projects/HeinzGroup/caffeine_underground/mlrt/FlexFringe/FlexFringe/models-ps-small/0.1.1.1.0.0.searchglobal.0.ini/0.1.1.1.0.0.searchglobal.0_16.04.TLTT.2.2.6_Small.final.json,/gpfs/projects/HeinzGroup/asoubki/FlexFringe/data/MLRegTest/Large/16.04.TLTT.2.2.6_TestSA.txt,2025-12-29 22:06:24.646321
0.1.1.1.0.0.searchglobal.0,Small,16,4,TLTT,2,2,6,Dev,0.51115,0.5221714058460927,0.2626,0.3494577150841706,0.48885,/gpfs/projects/HeinzGroup/caffeine_underground/mlrt/FlexFringe/FlexFringe/models-ps-small/0.1.1.1.0.0.searchglobal.0.ini/0.1.1.1.0.0.searchglobal.0_16.04.TLTT.2.2.6_Small.final.json,/gpfs/projects/HeinzGroup/asoubki/FlexFringe/data/MLRegTest/Large/16.04.TLTT.2.2.6_Dev.txt,2025-12-29 22:06:24.646321
0.1.1.1.0.0.searchglobal.0,Small,16,4,TLTT,2,2,6,Train,0.533,0.5668016194331984,0.28,0.3748326639892905,0.467,/gpfs/projects/HeinzGroup/caffeine_underground/mlrt/FlexFringe/FlexFringe/models-ps-small/0.1.1.1.0.0.searchglobal.0.ini/0.1.1.1.0.0.searchglobal.0_16.04.TLTT.2.2.6_Small.final.json,/gpfs/projects/HeinzGroup/asoubki/FlexFringe/data/MLRegTest/Small/16.04.TLTT.2.2.6_Train.txt,2025-12-29 22:06:24.646321
0.1.1.1.0.0.searchglobal.0,Small,16,4,TLTT,2,2,7,TestLR,0.50026,0.5006345797129748,0.20512,0.29100814346111287,0.49974,/gpfs/projects/HeinzGroup/caffeine_underground/mlrt/FlexFringe/FlexFringe/models-ps-small/0.1.1.1.0.0.searchglobal.0.ini/0.1.1.1.0.0.searchglobal.0_16.04.TLTT.2.2.7_Small.final.json,/gpfs/projects/HeinzGroup/asoubki/FlexFringe/data/MLRegTest/Large/16.04.TLTT.2.2.7_TestLR.txt,2025-12-29 22:43:17.923370
0.1.1.1.0.0.searchglobal.0,Small,16,4,TLTT,2,2,7,TestLA,0.51039,0.5236061253237606,0.23046,0.3200522171455553,0.48961,/gpfs/projects/HeinzGroup/caffeine_underground/mlrt/FlexFringe/FlexFringe/models-ps-small/0.1.1.1.0.0.searchglobal.0.ini/0.1.1.1.0.0.searchglobal.0_16.04.TLTT.2.2.7_Small.final.json,/gpfs/projects/HeinzGroup/asoubki/FlexFringe/data/MLRegTest/Large/16.04.TLTT.2.2.7_TestLA.txt,2025-12-29 22:43:17.923370
0.1.1.1.0.0.searchglobal.0,Small,16,4,TLTT,2,2,7,TestSR,0.50567,0.5135938623831215,0.21422,0.3023357561216569,0.49433,/gpfs/projects/HeinzGroup/caffeine_underground/mlrt/FlexFringe/FlexFringe/models-ps-small/0.1.1.1.0.0.searchglobal.0.ini/0.1.1.1.0.0.searchglobal.0_16.04.TLTT.2.2.7_Small.final.json,/gpfs/projects/HeinzGroup/asoubki/FlexFringe/data/MLRegTest/Large/16.04.TLTT.2.2.7_TestSR.txt,2025-12-29 22:43:17.923370
0.1.1.1.0.0.searchglobal.0,Small,16,4,TLTT,2,2,7,TestSA,0.52058,0.544611115928206,0.25124,0.3438535023129773,0.47942,/gpfs/projects/HeinzGroup/caffeine_underground/mlrt/FlexFringe/FlexFringe/models-ps-small/0.1.1.1.0.0.searchglobal.0.ini/0.1.1.1.0.0.searchglobal.0_16.04.TLTT.2.2.7_Small.final.json,/gpfs/projects/HeinzGroup/asoubki/FlexFringe/data/MLRegTest/Large/16.04.TLTT.2.2.7_TestSA.txt,2025-12-29 22:43:17.923370
0.1.1.1.0.0.searchglobal.0,Small,16,4,TLTT,2,2,7,Dev,0.50712,0.5168704388209648,0.21814,0.30679868358133383,0.49288,/gpfs/projects/HeinzGroup/caffeine_underground/mlrt/FlexFringe/FlexFringe/models-ps-small/0.1.1.1.0.0.searchglobal.0.ini/0.1.1.1.0.0.searchglobal.0_16.04.TLTT.2.2.7_Small.final.json,/gpfs/projects/HeinzGroup/asoubki/FlexFringe/data/MLRegTest/Large/16.04.TLTT.2.2.7_Dev.txt,2025-12-29 22:43:17.923370
0.1.1.1.0.0.searchglobal.0,Small,16,4,TLTT,2,2,7,Train,0.497,0.4926829268292683,0.202,0.2865248226950355,0.503,/gpfs/projects/HeinzGroup/caffeine_underground/mlrt/FlexFringe/FlexFringe/models-ps-small/0.1.1.1.0.0.searchglobal.0.ini/0.1.1.1.0.0.searchglobal.0_16.04.TLTT.2.2.7_Small.final.json,/gpfs/projects/HeinzGroup/asoubki/FlexFringe/data/MLRegTest/Small/16.04.TLTT.2.2.7_Train.txt,2025-12-29 22:43:17.923370
0.1.1.1.0.0.searchglobal.0,Small,16,4,TLTT,2,2,9,TestLA,0.53293,0.5459877663882915,0.39096,0.4556484039019615,0.46707,/gpfs/projects/HeinzGroup/caffeine_underground/mlrt/FlexFringe/FlexFringe/models-ps-small/0.1.1.1.0.0.searchglobal.0.ini/0.1.1.1.0.0.searchglobal.0_16.04.TLTT.2.2.9_Small.final.json,/gpfs/projects/HeinzGroup/asoubki/FlexFringe/data/MLRegTest/Large/16.04.TLTT.2.2.9_TestLA.txt,2025-12-29 23:37:07.997056
0.1.1.1.0.0.searchglobal.0,Small,16,4,TLTT,2,2,9,TestSR,0.71201,0.8902263942573164,0.48366,0.6267867556534699,0.28799,/gpfs/projects/HeinzGroup/caffeine_underground/mlrt/FlexFringe/FlexFringe/models-ps-small/0.1.1.1.0.0.searchglobal.0.ini/0.1.1.1.0.0.searchglobal.0_16.04.TLTT.2.2.9_Small.final.json,/gpfs/projects/HeinzGroup/asoubki/FlexFringe/data/MLRegTest/Large/16.04.TLTT.2.2.9_TestSR.txt,2025-12-29 23:37:07.997056
0.1.1.1.0.0.searchglobal.0,Small,16,4,TLTT,2,2,9,TestLR,0.63931,0.7833231645312182,0.38516,0.5164041027016156,0.36069,/gpfs/projects/HeinzGroup/caffeine_underground/mlrt/FlexFringe/FlexFringe/models-ps-small/0.1.1.1.0.0.searchglobal.0.ini/0.1.1.1.0.0.searchglobal.0_16.04.TLTT.2.2.9_Small.final.json,/gpfs/projects/HeinzGroup/asoubki/FlexFringe/data/MLRegTest/Large/16.04.TLTT.2.2.9_TestLR.txt,2025-12-29 23:37:07.997056
0.1.1.1.0.0.searchglobal.0,Small,16,4,TLTT,2,2,9,TestSA,0.57715,0.5918561733539707,0.4971,0.5403554541007664,0.42285,/gpfs/projects/HeinzGroup/caffeine_underground/mlrt/FlexFringe/FlexFringe/models-ps-small/0.1.1.1.0.0.searchglobal.0.ini/0.1.1.1.0.0.searchglobal.0_16.04.TLTT.2.2.9_Small.final.json,/gpfs/projects/HeinzGroup/asoubki/FlexFringe/data/MLRegTest/Large/16.04.TLTT.2.2.9_TestSA.txt,2025-12-29 23:37:07.997056
0.1.1.1.0.0.searchglobal.0,Small,16,4,TLTT,2,2,9,Dev,0.70917,0.8836151560723324,0.4818,0.6235843806220313,0.29083,/gpfs/projects/HeinzGroup/caffeine_underground/mlrt/FlexFringe/FlexFringe/models-ps-small/0.1.1.1.0.0.searchglobal.0.ini/0.1.1.1.0.0.searchglobal.0_16.04.TLTT.2.2.9_Small.final.json,/gpfs/projects/HeinzGroup/asoubki/FlexFringe/data/MLRegTest/Large/16.04.TLTT.2.2.9_Dev.txt,2025-12-29 23:37:07.997056
0.1.1.1.0.0.searchglobal.0,Small,16,4,TLTT,2,2,9,Train,0.714,0.8876811594202898,0.49,0.6314432989690721,0.286,/gpfs/projects/HeinzGroup/caffeine_underground/mlrt/FlexFringe/FlexFringe/models-ps-small/0.1.1.1.0.0.searchglobal.0.ini/0.1.1.1.0.0.searchglobal.0_16.04.TLTT.2.2.9_Small.final.json,/gpfs/projects/HeinzGroup/asoubki/FlexFringe/data/MLRegTest/Small/16.04.TLTT.2.2.9_Train.txt,2025-12-29 23:37:07.997056
0.1.1.1.0.0.searchglobal.0,Small,16,4,TLTT,2,3,0,TestSA,0.52975,0.5254408318938241,0.61444,0.5664659948925499,0.47025,/gpfs/projects/HeinzGroup/caffeine_underground/mlrt/FlexFringe/FlexFringe/models-ps-small/0.1.1.1.0.0.searchglobal.0.ini/0.1.1.1.0.0.searchglobal.0_16.04.TLTT.2.3.0_Small.final.json,/gpfs/projects/HeinzGroup/asoubki/FlexFringe/data/MLRegTest/Large/16.04.TLTT.2.3.0_TestSA.txt,2025-12-29 22:41:48.288842
0.1.1.1.0.0.searchglobal.0,Small,16,4,TLTT,2,3,0,TestLA,0.51846,0.5193015474696779,0.49666,0.507728480883255,0.48154,/gpfs/projects/HeinzGroup/caffeine_underground/mlrt/FlexFringe/FlexFringe/models-ps-small/0.1.1.1.0.0.searchglobal.0.ini/0.1.1.1.0.0.searchglobal.0_16.04.TLTT.2.3.0_Small.final.json,/gpfs/projects/HeinzGroup/asoubki/FlexFringe/data/MLRegTest/Large/16.04.TLTT.2.3.0_TestLA.txt,2025-12-29 22:41:48.288842
0.1.1.1.0.0.searchglobal.0,Small,16,4,TLTT,2,3,0,TestLR,0.62998,0.6732974241373794,0.505,0.5771296656076432,0.37002,/gpfs/projects/HeinzGroup/caffeine_underground/mlrt/FlexFringe/FlexFringe/models-ps-small/0.1.1.1.0.0.searchglobal.0.ini/0.1.1.1.0.0.searchglobal.0_16.04.TLTT.2.3.0_Small.final.json,/gpfs/projects/HeinzGroup/asoubki/FlexFringe/data/MLRegTest/Large/16.04.TLTT.2.3.0_TestLR.txt,2025-12-29 22:41:48.288842
0.1.1.1.0.0.searchglobal.0,Small,16,4,TLTT,2,3,0,TestSR,0.7064,0.7491429675051905,0.62062,0.678851917481569,0.2936,/gpfs/projects/HeinzGroup/caffeine_underground/mlrt/FlexFringe/FlexFringe/models-ps-small/0.1.1.1.0.0.searchglobal.0.ini/0.1.1.1.0.0.searchglobal.0_16.04.TLTT.2.3.0_Small.final.json,/gpfs/projects/HeinzGroup/asoubki/FlexFringe/data/MLRegTest/Large/16.04.TLTT.2.3.0_TestSR.txt,2025-12-29 22:41:48.288842
0.1.1.1.0.0.searchglobal.0,Small,16,4,TLTT,2,3,0,Dev,0.70621,0.7480214572658824,0.62192,0.6791669851808979,0.29379,/gpfs/projects/HeinzGroup/caffeine_underground/mlrt/FlexFringe/FlexFringe/models-ps-small/0.1.1.1.0.0.searchglobal.0.ini/0.1.1.1.0.0.searchglobal.0_16.04.TLTT.2.3.0_Small.final.json,/gpfs/projects/HeinzGroup/asoubki/FlexFringe/data/MLRegTest/Large/16.04.TLTT.2.3.0_Dev.txt,2025-12-29 22:41:48.288842
0.1.1.1.0.0.searchglobal.0,Small,16,4,TLTT,2,3,0,Train,0.704,0.7463768115942029,0.618,0.6761487964989059,0.296,/gpfs/projects/HeinzGroup/caffeine_underground/mlrt/FlexFringe/FlexFringe/models-ps-small/0.1.1.1.0.0.searchglobal.0.ini/0.1.1.1.0.0.searchglobal.0_16.04.TLTT.2.3.0_Small.final.json,/gpfs/projects/HeinzGroup/asoubki/FlexFringe/data/MLRegTest/Small/16.04.TLTT.2.3.0_Train.txt,2025-12-29 22:41:48.288842
0.1.1.1.0.0.searchglobal.0,Small,16,4,TLTT,2,3,1,TestLR,0.53344,0.5228122356536687,0.76638,0.6215874251788408,0.46656,/gpfs/projects/HeinzGroup/caffeine_underground/mlrt/FlexFringe/FlexFringe/models-ps-small/0.1.1.1.0.0.searchglobal.0.ini/0.1.1.1.0.0.searchglobal.0_16.04.TLTT.2.3.1_Small.final.json,/gpfs/projects/HeinzGroup/asoubki/FlexFringe/data/MLRegTest/Large/16.04.TLTT.2.3.1_TestLR.txt,2025-12-29 23:01:26.076532
0.1.1.1.0.0.searchglobal.0,Small,16,4,TLTT,2,3,1,TestLA,0.50901,0.5062742858734558,0.72702,0.5968916511358692,0.49099,/gpfs/projects/HeinzGroup/caffeine_underground/mlrt/FlexFringe/FlexFringe/models-ps-small/0.1.1.1.0.0.searchglobal.0.ini/0.1.1.1.0.0.searchglobal.0_16.04.TLTT.2.3.1_Small.final.json,/gpfs/projects/HeinzGroup/asoubki/FlexFringe/data/MLRegTest/Large/16.04.TLTT.2.3.1_TestLA.txt,2025-12-29 23:01:26.076532
0.1.1.1.0.0.searchglobal.0,Small,16,4,TLTT,2,3,1,TestSR,0.56015,0.5416499328338573,0.78224,0.6400837908828318,0.43985,/gpfs/projects/HeinzGroup/caffeine_underground/mlrt/FlexFringe/FlexFringe/models-ps-small/0.1.1.1.0.0.searchglobal.0.ini/0.1.1.1.0.0.searchglobal.0_16.04.TLTT.2.3.1_Small.final.json,/gpfs/projects/HeinzGroup/asoubki/FlexFringe/data/MLRegTest/Large/16.04.TLTT.2.3.1_TestSR.txt,2025-12-29 23:01:26.076532
0.1.1.1.0.0.searchglobal.0,Small,16,4,TLTT,2,3,1,TestSA,0.51133,0.5083425373683823,0.69038,0.5855392052923964,0.48867,/gpfs/projects/HeinzGroup/caffeine_underground/mlrt/FlexFringe/FlexFringe/models-ps-small/0.1.1.1.0.0.searchglobal.0.ini/0.1.1.1.0.0.searchglobal.0_16.04.TLTT.2.3.1_Small.final.json,/gpfs/projects/HeinzGroup/asoubki/FlexFringe/data/MLRegTest/Large/16.04.TLTT.2.3.1_TestSA.txt,2025-12-29 23:01:26.076532
0.1.1.1.0.0.searchglobal.0,Small,16,4,TLTT,2,3,1,Dev,0.56154,0.5425858775984721,0.78408,0.6413532481554796,0.43846,/gpfs/projects/HeinzGroup/caffeine_underground/mlrt/FlexFringe/FlexFringe/models-ps-small/0.1.1.1.0.0.searchglobal.0.ini/0.1.1.1.0.0.searchglobal.0_16.04.TLTT.2.3.1_Small.final.json,/gpfs/projects/HeinzGroup/asoubki/FlexFringe/data/MLRegTest/Large/16.04.TLTT.2.3.1_Dev.txt,2025-12-29 23:01:26.076532
0.1.1.1.0.0.searchglobal.0,Small,16,4,TLTT,2,3,1,Train,0.563,0.5436893203883495,0.784,0.6420966420966421,0.437,/gpfs/projects/HeinzGroup/caffeine_underground/mlrt/FlexFringe/FlexFringe/models-ps-small/0.1.1.1.0.0.searchglobal.0.ini/0.1.1.1.0.0.searchglobal.0_16.04.TLTT.2.3.1_Small.final.json,/gpfs/projects/HeinzGroup/asoubki/FlexFringe/data/MLRegTest/Small/16.04.TLTT.2.3.1_Train.txt,2025-12-29 23:01:26.076532
0.1.1.1.0.0.searchglobal.0,Small,16,4,TLTT,2,3,2,TestSA,0.95655,0.9930026132216055,0.91958,0.9548819870616699,0.04345,/gpfs/projects/HeinzGroup/caffeine_underground/mlrt/FlexFringe/FlexFringe/models-ps-small/0.1.1.1.0.0.searchglobal.0.ini/0.1.1.1.0.0.searchglobal.0_16.04.TLTT.2.3.2_Small.final.json,/gpfs/projects/HeinzGroup/asoubki/FlexFringe/data/MLRegTest/Large/16.04.TLTT.2.3.2_TestSA.txt,2025-12-29 22:22:42.142074
0.1.1.1.0.0.searchglobal.0,Small,16,4,TLTT,2,3,2,TestLR,0.96395,0.9819658847728076,0.94526,0.9632633928116497,0.03605,/gpfs/projects/HeinzGroup/caffeine_underground/mlrt/FlexFringe/FlexFringe/models-ps-small/0.1.1.1.0.0.searchglobal.0.ini/0.1.1.1.0.0.searchglobal.0_16.04.TLTT.2.3.2_Small.final.json,/gpfs/projects/HeinzGroup/asoubki/FlexFringe/data/MLRegTest/Large/16.04.TLTT.2.3.2_TestLR.txt,2025-12-29 22:22:42.142074
0.1.1.1.0.0.searchglobal.0,Small,16,4,TLTT,2,3,2,TestLA,0.91734,0.9820950004620645,0.85018,0.9113888769778311,0.08266,/gpfs/projects/HeinzGroup/caffeine_underground/mlrt/FlexFringe/FlexFringe/models-ps-small/0.1.1.1.0.0.searchglobal.0.ini/0.1.1.1.0.0.searchglobal.0_16.04.TLTT.2.3.2_Small.final.json,/gpfs/projects/HeinzGroup/asoubki/FlexFringe/data/MLRegTest/Large/16.04.TLTT.2.3.2_TestLA.txt,2025-12-29 22:22:42.142074
0.1.1.1.0.0.searchglobal.0,Small,16,4,TLTT,2,3,2,TestSR,0.98745,0.9903430238406599,0.9845,0.9874128679604834,0.01255,/gpfs/projects/HeinzGroup/caffeine_underground/mlrt/FlexFringe/FlexFringe/models-ps-small/0.1.1.1.0.0.searchglobal.0.ini/0.1.1.1.0.0.searchglobal.0_16.04.TLTT.2.3.2_Small.final.json,/gpfs/projects/HeinzGroup/asoubki/FlexFringe/data/MLRegTest/Large/16.04.TLTT.2.3.2_TestSR.txt,2025-12-29 22:22:42.142074
0.1.1.1.0.0.searchglobal.0,Small,16,4,TLTT,2,3,2,Dev,0.98712,0.9894891273765023,0.9847,0.9870887547865835,0.01288,/gpfs/projects/HeinzGroup/caffeine_underground/mlrt/FlexFringe/FlexFringe/models-ps-small/0.1.1.1.0.0.searchglobal.0.ini/0.1.1.1.0.0.searchglobal.0_16.04.TLTT.2.3.2_Small.final.json,/gpfs/projects/HeinzGroup/asoubki/FlexFringe/data/MLRegTest/Large/16.04.TLTT.2.3.2_Dev.txt,2025-12-29 22:22:42.142074
0.1.1.1.0.0.searchglobal.0,Small,16,4,TLTT,2,3,2,Train,0.977,0.9837728194726166,0.97,0.9768378650553877,0.023,/gpfs/projects/HeinzGroup/caffeine_underground/mlrt/FlexFringe/FlexFringe/models-ps-small/0.1.1.1.0.0.searchglobal.0.ini/0.1.1.1.0.0.searchglobal.0_16.04.TLTT.2.3.2_Small.final.json,/gpfs/projects/HeinzGroup/asoubki/FlexFringe/data/MLRegTest/Small/16.04.TLTT.2.3.2_Train.txt,2025-12-29 22:22:42.142074
0.1.1.1.0.0.searchglobal.0,Small,16,4,TLTT,2,3,3,TestSA,0.56864,0.5548435552430566,0.69442,0.6168345502673702,0.43136,/gpfs/projects/HeinzGroup/caffeine_underground/mlrt/FlexFringe/FlexFringe/models-ps-small/0.1.1.1.0.0.searchglobal.0.ini/0.1.1.1.0.0.searchglobal.0_16.04.TLTT.2.3.3_Small.final.json,/gpfs/projects/HeinzGroup/asoubki/FlexFringe/data/MLRegTest/Large/16.04.TLTT.2.3.3_TestSA.txt,2025-12-29 22:10:23.638023
0.1.1.1.0.0.searchglobal.0,Small,16,4,TLTT,2,3,3,TestLR,0.6148,0.607297741887244,0.64976,0.6278117028677437,0.3852,/gpfs/projects/HeinzGroup/caffeine_underground/mlrt/FlexFringe/FlexFringe/models-ps-small/0.1.1.1.0.0.searchglobal.0.ini/0.1.1.1.0.0.searchglobal.0_16.04.TLTT.2.3.3_Small.final.json,/gpfs/projects/HeinzGroup/asoubki/FlexFringe/data/MLRegTest/Large/16.04.TLTT.2.3.3_TestLR.txt,2025-12-29 22:10:23.638023
0.1.1.1.0.0.searchglobal.0,Small,16,4,TLTT,2,3,3,TestSR,0.62502,0.5949278663629461,0.78352,0.6763228312473025,0.37498,/gpfs/projects/HeinzGroup/caffeine_underground/mlrt/FlexFringe/FlexFringe/models-ps-small/0.1.1.1.0.0.searchglobal.0.ini/0.1.1.1.0.0.searchglobal.0_16.04.TLTT.2.3.3_Small.final.json,/gpfs/projects/HeinzGroup/asoubki/FlexFringe/data/MLRegTest/Large/16.04.TLTT.2.3.3_TestSR.txt,2025-12-29 22:10:23.638023
0.1.1.1.0.0.searchglobal.0,Small,16,4,TLTT,2,3,3,TestLA,0.55778,0.5582882737470745,0.55342,0.5558434775621711,0.44222,/gpfs/projects/HeinzGroup/caffeine_underground/mlrt/FlexFringe/FlexFringe/models-ps-small/0.1.1.1.0.0.searchglobal.0.ini/0.1.1.1.0.0.searchglobal.0_16.04.TLTT.2.3.3_Small.final.json,/gpfs/projects/HeinzGroup/asoubki/FlexFringe/data/MLRegTest/Large/16.04.TLTT.2.3.3_TestLA.txt,2025-12-29 22:10:23.638023
0.1.1.1.0.0.searchglobal.0,Small,16,4,TLTT,2,3,3,Dev,0.62522,0.594783214242461,0.78578,0.6770696904942441,0.37478,/gpfs/projects/HeinzGroup/caffeine_underground/mlrt/FlexFringe/FlexFringe/models-ps-small/0.1.1.1.0.0.searchglobal.0.ini/0.1.1.1.0.0.searchglobal.0_16.04.TLTT.2.3.3_Small.final.json,/gpfs/projects/HeinzGroup/asoubki/FlexFringe/data/MLRegTest/Large/16.04.TLTT.2.3.3_Dev.txt,2025-12-29 22:10:23.638023
0.1.1.1.0.0.searchglobal.0,Small,16,4,TLTT,2,3,3,Train,0.597,0.5705967976710334,0.784,0.6604886267902275,0.403,/gpfs/projects/HeinzGroup/caffeine_underground/mlrt/FlexFringe/FlexFringe/models-ps-small/0.1.1.1.0.0.searchglobal.0.ini/0.1.1.1.0.0.searchglobal.0_16.04.TLTT.2.3.3_Small.final.json,/gpfs/projects/HeinzGroup/asoubki/FlexFringe/data/MLRegTest/Small/16.04.TLTT.2.3.3_Train.txt,2025-12-29 22:10:23.638023
0.1.1.1.0.0.searchglobal.0,Small,16,4,TLTT,2,3,4,TestSR,0.69468,0.7848697688030436,0.53638,0.6372579303789949,0.30532,/gpfs/projects/HeinzGroup/caffeine_underground/mlrt/FlexFringe/FlexFringe/models-ps-small/0.1.1.1.0.0.searchglobal.0.ini/0.1.1.1.0.0.searchglobal.0_16.04.TLTT.2.3.4_Small.final.json,/gpfs/projects/HeinzGroup/asoubki/FlexFringe/data/MLRegTest/Large/16.04.TLTT.2.3.4_TestSR.txt,2025-12-29 23:02:43.719535
0.1.1.1.0.0.searchglobal.0,Small,16,4,TLTT,2,3,4,TestLR,0.62676,0.7114499232668312,0.4265,0.5332983219546352,0.37324,/gpfs/projects/HeinzGroup/caffeine_underground/mlrt/FlexFringe/FlexFringe/models-ps-small/0.1.1.1.0.0.searchglobal.0.ini/0.1.1.1.0.0.searchglobal.0_16.04.TLTT.2.3.4_Small.final.json,/gpfs/projects/HeinzGroup/asoubki/FlexFringe/data/MLRegTest/Large/16.04.TLTT.2.3.4_TestLR.txt,2025-12-29 23:02:43.719535
0.1.1.1.0.0.searchglobal.0,Small,16,4,TLTT,2,3,4,TestSA,0.53337,0.5335006525449252,0.53142,0.5324582936726617,0.46663,/gpfs/projects/HeinzGroup/caffeine_underground/mlrt/FlexFringe/FlexFringe/models-ps-small/0.1.1.1.0.0.searchglobal.0.ini/0.1.1.1.0.0.searchglobal.0_16.04.TLTT.2.3.4_Small.final.json,/gpfs/projects/HeinzGroup/asoubki/FlexFringe/data/MLRegTest/Large/16.04.TLTT.2.3.4_TestSA.txt,2025-12-29 23:02:43.719535
0.1.1.1.0.0.searchglobal.0,Small,16,4,TLTT,2,3,4,TestLA,0.52398,0.5302838957365125,0.4199,0.46868023930708097,0.47602,/gpfs/projects/HeinzGroup/caffeine_underground/mlrt/FlexFringe/FlexFringe/models-ps-small/0.1.1.1.0.0.searchglobal.0.ini/0.1.1.1.0.0.searchglobal.0_16.04.TLTT.2.3.4_Small.final.json,/gpfs/projects/HeinzGroup/asoubki/FlexFringe/data/MLRegTest/Large/16.04.TLTT.2.3.4_TestLA.txt,2025-12-29 23:02:43.719535
0.1.1.1.0.0.searchglobal.0,Small,16,4,TLTT,2,3,4,Dev,0.69533,0.7869040274962545,0.53574,0.6374745659856499,0.30467,/gpfs/projects/HeinzGroup/caffeine_underground/mlrt/FlexFringe/FlexFringe/models-ps-small/0.1.1.1.0.0.searchglobal.0.ini/0.1.1.1.0.0.searchglobal.0_16.04.TLTT.2.3.4_Small.final.json,/gpfs/projects/HeinzGroup/asoubki/FlexFringe/data/MLRegTest/Large/16.04.TLTT.2.3.4_Dev.txt,2025-12-29 23:02:43.719535
0.1.1.1.0.0.searchglobal.0,Small,16,4,TLTT,2,3,4,Train,0.682,0.7724550898203593,0.516,0.6187050359712231,0.318,/gpfs/projects/HeinzGroup/caffeine_underground/mlrt/FlexFringe/FlexFringe/models-ps-small/0.1.1.1.0.0.searchglobal.0.ini/0.1.1.1.0.0.searchglobal.0_16.04.TLTT.2.3.4_Small.final.json,/gpfs/projects/HeinzGroup/asoubki/FlexFringe/data/MLRegTest/Small/16.04.TLTT.2.3.4_Train.txt,2025-12-29 23:02:43.719535
0.1.1.1.0.0.searchglobal.0,Small,16,4,TLTT,2,3,5,TestSR,0.70165,0.8362738885368376,0.50148,0.6269832339372117,0.29835,/gpfs/projects/HeinzGroup/caffeine_underground/mlrt/FlexFringe/FlexFringe/models-ps-small/0.1.1.1.0.0.searchglobal.0.ini/0.1.1.1.0.0.searchglobal.0_16.04.TLTT.2.3.5_Small.final.json,/gpfs/projects/HeinzGroup/asoubki/FlexFringe/data/MLRegTest/Large/16.04.TLTT.2.3.5_TestSR.txt,2025-12-29 22:32:55.939828
0.1.1.1.0.0.searchglobal.0,Small,16,4,TLTT,2,3,5,TestSA,0.52849,0.52998253036139,0.5036,0.5164545538452072,0.47151,/gpfs/projects/HeinzGroup/caffeine_underground/mlrt/FlexFringe/FlexFringe/models-ps-small/0.1.1.1.0.0.searchglobal.0.ini/0.1.1.1.0.0.searchglobal.0_16.04.TLTT.2.3.5_Small.final.json,/gpfs/projects/HeinzGroup/asoubki/FlexFringe/data/MLRegTest/Large/16.04.TLTT.2.3.5_TestSA.txt,2025-12-29 22:32:55.939828
0.1.1.1.0.0.searchglobal.0,Small,16,4,TLTT,2,3,5,TestLA,0.52121,0.5290349075975359,0.38646,0.44664547818549555,0.47879,/gpfs/projects/HeinzGroup/caffeine_underground/mlrt/FlexFringe/FlexFringe/models-ps-small/0.1.1.1.0.0.searchglobal.0.ini/0.1.1.1.0.0.searchglobal.0_16.04.TLTT.2.3.5_Small.final.json,/gpfs/projects/HeinzGroup/asoubki/FlexFringe/data/MLRegTest/Large/16.04.TLTT.2.3.5_TestLA.txt,2025-12-29 22:32:55.939828
0.1.1.1.0.0.searchglobal.0,Small,16,4,TLTT,2,3,5,TestLR,0.63411,0.7618006481083824,0.39024,0.5161017285387434,0.36589,/gpfs/projects/HeinzGroup/caffeine_underground/mlrt/FlexFringe/FlexFringe/models-ps-small/0.1.1.1.0.0.searchglobal.0.ini/0.1.1.1.0.0.searchglobal.0_16.04.TLTT.2.3.5_Small.final.json,/gpfs/projects/HeinzGroup/asoubki/FlexFringe/data/MLRegTest/Large/16.04.TLTT.2.3.5_TestLR.txt,2025-12-29 22:32:55.939828
0.1.1.1.0.0.searchglobal.0,Small,16,4,TLTT,2,3,5,Dev,0.70279,0.8380396732788798,0.50274,0.6284642790174386,0.29721,/gpfs/projects/HeinzGroup/caffeine_underground/mlrt/FlexFringe/FlexFringe/models-ps-small/0.1.1.1.0.0.searchglobal.0.ini/0.1.1.1.0.0.searchglobal.0_16.04.TLTT.2.3.5_Small.final.json,/gpfs/projects/HeinzGroup/asoubki/FlexFringe/data/MLRegTest/Large/16.04.TLTT.2.3.5_Dev.txt,2025-12-29 22:32:55.939828
0.1.1.1.0.0.searchglobal.0,Small,16,4,TLTT,2,3,5,Train,0.693,0.8293515358361775,0.486,0.6128625472887768,0.307,/gpfs/projects/HeinzGroup/caffeine_underground/mlrt/FlexFringe/FlexFringe/models-ps-small/0.1.1.1.0.0.searchglobal.0.ini/0.1.1.1.0.0.searchglobal.0_16.04.TLTT.2.3.5_Small.final.json,/gpfs/projects/HeinzGroup/asoubki/FlexFringe/data/MLRegTest/Small/16.04.TLTT.2.3.5_Train.txt,2025-12-29 22:32:55.939828
0.1.1.1.0.0.searchglobal.0,Small,16,4,TLTT,2,3,6,TestLA,0.5041,0.5087554454599812,0.23824,0.3245157599367968,0.4959,/gpfs/projects/HeinzGroup/caffeine_underground/mlrt/FlexFringe/FlexFringe/models-ps-small/0.1.1.1.0.0.searchglobal.0.ini/0.1.1.1.0.0.searchglobal.0_16.04.TLTT.2.3.6_Small.final.json,/gpfs/projects/HeinzGroup/asoubki/FlexFringe/data/MLRegTest/Large/16.04.TLTT.2.3.6_TestLA.txt,2025-12-29 22:36:31.813408
0.1.1.1.0.0.searchglobal.0,Small,16,4,TLTT,2,3,6,TestLR,0.50414,0.5084940500615511,0.24784,0.3332526556407153,0.49586,/gpfs/projects/HeinzGroup/caffeine_underground/mlrt/FlexFringe/FlexFringe/models-ps-small/0.1.1.1.0.0.searchglobal.0.ini/0.1.1.1.0.0.searchglobal.0_16.04.TLTT.2.3.6_Small.final.json,/gpfs/projects/HeinzGroup/asoubki/FlexFringe/data/MLRegTest/Large/16.04.TLTT.2.3.6_TestLR.txt,2025-12-29 22:36:31.813408
0.1.1.1.0.0.searchglobal.0,Small,16,4,TLTT,2,3,6,TestSA,0.50331,0.5065786858528442,0.25488,0.3391300876831167,0.49669,/gpfs/projects/HeinzGroup/caffeine_underground/mlrt/FlexFringe/FlexFringe/models-ps-small/0.1.1.1.0.0.searchglobal.0.ini/0.1.1.1.0.0.searchglobal.0_16.04.TLTT.2.3.6_Small.final.json,/gpfs/projects/HeinzGroup/asoubki/FlexFringe/data/MLRegTest/Large/16.04.TLTT.2.3.6_TestSA.txt,2025-12-29 22:36:31.813408
0.1.1.1.0.0.searchglobal.0,Small,16,4,TLTT,2,3,6,TestSR,0.50402,0.5080781287677839,0.25284,0.3376512379477044,0.49598,/gpfs/projects/HeinzGroup/caffeine_underground/mlrt/FlexFringe/FlexFringe/models-ps-small/0.1.1.1.0.0.searchglobal.0.ini/0.1.1.1.0.0.searchglobal.0_16.04.TLTT.2.3.6_Small.final.json,/gpfs/projects/HeinzGroup/asoubki/FlexFringe/data/MLRegTest/Large/16.04.TLTT.2.3.6_TestSR.txt,2025-12-29 22:36:31.813408
0.1.1.1.0.0.searchglobal.0,Small,16,4,TLTT,2,3,6,Dev,0.50285,0.5057508374026394,0.25064,0.3351743136442049,0.49715,/gpfs/projects/HeinzGroup/caffeine_underground/mlrt/FlexFringe/FlexFringe/models-ps-small/0.1.1.1.0.0.searchglobal.0.ini/0.1.1.1.0.0.searchglobal.0_16.04.TLTT.2.3.6_Small.final.json,/gpfs/projects/HeinzGroup/asoubki/FlexFringe/data/MLRegTest/Large/16.04.TLTT.2.3.6_Dev.txt,2025-12-29 22:36:31.813408
0.1.1.1.0.0.searchglobal.0,Small,16,4,TLTT,2,3,6,Train,0.51,0.5204918032786885,0.254,0.34139784946236557,0.49,/gpfs/projects/HeinzGroup/caffeine_underground/mlrt/FlexFringe/FlexFringe/models-ps-small/0.1.1.1.0.0.searchglobal.0.ini/0.1.1.1.0.0.searchglobal.0_16.04.TLTT.2.3.6_Small.final.json,/gpfs/projects/HeinzGroup/asoubki/FlexFringe/data/MLRegTest/Small/16.04.TLTT.2.3.6_Train.txt,2025-12-29 22:36:31.813408
0.1.1.1.0.0.searchglobal.0,Small,16,4,TLTT,2,3,7,TestLA,0.51804,0.5423235735735735,0.23116,0.3241530177249271,0.48196,/gpfs/projects/HeinzGroup/caffeine_underground/mlrt/FlexFringe/FlexFringe/models-ps-small/0.1.1.1.0.0.searchglobal.0.ini/0.1.1.1.0.0.searchglobal.0_16.04.TLTT.2.3.7_Small.final.json,/gpfs/projects/HeinzGroup/asoubki/FlexFringe/data/MLRegTest/Large/16.04.TLTT.2.3.7_TestLA.txt,2025-12-29 23:04:44.109058
0.1.1.1.0.0.searchglobal.0,Small,16,4,TLTT,2,3,7,TestSA,0.52694,0.5596968622584648,0.25258,0.34807893721404554,0.47306,/gpfs/projects/HeinzGroup/caffeine_underground/mlrt/FlexFringe/FlexFringe/models-ps-small/0.1.1.1.0.0.searchglobal.0.ini/0.1.1.1.0.0.searchglobal.0_16.04.TLTT.2.3.7_Small.final.json,/gpfs/projects/HeinzGroup/asoubki/FlexFringe/data/MLRegTest/Large/16.04.TLTT.2.3.7_TestSA.txt,2025-12-29 23:04:44.109058
0.1.1.1.0.0.searchglobal.0,Small,16,4,TLTT,2,3,7,TestSR,0.5085,0.5206571400797123,0.21424,0.3035678861903817,0.4915,/gpfs/projects/HeinzGroup/caffeine_underground/mlrt/FlexFringe/FlexFringe/models-ps-small/0.1.1.1.0.0.searchglobal.0.ini/0.1.1.1.0.0.searchglobal.0_16.04.TLTT.2.3.7_Small.final.json,/gpfs/projects/HeinzGroup/asoubki/FlexFringe/data/MLRegTest/Large/16.04.TLTT.2.3.7_TestSR.txt,2025-12-29 23:04:44.109058
0.1.1.1.0.0.searchglobal.0,Small,16,4,TLTT,2,3,7,TestLR,0.50389,0.5097264589688453,0.20386,0.29124105318799376,0.49611,/gpfs/projects/HeinzGroup/caffeine_underground/mlrt/FlexFringe/FlexFringe/models-ps-small/0.1.1.1.0.0.searchglobal.0.ini/0.1.1.1.0.0.searchglobal.0_16.04.TLTT.2.3.7_Small.final.json,/gpfs/projects/HeinzGroup/asoubki/FlexFringe/data/MLRegTest/Large/16.04.TLTT.2.3.7_TestLR.txt,2025-12-29 23:04:44.109058
0.1.1.1.0.0.searchglobal.0,Small,16,4,TLTT,2,3,7,Dev,0.5092,0.5224609375,0.214,0.3036322360953462,0.4908,/gpfs/projects/HeinzGroup/caffeine_underground/mlrt/FlexFringe/FlexFringe/models-ps-small/0.1.1.1.0.0.searchglobal.0.ini/0.1.1.1.0.0.searchglobal.0_16.04.TLTT.2.3.7_Small.final.json,/gpfs/projects/HeinzGroup/asoubki/FlexFringe/data/MLRegTest/Large/16.04.TLTT.2.3.7_Dev.txt,2025-12-29 23:04:44.109058
0.1.1.1.0.0.searchglobal.0,Small,16,4,TLTT,2,3,7,Train,0.525,0.5628140703517588,0.224,0.32045779685264664,0.475,/gpfs/projects/HeinzGroup/caffeine_underground/mlrt/FlexFringe/FlexFringe/models-ps-small/0.1.1.1.0.0.searchglobal.0.ini/0.1.1.1.0.0.searchglobal.0_16.04.TLTT.2.3.7_Small.final.json,/gpfs/projects/HeinzGroup/asoubki/FlexFringe/data/MLRegTest/Small/16.04.TLTT.2.3.7_Train.txt,2025-12-29 23:04:44.109058
0.1.1.1.0.0.searchglobal.0,Small,16,4,TLTT,2,3,9,TestLA,0.52375,0.5261465970891956,0.47792,0.5008751061131664,0.47625,/gpfs/projects/HeinzGroup/caffeine_underground/mlrt/FlexFringe/FlexFringe/models-ps-small/0.1.1.1.0.0.searchglobal.0.ini/0.1.1.1.0.0.searchglobal.0_16.04.TLTT.2.3.9_Small.final.json,/gpfs/projects/HeinzGroup/asoubki/FlexFringe/data/MLRegTest/Large/16.04.TLTT.2.3.9_TestLA.txt,2025-12-29 23:26:46.728316
0.1.1.1.0.0.searchglobal.0,Small,16,4,TLTT,2,3,9,TestSR,0.76138,0.8318521151795236,0.6552,0.7330334966771833,0.23862,/gpfs/projects/HeinzGroup/caffeine_underground/mlrt/FlexFringe/FlexFringe/models-ps-small/0.1.1.1.0.0.searchglobal.0.ini/0.1.1.1.0.0.searchglobal.0_16.04.TLTT.2.3.9_Small.final.json,/gpfs/projects/HeinzGroup/asoubki/FlexFringe/data/MLRegTest/Large/16.04.TLTT.2.3.9_TestSR.txt,2025-12-29 23:26:46.728316
0.1.1.1.0.0.searchglobal.0,Small,16,4,TLTT,2,3,9,TestLR,0.66652,0.7595386533665835,0.48732,0.5937134502923976,0.33348,/gpfs/projects/HeinzGroup/caffeine_underground/mlrt/FlexFringe/FlexFringe/models-ps-small/0.1.1.1.0.0.searchglobal.0.ini/0.1.1.1.0.0.searchglobal.0_16.04.TLTT.2.3.9_Small.final.json,/gpfs/projects/HeinzGroup/asoubki/FlexFringe/data/MLRegTest/Large/16.04.TLTT.2.3.9_TestLR.txt,2025-12-29 23:26:46.728316
0.1.1.1.0.0.searchglobal.0,Small,16,4,TLTT,2,3,9,TestSA,0.53153,0.5251551754399961,0.65824,0.5842142166129705,0.46847,/gpfs/projects/HeinzGroup/caffeine_underground/mlrt/FlexFringe/FlexFringe/models-ps-small/0.1.1.1.0.0.searchglobal.0.ini/0.1.1.1.0.0.searchglobal.0_16.04.TLTT.2.3.9_Small.final.json,/gpfs/projects/HeinzGroup/asoubki/FlexFringe/data/MLRegTest/Large/16.04.TLTT.2.3.9_TestSA.txt,2025-12-29 23:26:46.728316
0.1.1.1.0.0.searchglobal.0,Small,16,4,TLTT,2,3,9,Dev,0.76056,0.8278804046911965,0.6579,0.7331669155504045,0.23944,/gpfs/projects/HeinzGroup/caffeine_underground/mlrt/FlexFringe/FlexFringe/models-ps-small/0.1.1.1.0.0.searchglobal.0.ini/0.1.1.1.0.0.searchglobal.0_16.04.TLTT.2.3.9_Small.final.json,/gpfs/projects/HeinzGroup/asoubki/FlexFringe/data/MLRegTest/Large/16.04.TLTT.2.3.9_Dev.txt,2025-12-29 23:26:46.728316
0.1.1.1.0.0.searchglobal.0,Small,16,4,TLTT,2,3,9,Train,0.765,0.8162291169451074,0.684,0.7442872687704026,0.235,/gpfs/projects/HeinzGroup/caffeine_underground/mlrt/FlexFringe/FlexFringe/models-ps-small/0.1.1.1.0.0.searchglobal.0.ini/0.1.1.1.0.0.searchglobal.0_16.04.TLTT.2.3.9_Small.final.json,/gpfs/projects/HeinzGroup/asoubki/FlexFringe/data/MLRegTest/Small/16.04.TLTT.2.3.9_Train.txt,2025-12-29 23:26:46.728316
0.1.1.1.0.0.searchglobal.0,Small,16,4,TLTT,2,5,0,TestLA,0.51491,0.519202534580017,0.40314,0.45386893034461795,0.48509,/gpfs/projects/HeinzGroup/caffeine_underground/mlrt/FlexFringe/FlexFringe/models-ps-small/0.1.1.1.0.0.searchglobal.0.ini/0.1.1.1.0.0.searchglobal.0_16.04.TLTT.2.5.0_Small.final.json,/gpfs/projects/HeinzGroup/asoubki/FlexFringe/data/MLRegTest/Large/16.04.TLTT.2.5.0_TestLA.txt,2025-12-29 23:14:35.473926
0.1.1.1.0.0.searchglobal.0,Small,16,4,TLTT,2,5,0,TestSR,0.70875,0.8152656537892289,0.53982,0.6495481728374265,0.29125,/gpfs/projects/HeinzGroup/caffeine_underground/mlrt/FlexFringe/FlexFringe/models-ps-small/0.1.1.1.0.0.searchglobal.0.ini/0.1.1.1.0.0.searchglobal.0_16.04.TLTT.2.5.0_Small.final.json,/gpfs/projects/HeinzGroup/asoubki/FlexFringe/data/MLRegTest/Large/16.04.TLTT.2.5.0_TestSR.txt,2025-12-29 23:14:35.473926
0.1.1.1.0.0.searchglobal.0,Small,16,4,TLTT,2,5,0,TestSA,0.52211,0.5214024354829342,0.53864,0.5298810659793611,0.47789,/gpfs/projects/HeinzGroup/caffeine_underground/mlrt/FlexFringe/FlexFringe/models-ps-small/0.1.1.1.0.0.searchglobal.0.ini/0.1.1.1.0.0.searchglobal.0_16.04.TLTT.2.5.0_Small.final.json,/gpfs/projects/HeinzGroup/asoubki/FlexFringe/data/MLRegTest/Large/16.04.TLTT.2.5.0_TestSA.txt,2025-12-29 23:14:35.473926
0.1.1.1.0.0.searchglobal.0,Small,16,4,TLTT,2,5,0,TestLR,0.63699,0.7506862350400761,0.41022,0.5305277860403761,0.36301,/gpfs/projects/HeinzGroup/caffeine_underground/mlrt/FlexFringe/FlexFringe/models-ps-small/0.1.1.1.0.0.searchglobal.0.ini/0.1.1.1.0.0.searchglobal.0_16.04.TLTT.2.5.0_Small.final.json,/gpfs/projects/HeinzGroup/asoubki/FlexFringe/data/MLRegTest/Large/16.04.TLTT.2.5.0_TestLR.txt,2025-12-29 23:14:35.473926
0.1.1.1.0.0.searchglobal.0,Small,16,4,TLTT,2,5,0,Dev,0.70922,0.816443826002783,0.5398,0.6499072936983794,0.29078,/gpfs/projects/HeinzGroup/caffeine_underground/mlrt/FlexFringe/FlexFringe/models-ps-small/0.1.1.1.0.0.searchglobal.0.ini/0.1.1.1.0.0.searchglobal.0_16.04.TLTT.2.5.0_Small.final.json,/gpfs/projects/HeinzGroup/asoubki/FlexFringe/data/MLRegTest/Large/16.04.TLTT.2.5.0_Dev.txt,2025-12-29 23:14:35.473926
0.1.1.1.0.0.searchglobal.0,Small,16,4,TLTT,2,5,0,Train,0.69,0.7794117647058824,0.53,0.6309523809523809,0.31,/gpfs/projects/HeinzGroup/caffeine_underground/mlrt/FlexFringe/FlexFringe/models-ps-small/0.1.1.1.0.0.searchglobal.0.ini/0.1.1.1.0.0.searchglobal.0_16.04.TLTT.2.5.0_Small.final.json,/gpfs/projects/HeinzGroup/asoubki/FlexFringe/data/MLRegTest/Small/16.04.TLTT.2.5.0_Train.txt,2025-12-29 23:14:35.473926
0.1.1.1.0.0.searchglobal.0,Small,16,4,TLTT,2,5,1,TestSA,0.50921,0.5069076726918172,0.67586,0.5793168473835341,0.49079,/gpfs/projects/HeinzGroup/caffeine_underground/mlrt/FlexFringe/FlexFringe/models-ps-small/0.1.1.1.0.0.searchglobal.0.ini/0.1.1.1.0.0.searchglobal.0_16.04.TLTT.2.5.1_Small.final.json,/gpfs/projects/HeinzGroup/asoubki/FlexFringe/data/MLRegTest/Large/16.04.TLTT.2.5.1_TestSA.txt,2025-12-29 23:23:21.085863
0.1.1.1.0.0.searchglobal.0,Small,16,4,TLTT,2,5,1,TestLR,0.56173,0.5395750791758024,0.84164,0.6575774859169785,0.43827,/gpfs/projects/HeinzGroup/caffeine_underground/mlrt/FlexFringe/FlexFringe/models-ps-small/0.1.1.1.0.0.searchglobal.0.ini/0.1.1.1.0.0.searchglobal.0_16.04.TLTT.2.5.1_Small.final.json,/gpfs/projects/HeinzGroup/asoubki/FlexFringe/data/MLRegTest/Large/16.04.TLTT.2.5.1_TestLR.txt,2025-12-29 23:23:21.085863
0.1.1.1.0.0.searchglobal.0,Small,16,4,TLTT,2,5,1,TestSR,0.6036,0.5686020024368279,0.85868,0.684163559295025,0.3964,/gpfs/projects/HeinzGroup/caffeine_underground/mlrt/FlexFringe/FlexFringe/models-ps-small/0.1.1.1.0.0.searchglobal.0.ini/0.1.1.1.0.0.searchglobal.0_16.04.TLTT.2.5.1_Small.final.json,/gpfs/projects/HeinzGroup/asoubki/FlexFringe/data/MLRegTest/Large/16.04.TLTT.2.5.1_TestSR.txt,2025-12-29 23:23:21.085863
0.1.1.1.0.0.searchglobal.0,Small,16,4,TLTT,2,5,1,TestLA,0.50803,0.5054916496833581,0.73914,0.600385018398031,0.49197,/gpfs/projects/HeinzGroup/caffeine_underground/mlrt/FlexFringe/FlexFringe/models-ps-small/0.1.1.1.0.0.searchglobal.0.ini/0.1.1.1.0.0.searchglobal.0_16.04.TLTT.2.5.1_Small.final.json,/gpfs/projects/HeinzGroup/asoubki/FlexFringe/data/MLRegTest/Large/16.04.TLTT.2.5.1_TestLA.txt,2025-12-29 23:23:21.085863
0.1.1.1.0.0.searchglobal.0,Small,16,4,TLTT,2,5,1,Dev,0.60163,0.5672040522132438,0.85776,0.682859258197798,0.39837,/gpfs/projects/HeinzGroup/caffeine_underground/mlrt/FlexFringe/FlexFringe/models-ps-small/0.1.1.1.0.0.searchglobal.0.ini/0.1.1.1.0.0.searchglobal.0_16.04.TLTT.2.5.1_Small.final.json,/gpfs/projects/HeinzGroup/asoubki/FlexFringe/data/MLRegTest/Large/16.04.TLTT.2.5.1_Dev.txt,2025-12-29 23:23:21.085863
0.1.1.1.0.0.searchglobal.0,Small,16,4,TLTT,2,5,1,Train,0.623,0.580602883355177,0.886,0.7015043547110056,0.377,/gpfs/projects/HeinzGroup/caffeine_underground/mlrt/FlexFringe/FlexFringe/models-ps-small/0.1.1.1.0.0.searchglobal.0.ini/0.1.1.1.0.0.searchglobal.0_16.04.TLTT.2.5.1_Small.final.json,/gpfs/projects/HeinzGroup/asoubki/FlexFringe/data/MLRegTest/Small/16.04.TLTT.2.5.1_Train.txt,2025-12-29 23:23:21.085863
0.1.1.1.0.0.searchglobal.0,Small,16,4,TLTT,2,5,2,TestSA,1.0,1.0,1.0,1.0,0.0,/gpfs/projects/HeinzGroup/caffeine_underground/mlrt/FlexFringe/FlexFringe/models-ps-small/0.1.1.1.0.0.searchglobal.0.ini/0.1.1.1.0.0.searchglobal.0_16.04.TLTT.2.5.2_Small.final.json,/gpfs/projects/HeinzGroup/asoubki/FlexFringe/data/MLRegTest/Large/16.04.TLTT.2.5.2_TestSA.txt,2025-12-29 23:33:04.927385
0.1.1.1.0.0.searchglobal.0,Small,16,4,TLTT,2,5,2,TestLR,1.0,1.0,1.0,1.0,0.0,/gpfs/projects/HeinzGroup/caffeine_underground/mlrt/FlexFringe/FlexFringe/models-ps-small/0.1.1.1.0.0.searchglobal.0.ini/0.1.1.1.0.0.searchglobal.0_16.04.TLTT.2.5.2_Small.final.json,/gpfs/projects/HeinzGroup/asoubki/FlexFringe/data/MLRegTest/Large/16.04.TLTT.2.5.2_TestLR.txt,2025-12-29 23:33:04.927385
0.1.1.1.0.0.searchglobal.0,Small,16,4,TLTT,2,5,2,TestSR,1.0,1.0,1.0,1.0,0.0,/gpfs/projects/HeinzGroup/caffeine_underground/mlrt/FlexFringe/FlexFringe/models-ps-small/0.1.1.1.0.0.searchglobal.0.ini/0.1.1.1.0.0.searchglobal.0_16.04.TLTT.2.5.2_Small.final.json,/gpfs/projects/HeinzGroup/asoubki/FlexFringe/data/MLRegTest/Large/16.04.TLTT.2.5.2_TestSR.txt,2025-12-29 23:33:04.927385
0.1.1.1.0.0.searchglobal.0,Small,16,4,TLTT,2,5,2,TestLA,0.99986,1.0,0.99972,0.9998599803972557,0.00014,/gpfs/projects/HeinzGroup/caffeine_underground/mlrt/FlexFringe/FlexFringe/models-ps-small/0.1.1.1.0.0.searchglobal.0.ini/0.1.1.1.0.0.searchglobal.0_16.04.TLTT.2.5.2_Small.final.json,/gpfs/projects/HeinzGroup/asoubki/FlexFringe/data/MLRegTest/Large/16.04.TLTT.2.5.2_TestLA.txt,2025-12-29 23:33:04.927385
0.1.1.1.0.0.searchglobal.0,Small,16,4,TLTT,2,5,2,Dev,1.0,1.0,1.0,1.0,0.0,/gpfs/projects/HeinzGroup/caffeine_underground/mlrt/FlexFringe/FlexFringe/models-ps-small/0.1.1.1.0.0.searchglobal.0.ini/0.1.1.1.0.0.searchglobal.0_16.04.TLTT.2.5.2_Small.final.json,/gpfs/projects/HeinzGroup/asoubki/FlexFringe/data/MLRegTest/Large/16.04.TLTT.2.5.2_Dev.txt,2025-12-29 23:33:04.927385
0.1.1.1.0.0.searchglobal.0,Small,16,4,TLTT,2,5,2,Train,1.0,1.0,1.0,1.0,0.0,/gpfs/projects/HeinzGroup/caffeine_underground/mlrt/FlexFringe/FlexFringe/models-ps-small/0.1.1.1.0.0.searchglobal.0.ini/0.1.1.1.0.0.searchglobal.0_16.04.TLTT.2.5.2_Small.final.json,/gpfs/projects/HeinzGroup/asoubki/FlexFringe/data/MLRegTest/Small/16.04.TLTT.2.5.2_Train.txt,2025-12-29 23:33:04.927385
0.1.1.1.0.0.searchglobal.0,Small,16,4,TLTT,2,5,3,TestSR,0.62541,0.5953702717912059,0.7829,0.6763773337134662,0.37459,/gpfs/projects/HeinzGroup/caffeine_underground/mlrt/FlexFringe/FlexFringe/models-ps-small/0.1.1.1.0.0.searchglobal.0.ini/0.1.1.1.0.0.searchglobal.0_16.04.TLTT.2.5.3_Small.final.json,/gpfs/projects/HeinzGroup/asoubki/FlexFringe/data/MLRegTest/Large/16.04.TLTT.2.5.3_TestSR.txt,2025-12-29 23:34:20.111538
0.1.1.1.0.0.searchglobal.0,Small,16,4,TLTT,2,5,3,TestLA,0.56426,0.5620437956204379,0.58212,0.5719057630715423,0.43574,/gpfs/projects/HeinzGroup/caffeine_underground/mlrt/FlexFringe/FlexFringe/models-ps-small/0.1.1.1.0.0.searchglobal.0.ini/0.1.1.1.0.0.searchglobal.0_16.04.TLTT.2.5.3_Small.final.json,/gpfs/projects/HeinzGroup/asoubki/FlexFringe/data/MLRegTest/Large/16.04.TLTT.2.5.3_TestLA.txt,2025-12-29 23:34:20.111538
0.1.1.1.0.0.searchglobal.0,Small,16,4,TLTT,2,5,3,TestLR,0.62322,0.6154134352403432,0.65704,0.635545839701302,0.37678,/gpfs/projects/HeinzGroup/caffeine_underground/mlrt/FlexFringe/FlexFringe/models-ps-small/0.1.1.1.0.0.searchglobal.0.ini/0.1.1.1.0.0.searchglobal.0_16.04.TLTT.2.5.3_Small.final.json,/gpfs/projects/HeinzGroup/asoubki/FlexFringe/data/MLRegTest/Large/16.04.TLTT.2.5.3_TestLR.txt,2025-12-29 23:34:20.111538
0.1.1.1.0.0.searchglobal.0,Small,16,4,TLTT,2,5,3,TestSA,0.57149,0.5566347144102036,0.70264,0.6211731423772268,0.42851,/gpfs/projects/HeinzGroup/caffeine_underground/mlrt/FlexFringe/FlexFringe/models-ps-small/0.1.1.1.0.0.searchglobal.0.ini/0.1.1.1.0.0.searchglobal.0_16.04.TLTT.2.5.3_Small.final.json,/gpfs/projects/HeinzGroup/asoubki/FlexFringe/data/MLRegTest/Large/16.04.TLTT.2.5.3_TestSA.txt,2025-12-29 23:34:20.111538
0.1.1.1.0.0.searchglobal.0,Small,16,4,TLTT,2,5,3,Dev,0.62847,0.5977091921327634,0.78588,0.6789987990426901,0.37153,/gpfs/projects/HeinzGroup/caffeine_underground/mlrt/FlexFringe/FlexFringe/models-ps-small/0.1.1.1.0.0.searchglobal.0.ini/0.1.1.1.0.0.searchglobal.0_16.04.TLTT.2.5.3_Small.final.json,/gpfs/projects/HeinzGroup/asoubki/FlexFringe/data/MLRegTest/Large/16.04.TLTT.2.5.3_Dev.txt,2025-12-29 23:34:20.111538
0.1.1.1.0.0.searchglobal.0,Small,16,4,TLTT,2,5,3,Train,0.618,0.5907692307692308,0.768,0.6678260869565218,0.382,/gpfs/projects/HeinzGroup/caffeine_underground/mlrt/FlexFringe/FlexFringe/models-ps-small/0.1.1.1.0.0.searchglobal.0.ini/0.1.1.1.0.0.searchglobal.0_16.04.TLTT.2.5.3_Small.final.json,/gpfs/projects/HeinzGroup/asoubki/FlexFringe/data/MLRegTest/Small/16.04.TLTT.2.5.3_Train.txt,2025-12-29 23:34:20.111538
0.1.1.1.0.0.searchglobal.0,Small,16,4,TLTT,2,5,4,TestSA,0.53082,0.5245249387274405,0.65916,0.5841856178102345,0.46918,/gpfs/projects/HeinzGroup/caffeine_underground/mlrt/FlexFringe/FlexFringe/models-ps-small/0.1.1.1.0.0.searchglobal.0.ini/0.1.1.1.0.0.searchglobal.0_16.04.TLTT.2.5.4_Small.final.json,/gpfs/projects/HeinzGroup/asoubki/FlexFringe/data/MLRegTest/Large/16.04.TLTT.2.5.4_TestSA.txt,2025-12-29 22:30:51.997166
0.1.1.1.0.0.searchglobal.0,Small,16,4,TLTT,2,5,4,TestLR,0.67073,0.7453228726614364,0.5187,0.611696168496527,0.32927,/gpfs/projects/HeinzGroup/caffeine_underground/mlrt/FlexFringe/FlexFringe/models-ps-small/0.1.1.1.0.0.searchglobal.0.ini/0.1.1.1.0.0.searchglobal.0_16.04.TLTT.2.5.4_Small.final.json,/gpfs/projects/HeinzGroup/asoubki/FlexFringe/data/MLRegTest/Large/16.04.TLTT.2.5.4_TestLR.txt,2025-12-29 22:30:51.997166
0.1.1.1.0.0.searchglobal.0,Small,16,4,TLTT,2,5,4,TestSR,0.76059,0.822648144020999,0.66442,0.735116116968899,0.23941,/gpfs/projects/HeinzGroup/caffeine_underground/mlrt/FlexFringe/FlexFringe/models-ps-small/0.1.1.1.0.0.searchglobal.0.ini/0.1.1.1.0.0.searchglobal.0_16.04.TLTT.2.5.4_Small.final.json,/gpfs/projects/HeinzGroup/asoubki/FlexFringe/data/MLRegTest/Large/16.04.TLTT.2.5.4_TestSR.txt,2025-12-29 22:30:51.997166
0.1.1.1.0.0.searchglobal.0,Small,16,4,TLTT,2,5,4,TestLA,0.52066,0.5210335559537383,0.51178,0.516365324077811,0.47934,/gpfs/projects/HeinzGroup/caffeine_underground/mlrt/FlexFringe/FlexFringe/models-ps-small/0.1.1.1.0.0.searchglobal.0.ini/0.1.1.1.0.0.searchglobal.0_16.04.TLTT.2.5.4_Small.final.json,/gpfs/projects/HeinzGroup/asoubki/FlexFringe/data/MLRegTest/Large/16.04.TLTT.2.5.4_TestLA.txt,2025-12-29 22:30:51.997166
0.1.1.1.0.0.searchglobal.0,Small,16,4,TLTT,2,5,4,Dev,0.76082,0.820859167404783,0.66726,0.7361325625524028,0.23918,/gpfs/projects/HeinzGroup/caffeine_underground/mlrt/FlexFringe/FlexFringe/models-ps-small/0.1.1.1.0.0.searchglobal.0.ini/0.1.1.1.0.0.searchglobal.0_16.04.TLTT.2.5.4_Small.final.json,/gpfs/projects/HeinzGroup/asoubki/FlexFringe/data/MLRegTest/Large/16.04.TLTT.2.5.4_Dev.txt,2025-12-29 22:30:51.997166
0.1.1.1.0.0.searchglobal.0,Small,16,4,TLTT,2,5,4,Train,0.747,0.8126582278481013,0.642,0.71731843575419,0.253,/gpfs/projects/HeinzGroup/caffeine_underground/mlrt/FlexFringe/FlexFringe/models-ps-small/0.1.1.1.0.0.searchglobal.0.ini/0.1.1.1.0.0.searchglobal.0_16.04.TLTT.2.5.4_Small.final.json,/gpfs/projects/HeinzGroup/asoubki/FlexFringe/data/MLRegTest/Small/16.04.TLTT.2.5.4_Train.txt,2025-12-29 22:30:51.997166
0.1.1.1.0.0.searchglobal.0,Small,16,4,TLTT,2,5,5,TestSR,0.79943,0.9516425834866813,0.63092,0.7587824267279222,0.20057,/gpfs/projects/HeinzGroup/caffeine_underground/mlrt/FlexFringe/FlexFringe/models-ps-small/0.1.1.1.0.0.searchglobal.0.ini/0.1.1.1.0.0.searchglobal.0_16.04.TLTT.2.5.5_Small.final.json,/gpfs/projects/HeinzGroup/asoubki/FlexFringe/data/MLRegTest/Large/16.04.TLTT.2.5.5_TestSR.txt,2025-12-29 22:57:15.475473
0.1.1.1.0.0.searchglobal.0,Small,16,4,TLTT,2,5,5,TestLA,0.51947,0.5266821981636289,0.38432,0.44437763774064865,0.48053,/gpfs/projects/HeinzGroup/caffeine_underground/mlrt/FlexFringe/FlexFringe/models-ps-small/0.1.1.1.0.0.searchglobal.0.ini/0.1.1.1.0.0.searchglobal.0_16.04.TLTT.2.5.5_Small.final.json,/gpfs/projects/HeinzGroup/asoubki/FlexFringe/data/MLRegTest/Large/16.04.TLTT.2.5.5_TestLA.txt,2025-12-29 22:57:15.475473
0.1.1.1.0.0.searchglobal.0,Small,16,4,TLTT,2,5,5,TestLR,0.67539,0.9112695211743188,0.38862,0.5448733227710556,0.32461,/gpfs/projects/HeinzGroup/caffeine_underground/mlrt/FlexFringe/FlexFringe/models-ps-small/0.1.1.1.0.0.searchglobal.0.ini/0.1.1.1.0.0.searchglobal.0_16.04.TLTT.2.5.5_Small.final.json,/gpfs/projects/HeinzGroup/asoubki/FlexFringe/data/MLRegTest/Large/16.04.TLTT.2.5.5_TestLR.txt,2025-12-29 22:57:15.475473
0.1.1.1.0.0.searchglobal.0,Small,16,4,TLTT,2,5,5,TestSA,0.5247,0.5203600514359195,0.63128,0.5704784109598945,0.4753,/gpfs/projects/HeinzGroup/caffeine_underground/mlrt/FlexFringe/FlexFringe/models-ps-small/0.1.1.1.0.0.searchglobal.0.ini/0.1.1.1.0.0.searchglobal.0_16.04.TLTT.2.5.5_Small.final.json,/gpfs/projects/HeinzGroup/asoubki/FlexFringe/data/MLRegTest/Large/16.04.TLTT.2.5.5_TestSA.txt,2025-12-29 22:57:15.475473
0.1.1.1.0.0.searchglobal.0,Small,16,4,TLTT,2,5,5,Dev,0.79705,0.9531102230086336,0.62484,0.7548291233283804,0.20295,/gpfs/projects/HeinzGroup/caffeine_underground/mlrt/FlexFringe/FlexFringe/models-ps-small/0.1.1.1.0.0.searchglobal.0.ini/0.1.1.1.0.0.searchglobal.0_16.04.TLTT.2.5.5_Small.final.json,/gpfs/projects/HeinzGroup/asoubki/FlexFringe/data/MLRegTest/Large/16.04.TLTT.2.5.5_Dev.txt,2025-12-29 22:57:15.475473
0.1.1.1.0.0.searchglobal.0,Small,16,4,TLTT,2,5,5,Train,0.773,0.9595959595959596,0.57,0.7151819322459222,0.227,/gpfs/projects/HeinzGroup/caffeine_underground/mlrt/FlexFringe/FlexFringe/models-ps-small/0.1.1.1.0.0.searchglobal.0.ini/0.1.1.1.0.0.searchglobal.0_16.04.TLTT.2.5.5_Small.final.json,/gpfs/projects/HeinzGroup/asoubki/FlexFringe/data/MLRegTest/Small/16.04.TLTT.2.5.5_Train.txt,2025-12-29 22:57:15.475473
0.1.1.1.0.0.searchglobal.0,Small,16,4,TLTT,2,5,6,TestSR,0.50575,0.511347041875518,0.25912,0.34394786094482127,0.49425,/gpfs/projects/HeinzGroup/caffeine_underground/mlrt/FlexFringe/FlexFringe/models-ps-small/0.1.1.1.0.0.searchglobal.0.ini/0.1.1.1.0.0.searchglobal.0_16.04.TLTT.2.5.6_Small.final.json,/gpfs/projects/HeinzGroup/asoubki/FlexFringe/data/MLRegTest/Large/16.04.TLTT.2.5.6_TestSR.txt,2025-12-29 22:16:06.501109
0.1.1.1.0.0.searchglobal.0,Small,16,4,TLTT,2,5,6,TestSA,0.50201,0.5038584097976735,0.26248,0.3451549699527924,0.49799,/gpfs/projects/HeinzGroup/caffeine_underground/mlrt/FlexFringe/FlexFringe/models-ps-small/0.1.1.1.0.0.searchglobal.0.ini/0.1.1.1.0.0.searchglobal.0_16.04.TLTT.2.5.6_Small.final.json,/gpfs/projects/HeinzGroup/asoubki/FlexFringe/data/MLRegTest/Large/16.04.TLTT.2.5.6_TestSA.txt,2025-12-29 22:16:06.501109
0.1.1.1.0.0.searchglobal.0,Small,16,4,TLTT,2,5,6,TestLR,0.50019,0.5003788634097707,0.25094,0.33425241425241425,0.49981,/gpfs/projects/HeinzGroup/caffeine_underground/mlrt/FlexFringe/FlexFringe/models-ps-small/0.1.1.1.0.0.searchglobal.0.ini/0.1.1.1.0.0.searchglobal.0_16.04.TLTT.2.5.6_Small.final.json,/gpfs/projects/HeinzGroup/asoubki/FlexFringe/data/MLRegTest/Large/16.04.TLTT.2.5.6_TestLR.txt,2025-12-29 22:16:06.501109
0.1.1.1.0.0.searchglobal.0,Small,16,4,TLTT,2,5,6,TestLA,0.50027,0.5005392881396556,0.2506,0.3339863793264297,0.49973,/gpfs/projects/HeinzGroup/caffeine_underground/mlrt/FlexFringe/FlexFringe/models-ps-small/0.1.1.1.0.0.searchglobal.0.ini/0.1.1.1.0.0.searchglobal.0_16.04.TLTT.2.5.6_Small.final.json,/gpfs/projects/HeinzGroup/asoubki/FlexFringe/data/MLRegTest/Large/16.04.TLTT.2.5.6_TestLA.txt,2025-12-29 22:16:06.501109
0.1.1.1.0.0.searchglobal.0,Small,16,4,TLTT,2,5,6,Dev,0.50555,0.5110500537570183,0.25668,0.3417251341312423,0.49445,/gpfs/projects/HeinzGroup/caffeine_underground/mlrt/FlexFringe/FlexFringe/models-ps-small/0.1.1.1.0.0.searchglobal.0.ini/0.1.1.1.0.0.searchglobal.0_16.04.TLTT.2.5.6_Small.final.json,/gpfs/projects/HeinzGroup/asoubki/FlexFringe/data/MLRegTest/Large/16.04.TLTT.2.5.6_Dev.txt,2025-12-29 22:16:06.501109
0.1.1.1.0.0.searchglobal.0,Small,16,4,TLTT,2,5,6,Train,0.503,0.5059760956175299,0.254,0.3382157123834887,0.497,/gpfs/projects/HeinzGroup/caffeine_underground/mlrt/FlexFringe/FlexFringe/models-ps-small/0.1.1.1.0.0.searchglobal.0.ini/0.1.1.1.0.0.searchglobal.0_16.04.TLTT.2.5.6_Small.final.json,/gpfs/projects/HeinzGroup/asoubki/FlexFringe/data/MLRegTest/Small/16.04.TLTT.2.5.6_Train.txt,2025-12-29 22:16:06.501109
0.1.1.1.0.0.searchglobal.0,Small,16,4,TLTT,2,5,7,TestSR,0.52577,0.569158928667275,0.21208,0.3090148766592356,0.47423,/gpfs/projects/HeinzGroup/caffeine_underground/mlrt/FlexFringe/FlexFringe/models-ps-small/0.1.1.1.0.0.searchglobal.0.ini/0.1.1.1.0.0.searchglobal.0_16.04.TLTT.2.5.7_Small.final.json,/gpfs/projects/HeinzGroup/asoubki/FlexFringe/data/MLRegTest/Large/16.04.TLTT.2.5.7_TestSR.txt,2025-12-29 23:10:10.253982
0.1.1.1.0.0.searchglobal.0,Small,16,4,TLTT,2,5,7,TestLA,0.54676,0.62230592174095,0.23792,0.3442328838474449,0.45324,/gpfs/projects/HeinzGroup/caffeine_underground/mlrt/FlexFringe/FlexFringe/models-ps-small/0.1.1.1.0.0.searchglobal.0.ini/0.1.1.1.0.0.searchglobal.0_16.04.TLTT.2.5.7_Small.final.json,/gpfs/projects/HeinzGroup/asoubki/FlexFringe/data/MLRegTest/Large/16.04.TLTT.2.5.7_TestLA.txt,2025-12-29 23:10:10.253982
0.1.1.1.0.0.searchglobal.0,Small,16,4,TLTT,2,5,7,TestLR,0.52923,0.5810009421936485,0.20966,0.3081286833325985,0.47077,/gpfs/projects/HeinzGroup/caffeine_underground/mlrt/FlexFringe/FlexFringe/models-ps-small/0.1.1.1.0.0.searchglobal.0.ini/0.1.1.1.0.0.searchglobal.0_16.04.TLTT.2.5.7_Small.final.json,/gpfs/projects/HeinzGroup/asoubki/FlexFringe/data/MLRegTest/Large/16.04.TLTT.2.5.7_TestLR.txt,2025-12-29 23:10:10.253982
0.1.1.1.0.0.searchglobal.0,Small,16,4,TLTT,2,5,7,TestSA,0.55524,0.6364759363573476,0.25762,0.36678151428001937,0.44476,/gpfs/projects/HeinzGroup/caffeine_underground/mlrt/FlexFringe/FlexFringe/models-ps-small/0.1.1.1.0.0.searchglobal.0.ini/0.1.1.1.0.0.searchglobal.0_16.04.TLTT.2.5.7_Small.final.json,/gpfs/projects/HeinzGroup/asoubki/FlexFringe/data/MLRegTest/Large/16.04.TLTT.2.5.7_TestSA.txt,2025-12-29 23:10:10.253982
0.1.1.1.0.0.searchglobal.0,Small,16,4,TLTT,2,5,7,Dev,0.52798,0.5736238290706241,0.218,0.3159328715109707,0.47202,/gpfs/projects/HeinzGroup/caffeine_underground/mlrt/FlexFringe/FlexFringe/models-ps-small/0.1.1.1.0.0.searchglobal.0.ini/0.1.1.1.0.0.searchglobal.0_16.04.TLTT.2.5.7_Small.final.json,/gpfs/projects/HeinzGroup/asoubki/FlexFringe/data/MLRegTest/Large/16.04.TLTT.2.5.7_Dev.txt,2025-12-29 23:10:10.253982
0.1.1.1.0.0.searchglobal.0,Small,16,4,TLTT,2,5,7,Train,0.556,0.64,0.256,0.3657142857142857,0.444,/gpfs/projects/HeinzGroup/caffeine_underground/mlrt/FlexFringe/FlexFringe/models-ps-small/0.1.1.1.0.0.searchglobal.0.ini/0.1.1.1.0.0.searchglobal.0_16.04.TLTT.2.5.7_Small.final.json,/gpfs/projects/HeinzGroup/asoubki/FlexFringe/data/MLRegTest/Small/16.04.TLTT.2.5.7_Train.txt,2025-12-29 23:10:10.253982
0.1.1.1.0.0.searchglobal.0,Small,16,4,TLTT,2,5,8,TestLA,0.51143,0.5236891191709845,0.25268,0.3408836424957841,0.48857,/gpfs/projects/HeinzGroup/caffeine_underground/mlrt/FlexFringe/FlexFringe/models-ps-small/0.1.1.1.0.0.searchglobal.0.ini/0.1.1.1.0.0.searchglobal.0_16.04.TLTT.2.5.8_Small.final.json,/gpfs/projects/HeinzGroup/asoubki/FlexFringe/data/MLRegTest/Large/16.04.TLTT.2.5.8_TestLA.txt,2025-12-29 22:26:00.134190
0.1.1.1.0.0.searchglobal.0,Small,16,4,TLTT,2,5,8,TestLR,0.51024,0.521521647751156,0.24814,0.33627862854045265,0.48976,/gpfs/projects/HeinzGroup/caffeine_underground/mlrt/FlexFringe/FlexFringe/models-ps-small/0.1.1.1.0.0.searchglobal.0.ini/0.1.1.1.0.0.searchglobal.0_16.04.TLTT.2.5.8_Small.final.json,/gpfs/projects/HeinzGroup/asoubki/FlexFringe/data/MLRegTest/Large/16.04.TLTT.2.5.8_TestLR.txt,2025-12-29 22:26:00.134190
0.1.1.1.0.0.searchglobal.0,Small,16,4,TLTT,2,5,8,TestSA,0.51921,0.536428110896196,0.28288,0.37042177904068513,0.48079,/gpfs/projects/HeinzGroup/caffeine_underground/mlrt/FlexFringe/FlexFringe/models-ps-small/0.1.1.1.0.0.searchglobal.0.ini/0.1.1.1.0.0.searchglobal.0_16.04.TLTT.2.5.8_Small.final.json,/gpfs/projects/HeinzGroup/asoubki/FlexFringe/data/MLRegTest/Large/16.04.TLTT.2.5.8_TestSA.txt,2025-12-29 22:26:00.134190
0.1.1.1.0.0.searchglobal.0,Small,16,4,TLTT,2,5,8,TestSR,0.51859,0.5377584596010887,0.26476,0.35482530790570516,0.48141,/gpfs/projects/HeinzGroup/caffeine_underground/mlrt/FlexFringe/FlexFringe/models-ps-small/0.1.1.1.0.0.searchglobal.0.ini/0.1.1.1.0.0.searchglobal.0_16.04.TLTT.2.5.8_Small.final.json,/gpfs/projects/HeinzGroup/asoubki/FlexFringe/data/MLRegTest/Large/16.04.TLTT.2.5.8_TestSR.txt,2025-12-29 22:26:00.134190
0.1.1.1.0.0.searchglobal.0,Small,16,4,TLTT,2,5,8,Dev,0.5185,0.5379533891350731,0.26222,0.35257892755338033,0.4815,/gpfs/projects/HeinzGroup/caffeine_underground/mlrt/FlexFringe/FlexFringe/models-ps-small/0.1.1.1.0.0.searchglobal.0.ini/0.1.1.1.0.0.searchglobal.0_16.04.TLTT.2.5.8_Small.final.json,/gpfs/projects/HeinzGroup/asoubki/FlexFringe/data/MLRegTest/Large/16.04.TLTT.2.5.8_Dev.txt,2025-12-29 22:26:00.134190
0.1.1.1.0.0.searchglobal.0,Small,16,4,TLTT,2,5,8,Train,0.534,0.568,0.284,0.37866666666666665,0.466,/gpfs/projects/HeinzGroup/caffeine_underground/mlrt/FlexFringe/FlexFringe/models-ps-small/0.1.1.1.0.0.searchglobal.0.ini/0.1.1.1.0.0.searchglobal.0_16.04.TLTT.2.5.8_Small.final.json,/gpfs/projects/HeinzGroup/asoubki/FlexFringe/data/MLRegTest/Small/16.04.TLTT.2.5.8_Train.txt,2025-12-29 22:26:00.134190
0.1.1.1.0.0.searchglobal.0,Small,16,4,TLTT,2,5,9,TestSR,0.72557,0.9062713879183026,0.50318,0.6470852998289631,0.27443,/gpfs/projects/HeinzGroup/caffeine_underground/mlrt/FlexFringe/FlexFringe/models-ps-small/0.1.1.1.0.0.searchglobal.0.ini/0.1.1.1.0.0.searchglobal.0_16.04.TLTT.2.5.9_Small.final.json,/gpfs/projects/HeinzGroup/asoubki/FlexFringe/data/MLRegTest/Large/16.04.TLTT.2.5.9_TestSR.txt,2025-12-29 22:10:28.118747
0.1.1.1.0.0.searchglobal.0,Small,16,4,TLTT,2,5,9,TestLA,0.51742,0.5281640043975943,0.32668,0.4036774337048662,0.48258,/gpfs/projects/HeinzGroup/caffeine_underground/mlrt/FlexFringe/FlexFringe/models-ps-small/0.1.1.1.0.0.searchglobal.0.ini/0.1.1.1.0.0.searchglobal.0_16.04.TLTT.2.5.9_Small.final.json,/gpfs/projects/HeinzGroup/asoubki/FlexFringe/data/MLRegTest/Large/16.04.TLTT.2.5.9_TestLA.txt,2025-12-29 22:10:28.118747
0.1.1.1.0.0.searchglobal.0,Small,16,4,TLTT,2,5,9,TestLR,0.63864,0.8585393607116996,0.33198,0.47881270372400264,0.36136,/gpfs/projects/HeinzGroup/caffeine_underground/mlrt/FlexFringe/FlexFringe/models-ps-small/0.1.1.1.0.0.searchglobal.0.ini/0.1.1.1.0.0.searchglobal.0_16.04.TLTT.2.5.9_Small.final.json,/gpfs/projects/HeinzGroup/asoubki/FlexFringe/data/MLRegTest/Large/16.04.TLTT.2.5.9_TestLR.txt,2025-12-29 22:10:28.118747
0.1.1.1.0.0.searchglobal.0,Small,16,4,TLTT,2,5,9,TestSA,0.52671,0.5278769282150834,0.50578,0.5165922763438774,0.47329,/gpfs/projects/HeinzGroup/caffeine_underground/mlrt/FlexFringe/FlexFringe/models-ps-small/0.1.1.1.0.0.searchglobal.0.ini/0.1.1.1.0.0.searchglobal.0_16.04.TLTT.2.5.9_Small.final.json,/gpfs/projects/HeinzGroup/asoubki/FlexFringe/data/MLRegTest/Large/16.04.TLTT.2.5.9_TestSA.txt,2025-12-29 22:10:28.118747
0.1.1.1.0.0.searchglobal.0,Small,16,4,TLTT,2,5,9,Dev,0.72562,0.9068450663589152,0.5029,0.6469997941539728,0.27438,/gpfs/projects/HeinzGroup/caffeine_underground/mlrt/FlexFringe/FlexFringe/models-ps-small/0.1.1.1.0.0.searchglobal.0.ini/0.1.1.1.0.0.searchglobal.0_16.04.TLTT.2.5.9_Small.final.json,/gpfs/projects/HeinzGroup/asoubki/FlexFringe/data/MLRegTest/Large/16.04.TLTT.2.5.9_Dev.txt,2025-12-29 22:10:28.118747
0.1.1.1.0.0.searchglobal.0,Small,16,4,TLTT,2,5,9,Train,0.728,0.916058394160584,0.502,0.648578811369509,0.272,/gpfs/projects/HeinzGroup/caffeine_underground/mlrt/FlexFringe/FlexFringe/models-ps-small/0.1.1.1.0.0.searchglobal.0.ini/0.1.1.1.0.0.searchglobal.0_16.04.TLTT.2.5.9_Small.final.json,/gpfs/projects/HeinzGroup/asoubki/FlexFringe/data/MLRegTest/Small/16.04.TLTT.2.5.9_Train.txt,2025-12-29 22:10:28.118747
0.1.1.1.0.0.searchglobal.0,Small,16,4,TLTT,4,2,0,TestLR,0.76657,0.8241918614550142,0.6777,0.743801652892562,0.23343,/gpfs/projects/HeinzGroup/caffeine_underground/mlrt/FlexFringe/FlexFringe/models-ps-small/0.1.1.1.0.0.searchglobal.0.ini/0.1.1.1.0.0.searchglobal.0_16.04.TLTT.4.2.0_Small.final.json,/gpfs/projects/HeinzGroup/asoubki/FlexFringe/data/MLRegTest/Large/16.04.TLTT.4.2.0_TestLR.txt,2025-12-29 23:06:39.415693
0.1.1.1.0.0.searchglobal.0,Small,16,4,TLTT,4,2,0,TestSR,0.84754,0.881693977068049,0.8028,0.84039947239495,0.15246,/gpfs/projects/HeinzGroup/caffeine_underground/mlrt/FlexFringe/FlexFringe/models-ps-small/0.1.1.1.0.0.searchglobal.0.ini/0.1.1.1.0.0.searchglobal.0_16.04.TLTT.4.2.0_Small.final.json,/gpfs/projects/HeinzGroup/asoubki/FlexFringe/data/MLRegTest/Large/16.04.TLTT.4.2.0_TestSR.txt,2025-12-29 23:06:39.415693
0.1.1.1.0.0.searchglobal.0,Small,16,4,TLTT,4,2,0,TestLA,0.54143,0.533260544949503,0.66424,0.5915871785965569,0.45857,/gpfs/projects/HeinzGroup/caffeine_underground/mlrt/FlexFringe/FlexFringe/models-ps-small/0.1.1.1.0.0.searchglobal.0.ini/0.1.1.1.0.0.searchglobal.0_16.04.TLTT.4.2.0_Small.final.json,/gpfs/projects/HeinzGroup/asoubki/FlexFringe/data/MLRegTest/Large/16.04.TLTT.4.2.0_TestLA.txt,2025-12-29 23:06:39.415693
0.1.1.1.0.0.searchglobal.0,Small,16,4,TLTT,4,2,0,TestSA,0.55349,0.5358776577905963,0.79894,0.6414870127263238,0.44651,/gpfs/projects/HeinzGroup/caffeine_underground/mlrt/FlexFringe/FlexFringe/models-ps-small/0.1.1.1.0.0.searchglobal.0.ini/0.1.1.1.0.0.searchglobal.0_16.04.TLTT.4.2.0_Small.final.json,/gpfs/projects/HeinzGroup/asoubki/FlexFringe/data/MLRegTest/Large/16.04.TLTT.4.2.0_TestSA.txt,2025-12-29 23:06:39.415693
0.1.1.1.0.0.searchglobal.0,Small,16,4,TLTT,4,2,0,Dev,0.84841,0.8830280776588025,0.80322,0.841235429038238,0.15159,/gpfs/projects/HeinzGroup/caffeine_underground/mlrt/FlexFringe/FlexFringe/models-ps-small/0.1.1.1.0.0.searchglobal.0.ini/0.1.1.1.0.0.searchglobal.0_16.04.TLTT.4.2.0_Small.final.json,/gpfs/projects/HeinzGroup/asoubki/FlexFringe/data/MLRegTest/Large/16.04.TLTT.4.2.0_Dev.txt,2025-12-29 23:06:39.415693
0.1.1.1.0.0.searchglobal.0,Small,16,4,TLTT,4,2,0,Train,0.846,0.8967889908256881,0.782,0.8354700854700855,0.154,/gpfs/projects/HeinzGroup/caffeine_underground/mlrt/FlexFringe/FlexFringe/models-ps-small/0.1.1.1.0.0.searchglobal.0.ini/0.1.1.1.0.0.searchglobal.0_16.04.TLTT.4.2.0_Small.final.json,/gpfs/projects/HeinzGroup/asoubki/FlexFringe/data/MLRegTest/Small/16.04.TLTT.4.2.0_Train.txt,2025-12-29 23:06:39.415693
0.1.1.1.0.0.searchglobal.0,Small,16,4,TLTT,4,2,1,TestLA,0.51065,0.5078395288921604,0.6899,0.5850328598685606,0.48935,/gpfs/projects/HeinzGroup/caffeine_underground/mlrt/FlexFringe/FlexFringe/models-ps-small/0.1.1.1.0.0.searchglobal.0.ini/0.1.1.1.0.0.searchglobal.0_16.04.TLTT.4.2.1_Small.final.json,/gpfs/projects/HeinzGroup/asoubki/FlexFringe/data/MLRegTest/Large/16.04.TLTT.4.2.1_TestLA.txt,2025-12-29 23:04:07.475935
0.1.1.1.0.0.searchglobal.0,Small,16,4,TLTT,4,2,1,TestSA,0.5156,0.5127011007620661,0.62972,0.5652173913043478,0.4844,/gpfs/projects/HeinzGroup/caffeine_underground/mlrt/FlexFringe/FlexFringe/models-ps-small/0.1.1.1.0.0.searchglobal.0.ini/0.1.1.1.0.0.searchglobal.0_16.04.TLTT.4.2.1_Small.final.json,/gpfs/projects/HeinzGroup/asoubki/FlexFringe/data/MLRegTest/Large/16.04.TLTT.4.2.1_TestSA.txt,2025-12-29 23:04:07.475935
0.1.1.1.0.0.searchglobal.0,Small,16,4,TLTT,4,2,1,TestSR,0.60604,0.575391747006797,0.8093,0.6725894652859731,0.39396,/gpfs/projects/HeinzGroup/caffeine_underground/mlrt/FlexFringe/FlexFringe/models-ps-small/0.1.1.1.0.0.searchglobal.0.ini/0.1.1.1.0.0.searchglobal.0_16.04.TLTT.4.2.1_Small.final.json,/gpfs/projects/HeinzGroup/asoubki/FlexFringe/data/MLRegTest/Large/16.04.TLTT.4.2.1_TestSR.txt,2025-12-29 23:04:07.475935
0.1.1.1.0.0.searchglobal.0,Small,16,4,TLTT,4,2,1,TestLR,0.55744,0.5399166087560806,0.77694,0.6370971709717097,0.44256,/gpfs/projects/HeinzGroup/caffeine_underground/mlrt/FlexFringe/FlexFringe/models-ps-small/0.1.1.1.0.0.searchglobal.0.ini/0.1.1.1.0.0.searchglobal.0_16.04.TLTT.4.2.1_Small.final.json,/gpfs/projects/HeinzGroup/asoubki/FlexFringe/data/MLRegTest/Large/16.04.TLTT.4.2.1_TestLR.txt,2025-12-29 23:04:07.475935
0.1.1.1.0.0.searchglobal.0,Small,16,4,TLTT,4,2,1,Dev,0.6052,0.574624748176943,0.81006,0.6723270753448534,0.3948,/gpfs/projects/HeinzGroup/caffeine_underground/mlrt/FlexFringe/FlexFringe/models-ps-small/0.1.1.1.0.0.searchglobal.0.ini/0.1.1.1.0.0.searchglobal.0_16.04.TLTT.4.2.1_Small.final.json,/gpfs/projects/HeinzGroup/asoubki/FlexFringe/data/MLRegTest/Large/16.04.TLTT.4.2.1_Dev.txt,2025-12-29 23:04:07.475935
0.1.1.1.0.0.searchglobal.0,Small,16,4,TLTT,4,2,1,Train,0.593,0.5663338088445078,0.794,0.6611157368859284,0.407,/gpfs/projects/HeinzGroup/caffeine_underground/mlrt/FlexFringe/FlexFringe/models-ps-small/0.1.1.1.0.0.searchglobal.0.ini/0.1.1.1.0.0.searchglobal.0_16.04.TLTT.4.2.1_Small.final.json,/gpfs/projects/HeinzGroup/asoubki/FlexFringe/data/MLRegTest/Small/16.04.TLTT.4.2.1_Train.txt,2025-12-29 23:04:07.475935
0.1.1.1.0.0.searchglobal.0,Small,16,4,TLTT,4,2,2,TestSA,0.57845,0.652573028900385,0.33554,0.4431969779022309,0.42155,/gpfs/projects/HeinzGroup/caffeine_underground/mlrt/FlexFringe/FlexFringe/models-ps-small/0.1.1.1.0.0.searchglobal.0.ini/0.1.1.1.0.0.searchglobal.0_16.04.TLTT.4.2.2_Small.final.json,/gpfs/projects/HeinzGroup/asoubki/FlexFringe/data/MLRegTest/Large/16.04.TLTT.4.2.2_TestSA.txt,2025-12-29 22:12:30.829605
0.1.1.1.0.0.searchglobal.0,Small,16,4,TLTT,4,2,2,TestSR,0.8458,0.8315436241610739,0.8673,0.8490455212922173,0.1542,/gpfs/projects/HeinzGroup/caffeine_underground/mlrt/FlexFringe/FlexFringe/models-ps-small/0.1.1.1.0.0.searchglobal.0.ini/0.1.1.1.0.0.searchglobal.0_16.04.TLTT.4.2.2_Small.final.json,/gpfs/projects/HeinzGroup/asoubki/FlexFringe/data/MLRegTest/Large/16.04.TLTT.4.2.2_TestSR.txt,2025-12-29 22:12:30.829605
0.1.1.1.0.0.searchglobal.0,Small,16,4,TLTT,4,2,2,TestLR,0.77157,0.7665429990381407,0.781,0.7737039715482995,0.22843,/gpfs/projects/HeinzGroup/caffeine_underground/mlrt/FlexFringe/FlexFringe/models-ps-small/0.1.1.1.0.0.searchglobal.0.ini/0.1.1.1.0.0.searchglobal.0_16.04.TLTT.4.2.2_Small.final.json,/gpfs/projects/HeinzGroup/asoubki/FlexFringe/data/MLRegTest/Large/16.04.TLTT.4.2.2_TestLR.txt,2025-12-29 22:12:30.829605
0.1.1.1.0.0.searchglobal.0,Small,16,4,TLTT,4,2,2,TestLA,0.55359,0.5914037182329865,0.34674,0.4371682531677489,0.44641,/gpfs/projects/HeinzGroup/caffeine_underground/mlrt/FlexFringe/FlexFringe/models-ps-small/0.1.1.1.0.0.searchglobal.0.ini/0.1.1.1.0.0.searchglobal.0_16.04.TLTT.4.2.2_Small.final.json,/gpfs/projects/HeinzGroup/asoubki/FlexFringe/data/MLRegTest/Large/16.04.TLTT.4.2.2_TestLA.txt,2025-12-29 22:12:30.829605
0.1.1.1.0.0.searchglobal.0,Small,16,4,TLTT,4,2,2,Dev,0.84844,0.8332823200826415,0.87118,0.8518098441441617,0.15156,/gpfs/projects/HeinzGroup/caffeine_underground/mlrt/FlexFringe/FlexFringe/models-ps-small/0.1.1.1.0.0.searchglobal.0.ini/0.1.1.1.0.0.searchglobal.0_16.04.TLTT.4.2.2_Small.final.json,/gpfs/projects/HeinzGroup/asoubki/FlexFringe/data/MLRegTest/Large/16.04.TLTT.4.2.2_Dev.txt,2025-12-29 22:12:30.829605
0.1.1.1.0.0.searchglobal.0,Small,16,4,TLTT,4,2,2,Train,0.837,0.8297455968688845,0.848,0.8387734915924827,0.163,/gpfs/projects/HeinzGroup/caffeine_underground/mlrt/FlexFringe/FlexFringe/models-ps-small/0.1.1.1.0.0.searchglobal.0.ini/0.1.1.1.0.0.searchglobal.0_16.04.TLTT.4.2.2_Small.final.json,/gpfs/projects/HeinzGroup/asoubki/FlexFringe/data/MLRegTest/Small/16.04.TLTT.4.2.2_Train.txt,2025-12-29 22:12:30.829605
0.1.1.1.0.0.searchglobal.0,Small,16,4,TLTT,4,2,3,TestSR,0.86521,0.8233263098252386,0.92998,0.8734092808775604,0.13479,/gpfs/projects/HeinzGroup/caffeine_underground/mlrt/FlexFringe/FlexFringe/models-ps-small/0.1.1.1.0.0.searchglobal.0.ini/0.1.1.1.0.0.searchglobal.0_16.04.TLTT.4.2.3_Small.final.json,/gpfs/projects/HeinzGroup/asoubki/FlexFringe/data/MLRegTest/Large/16.04.TLTT.4.2.3_TestSR.txt,2025-12-29 22:27:37.946323
0.1.1.1.0.0.searchglobal.0,Small,16,4,TLTT,4,2,3,TestLA,0.69082,0.7174834739001595,0.62952,0.670629594119527,0.30918,/gpfs/projects/HeinzGroup/caffeine_underground/mlrt/FlexFringe/FlexFringe/models-ps-small/0.1.1.1.0.0.searchglobal.0.ini/0.1.1.1.0.0.searchglobal.0_16.04.TLTT.4.2.3_Small.final.json,/gpfs/projects/HeinzGroup/asoubki/FlexFringe/data/MLRegTest/Large/16.04.TLTT.4.2.3_TestLA.txt,2025-12-29 22:27:37.946323
0.1.1.1.0.0.searchglobal.0,Small,16,4,TLTT,4,2,3,TestLR,0.81255,0.7730505128160327,0.88488,0.8251937370026018,0.18745,/gpfs/projects/HeinzGroup/caffeine_underground/mlrt/FlexFringe/FlexFringe/models-ps-small/0.1.1.1.0.0.searchglobal.0.ini/0.1.1.1.0.0.searchglobal.0_16.04.TLTT.4.2.3_Small.final.json,/gpfs/projects/HeinzGroup/asoubki/FlexFringe/data/MLRegTest/Large/16.04.TLTT.4.2.3_TestLR.txt,2025-12-29 22:27:37.946323
0.1.1.1.0.0.searchglobal.0,Small,16,4,TLTT,4,2,3,TestSA,0.73107,0.7784982523803784,0.64592,0.706039241405695,0.26893,/gpfs/projects/HeinzGroup/caffeine_underground/mlrt/FlexFringe/FlexFringe/models-ps-small/0.1.1.1.0.0.searchglobal.0.ini/0.1.1.1.0.0.searchglobal.0_16.04.TLTT.4.2.3_Small.final.json,/gpfs/projects/HeinzGroup/asoubki/FlexFringe/data/MLRegTest/Large/16.04.TLTT.4.2.3_TestSA.txt,2025-12-29 22:27:37.946323
0.1.1.1.0.0.searchglobal.0,Small,16,4,TLTT,4,2,3,Dev,0.86503,0.8235794699051503,0.92908,0.8731544570273954,0.13497,/gpfs/projects/HeinzGroup/caffeine_underground/mlrt/FlexFringe/FlexFringe/models-ps-small/0.1.1.1.0.0.searchglobal.0.ini/0.1.1.1.0.0.searchglobal.0_16.04.TLTT.4.2.3_Small.final.json,/gpfs/projects/HeinzGroup/asoubki/FlexFringe/data/MLRegTest/Large/16.04.TLTT.4.2.3_Dev.txt,2025-12-29 22:27:37.946323
0.1.1.1.0.0.searchglobal.0,Small,16,4,TLTT,4,2,3,Train,0.859,0.8188277087033747,0.922,0.8673565380997178,0.141,/gpfs/projects/HeinzGroup/caffeine_underground/mlrt/FlexFringe/FlexFringe/models-ps-small/0.1.1.1.0.0.searchglobal.0.ini/0.1.1.1.0.0.searchglobal.0_16.04.TLTT.4.2.3_Small.final.json,/gpfs/projects/HeinzGroup/asoubki/FlexFringe/data/MLRegTest/Small/16.04.TLTT.4.2.3_Train.txt,2025-12-29 22:27:37.946323
0.1.1.1.0.0.searchglobal.0,Small,16,4,TLTT,4,2,4,TestLR,0.81761,0.8781341524394599,0.73758,0.8017435351152755,0.18239,/gpfs/projects/HeinzGroup/caffeine_underground/mlrt/FlexFringe/FlexFringe/models-ps-small/0.1.1.1.0.0.searchglobal.0.ini/0.1.1.1.0.0.searchglobal.0_16.04.TLTT.4.2.4_Small.final.json,/gpfs/projects/HeinzGroup/asoubki/FlexFringe/data/MLRegTest/Large/16.04.TLTT.4.2.4_TestLR.txt,2025-12-29 23:18:48.168267
0.1.1.1.0.0.searchglobal.0,Small,16,4,TLTT,4,2,4,TestSR,0.90981,0.9217627565197702,0.89564,0.9085136382540601,0.09019,/gpfs/projects/HeinzGroup/caffeine_underground/mlrt/FlexFringe/FlexFringe/models-ps-small/0.1.1.1.0.0.searchglobal.0.ini/0.1.1.1.0.0.searchglobal.0_16.04.TLTT.4.2.4_Small.final.json,/gpfs/projects/HeinzGroup/asoubki/FlexFringe/data/MLRegTest/Large/16.04.TLTT.4.2.4_TestSR.txt,2025-12-29 23:18:48.168267
0.1.1.1.0.0.searchglobal.0,Small,16,4,TLTT,4,2,4,TestSA,0.524,0.5138166075622899,0.89252,0.6521789962879607,0.476,/gpfs/projects/HeinzGroup/caffeine_underground/mlrt/FlexFringe/FlexFringe/models-ps-small/0.1.1.1.0.0.searchglobal.0.ini/0.1.1.1.0.0.searchglobal.0_16.04.TLTT.4.2.4_Small.final.json,/gpfs/projects/HeinzGroup/asoubki/FlexFringe/data/MLRegTest/Large/16.04.TLTT.4.2.4_TestSA.txt,2025-12-29 23:18:48.168267
0.1.1.1.0.0.searchglobal.0,Small,16,4,TLTT,4,2,4,TestLA,0.52576,0.5182508643654707,0.73148,0.6066748498822281,0.47424,/gpfs/projects/HeinzGroup/caffeine_underground/mlrt/FlexFringe/FlexFringe/models-ps-small/0.1.1.1.0.0.searchglobal.0.ini/0.1.1.1.0.0.searchglobal.0_16.04.TLTT.4.2.4_Small.final.json,/gpfs/projects/HeinzGroup/asoubki/FlexFringe/data/MLRegTest/Large/16.04.TLTT.4.2.4_TestLA.txt,2025-12-29 23:18:48.168267
0.1.1.1.0.0.searchglobal.0,Small,16,4,TLTT,4,2,4,Dev,0.90811,0.9203246338599708,0.89358,0.9067551523638467,0.09189,/gpfs/projects/HeinzGroup/caffeine_underground/mlrt/FlexFringe/FlexFringe/models-ps-small/0.1.1.1.0.0.searchglobal.0.ini/0.1.1.1.0.0.searchglobal.0_16.04.TLTT.4.2.4_Small.final.json,/gpfs/projects/HeinzGroup/asoubki/FlexFringe/data/MLRegTest/Large/16.04.TLTT.4.2.4_Dev.txt,2025-12-29 23:18:48.168267
0.1.1.1.0.0.searchglobal.0,Small,16,4,TLTT,4,2,4,Train,0.915,0.9141716566866267,0.916,0.9150849150849151,0.085,/gpfs/projects/HeinzGroup/caffeine_underground/mlrt/FlexFringe/FlexFringe/models-ps-small/0.1.1.1.0.0.searchglobal.0.ini/0.1.1.1.0.0.searchglobal.0_16.04.TLTT.4.2.4_Small.final.json,/gpfs/projects/HeinzGroup/asoubki/FlexFringe/data/MLRegTest/Small/16.04.TLTT.4.2.4_Train.txt,2025-12-29 23:18:48.168267
0.1.1.1.0.0.searchglobal.0,Small,16,4,TLTT,4,2,5,TestLR,0.61173,0.8087999557791167,0.29264,0.42977779735941607,0.38827,/gpfs/projects/HeinzGroup/caffeine_underground/mlrt/FlexFringe/FlexFringe/models-ps-small/0.1.1.1.0.0.searchglobal.0.ini/0.1.1.1.0.0.searchglobal.0_16.04.TLTT.4.2.5_Small.final.json,/gpfs/projects/HeinzGroup/asoubki/FlexFringe/data/MLRegTest/Large/16.04.TLTT.4.2.5_TestLR.txt,2025-12-29 23:17:23.295441
0.1.1.1.0.0.searchglobal.0,Small,16,4,TLTT,4,2,5,TestLA,0.51311,0.5229412382318972,0.29884,0.3803342114975882,0.48689,/gpfs/projects/HeinzGroup/caffeine_underground/mlrt/FlexFringe/FlexFringe/models-ps-small/0.1.1.1.0.0.searchglobal.0.ini/0.1.1.1.0.0.searchglobal.0_16.04.TLTT.4.2.5_Small.final.json,/gpfs/projects/HeinzGroup/asoubki/FlexFringe/data/MLRegTest/Large/16.04.TLTT.4.2.5_TestLA.txt,2025-12-29 23:17:23.295441
0.1.1.1.0.0.searchglobal.0,Small,16,4,TLTT,4,2,5,TestSA,0.52075,0.5217637557424849,0.49746,0.5093221119882053,0.47925,/gpfs/projects/HeinzGroup/caffeine_underground/mlrt/FlexFringe/FlexFringe/models-ps-small/0.1.1.1.0.0.searchglobal.0.ini/0.1.1.1.0.0.searchglobal.0_16.04.TLTT.4.2.5_Small.final.json,/gpfs/projects/HeinzGroup/asoubki/FlexFringe/data/MLRegTest/Large/16.04.TLTT.4.2.5_TestSA.txt,2025-12-29 23:17:23.295441
0.1.1.1.0.0.searchglobal.0,Small,16,4,TLTT,4,2,5,TestSR,0.7132,0.8813953488372093,0.4927,0.632071840923669,0.2868,/gpfs/projects/HeinzGroup/caffeine_underground/mlrt/FlexFringe/FlexFringe/models-ps-small/0.1.1.1.0.0.searchglobal.0.ini/0.1.1.1.0.0.searchglobal.0_16.04.TLTT.4.2.5_Small.final.json,/gpfs/projects/HeinzGroup/asoubki/FlexFringe/data/MLRegTest/Large/16.04.TLTT.4.2.5_TestSR.txt,2025-12-29 23:17:23.295441
0.1.1.1.0.0.searchglobal.0,Small,16,4,TLTT,4,2,5,Dev,0.71337,0.8818497440853288,0.49276,0.6322380323073172,0.28663,/gpfs/projects/HeinzGroup/caffeine_underground/mlrt/FlexFringe/FlexFringe/models-ps-small/0.1.1.1.0.0.searchglobal.0.ini/0.1.1.1.0.0.searchglobal.0_16.04.TLTT.4.2.5_Small.final.json,/gpfs/projects/HeinzGroup/asoubki/FlexFringe/data/MLRegTest/Large/16.04.TLTT.4.2.5_Dev.txt,2025-12-29 23:17:23.295441
0.1.1.1.0.0.searchglobal.0,Small,16,4,TLTT,4,2,5,Train,0.703,0.8690909090909091,0.478,0.6167741935483871,0.297,/gpfs/projects/HeinzGroup/caffeine_underground/mlrt/FlexFringe/FlexFringe/models-ps-small/0.1.1.1.0.0.searchglobal.0.ini/0.1.1.1.0.0.searchglobal.0_16.04.TLTT.4.2.5_Small.final.json,/gpfs/projects/HeinzGroup/asoubki/FlexFringe/data/MLRegTest/Small/16.04.TLTT.4.2.5_Train.txt,2025-12-29 23:17:23.295441
0.1.1.1.0.0.searchglobal.0,Small,16,4,TLTT,4,2,6,TestSR,0.55485,0.7342615529170582,0.17192,0.27860696517412936,0.44515,/gpfs/projects/HeinzGroup/caffeine_underground/mlrt/FlexFringe/FlexFringe/models-ps-small/0.1.1.1.0.0.searchglobal.0.ini/0.1.1.1.0.0.searchglobal.0_16.04.TLTT.4.2.6_Small.final.json,/gpfs/projects/HeinzGroup/asoubki/FlexFringe/data/MLRegTest/Large/16.04.TLTT.4.2.6_TestSR.txt,2025-12-29 22:34:24.249731
0.1.1.1.0.0.searchglobal.0,Small,16,4,TLTT,4,2,6,TestLR,0.50629,0.5467102331798603,0.07362,0.12976574480461106,0.49371,/gpfs/projects/HeinzGroup/caffeine_underground/mlrt/FlexFringe/FlexFringe/models-ps-small/0.1.1.1.0.0.searchglobal.0.ini/0.1.1.1.0.0.searchglobal.0_16.04.TLTT.4.2.6_Small.final.json,/gpfs/projects/HeinzGroup/asoubki/FlexFringe/data/MLRegTest/Large/16.04.TLTT.4.2.6_TestLR.txt,2025-12-29 22:34:24.249731
0.1.1.1.0.0.searchglobal.0,Small,16,4,TLTT,4,2,6,TestSA,0.52183,0.5623607381591728,0.19686,0.291631483045198,0.47817,/gpfs/projects/HeinzGroup/caffeine_underground/mlrt/FlexFringe/FlexFringe/models-ps-small/0.1.1.1.0.0.searchglobal.0.ini/0.1.1.1.0.0.searchglobal.0_16.04.TLTT.4.2.6_Small.final.json,/gpfs/projects/HeinzGroup/asoubki/FlexFringe/data/MLRegTest/Large/16.04.TLTT.4.2.6_TestSA.txt,2025-12-29 22:34:24.249731
0.1.1.1.0.0.searchglobal.0,Small,16,4,TLTT,4,2,6,TestLA,0.50289,0.5182703249462638,0.08198,0.14156694123538655,0.49711,/gpfs/projects/HeinzGroup/caffeine_underground/mlrt/FlexFringe/FlexFringe/models-ps-small/0.1.1.1.0.0.searchglobal.0.ini/0.1.1.1.0.0.searchglobal.0_16.04.TLTT.4.2.6_Small.final.json,/gpfs/projects/HeinzGroup/asoubki/FlexFringe/data/MLRegTest/Large/16.04.TLTT.4.2.6_TestLA.txt,2025-12-29 22:34:24.249731
0.1.1.1.0.0.searchglobal.0,Small,16,4,TLTT,4,2,6,Dev,0.5559,0.7363836265223275,0.17414,0.2816705486542443,0.4441,/gpfs/projects/HeinzGroup/caffeine_underground/mlrt/FlexFringe/FlexFringe/models-ps-small/0.1.1.1.0.0.searchglobal.0.ini/0.1.1.1.0.0.searchglobal.0_16.04.TLTT.4.2.6_Small.final.json,/gpfs/projects/HeinzGroup/asoubki/FlexFringe/data/MLRegTest/Large/16.04.TLTT.4.2.6_Dev.txt,2025-12-29 22:34:24.249731
0.1.1.1.0.0.searchglobal.0,Small,16,4,TLTT,4,2,6,Train,0.57,0.7916666666666666,0.19,0.3064516129032258,0.43,/gpfs/projects/HeinzGroup/caffeine_underground/mlrt/FlexFringe/FlexFringe/models-ps-small/0.1.1.1.0.0.searchglobal.0.ini/0.1.1.1.0.0.searchglobal.0_16.04.TLTT.4.2.6_Small.final.json,/gpfs/projects/HeinzGroup/asoubki/FlexFringe/data/MLRegTest/Small/16.04.TLTT.4.2.6_Train.txt,2025-12-29 22:34:24.249731
0.1.1.1.0.0.searchglobal.0,Small,16,4,TLTT,4,2,7,TestSR,0.54957,0.9062448778888706,0.11058,0.19710878593964457,0.45043,/gpfs/projects/HeinzGroup/caffeine_underground/mlrt/FlexFringe/FlexFringe/models-ps-small/0.1.1.1.0.0.searchglobal.0.ini/0.1.1.1.0.0.searchglobal.0_16.04.TLTT.4.2.7_Small.final.json,/gpfs/projects/HeinzGroup/asoubki/FlexFringe/data/MLRegTest/Large/16.04.TLTT.4.2.7_TestSR.txt,2025-12-29 22:29:32.832842
0.1.1.1.0.0.searchglobal.0,Small,16,4,TLTT,4,2,7,TestSA,0.55365,0.7754389567717425,0.15104,0.2528331575687574,0.44635,/gpfs/projects/HeinzGroup/caffeine_underground/mlrt/FlexFringe/FlexFringe/models-ps-small/0.1.1.1.0.0.searchglobal.0.ini/0.1.1.1.0.0.searchglobal.0_16.04.TLTT.4.2.7_Small.final.json,/gpfs/projects/HeinzGroup/asoubki/FlexFringe/data/MLRegTest/Large/16.04.TLTT.4.2.7_TestSA.txt,2025-12-29 22:29:32.832842
0.1.1.1.0.0.searchglobal.0,Small,16,4,TLTT,4,2,7,TestLA,0.50639,0.6355536699193891,0.02996,0.05722252993869015,0.49361,/gpfs/projects/HeinzGroup/caffeine_underground/mlrt/FlexFringe/FlexFringe/models-ps-small/0.1.1.1.0.0.searchglobal.0.ini/0.1.1.1.0.0.searchglobal.0_16.04.TLTT.4.2.7_Small.final.json,/gpfs/projects/HeinzGroup/asoubki/FlexFringe/data/MLRegTest/Large/16.04.TLTT.4.2.7_TestLA.txt,2025-12-29 22:29:32.832842
0.1.1.1.0.0.searchglobal.0,Small,16,4,TLTT,4,2,7,TestLR,0.50423,0.6258179654967282,0.02104,0.04071128654631296,0.49577,/gpfs/projects/HeinzGroup/caffeine_underground/mlrt/FlexFringe/FlexFringe/models-ps-small/0.1.1.1.0.0.searchglobal.0.ini/0.1.1.1.0.0.searchglobal.0_16.04.TLTT.4.2.7_Small.final.json,/gpfs/projects/HeinzGroup/asoubki/FlexFringe/data/MLRegTest/Large/16.04.TLTT.4.2.7_TestLR.txt,2025-12-29 22:29:32.832842
0.1.1.1.0.0.searchglobal.0,Small,16,4,TLTT,4,2,7,Dev,0.55004,0.9090909090909091,0.1112,0.1981609523130658,0.44996,/gpfs/projects/HeinzGroup/caffeine_underground/mlrt/FlexFringe/FlexFringe/models-ps-small/0.1.1.1.0.0.searchglobal.0.ini/0.1.1.1.0.0.searchglobal.0_16.04.TLTT.4.2.7_Small.final.json,/gpfs/projects/HeinzGroup/asoubki/FlexFringe/data/MLRegTest/Large/16.04.TLTT.4.2.7_Dev.txt,2025-12-29 22:29:32.832842
0.1.1.1.0.0.searchglobal.0,Small,16,4,TLTT,4,2,7,Train,0.545,0.8813559322033898,0.104,0.18604651162790697,0.455,/gpfs/projects/HeinzGroup/caffeine_underground/mlrt/FlexFringe/FlexFringe/models-ps-small/0.1.1.1.0.0.searchglobal.0.ini/0.1.1.1.0.0.searchglobal.0_16.04.TLTT.4.2.7_Small.final.json,/gpfs/projects/HeinzGroup/asoubki/FlexFringe/data/MLRegTest/Small/16.04.TLTT.4.2.7_Train.txt,2025-12-29 22:29:32.832842
0.1.1.1.0.0.searchglobal.0,Small,16,4,TLTT,4,2,8,TestLA,0.50528,0.5899182561307902,0.03464,0.065437509445368,0.49472,/gpfs/projects/HeinzGroup/caffeine_underground/mlrt/FlexFringe/FlexFringe/models-ps-small/0.1.1.1.0.0.searchglobal.0.ini/0.1.1.1.0.0.searchglobal.0_16.04.TLTT.4.2.8_Small.final.json,/gpfs/projects/HeinzGroup/asoubki/FlexFringe/data/MLRegTest/Large/16.04.TLTT.4.2.8_TestLA.txt,2025-12-29 22:47:08.534066
0.1.1.1.0.0.searchglobal.0,Small,16,4,TLTT,4,2,8,TestSA,0.5526,0.7349892780557541,0.16452,0.26885867433651456,0.4474,/gpfs/projects/HeinzGroup/caffeine_underground/mlrt/FlexFringe/FlexFringe/models-ps-small/0.1.1.1.0.0.searchglobal.0.ini/0.1.1.1.0.0.searchglobal.0_16.04.TLTT.4.2.8_Small.final.json,/gpfs/projects/HeinzGroup/asoubki/FlexFringe/data/MLRegTest/Large/16.04.TLTT.4.2.8_TestSA.txt,2025-12-29 22:47:08.534066
0.1.1.1.0.0.searchglobal.0,Small,16,4,TLTT,4,2,8,TestSR,0.56002,0.9175013912075681,0.1319,0.2306427921941666,0.43998,/gpfs/projects/HeinzGroup/caffeine_underground/mlrt/FlexFringe/FlexFringe/models-ps-small/0.1.1.1.0.0.searchglobal.0.ini/0.1.1.1.0.0.searchglobal.0_16.04.TLTT.4.2.8_Small.final.json,/gpfs/projects/HeinzGroup/asoubki/FlexFringe/data/MLRegTest/Large/16.04.TLTT.4.2.8_TestSR.txt,2025-12-29 22:47:08.534066
0.1.1.1.0.0.searchglobal.0,Small,16,4,TLTT,4,2,8,TestLR,0.50653,0.6522144522144522,0.02798,0.05365806884648576,0.49347,/gpfs/projects/HeinzGroup/caffeine_underground/mlrt/FlexFringe/FlexFringe/models-ps-small/0.1.1.1.0.0.searchglobal.0.ini/0.1.1.1.0.0.searchglobal.0_16.04.TLTT.4.2.8_Small.final.json,/gpfs/projects/HeinzGroup/asoubki/FlexFringe/data/MLRegTest/Large/16.04.TLTT.4.2.8_TestLR.txt,2025-12-29 22:47:08.534066
0.1.1.1.0.0.searchglobal.0,Small,16,4,TLTT,4,2,8,Dev,0.56025,0.9112627986348123,0.1335,0.23288268643698212,0.43975,/gpfs/projects/HeinzGroup/caffeine_underground/mlrt/FlexFringe/FlexFringe/models-ps-small/0.1.1.1.0.0.searchglobal.0.ini/0.1.1.1.0.0.searchglobal.0_16.04.TLTT.4.2.8_Small.final.json,/gpfs/projects/HeinzGroup/asoubki/FlexFringe/data/MLRegTest/Large/16.04.TLTT.4.2.8_Dev.txt,2025-12-29 22:47:08.534066
0.1.1.1.0.0.searchglobal.0,Small,16,4,TLTT,4,2,8,Train,0.569,0.9259259259259259,0.15,0.25817555938037867,0.431,/gpfs/projects/HeinzGroup/caffeine_underground/mlrt/FlexFringe/FlexFringe/models-ps-small/0.1.1.1.0.0.searchglobal.0.ini/0.1.1.1.0.0.searchglobal.0_16.04.TLTT.4.2.8_Small.final.json,/gpfs/projects/HeinzGroup/asoubki/FlexFringe/data/MLRegTest/Small/16.04.TLTT.4.2.8_Train.txt,2025-12-29 22:47:08.534066
0.1.1.1.0.0.searchglobal.0,Small,16,4,TLTT,4,2,9,TestLR,0.53106,0.7026356993736952,0.1077,0.18677164261931187,0.46894,/gpfs/projects/HeinzGroup/caffeine_underground/mlrt/FlexFringe/FlexFringe/models-ps-small/0.1.1.1.0.0.searchglobal.0.ini/0.1.1.1.0.0.searchglobal.0_16.04.TLTT.4.2.9_Small.final.json,/gpfs/projects/HeinzGroup/asoubki/FlexFringe/data/MLRegTest/Large/16.04.TLTT.4.2.9_TestLR.txt,2025-12-29 22:47:15.449369
0.1.1.1.0.0.searchglobal.0,Small,16,4,TLTT,4,2,9,TestSR,0.62881,0.8742953449177661,0.30088,0.44769146071093785,0.37119,/gpfs/projects/HeinzGroup/caffeine_underground/mlrt/FlexFringe/FlexFringe/models-ps-small/0.1.1.1.0.0.searchglobal.0.ini/0.1.1.1.0.0.searchglobal.0_16.04.TLTT.4.2.9_Small.final.json,/gpfs/projects/HeinzGroup/asoubki/FlexFringe/data/MLRegTest/Large/16.04.TLTT.4.2.9_TestSR.txt,2025-12-29 22:47:15.449369
0.1.1.1.0.0.searchglobal.0,Small,16,4,TLTT,4,2,9,TestSA,0.54007,0.5707325684024713,0.32332,0.41279285030322377,0.45993,/gpfs/projects/HeinzGroup/caffeine_underground/mlrt/FlexFringe/FlexFringe/models-ps-small/0.1.1.1.0.0.searchglobal.0.ini/0.1.1.1.0.0.searchglobal.0_16.04.TLTT.4.2.9_Small.final.json,/gpfs/projects/HeinzGroup/asoubki/FlexFringe/data/MLRegTest/Large/16.04.TLTT.4.2.9_TestSA.txt,2025-12-29 22:47:15.449369
0.1.1.1.0.0.searchglobal.0,Small,16,4,TLTT,4,2,9,TestLA,0.51027,0.5464663831327482,0.12078,0.19783459730389347,0.48973,/gpfs/projects/HeinzGroup/caffeine_underground/mlrt/FlexFringe/FlexFringe/models-ps-small/0.1.1.1.0.0.searchglobal.0.ini/0.1.1.1.0.0.searchglobal.0_16.04.TLTT.4.2.9_Small.final.json,/gpfs/projects/HeinzGroup/asoubki/FlexFringe/data/MLRegTest/Large/16.04.TLTT.4.2.9_TestLA.txt,2025-12-29 22:47:15.449369
0.1.1.1.0.0.searchglobal.0,Small,16,4,TLTT,4,2,9,Dev,0.62837,0.8715915011868234,0.3011,0.4475792665705409,0.37163,/gpfs/projects/HeinzGroup/caffeine_underground/mlrt/FlexFringe/FlexFringe/models-ps-small/0.1.1.1.0.0.searchglobal.0.ini/0.1.1.1.0.0.searchglobal.0_16.04.TLTT.4.2.9_Small.final.json,/gpfs/projects/HeinzGroup/asoubki/FlexFringe/data/MLRegTest/Large/16.04.TLTT.4.2.9_Dev.txt,2025-12-29 22:47:15.449369
0.1.1.1.0.0.searchglobal.0,Small,16,4,TLTT,4,2,9,Train,0.618,0.8554216867469879,0.284,0.4264264264264264,0.382,/gpfs/projects/HeinzGroup/caffeine_underground/mlrt/FlexFringe/FlexFringe/models-ps-small/0.1.1.1.0.0.searchglobal.0.ini/0.1.1.1.0.0.searchglobal.0_16.04.TLTT.4.2.9_Small.final.json,/gpfs/projects/HeinzGroup/asoubki/FlexFringe/data/MLRegTest/Small/16.04.TLTT.4.2.9_Train.txt,2025-12-29 22:47:15.449369
0.1.1.1.0.0.searchglobal.0,Small,16,4,TLTT,4,3,0,TestLR,0.74522,0.7835568917668825,0.67762,0.7267481767481767,0.25478,/gpfs/projects/HeinzGroup/caffeine_underground/mlrt/FlexFringe/FlexFringe/models-ps-small/0.1.1.1.0.0.searchglobal.0.ini/0.1.1.1.0.0.searchglobal.0_16.04.TLTT.4.3.0_Small.final.json,/gpfs/projects/HeinzGroup/asoubki/FlexFringe/data/MLRegTest/Large/16.04.TLTT.4.3.0_TestLR.txt,2025-12-29 22:36:48.658339
0.1.1.1.0.0.searchglobal.0,Small,16,4,TLTT,4,3,0,TestSR,0.83264,0.8536315699948971,0.80296,0.8275208178745156,0.16736,/gpfs/projects/HeinzGroup/caffeine_underground/mlrt/FlexFringe/FlexFringe/models-ps-small/0.1.1.1.0.0.searchglobal.0.ini/0.1.1.1.0.0.searchglobal.0_16.04.TLTT.4.3.0_Small.final.json,/gpfs/projects/HeinzGroup/asoubki/FlexFringe/data/MLRegTest/Large/16.04.TLTT.4.3.0_TestSR.txt,2025-12-29 22:36:48.658339
0.1.1.1.0.0.searchglobal.0,Small,16,4,TLTT,4,3,0,TestLA,0.52783,0.5216788446258588,0.6697,0.5864940842652842,0.47217,/gpfs/projects/HeinzGroup/caffeine_underground/mlrt/FlexFringe/FlexFringe/models-ps-small/0.1.1.1.0.0.searchglobal.0.ini/0.1.1.1.0.0.searchglobal.0_16.04.TLTT.4.3.0_Small.final.json,/gpfs/projects/HeinzGroup/asoubki/FlexFringe/data/MLRegTest/Large/16.04.TLTT.4.3.0_TestLA.txt,2025-12-29 22:36:48.658339
0.1.1.1.0.0.searchglobal.0,Small,16,4,TLTT,4,3,0,TestSA,0.53492,0.5232589119198593,0.7856,0.6281382927687338,0.46508,/gpfs/projects/HeinzGroup/caffeine_underground/mlrt/FlexFringe/FlexFringe/models-ps-small/0.1.1.1.0.0.searchglobal.0.ini/0.1.1.1.0.0.searchglobal.0_16.04.TLTT.4.3.0_Small.final.json,/gpfs/projects/HeinzGroup/asoubki/FlexFringe/data/MLRegTest/Large/16.04.TLTT.4.3.0_TestSA.txt,2025-12-29 22:36:48.658339
0.1.1.1.0.0.searchglobal.0,Small,16,4,TLTT,4,3,0,Dev,0.82831,0.8504066429013597,0.79678,0.8227203733724328,0.17169,/gpfs/projects/HeinzGroup/caffeine_underground/mlrt/FlexFringe/FlexFringe/models-ps-small/0.1.1.1.0.0.searchglobal.0.ini/0.1.1.1.0.0.searchglobal.0_16.04.TLTT.4.3.0_Small.final.json,/gpfs/projects/HeinzGroup/asoubki/FlexFringe/data/MLRegTest/Large/16.04.TLTT.4.3.0_Dev.txt,2025-12-29 22:36:48.658339
0.1.1.1.0.0.searchglobal.0,Small,16,4,TLTT,4,3,0,Train,0.828,0.8360655737704918,0.816,0.8259109311740891,0.172,/gpfs/projects/HeinzGroup/caffeine_underground/mlrt/FlexFringe/FlexFringe/models-ps-small/0.1.1.1.0.0.searchglobal.0.ini/0.1.1.1.0.0.searchglobal.0_16.04.TLTT.4.3.0_Small.final.json,/gpfs/projects/HeinzGroup/asoubki/FlexFringe/data/MLRegTest/Small/16.04.TLTT.4.3.0_Train.txt,2025-12-29 22:36:48.658339
0.1.1.1.0.0.searchglobal.0,Small,16,4,TLTT,4,3,1,TestSR,0.68743,0.6287170189679564,0.9155,0.7454786779255255,0.31257,/gpfs/projects/HeinzGroup/caffeine_underground/mlrt/FlexFringe/FlexFringe/models-ps-small/0.1.1.1.0.0.searchglobal.0.ini/0.1.1.1.0.0.searchglobal.0_16.04.TLTT.4.3.1_Small.final.json,/gpfs/projects/HeinzGroup/asoubki/FlexFringe/data/MLRegTest/Large/16.04.TLTT.4.3.1_TestSR.txt,2025-12-29 23:29:35.018552
0.1.1.1.0.0.searchglobal.0,Small,16,4,TLTT,4,3,1,TestLA,0.51551,0.5113091158327622,0.70124,0.5913993910924072,0.48449,/gpfs/projects/HeinzGroup/caffeine_underground/mlrt/FlexFringe/FlexFringe/models-ps-small/0.1.1.1.0.0.searchglobal.0.ini/0.1.1.1.0.0.searchglobal.0_16.04.TLTT.4.3.1_Small.final.json,/gpfs/projects/HeinzGroup/asoubki/FlexFringe/data/MLRegTest/Large/16.04.TLTT.4.3.1_TestLA.txt,2025-12-29 23:29:35.018552
0.1.1.1.0.0.searchglobal.0,Small,16,4,TLTT,4,3,1,TestSA,0.51852,0.5164815605866439,0.58036,0.5465606871091689,0.48148,/gpfs/projects/HeinzGroup/caffeine_underground/mlrt/FlexFringe/FlexFringe/models-ps-small/0.1.1.1.0.0.searchglobal.0.ini/0.1.1.1.0.0.searchglobal.0_16.04.TLTT.4.3.1_Small.final.json,/gpfs/projects/HeinzGroup/asoubki/FlexFringe/data/MLRegTest/Large/16.04.TLTT.4.3.1_TestSA.txt,2025-12-29 23:29:35.018552
0.1.1.1.0.0.searchglobal.0,Small,16,4,TLTT,4,3,1,TestLR,0.61137,0.571419410278444,0.89106,0.6963092623994874,0.38863,/gpfs/projects/HeinzGroup/caffeine_underground/mlrt/FlexFringe/FlexFringe/models-ps-small/0.1.1.1.0.0.searchglobal.0.ini/0.1.1.1.0.0.searchglobal.0_16.04.TLTT.4.3.1_Small.final.json,/gpfs/projects/HeinzGroup/asoubki/FlexFringe/data/MLRegTest/Large/16.04.TLTT.4.3.1_TestLR.txt,2025-12-29 23:29:35.018552
0.1.1.1.0.0.searchglobal.0,Small,16,4,TLTT,4,3,1,Dev,0.68684,0.6280427631578948,0.91644,0.7453155497722836,0.31316,/gpfs/projects/HeinzGroup/caffeine_underground/mlrt/FlexFringe/FlexFringe/models-ps-small/0.1.1.1.0.0.searchglobal.0.ini/0.1.1.1.0.0.searchglobal.0_16.04.TLTT.4.3.1_Small.final.json,/gpfs/projects/HeinzGroup/asoubki/FlexFringe/data/MLRegTest/Large/16.04.TLTT.4.3.1_Dev.txt,2025-12-29 23:29:35.018552
0.1.1.1.0.0.searchglobal.0,Small,16,4,TLTT,4,3,1,Train,0.697,0.6377622377622377,0.912,0.7506172839506173,0.303,/gpfs/projects/HeinzGroup/caffeine_underground/mlrt/FlexFringe/FlexFringe/models-ps-small/0.1.1.1.0.0.searchglobal.0.ini/0.1.1.1.0.0.searchglobal.0_16.04.TLTT.4.3.1_Small.final.json,/gpfs/projects/HeinzGroup/asoubki/FlexFringe/data/MLRegTest/Small/16.04.TLTT.4.3.1_Train.txt,2025-12-29 23:29:35.018552
0.1.1.1.0.0.searchglobal.0,Small,16,4,TLTT,4,3,2,TestLR,0.74016,0.7231472534007285,0.77828,0.7497013832697569,0.25984,/gpfs/projects/HeinzGroup/caffeine_underground/mlrt/FlexFringe/FlexFringe/models-ps-small/0.1.1.1.0.0.searchglobal.0.ini/0.1.1.1.0.0.searchglobal.0_16.04.TLTT.4.3.2_Small.final.json,/gpfs/projects/HeinzGroup/asoubki/FlexFringe/data/MLRegTest/Large/16.04.TLTT.4.3.2_TestLR.txt,2025-12-29 22:15:49.413187
0.1.1.1.0.0.searchglobal.0,Small,16,4,TLTT,4,3,2,TestSA,0.56401,0.6090794451450189,0.35742,0.4504858774152078,0.43599,/gpfs/projects/HeinzGroup/caffeine_underground/mlrt/FlexFringe/FlexFringe/models-ps-small/0.1.1.1.0.0.searchglobal.0.ini/0.1.1.1.0.0.searchglobal.0_16.04.TLTT.4.3.2_Small.final.json,/gpfs/projects/HeinzGroup/asoubki/FlexFringe/data/MLRegTest/Large/16.04.TLTT.4.3.2_TestSA.txt,2025-12-29 22:15:49.413187
0.1.1.1.0.0.searchglobal.0,Small,16,4,TLTT,4,3,2,TestLA,0.54386,0.5632097769066697,0.3908,0.4614258389024016,0.45614,/gpfs/projects/HeinzGroup/caffeine_underground/mlrt/FlexFringe/FlexFringe/models-ps-small/0.1.1.1.0.0.searchglobal.0.ini/0.1.1.1.0.0.searchglobal.0_16.04.TLTT.4.3.2_Small.final.json,/gpfs/projects/HeinzGroup/asoubki/FlexFringe/data/MLRegTest/Large/16.04.TLTT.4.3.2_TestLA.txt,2025-12-29 22:15:49.413187
0.1.1.1.0.0.searchglobal.0,Small,16,4,TLTT,4,3,2,TestSR,0.81827,0.7952795353756518,0.8572,0.8250796492545215,0.18173,/gpfs/projects/HeinzGroup/caffeine_underground/mlrt/FlexFringe/FlexFringe/models-ps-small/0.1.1.1.0.0.searchglobal.0.ini/0.1.1.1.0.0.searchglobal.0_16.04.TLTT.4.3.2_Small.final.json,/gpfs/projects/HeinzGroup/asoubki/FlexFringe/data/MLRegTest/Large/16.04.TLTT.4.3.2_TestSR.txt,2025-12-29 22:15:49.413187
0.1.1.1.0.0.searchglobal.0,Small,16,4,TLTT,4,3,2,Dev,0.81639,0.7923851769707051,0.85744,0.8236299889534604,0.18361,/gpfs/projects/HeinzGroup/caffeine_underground/mlrt/FlexFringe/FlexFringe/models-ps-small/0.1.1.1.0.0.searchglobal.0.ini/0.1.1.1.0.0.searchglobal.0_16.04.TLTT.4.3.2_Small.final.json,/gpfs/projects/HeinzGroup/asoubki/FlexFringe/data/MLRegTest/Large/16.04.TLTT.4.3.2_Dev.txt,2025-12-29 22:15:49.413187
0.1.1.1.0.0.searchglobal.0,Small,16,4,TLTT,4,3,2,Train,0.813,0.7947269303201506,0.844,0.8186226964112512,0.187,/gpfs/projects/HeinzGroup/caffeine_underground/mlrt/FlexFringe/FlexFringe/models-ps-small/0.1.1.1.0.0.searchglobal.0.ini/0.1.1.1.0.0.searchglobal.0_16.04.TLTT.4.3.2_Small.final.json,/gpfs/projects/HeinzGroup/asoubki/FlexFringe/data/MLRegTest/Small/16.04.TLTT.4.3.2_Train.txt,2025-12-29 22:15:49.413187
0.1.1.1.0.0.searchglobal.0,Small,16,4,TLTT,4,3,3,TestSR,0.87813,0.8264412866688537,0.9573,0.8870706190868909,0.12187,/gpfs/projects/HeinzGroup/caffeine_underground/mlrt/FlexFringe/FlexFringe/models-ps-small/0.1.1.1.0.0.searchglobal.0.ini/0.1.1.1.0.0.searchglobal.0_16.04.TLTT.4.3.3_Small.final.json,/gpfs/projects/HeinzGroup/asoubki/FlexFringe/data/MLRegTest/Large/16.04.TLTT.4.3.3_TestSR.txt,2025-12-29 22:48:50.905035
0.1.1.1.0.0.searchglobal.0,Small,16,4,TLTT,4,3,3,TestSA,0.7723,0.7968947620916743,0.73088,0.7624611404368963,0.2277,/gpfs/projects/HeinzGroup/caffeine_underground/mlrt/FlexFringe/FlexFringe/models-ps-small/0.1.1.1.0.0.searchglobal.0.ini/0.1.1.1.0.0.searchglobal.0_16.04.TLTT.4.3.3_Small.final.json,/gpfs/projects/HeinzGroup/asoubki/FlexFringe/data/MLRegTest/Large/16.04.TLTT.4.3.3_TestSA.txt,2025-12-29 22:48:50.905035
0.1.1.1.0.0.searchglobal.0,Small,16,4,TLTT,4,3,3,TestLA,0.74269,0.7536210680321873,0.72114,0.7370228422504982,0.25731,/gpfs/projects/HeinzGroup/caffeine_underground/mlrt/FlexFringe/FlexFringe/models-ps-small/0.1.1.1.0.0.searchglobal.0.ini/0.1.1.1.0.0.searchglobal.0_16.04.TLTT.4.3.3_Small.final.json,/gpfs/projects/HeinzGroup/asoubki/FlexFringe/data/MLRegTest/Large/16.04.TLTT.4.3.3_TestLA.txt,2025-12-29 22:48:50.905035
0.1.1.1.0.0.searchglobal.0,Small,16,4,TLTT,4,3,3,TestLR,0.83931,0.7891435875585854,0.92606,0.8521371060501495,0.16069,/gpfs/projects/HeinzGroup/caffeine_underground/mlrt/FlexFringe/FlexFringe/models-ps-small/0.1.1.1.0.0.searchglobal.0.ini/0.1.1.1.0.0.searchglobal.0_16.04.TLTT.4.3.3_Small.final.json,/gpfs/projects/HeinzGroup/asoubki/FlexFringe/data/MLRegTest/Large/16.04.TLTT.4.3.3_TestLR.txt,2025-12-29 22:48:50.905035
0.1.1.1.0.0.searchglobal.0,Small,16,4,TLTT,4,3,3,Dev,0.87746,0.8252731722450105,0.95768,0.8865601451556164,0.12254,/gpfs/projects/HeinzGroup/caffeine_underground/mlrt/FlexFringe/FlexFringe/models-ps-small/0.1.1.1.0.0.searchglobal.0.ini/0.1.1.1.0.0.searchglobal.0_16.04.TLTT.4.3.3_Small.final.json,/gpfs/projects/HeinzGroup/asoubki/FlexFringe/data/MLRegTest/Large/16.04.TLTT.4.3.3_Dev.txt,2025-12-29 22:48:50.905035
0.1.1.1.0.0.searchglobal.0,Small,16,4,TLTT,4,3,3,Train,0.87,0.8211805555555556,0.946,0.879182156133829,0.13,/gpfs/projects/HeinzGroup/caffeine_underground/mlrt/FlexFringe/FlexFringe/models-ps-small/0.1.1.1.0.0.searchglobal.0.ini/0.1.1.1.0.0.searchglobal.0_16.04.TLTT.4.3.3_Small.final.json,/gpfs/projects/HeinzGroup/asoubki/FlexFringe/data/MLRegTest/Small/16.04.TLTT.4.3.3_Train.txt,2025-12-29 22:48:50.905035
0.1.1.1.0.0.searchglobal.0,Small,16,4,TLTT,4,3,4,TestSA,0.53443,0.5262371786078979,0.69056,0.5973030714539023,0.46557,/gpfs/projects/HeinzGroup/caffeine_underground/mlrt/FlexFringe/FlexFringe/models-ps-small/0.1.1.1.0.0.searchglobal.0.ini/0.1.1.1.0.0.searchglobal.0_16.04.TLTT.4.3.4_Small.final.json,/gpfs/projects/HeinzGroup/asoubki/FlexFringe/data/MLRegTest/Large/16.04.TLTT.4.3.4_TestSA.txt,2025-12-29 23:16:28.276488
0.1.1.1.0.0.searchglobal.0,Small,16,4,TLTT,4,3,4,TestLR,0.69886,0.7673855752164793,0.57072,0.6546005092560733,0.30114,/gpfs/projects/HeinzGroup/caffeine_underground/mlrt/FlexFringe/FlexFringe/models-ps-small/0.1.1.1.0.0.searchglobal.0.ini/0.1.1.1.0.0.searchglobal.0_16.04.TLTT.4.3.4_Small.final.json,/gpfs/projects/HeinzGroup/asoubki/FlexFringe/data/MLRegTest/Large/16.04.TLTT.4.3.4_TestLR.txt,2025-12-29 23:16:28.276488
0.1.1.1.0.0.searchglobal.0,Small,16,4,TLTT,4,3,4,TestSR,0.78071,0.840526967028168,0.69288,0.7595952508852517,0.21929,/gpfs/projects/HeinzGroup/caffeine_underground/mlrt/FlexFringe/FlexFringe/models-ps-small/0.1.1.1.0.0.searchglobal.0.ini/0.1.1.1.0.0.searchglobal.0_16.04.TLTT.4.3.4_Small.final.json,/gpfs/projects/HeinzGroup/asoubki/FlexFringe/data/MLRegTest/Large/16.04.TLTT.4.3.4_TestSR.txt,2025-12-29 23:16:28.276488
0.1.1.1.0.0.searchglobal.0,Small,16,4,TLTT,4,3,4,TestLA,0.52375,0.5219302295517922,0.56524,0.5427224457267953,0.47625,/gpfs/projects/HeinzGroup/caffeine_underground/mlrt/FlexFringe/FlexFringe/models-ps-small/0.1.1.1.0.0.searchglobal.0.ini/0.1.1.1.0.0.searchglobal.0_16.04.TLTT.4.3.4_Small.final.json,/gpfs/projects/HeinzGroup/asoubki/FlexFringe/data/MLRegTest/Large/16.04.TLTT.4.3.4_TestLA.txt,2025-12-29 23:16:28.276488
0.1.1.1.0.0.searchglobal.0,Small,16,4,TLTT,4,3,4,Dev,0.782,0.8414870428675224,0.6949,0.7612005696133202,0.218,/gpfs/projects/HeinzGroup/caffeine_underground/mlrt/FlexFringe/FlexFringe/models-ps-small/0.1.1.1.0.0.searchglobal.0.ini/0.1.1.1.0.0.searchglobal.0_16.04.TLTT.4.3.4_Small.final.json,/gpfs/projects/HeinzGroup/asoubki/FlexFringe/data/MLRegTest/Large/16.04.TLTT.4.3.4_Dev.txt,2025-12-29 23:16:28.276488
0.1.1.1.0.0.searchglobal.0,Small,16,4,TLTT,4,3,4,Train,0.775,0.8534704370179949,0.664,0.7469066366704162,0.225,/gpfs/projects/HeinzGroup/caffeine_underground/mlrt/FlexFringe/FlexFringe/models-ps-small/0.1.1.1.0.0.searchglobal.0.ini/0.1.1.1.0.0.searchglobal.0_16.04.TLTT.4.3.4_Small.final.json,/gpfs/projects/HeinzGroup/asoubki/FlexFringe/data/MLRegTest/Small/16.04.TLTT.4.3.4_Train.txt,2025-12-29 23:16:28.276488
0.1.1.1.0.0.searchglobal.0,Small,16,4,TLTT,4,3,5,TestLA,0.53311,0.5363710262099874,0.48828,0.5111969597035083,0.46689,/gpfs/projects/HeinzGroup/caffeine_underground/mlrt/FlexFringe/FlexFringe/models-ps-small/0.1.1.1.0.0.searchglobal.0.ini/0.1.1.1.0.0.searchglobal.0_16.04.TLTT.4.3.5_Small.final.json,/gpfs/projects/HeinzGroup/asoubki/FlexFringe/data/MLRegTest/Large/16.04.TLTT.4.3.5_TestLA.txt,2025-12-29 22:12:16.763837
0.1.1.1.0.0.searchglobal.0,Small,16,4,TLTT,4,3,5,TestLR,0.72443,0.9450680204656328,0.47656,0.6336138699426961,0.27557,/gpfs/projects/HeinzGroup/caffeine_underground/mlrt/FlexFringe/FlexFringe/models-ps-small/0.1.1.1.0.0.searchglobal.0.ini/0.1.1.1.0.0.searchglobal.0_16.04.TLTT.4.3.5_Small.final.json,/gpfs/projects/HeinzGroup/asoubki/FlexFringe/data/MLRegTest/Large/16.04.TLTT.4.3.5_TestLR.txt,2025-12-29 22:12:16.763837
0.1.1.1.0.0.searchglobal.0,Small,16,4,TLTT,4,3,5,TestSA,0.53724,0.5249986574297836,0.78208,0.6282574467401433,0.46276,/gpfs/projects/HeinzGroup/caffeine_underground/mlrt/FlexFringe/FlexFringe/models-ps-small/0.1.1.1.0.0.searchglobal.0.ini/0.1.1.1.0.0.searchglobal.0_16.04.TLTT.4.3.5_Small.final.json,/gpfs/projects/HeinzGroup/asoubki/FlexFringe/data/MLRegTest/Large/16.04.TLTT.4.3.5_TestSA.txt,2025-12-29 22:12:16.763837
0.1.1.1.0.0.searchglobal.0,Small,16,4,TLTT,4,3,5,TestSR,0.87481,0.9653365778561319,0.77754,0.8613206606626566,0.12519,/gpfs/projects/HeinzGroup/caffeine_underground/mlrt/FlexFringe/FlexFringe/models-ps-small/0.1.1.1.0.0.searchglobal.0.ini/0.1.1.1.0.0.searchglobal.0_16.04.TLTT.4.3.5_Small.final.json,/gpfs/projects/HeinzGroup/asoubki/FlexFringe/data/MLRegTest/Large/16.04.TLTT.4.3.5_TestSR.txt,2025-12-29 22:12:16.763837
0.1.1.1.0.0.searchglobal.0,Small,16,4,TLTT,4,3,5,Dev,0.87559,0.9672796038717062,0.77748,0.8620563483351629,0.12441,/gpfs/projects/HeinzGroup/caffeine_underground/mlrt/FlexFringe/FlexFringe/models-ps-small/0.1.1.1.0.0.searchglobal.0.ini/0.1.1.1.0.0.searchglobal.0_16.04.TLTT.4.3.5_Small.final.json,/gpfs/projects/HeinzGroup/asoubki/FlexFringe/data/MLRegTest/Large/16.04.TLTT.4.3.5_Dev.txt,2025-12-29 22:12:16.763837
0.1.1.1.0.0.searchglobal.0,Small,16,4,TLTT,4,3,5,Train,0.87,0.9695431472081218,0.764,0.854586129753915,0.13,/gpfs/projects/HeinzGroup/caffeine_underground/mlrt/FlexFringe/FlexFringe/models-ps-small/0.1.1.1.0.0.searchglobal.0.ini/0.1.1.1.0.0.searchglobal.0_16.04.TLTT.4.3.5_Small.final.json,/gpfs/projects/HeinzGroup/asoubki/FlexFringe/data/MLRegTest/Small/16.04.TLTT.4.3.5_Train.txt,2025-12-29 22:12:16.763837
0.1.1.1.0.0.searchglobal.0,Small,16,4,TLTT,4,3,6,TestLR,0.50462,0.5248173614095402,0.0977,0.16473325689620288,0.49538,/gpfs/projects/HeinzGroup/caffeine_underground/mlrt/FlexFringe/FlexFringe/models-ps-small/0.1.1.1.0.0.searchglobal.0.ini/0.1.1.1.0.0.searchglobal.0_16.04.TLTT.4.3.6_Small.final.json,/gpfs/projects/HeinzGroup/asoubki/FlexFringe/data/MLRegTest/Large/16.04.TLTT.4.3.6_TestLR.txt,2025-12-29 23:12:48.021229
0.1.1.1.0.0.searchglobal.0,Small,16,4,TLTT,4,3,6,TestSA,0.51692,0.5425168358629008,0.2159,0.3088786517496924,0.48308,/gpfs/projects/HeinzGroup/caffeine_underground/mlrt/FlexFringe/FlexFringe/models-ps-small/0.1.1.1.0.0.searchglobal.0.ini/0.1.1.1.0.0.searchglobal.0_16.04.TLTT.4.3.6_Small.final.json,/gpfs/projects/HeinzGroup/asoubki/FlexFringe/data/MLRegTest/Large/16.04.TLTT.4.3.6_TestSA.txt,2025-12-29 23:12:48.021229
0.1.1.1.0.0.searchglobal.0,Small,16,4,TLTT,4,3,6,TestSR,0.55488,0.7012320328542094,0.19124,0.3005217172669558,0.44512,/gpfs/projects/HeinzGroup/caffeine_underground/mlrt/FlexFringe/FlexFringe/models-ps-small/0.1.1.1.0.0.searchglobal.0.ini/0.1.1.1.0.0.searchglobal.0_16.04.TLTT.4.3.6_Small.final.json,/gpfs/projects/HeinzGroup/asoubki/FlexFringe/data/MLRegTest/Large/16.04.TLTT.4.3.6_TestSR.txt,2025-12-29 23:12:48.021229
0.1.1.1.0.0.searchglobal.0,Small,16,4,TLTT,4,3,6,TestLA,0.50212,0.5103738500685066,0.1043,0.17320402537447274,0.49788,/gpfs/projects/HeinzGroup/caffeine_underground/mlrt/FlexFringe/FlexFringe/models-ps-small/0.1.1.1.0.0.searchglobal.0.ini/0.1.1.1.0.0.searchglobal.0_16.04.TLTT.4.3.6_Small.final.json,/gpfs/projects/HeinzGroup/asoubki/FlexFringe/data/MLRegTest/Large/16.04.TLTT.4.3.6_TestLA.txt,2025-12-29 23:12:48.021229
0.1.1.1.0.0.searchglobal.0,Small,16,4,TLTT,4,3,6,Dev,0.55088,0.6859921041087879,0.18766,0.2947014667546091,0.44912,/gpfs/projects/HeinzGroup/caffeine_underground/mlrt/FlexFringe/FlexFringe/models-ps-small/0.1.1.1.0.0.searchglobal.0.ini/0.1.1.1.0.0.searchglobal.0_16.04.TLTT.4.3.6_Small.final.json,/gpfs/projects/HeinzGroup/asoubki/FlexFringe/data/MLRegTest/Large/16.04.TLTT.4.3.6_Dev.txt,2025-12-29 23:12:48.021229
0.1.1.1.0.0.searchglobal.0,Small,16,4,TLTT,4,3,6,Train,0.547,0.6793893129770993,0.178,0.2820919175911252,0.453,/gpfs/projects/HeinzGroup/caffeine_underground/mlrt/FlexFringe/FlexFringe/models-ps-small/0.1.1.1.0.0.searchglobal.0.ini/0.1.1.1.0.0.searchglobal.0_16.04.TLTT.4.3.6_Small.final.json,/gpfs/projects/HeinzGroup/asoubki/FlexFringe/data/MLRegTest/Small/16.04.TLTT.4.3.6_Train.txt,2025-12-29 23:12:48.021229
0.1.1.1.0.0.searchglobal.0,Small,16,4,TLTT,4,3,7,TestLR,0.50406,0.6321614583333334,0.01942,0.03768239677118907,0.49594,/gpfs/projects/HeinzGroup/caffeine_underground/mlrt/FlexFringe/FlexFringe/models-ps-small/0.1.1.1.0.0.searchglobal.0.ini/0.1.1.1.0.0.searchglobal.0_16.04.TLTT.4.3.7_Small.final.json,/gpfs/projects/HeinzGroup/asoubki/FlexFringe/data/MLRegTest/Large/16.04.TLTT.4.3.7_TestLR.txt,2025-12-29 22:50:02.977042
0.1.1.1.0.0.searchglobal.0,Small,16,4,TLTT,4,3,7,TestSR,0.5502,0.9159761352336758,0.11054,0.19727308419887926,0.4498,/gpfs/projects/HeinzGroup/caffeine_underground/mlrt/FlexFringe/FlexFringe/models-ps-small/0.1.1.1.0.0.searchglobal.0.ini/0.1.1.1.0.0.searchglobal.0_16.04.TLTT.4.3.7_Small.final.json,/gpfs/projects/HeinzGroup/asoubki/FlexFringe/data/MLRegTest/Large/16.04.TLTT.4.3.7_TestSR.txt,2025-12-29 22:50:02.977042
0.1.1.1.0.0.searchglobal.0,Small,16,4,TLTT,4,3,7,TestLA,0.50827,0.7091552857865453,0.02804,0.053946938068761184,0.49173,/gpfs/projects/HeinzGroup/caffeine_underground/mlrt/FlexFringe/FlexFringe/models-ps-small/0.1.1.1.0.0.searchglobal.0.ini/0.1.1.1.0.0.searchglobal.0_16.04.TLTT.4.3.7_Small.final.json,/gpfs/projects/HeinzGroup/asoubki/FlexFringe/data/MLRegTest/Large/16.04.TLTT.4.3.7_TestLA.txt,2025-12-29 22:50:02.977042
0.1.1.1.0.0.searchglobal.0,Small,16,4,TLTT,4,3,7,TestSA,0.56033,0.8406549971767363,0.14888,0.2529606660436666,0.43967,/gpfs/projects/HeinzGroup/caffeine_underground/mlrt/FlexFringe/FlexFringe/models-ps-small/0.1.1.1.0.0.searchglobal.0.ini/0.1.1.1.0.0.searchglobal.0_16.04.TLTT.4.3.7_Small.final.json,/gpfs/projects/HeinzGroup/asoubki/FlexFringe/data/MLRegTest/Large/16.04.TLTT.4.3.7_TestSA.txt,2025-12-29 22:50:02.977042
0.1.1.1.0.0.searchglobal.0,Small,16,4,TLTT,4,3,7,Dev,0.54869,0.9054121565362199,0.10874,0.19416123560396392,0.45131,/gpfs/projects/HeinzGroup/caffeine_underground/mlrt/FlexFringe/FlexFringe/models-ps-small/0.1.1.1.0.0.searchglobal.0.ini/0.1.1.1.0.0.searchglobal.0_16.04.TLTT.4.3.7_Small.final.json,/gpfs/projects/HeinzGroup/asoubki/FlexFringe/data/MLRegTest/Large/16.04.TLTT.4.3.7_Dev.txt,2025-12-29 22:50:02.977042
0.1.1.1.0.0.searchglobal.0,Small,16,4,TLTT,4,3,7,Train,0.537,0.9111111111111111,0.082,0.15045871559633028,0.463,/gpfs/projects/HeinzGroup/caffeine_underground/mlrt/FlexFringe/FlexFringe/models-ps-small/0.1.1.1.0.0.searchglobal.0.ini/0.1.1.1.0.0.searchglobal.0_16.04.TLTT.4.3.7_Small.final.json,/gpfs/projects/HeinzGroup/asoubki/FlexFringe/data/MLRegTest/Small/16.04.TLTT.4.3.7_Train.txt,2025-12-29 22:50:02.977042
0.1.1.1.0.0.searchglobal.0,Small,16,4,TLTT,4,3,8,TestLA,0.50099,0.503653945522994,0.13646,0.21473869734212472,0.49901,/gpfs/projects/HeinzGroup/caffeine_underground/mlrt/FlexFringe/FlexFringe/models-ps-small/0.1.1.1.0.0.searchglobal.0.ini/0.1.1.1.0.0.searchglobal.0_16.04.TLTT.4.3.8_Small.final.json,/gpfs/projects/HeinzGroup/asoubki/FlexFringe/data/MLRegTest/Large/16.04.TLTT.4.3.8_TestLA.txt,2025-12-29 22:23:55.727699
0.1.1.1.0.0.searchglobal.0,Small,16,4,TLTT,4,3,8,TestLR,0.50281,0.5107325643571919,0.13372,0.2119478214008337,0.49719,/gpfs/projects/HeinzGroup/caffeine_underground/mlrt/FlexFringe/FlexFringe/models-ps-small/0.1.1.1.0.0.searchglobal.0.ini/0.1.1.1.0.0.searchglobal.0_16.04.TLTT.4.3.8_Small.final.json,/gpfs/projects/HeinzGroup/asoubki/FlexFringe/data/MLRegTest/Large/16.04.TLTT.4.3.8_TestLR.txt,2025-12-29 22:23:55.727699
0.1.1.1.0.0.searchglobal.0,Small,16,4,TLTT,4,3,8,TestSA,0.51059,0.5246680642907058,0.22524,0.3151752606170853,0.48941,/gpfs/projects/HeinzGroup/caffeine_underground/mlrt/FlexFringe/FlexFringe/models-ps-small/0.1.1.1.0.0.searchglobal.0.ini/0.1.1.1.0.0.searchglobal.0_16.04.TLTT.4.3.8_Small.final.json,/gpfs/projects/HeinzGroup/asoubki/FlexFringe/data/MLRegTest/Large/16.04.TLTT.4.3.8_TestSA.txt,2025-12-29 22:23:55.727699
0.1.1.1.0.0.searchglobal.0,Small,16,4,TLTT,4,3,8,TestSR,0.53846,0.6156204906204906,0.20478,0.307329811501981,0.46154,/gpfs/projects/HeinzGroup/caffeine_underground/mlrt/FlexFringe/FlexFringe/models-ps-small/0.1.1.1.0.0.searchglobal.0.ini/0.1.1.1.0.0.searchglobal.0_16.04.TLTT.4.3.8_Small.final.json,/gpfs/projects/HeinzGroup/asoubki/FlexFringe/data/MLRegTest/Large/16.04.TLTT.4.3.8_TestSR.txt,2025-12-29 22:23:55.727699
0.1.1.1.0.0.searchglobal.0,Small,16,4,TLTT,4,3,8,Dev,0.5373,0.6113432835820896,0.2048,0.3068164794007491,0.4627,/gpfs/projects/HeinzGroup/caffeine_underground/mlrt/FlexFringe/FlexFringe/models-ps-small/0.1.1.1.0.0.searchglobal.0.ini/0.1.1.1.0.0.searchglobal.0_16.04.TLTT.4.3.8_Small.final.json,/gpfs/projects/HeinzGroup/asoubki/FlexFringe/data/MLRegTest/Large/16.04.TLTT.4.3.8_Dev.txt,2025-12-29 22:23:55.727699
0.1.1.1.0.0.searchglobal.0,Small,16,4,TLTT,4,3,8,Train,0.526,0.5783132530120482,0.192,0.2882882882882883,0.474,/gpfs/projects/HeinzGroup/caffeine_underground/mlrt/FlexFringe/FlexFringe/models-ps-small/0.1.1.1.0.0.searchglobal.0.ini/0.1.1.1.0.0.searchglobal.0_16.04.TLTT.4.3.8_Small.final.json,/gpfs/projects/HeinzGroup/asoubki/FlexFringe/data/MLRegTest/Small/16.04.TLTT.4.3.8_Train.txt,2025-12-29 22:23:55.727699
0.1.1.1.0.0.searchglobal.0,Small,16,4,TLTT,4,3,9,TestSR,0.69447,0.9070624188889354,0.43334,0.5864901809519942,0.30553,/gpfs/projects/HeinzGroup/caffeine_underground/mlrt/FlexFringe/FlexFringe/models-ps-small/0.1.1.1.0.0.searchglobal.0.ini/0.1.1.1.0.0.searchglobal.0_16.04.TLTT.4.3.9_Small.final.json,/gpfs/projects/HeinzGroup/asoubki/FlexFringe/data/MLRegTest/Large/16.04.TLTT.4.3.9_TestSR.txt,2025-12-29 23:27:10.173362
0.1.1.1.0.0.searchglobal.0,Small,16,4,TLTT,4,3,9,TestLR,0.56174,0.7864699331848553,0.1695,0.2788929840726603,0.43826,/gpfs/projects/HeinzGroup/caffeine_underground/mlrt/FlexFringe/FlexFringe/models-ps-small/0.1.1.1.0.0.searchglobal.0.ini/0.1.1.1.0.0.searchglobal.0_16.04.TLTT.4.3.9_Small.final.json,/gpfs/projects/HeinzGroup/asoubki/FlexFringe/data/MLRegTest/Large/16.04.TLTT.4.3.9_TestLR.txt,2025-12-29 23:27:10.173362
0.1.1.1.0.0.searchglobal.0,Small,16,4,TLTT,4,3,9,TestSA,0.54801,0.5592467359380013,0.45318,0.5006573350862269,0.45199,/gpfs/projects/HeinzGroup/caffeine_underground/mlrt/FlexFringe/FlexFringe/models-ps-small/0.1.1.1.0.0.searchglobal.0.ini/0.1.1.1.0.0.searchglobal.0_16.04.TLTT.4.3.9_Small.final.json,/gpfs/projects/HeinzGroup/asoubki/FlexFringe/data/MLRegTest/Large/16.04.TLTT.4.3.9_TestSA.txt,2025-12-29 23:27:10.173362
0.1.1.1.0.0.searchglobal.0,Small,16,4,TLTT,4,3,9,TestLA,0.51677,0.5493438474666039,0.1867,0.278685832848208,0.48323,/gpfs/projects/HeinzGroup/caffeine_underground/mlrt/FlexFringe/FlexFringe/models-ps-small/0.1.1.1.0.0.searchglobal.0.ini/0.1.1.1.0.0.searchglobal.0_16.04.TLTT.4.3.9_Small.final.json,/gpfs/projects/HeinzGroup/asoubki/FlexFringe/data/MLRegTest/Large/16.04.TLTT.4.3.9_TestLA.txt,2025-12-29 23:27:10.173362
0.1.1.1.0.0.searchglobal.0,Small,16,4,TLTT,4,3,9,Dev,0.69459,0.9096459096459096,0.4321,0.585890360808667,0.30541,/gpfs/projects/HeinzGroup/caffeine_underground/mlrt/FlexFringe/FlexFringe/models-ps-small/0.1.1.1.0.0.searchglobal.0.ini/0.1.1.1.0.0.searchglobal.0_16.04.TLTT.4.3.9_Small.final.json,/gpfs/projects/HeinzGroup/asoubki/FlexFringe/data/MLRegTest/Large/16.04.TLTT.4.3.9_Dev.txt,2025-12-29 23:27:10.173362
0.1.1.1.0.0.searchglobal.0,Small,16,4,TLTT,4,3,9,Train,0.691,0.9029535864978903,0.428,0.5807327001356852,0.309,/gpfs/projects/HeinzGroup/caffeine_underground/mlrt/FlexFringe/FlexFringe/models-ps-small/0.1.1.1.0.0.searchglobal.0.ini/0.1.1.1.0.0.searchglobal.0_16.04.TLTT.4.3.9_Small.final.json,/gpfs/projects/HeinzGroup/asoubki/FlexFringe/data/MLRegTest/Small/16.04.TLTT.4.3.9_Train.txt,2025-12-29 23:27:10.173362
0.1.1.1.0.0.searchglobal.0,Small,16,4,TLTT,6,2,0,TestSR,0.87828,0.9267021612597572,0.82154,0.8709581663592223,0.12172,/gpfs/projects/HeinzGroup/caffeine_underground/mlrt/FlexFringe/FlexFringe/models-ps-small/0.1.1.1.0.0.searchglobal.0.ini/0.1.1.1.0.0.searchglobal.0_16.04.TLTT.6.2.0_Small.final.json,/gpfs/projects/HeinzGroup/asoubki/FlexFringe/data/MLRegTest/Large/16.04.TLTT.6.2.0_TestSR.txt,2025-12-29 22:19:47.827336
0.1.1.1.0.0.searchglobal.0,Small,16,4,TLTT,6,2,0,TestSA,0.54094,0.5264791866090601,0.814,0.6394042700265502,0.45906,/gpfs/projects/HeinzGroup/caffeine_underground/mlrt/FlexFringe/FlexFringe/models-ps-small/0.1.1.1.0.0.searchglobal.0.ini/0.1.1.1.0.0.searchglobal.0_16.04.TLTT.6.2.0_Small.final.json,/gpfs/projects/HeinzGroup/asoubki/FlexFringe/data/MLRegTest/Large/16.04.TLTT.6.2.0_TestSA.txt,2025-12-29 22:19:47.827336
0.1.1.1.0.0.searchglobal.0,Small,16,4,TLTT,6,2,0,TestLA,0.53354,0.5278127902348414,0.6365,0.5770834844418655,0.46646,/gpfs/projects/HeinzGroup/caffeine_underground/mlrt/FlexFringe/FlexFringe/models-ps-small/0.1.1.1.0.0.searchglobal.0.ini/0.1.1.1.0.0.searchglobal.0_16.04.TLTT.6.2.0_Small.final.json,/gpfs/projects/HeinzGroup/asoubki/FlexFringe/data/MLRegTest/Large/16.04.TLTT.6.2.0_TestLA.txt,2025-12-29 22:19:47.827336
0.1.1.1.0.0.searchglobal.0,Small,16,4,TLTT,6,2,0,TestLR,0.78106,0.883731090601278,0.64728,0.747246657892914,0.21894,/gpfs/projects/HeinzGroup/caffeine_underground/mlrt/FlexFringe/FlexFringe/models-ps-small/0.1.1.1.0.0.searchglobal.0.ini/0.1.1.1.0.0.searchglobal.0_16.04.TLTT.6.2.0_Small.final.json,/gpfs/projects/HeinzGroup/asoubki/FlexFringe/data/MLRegTest/Large/16.04.TLTT.6.2.0_TestLR.txt,2025-12-29 22:19:47.827336
0.1.1.1.0.0.searchglobal.0,Small,16,4,TLTT,6,2,0,Dev,0.87934,0.9286521424697162,0.82182,0.8719760631525337,0.12066,/gpfs/projects/HeinzGroup/caffeine_underground/mlrt/FlexFringe/FlexFringe/models-ps-small/0.1.1.1.0.0.searchglobal.0.ini/0.1.1.1.0.0.searchglobal.0_16.04.TLTT.6.2.0_Small.final.json,/gpfs/projects/HeinzGroup/asoubki/FlexFringe/data/MLRegTest/Large/16.04.TLTT.6.2.0_Dev.txt,2025-12-29 22:19:47.827336
0.1.1.1.0.0.searchglobal.0,Small,16,4,TLTT,6,2,0,Train,0.874,0.9269406392694064,0.812,0.8656716417910447,0.126,/gpfs/projects/HeinzGroup/caffeine_underground/mlrt/FlexFringe/FlexFringe/models-ps-small/0.1.1.1.0.0.searchglobal.0.ini/0.1.1.1.0.0.searchglobal.0_16.04.TLTT.6.2.0_Small.final.json,/gpfs/projects/HeinzGroup/asoubki/FlexFringe/data/MLRegTest/Small/16.04.TLTT.6.2.0_Train.txt,2025-12-29 22:19:47.827336
0.1.1.1.0.0.searchglobal.0,Small,16,4,TLTT,6,2,1,TestLA,0.51519,0.510175100143349,0.76162,0.6110411334772109,0.48481,/gpfs/projects/HeinzGroup/caffeine_underground/mlrt/FlexFringe/FlexFringe/models-ps-small/0.1.1.1.0.0.searchglobal.0.ini/0.1.1.1.0.0.searchglobal.0_16.04.TLTT.6.2.1_Small.final.json,/gpfs/projects/HeinzGroup/asoubki/FlexFringe/data/MLRegTest/Large/16.04.TLTT.6.2.1_TestLA.txt,2025-12-29 23:23:06.028329
0.1.1.1.0.0.searchglobal.0,Small,16,4,TLTT,6,2,1,TestSA,0.52905,0.5263415607261385,0.58046,0.5520776861547826,0.47095,/gpfs/projects/HeinzGroup/caffeine_underground/mlrt/FlexFringe/FlexFringe/models-ps-small/0.1.1.1.0.0.searchglobal.0.ini/0.1.1.1.0.0.searchglobal.0_16.04.TLTT.6.2.1_Small.final.json,/gpfs/projects/HeinzGroup/asoubki/FlexFringe/data/MLRegTest/Large/16.04.TLTT.6.2.1_TestSA.txt,2025-12-29 23:23:06.028329
0.1.1.1.0.0.searchglobal.0,Small,16,4,TLTT,6,2,1,TestLR,0.60013,0.5607680823430881,0.924,0.6979537265743615,0.39987,/gpfs/projects/HeinzGroup/caffeine_underground/mlrt/FlexFringe/FlexFringe/models-ps-small/0.1.1.1.0.0.searchglobal.0.ini/0.1.1.1.0.0.searchglobal.0_16.04.TLTT.6.2.1_Small.final.json,/gpfs/projects/HeinzGroup/asoubki/FlexFringe/data/MLRegTest/Large/16.04.TLTT.6.2.1_TestLR.txt,2025-12-29 23:23:06.028329
0.1.1.1.0.0.searchglobal.0,Small,16,4,TLTT,6,2,1,TestSR,0.71296,0.6480204626334519,0.93232,0.7645978218081616,0.28704,/gpfs/projects/HeinzGroup/caffeine_underground/mlrt/FlexFringe/FlexFringe/models-ps-small/0.1.1.1.0.0.searchglobal.0.ini/0.1.1.1.0.0.searchglobal.0_16.04.TLTT.6.2.1_Small.final.json,/gpfs/projects/HeinzGroup/asoubki/FlexFringe/data/MLRegTest/Large/16.04.TLTT.6.2.1_TestSR.txt,2025-12-29 23:23:06.028329
0.1.1.1.0.0.searchglobal.0,Small,16,4,TLTT,6,2,1,Dev,0.71106,0.6461715330489224,0.93302,0.7635438148548234,0.28894,/gpfs/projects/HeinzGroup/caffeine_underground/mlrt/FlexFringe/FlexFringe/models-ps-small/0.1.1.1.0.0.searchglobal.0.ini/0.1.1.1.0.0.searchglobal.0_16.04.TLTT.6.2.1_Small.final.json,/gpfs/projects/HeinzGroup/asoubki/FlexFringe/data/MLRegTest/Large/16.04.TLTT.6.2.1_Dev.txt,2025-12-29 23:23:06.028329
0.1.1.1.0.0.searchglobal.0,Small,16,4,TLTT,6,2,1,Train,0.721,0.6617862371888726,0.904,0.7641589180050719,0.279,/gpfs/projects/HeinzGroup/caffeine_underground/mlrt/FlexFringe/FlexFringe/models-ps-small/0.1.1.1.0.0.searchglobal.0.ini/0.1.1.1.0.0.searchglobal.0_16.04.TLTT.6.2.1_Small.final.json,/gpfs/projects/HeinzGroup/asoubki/FlexFringe/data/MLRegTest/Small/16.04.TLTT.6.2.1_Train.txt,2025-12-29 23:23:06.028329
0.1.1.1.0.0.searchglobal.0,Small,16,4,TLTT,6,2,2,TestSR,0.75841,0.7084994109958205,0.8781,0.7842349221659567,0.24159,/gpfs/projects/HeinzGroup/caffeine_underground/mlrt/FlexFringe/FlexFringe/models-ps-small/0.1.1.1.0.0.searchglobal.0.ini/0.1.1.1.0.0.searchglobal.0_16.04.TLTT.6.2.2_Small.final.json,/gpfs/projects/HeinzGroup/asoubki/FlexFringe/data/MLRegTest/Large/16.04.TLTT.6.2.2_TestSR.txt,2025-12-29 22:17:08.764754
0.1.1.1.0.0.searchglobal.0,Small,16,4,TLTT,6,2,2,TestSA,0.52312,0.5299528424107374,0.40906,0.4617242702666095,0.47688,/gpfs/projects/HeinzGroup/caffeine_underground/mlrt/FlexFringe/FlexFringe/models-ps-small/0.1.1.1.0.0.searchglobal.0.ini/0.1.1.1.0.0.searchglobal.0_16.04.TLTT.6.2.2_Small.final.json,/gpfs/projects/HeinzGroup/asoubki/FlexFringe/data/MLRegTest/Large/16.04.TLTT.6.2.2_TestSA.txt,2025-12-29 22:17:08.764754
0.1.1.1.0.0.searchglobal.0,Small,16,4,TLTT,6,2,2,TestLR,0.68272,0.6404846844630336,0.83304,0.7241810974337576,0.31728,/gpfs/projects/HeinzGroup/caffeine_underground/mlrt/FlexFringe/FlexFringe/models-ps-small/0.1.1.1.0.0.searchglobal.0.ini/0.1.1.1.0.0.searchglobal.0_16.04.TLTT.6.2.2_Small.final.json,/gpfs/projects/HeinzGroup/asoubki/FlexFringe/data/MLRegTest/Large/16.04.TLTT.6.2.2_TestLR.txt,2025-12-29 22:17:08.764754
0.1.1.1.0.0.searchglobal.0,Small,16,4,TLTT,6,2,2,TestLA,0.51564,0.5161924876796289,0.49858,0.5072334018353104,0.48436,/gpfs/projects/HeinzGroup/caffeine_underground/mlrt/FlexFringe/FlexFringe/models-ps-small/0.1.1.1.0.0.searchglobal.0.ini/0.1.1.1.0.0.searchglobal.0_16.04.TLTT.6.2.2_Small.final.json,/gpfs/projects/HeinzGroup/asoubki/FlexFringe/data/MLRegTest/Large/16.04.TLTT.6.2.2_TestLA.txt,2025-12-29 22:17:08.764754
0.1.1.1.0.0.searchglobal.0,Small,16,4,TLTT,6,2,2,Dev,0.75332,0.704633578906553,0.87228,0.77954529205691,0.24668,/gpfs/projects/HeinzGroup/caffeine_underground/mlrt/FlexFringe/FlexFringe/models-ps-small/0.1.1.1.0.0.searchglobal.0.ini/0.1.1.1.0.0.searchglobal.0_16.04.TLTT.6.2.2_Small.final.json,/gpfs/projects/HeinzGroup/asoubki/FlexFringe/data/MLRegTest/Large/16.04.TLTT.6.2.2_Dev.txt,2025-12-29 22:17:08.764754
0.1.1.1.0.0.searchglobal.0,Small,16,4,TLTT,6,2,2,Train,0.762,0.7119741100323624,0.88,0.7871198568872988,0.238,/gpfs/projects/HeinzGroup/caffeine_underground/mlrt/FlexFringe/FlexFringe/models-ps-small/0.1.1.1.0.0.searchglobal.0.ini/0.1.1.1.0.0.searchglobal.0_16.04.TLTT.6.2.2_Small.final.json,/gpfs/projects/HeinzGroup/asoubki/FlexFringe/data/MLRegTest/Small/16.04.TLTT.6.2.2_Train.txt,2025-12-29 22:17:08.764754
0.1.1.1.0.0.searchglobal.0,Small,16,4,TLTT,6,2,3,TestSR,0.708,0.6639137561467658,0.84248,0.7426133558987378,0.292,/gpfs/projects/HeinzGroup/caffeine_underground/mlrt/FlexFringe/FlexFringe/models-ps-small/0.1.1.1.0.0.searchglobal.0.ini/0.1.1.1.0.0.searchglobal.0_16.04.TLTT.6.2.3_Small.final.json,/gpfs/projects/HeinzGroup/asoubki/FlexFringe/data/MLRegTest/Large/16.04.TLTT.6.2.3_TestSR.txt,2025-12-29 22:10:56.287611
0.1.1.1.0.0.searchglobal.0,Small,16,4,TLTT,6,2,3,TestLR,0.62205,0.590003392180287,0.80008,0.6791677631299712,0.37795,/gpfs/projects/HeinzGroup/caffeine_underground/mlrt/FlexFringe/FlexFringe/models-ps-small/0.1.1.1.0.0.searchglobal.0.ini/0.1.1.1.0.0.searchglobal.0_16.04.TLTT.6.2.3_Small.final.json,/gpfs/projects/HeinzGroup/asoubki/FlexFringe/data/MLRegTest/Large/16.04.TLTT.6.2.3_TestLR.txt,2025-12-29 22:10:56.287611
0.1.1.1.0.0.searchglobal.0,Small,16,4,TLTT,6,2,3,TestSA,0.5426,0.5448988195615514,0.517,0.5305829228243021,0.4574,/gpfs/projects/HeinzGroup/caffeine_underground/mlrt/FlexFringe/FlexFringe/models-ps-small/0.1.1.1.0.0.searchglobal.0.ini/0.1.1.1.0.0.searchglobal.0_16.04.TLTT.6.2.3_Small.final.json,/gpfs/projects/HeinzGroup/asoubki/FlexFringe/data/MLRegTest/Large/16.04.TLTT.6.2.3_TestSA.txt,2025-12-29 22:10:56.287611
0.1.1.1.0.0.searchglobal.0,Small,16,4,TLTT,6,2,3,TestLA,0.52337,0.5200970022186677,0.6048,0.5592594989966988,0.47663,/gpfs/projects/HeinzGroup/caffeine_underground/mlrt/FlexFringe/FlexFringe/models-ps-small/0.1.1.1.0.0.searchglobal.0.ini/0.1.1.1.0.0.searchglobal.0_16.04.TLTT.6.2.3_Small.final.json,/gpfs/projects/HeinzGroup/asoubki/FlexFringe/data/MLRegTest/Large/16.04.TLTT.6.2.3_TestLA.txt,2025-12-29 22:10:56.287611
0.1.1.1.0.0.searchglobal.0,Small,16,4,TLTT,6,2,3,Dev,0.70556,0.6620011348590883,0.84,0.7404534395825253,0.29444,/gpfs/projects/HeinzGroup/caffeine_underground/mlrt/FlexFringe/FlexFringe/models-ps-small/0.1.1.1.0.0.searchglobal.0.ini/0.1.1.1.0.0.searchglobal.0_16.04.TLTT.6.2.3_Small.final.json,/gpfs/projects/HeinzGroup/asoubki/FlexFringe/data/MLRegTest/Large/16.04.TLTT.6.2.3_Dev.txt,2025-12-29 22:10:56.287611
0.1.1.1.0.0.searchglobal.0,Small,16,4,TLTT,6,2,3,Train,0.711,0.6709886547811994,0.828,0.7412712623097583,0.289,/gpfs/projects/HeinzGroup/caffeine_underground/mlrt/FlexFringe/FlexFringe/models-ps-small/0.1.1.1.0.0.searchglobal.0.ini/0.1.1.1.0.0.searchglobal.0_16.04.TLTT.6.2.3_Small.final.json,/gpfs/projects/HeinzGroup/asoubki/FlexFringe/data/MLRegTest/Small/16.04.TLTT.6.2.3_Train.txt,2025-12-29 22:10:56.287611
0.1.1.1.0.0.searchglobal.0,Small,16,4,TLTT,6,2,4,TestSA,0.53595,0.5226828191053063,0.8284,0.6409532283647337,0.46405,/gpfs/projects/HeinzGroup/caffeine_underground/mlrt/FlexFringe/FlexFringe/models-ps-small/0.1.1.1.0.0.searchglobal.0.ini/0.1.1.1.0.0.searchglobal.0_16.04.TLTT.6.2.4_Small.final.json,/gpfs/projects/HeinzGroup/asoubki/FlexFringe/data/MLRegTest/Large/16.04.TLTT.6.2.4_TestSA.txt,2025-12-29 23:10:50.459375
0.1.1.1.0.0.searchglobal.0,Small,16,4,TLTT,6,2,4,TestSR,0.8551,0.8751796128814132,0.82834,0.8511158604249722,0.1449,/gpfs/projects/HeinzGroup/caffeine_underground/mlrt/FlexFringe/FlexFringe/models-ps-small/0.1.1.1.0.0.searchglobal.0.ini/0.1.1.1.0.0.searchglobal.0_16.04.TLTT.6.2.4_Small.final.json,/gpfs/projects/HeinzGroup/asoubki/FlexFringe/data/MLRegTest/Large/16.04.TLTT.6.2.4_TestSR.txt,2025-12-29 23:10:50.459375
0.1.1.1.0.0.searchglobal.0,Small,16,4,TLTT,6,2,4,TestLA,0.52776,0.5211289045850331,0.68468,0.5918127441828303,0.47224,/gpfs/projects/HeinzGroup/caffeine_underground/mlrt/FlexFringe/FlexFringe/models-ps-small/0.1.1.1.0.0.searchglobal.0.ini/0.1.1.1.0.0.searchglobal.0_16.04.TLTT.6.2.4_Small.final.json,/gpfs/projects/HeinzGroup/asoubki/FlexFringe/data/MLRegTest/Large/16.04.TLTT.6.2.4_TestLA.txt,2025-12-29 23:10:50.459375
0.1.1.1.0.0.searchglobal.0,Small,16,4,TLTT,6,2,4,TestLR,0.76569,0.8148060380577739,0.68768,0.7458649226130435,0.23431,/gpfs/projects/HeinzGroup/caffeine_underground/mlrt/FlexFringe/FlexFringe/models-ps-small/0.1.1.1.0.0.searchglobal.0.ini/0.1.1.1.0.0.searchglobal.0_16.04.TLTT.6.2.4_Small.final.json,/gpfs/projects/HeinzGroup/asoubki/FlexFringe/data/MLRegTest/Large/16.04.TLTT.6.2.4_TestLR.txt,2025-12-29 23:10:50.459375
0.1.1.1.0.0.searchglobal.0,Small,16,4,TLTT,6,2,4,Dev,0.85485,0.8747016958459166,0.82836,0.8509003502788878,0.14515,/gpfs/projects/HeinzGroup/caffeine_underground/mlrt/FlexFringe/FlexFringe/models-ps-small/0.1.1.1.0.0.searchglobal.0.ini/0.1.1.1.0.0.searchglobal.0_16.04.TLTT.6.2.4_Small.final.json,/gpfs/projects/HeinzGroup/asoubki/FlexFringe/data/MLRegTest/Large/16.04.TLTT.6.2.4_Dev.txt,2025-12-29 23:10:50.459375
0.1.1.1.0.0.searchglobal.0,Small,16,4,TLTT,6,2,4,Train,0.845,0.860125260960334,0.824,0.8416751787538305,0.155,/gpfs/projects/HeinzGroup/caffeine_underground/mlrt/FlexFringe/FlexFringe/models-ps-small/0.1.1.1.0.0.searchglobal.0.ini/0.1.1.1.0.0.searchglobal.0_16.04.TLTT.6.2.4_Small.final.json,/gpfs/projects/HeinzGroup/asoubki/FlexFringe/data/MLRegTest/Small/16.04.TLTT.6.2.4_Train.txt,2025-12-29 23:10:50.459375
0.1.1.1.0.0.searchglobal.0,Small,16,4,TLTT,6,2,5,TestLA,0.5223,0.5162978337767123,0.70644,0.5965848632763018,0.4777,/gpfs/projects/HeinzGroup/caffeine_underground/mlrt/FlexFringe/FlexFringe/models-ps-small/0.1.1.1.0.0.searchglobal.0.ini/0.1.1.1.0.0.searchglobal.0_16.04.TLTT.6.2.5_Small.final.json,/gpfs/projects/HeinzGroup/asoubki/FlexFringe/data/MLRegTest/Large/16.04.TLTT.6.2.5_TestLA.txt,2025-12-29 22:29:41.621778
0.1.1.1.0.0.searchglobal.0,Small,16,4,TLTT,6,2,5,TestSR,0.93644,0.9682631646710441,0.90246,0.9342042607813503,0.06356,/gpfs/projects/HeinzGroup/caffeine_underground/mlrt/FlexFringe/FlexFringe/models-ps-small/0.1.1.1.0.0.searchglobal.0.ini/0.1.1.1.0.0.searchglobal.0_16.04.TLTT.6.2.5_Small.final.json,/gpfs/projects/HeinzGroup/asoubki/FlexFringe/data/MLRegTest/Large/16.04.TLTT.6.2.5_TestSR.txt,2025-12-29 22:29:41.621778
0.1.1.1.0.0.searchglobal.0,Small,16,4,TLTT,6,2,5,TestSA,0.51319,0.5073915918541183,0.90542,0.6503379470346136,0.48681,/gpfs/projects/HeinzGroup/caffeine_underground/mlrt/FlexFringe/FlexFringe/models-ps-small/0.1.1.1.0.0.searchglobal.0.ini/0.1.1.1.0.0.searchglobal.0_16.04.TLTT.6.2.5_Small.final.json,/gpfs/projects/HeinzGroup/asoubki/FlexFringe/data/MLRegTest/Large/16.04.TLTT.6.2.5_TestSA.txt,2025-12-29 22:29:41.621778
0.1.1.1.0.0.searchglobal.0,Small,16,4,TLTT,6,2,5,TestLR,0.83296,0.9482981473502801,0.70432,0.8082996694821888,0.16704,/gpfs/projects/HeinzGroup/caffeine_underground/mlrt/FlexFringe/FlexFringe/models-ps-small/0.1.1.1.0.0.searchglobal.0.ini/0.1.1.1.0.0.searchglobal.0_16.04.TLTT.6.2.5_Small.final.json,/gpfs/projects/HeinzGroup/asoubki/FlexFringe/data/MLRegTest/Large/16.04.TLTT.6.2.5_TestLR.txt,2025-12-29 22:29:41.621778
0.1.1.1.0.0.searchglobal.0,Small,16,4,TLTT,6,2,5,Dev,0.93633,0.9665932373762217,0.9039,0.9341959754849778,0.06367,/gpfs/projects/HeinzGroup/caffeine_underground/mlrt/FlexFringe/FlexFringe/models-ps-small/0.1.1.1.0.0.searchglobal.0.ini/0.1.1.1.0.0.searchglobal.0_16.04.TLTT.6.2.5_Small.final.json,/gpfs/projects/HeinzGroup/asoubki/FlexFringe/data/MLRegTest/Large/16.04.TLTT.6.2.5_Dev.txt,2025-12-29 22:29:41.621778
0.1.1.1.0.0.searchglobal.0,Small,16,4,TLTT,6,2,5,Train,0.941,0.9681528662420382,0.912,0.9392378990731205,0.059,/gpfs/projects/HeinzGroup/caffeine_underground/mlrt/FlexFringe/FlexFringe/models-ps-small/0.1.1.1.0.0.searchglobal.0.ini/0.1.1.1.0.0.searchglobal.0_16.04.TLTT.6.2.5_Small.final.json,/gpfs/projects/HeinzGroup/asoubki/FlexFringe/data/MLRegTest/Small/16.04.TLTT.6.2.5_Train.txt,2025-12-29 22:29:41.621778
0.1.1.1.0.0.searchglobal.0,Small,16,4,TLTT,6,2,6,TestLA,0.5075,0.5388198757763976,0.1041,0.17448876969493798,0.4925,/gpfs/projects/HeinzGroup/caffeine_underground/mlrt/FlexFringe/FlexFringe/models-ps-small/0.1.1.1.0.0.searchglobal.0.ini/0.1.1.1.0.0.searchglobal.0_16.04.TLTT.6.2.6_Small.final.json,/gpfs/projects/HeinzGroup/asoubki/FlexFringe/data/MLRegTest/Large/16.04.TLTT.6.2.6_TestLA.txt,2025-12-29 23:23:21.239939
0.1.1.1.0.0.searchglobal.0,Small,16,4,TLTT,6,2,6,TestLR,0.52336,0.6714117992368652,0.0915,0.16105185341641146,0.47664,/gpfs/projects/HeinzGroup/caffeine_underground/mlrt/FlexFringe/FlexFringe/models-ps-small/0.1.1.1.0.0.searchglobal.0.ini/0.1.1.1.0.0.searchglobal.0_16.04.TLTT.6.2.6_Small.final.json,/gpfs/projects/HeinzGroup/asoubki/FlexFringe/data/MLRegTest/Large/16.04.TLTT.6.2.6_TestLR.txt,2025-12-29 23:23:21.239939
0.1.1.1.0.0.searchglobal.0,Small,16,4,TLTT,6,2,6,TestSR,0.62638,0.8682830166686094,0.29796,0.4436701509872242,0.37362,/gpfs/projects/HeinzGroup/caffeine_underground/mlrt/FlexFringe/FlexFringe/models-ps-small/0.1.1.1.0.0.searchglobal.0.ini/0.1.1.1.0.0.searchglobal.0_16.04.TLTT.6.2.6_Small.final.json,/gpfs/projects/HeinzGroup/asoubki/FlexFringe/data/MLRegTest/Large/16.04.TLTT.6.2.6_TestSR.txt,2025-12-29 23:23:21.239939
0.1.1.1.0.0.searchglobal.0,Small,16,4,TLTT,6,2,6,TestSA,0.5365,0.563500347947112,0.3239,0.4113538227076454,0.4635,/gpfs/projects/HeinzGroup/caffeine_underground/mlrt/FlexFringe/FlexFringe/models-ps-small/0.1.1.1.0.0.searchglobal.0.ini/0.1.1.1.0.0.searchglobal.0_16.04.TLTT.6.2.6_Small.final.json,/gpfs/projects/HeinzGroup/asoubki/FlexFringe/data/MLRegTest/Large/16.04.TLTT.6.2.6_TestSA.txt,2025-12-29 23:23:21.239939
0.1.1.1.0.0.searchglobal.0,Small,16,4,TLTT,6,2,6,Dev,0.62546,0.8663707510804812,0.29668,0.44200113226661897,0.37454,/gpfs/projects/HeinzGroup/caffeine_underground/mlrt/FlexFringe/FlexFringe/models-ps-small/0.1.1.1.0.0.searchglobal.0.ini/0.1.1.1.0.0.searchglobal.0_16.04.TLTT.6.2.6_Small.final.json,/gpfs/projects/HeinzGroup/asoubki/FlexFringe/data/MLRegTest/Large/16.04.TLTT.6.2.6_Dev.txt,2025-12-29 23:23:21.239939
0.1.1.1.0.0.searchglobal.0,Small,16,4,TLTT,6,2,6,Train,0.63,0.8869047619047619,0.298,0.44610778443113774,0.37,/gpfs/projects/HeinzGroup/caffeine_underground/mlrt/FlexFringe/FlexFringe/models-ps-small/0.1.1.1.0.0.searchglobal.0.ini/0.1.1.1.0.0.searchglobal.0_16.04.TLTT.6.2.6_Small.final.json,/gpfs/projects/HeinzGroup/asoubki/FlexFringe/data/MLRegTest/Small/16.04.TLTT.6.2.6_Train.txt,2025-12-29 23:23:21.239939
0.1.1.1.0.0.searchglobal.0,Small,16,4,TLTT,6,2,7,TestSR,0.59517,0.7702311318075984,0.27126,0.4012187726486119,0.40483,/gpfs/projects/HeinzGroup/caffeine_underground/mlrt/FlexFringe/FlexFringe/models-ps-small/0.1.1.1.0.0.searchglobal.0.ini/0.1.1.1.0.0.searchglobal.0_16.04.TLTT.6.2.7_Small.final.json,/gpfs/projects/HeinzGroup/asoubki/FlexFringe/data/MLRegTest/Large/16.04.TLTT.6.2.7_TestSR.txt,2025-12-29 22:11:45.604629
0.1.1.1.0.0.searchglobal.0,Small,16,4,TLTT,6,2,7,TestSA,0.51586,0.5278167531920864,0.30094,0.3833239924593672,0.48414,/gpfs/projects/HeinzGroup/caffeine_underground/mlrt/FlexFringe/FlexFringe/models-ps-small/0.1.1.1.0.0.searchglobal.0.ini/0.1.1.1.0.0.searchglobal.0_16.04.TLTT.6.2.7_Small.final.json,/gpfs/projects/HeinzGroup/asoubki/FlexFringe/data/MLRegTest/Large/16.04.TLTT.6.2.7_TestSA.txt,2025-12-29 22:11:45.604629
0.1.1.1.0.0.searchglobal.0,Small,16,4,TLTT,6,2,7,TestLR,0.51357,0.5746999889904216,0.1044,0.17670057376910447,0.48643,/gpfs/projects/HeinzGroup/caffeine_underground/mlrt/FlexFringe/FlexFringe/models-ps-small/0.1.1.1.0.0.searchglobal.0.ini/0.1.1.1.0.0.searchglobal.0_16.04.TLTT.6.2.7_Small.final.json,/gpfs/projects/HeinzGroup/asoubki/FlexFringe/data/MLRegTest/Large/16.04.TLTT.6.2.7_TestLR.txt,2025-12-29 22:11:45.604629
0.1.1.1.0.0.searchglobal.0,Small,16,4,TLTT,6,2,7,TestLA,0.50303,0.5134320418476815,0.11582,0.18900438975831851,0.49697,/gpfs/projects/HeinzGroup/caffeine_underground/mlrt/FlexFringe/FlexFringe/models-ps-small/0.1.1.1.0.0.searchglobal.0.ini/0.1.1.1.0.0.searchglobal.0_16.04.TLTT.6.2.7_Small.final.json,/gpfs/projects/HeinzGroup/asoubki/FlexFringe/data/MLRegTest/Large/16.04.TLTT.6.2.7_TestLA.txt,2025-12-29 22:11:45.604629
0.1.1.1.0.0.searchglobal.0,Small,16,4,TLTT,6,2,7,Dev,0.59516,0.7726647564469914,0.26966,0.39979243884358784,0.40484,/gpfs/projects/HeinzGroup/caffeine_underground/mlrt/FlexFringe/FlexFringe/models-ps-small/0.1.1.1.0.0.searchglobal.0.ini/0.1.1.1.0.0.searchglobal.0_16.04.TLTT.6.2.7_Small.final.json,/gpfs/projects/HeinzGroup/asoubki/FlexFringe/data/MLRegTest/Large/16.04.TLTT.6.2.7_Dev.txt,2025-12-29 22:11:45.604629
0.1.1.1.0.0.searchglobal.0,Small,16,4,TLTT,6,2,7,Train,0.594,0.8175675675675675,0.242,0.3734567901234568,0.406,/gpfs/projects/HeinzGroup/caffeine_underground/mlrt/FlexFringe/FlexFringe/models-ps-small/0.1.1.1.0.0.searchglobal.0.ini/0.1.1.1.0.0.searchglobal.0_16.04.TLTT.6.2.7_Small.final.json,/gpfs/projects/HeinzGroup/asoubki/FlexFringe/data/MLRegTest/Small/16.04.TLTT.6.2.7_Train.txt,2025-12-29 22:11:45.604629
0.1.1.1.0.0.searchglobal.0,Small,16,4,TLTT,6,2,8,TestLR,0.52118,0.65,0.09178,0.16084822993340345,0.47882,/gpfs/projects/HeinzGroup/caffeine_underground/mlrt/FlexFringe/FlexFringe/models-ps-small/0.1.1.1.0.0.searchglobal.0.ini/0.1.1.1.0.0.searchglobal.0_16.04.TLTT.6.2.8_Small.final.json,/gpfs/projects/HeinzGroup/asoubki/FlexFringe/data/MLRegTest/Large/16.04.TLTT.6.2.8_TestLR.txt,2025-12-29 22:48:32.753036
0.1.1.1.0.0.searchglobal.0,Small,16,4,TLTT,6,2,8,TestSR,0.62221,0.8597162536056985,0.29208,0.4360249003538,0.37779,/gpfs/projects/HeinzGroup/caffeine_underground/mlrt/FlexFringe/FlexFringe/models-ps-small/0.1.1.1.0.0.searchglobal.0.ini/0.1.1.1.0.0.searchglobal.0_16.04.TLTT.6.2.8_Small.final.json,/gpfs/projects/HeinzGroup/asoubki/FlexFringe/data/MLRegTest/Large/16.04.TLTT.6.2.8_TestSR.txt,2025-12-29 22:48:32.753036
0.1.1.1.0.0.searchglobal.0,Small,16,4,TLTT,6,2,8,TestLA,0.50753,0.5386351975371986,0.10498,0.1757134488241694,0.49247,/gpfs/projects/HeinzGroup/caffeine_underground/mlrt/FlexFringe/FlexFringe/models-ps-small/0.1.1.1.0.0.searchglobal.0.ini/0.1.1.1.0.0.searchglobal.0_16.04.TLTT.6.2.8_Small.final.json,/gpfs/projects/HeinzGroup/asoubki/FlexFringe/data/MLRegTest/Large/16.04.TLTT.6.2.8_TestLA.txt,2025-12-29 22:48:32.753036
0.1.1.1.0.0.searchglobal.0,Small,16,4,TLTT,6,2,8,TestSA,0.53833,0.5694912795967947,0.31412,0.4049033888036711,0.46167,/gpfs/projects/HeinzGroup/caffeine_underground/mlrt/FlexFringe/FlexFringe/models-ps-small/0.1.1.1.0.0.searchglobal.0.ini/0.1.1.1.0.0.searchglobal.0_16.04.TLTT.6.2.8_Small.final.json,/gpfs/projects/HeinzGroup/asoubki/FlexFringe/data/MLRegTest/Large/16.04.TLTT.6.2.8_TestSA.txt,2025-12-29 22:48:32.753036
0.1.1.1.0.0.searchglobal.0,Small,16,4,TLTT,6,2,8,Dev,0.61925,0.8545941123996432,0.2874,0.4301429319763526,0.38075,/gpfs/projects/HeinzGroup/caffeine_underground/mlrt/FlexFringe/FlexFringe/models-ps-small/0.1.1.1.0.0.searchglobal.0.ini/0.1.1.1.0.0.searchglobal.0_16.04.TLTT.6.2.8_Small.final.json,/gpfs/projects/HeinzGroup/asoubki/FlexFringe/data/MLRegTest/Large/16.04.TLTT.6.2.8_Dev.txt,2025-12-29 22:48:32.753036
0.1.1.1.0.0.searchglobal.0,Small,16,4,TLTT,6,2,8,Train,0.627,0.850828729281768,0.308,0.4522760646108664,0.373,/gpfs/projects/HeinzGroup/caffeine_underground/mlrt/FlexFringe/FlexFringe/models-ps-small/0.1.1.1.0.0.searchglobal.0.ini/0.1.1.1.0.0.searchglobal.0_16.04.TLTT.6.2.8_Small.final.json,/gpfs/projects/HeinzGroup/asoubki/FlexFringe/data/MLRegTest/Small/16.04.TLTT.6.2.8_Train.txt,2025-12-29 22:48:32.753036
0.1.1.1.0.0.searchglobal.0,Small,16,4,TLTT,6,2,9,TestSR,0.71517,0.9308397741380001,0.46488,0.6200797641754812,0.28483,/gpfs/projects/HeinzGroup/caffeine_underground/mlrt/FlexFringe/FlexFringe/models-ps-small/0.1.1.1.0.0.searchglobal.0.ini/0.1.1.1.0.0.searchglobal.0_16.04.TLTT.6.2.9_Small.final.json,/gpfs/projects/HeinzGroup/asoubki/FlexFringe/data/MLRegTest/Large/16.04.TLTT.6.2.9_TestSR.txt,2025-12-29 23:03:57.413695
0.1.1.1.0.0.searchglobal.0,Small,16,4,TLTT,6,2,9,TestSA,0.55586,0.5649806895909916,0.48568,0.5223376567507689,0.44414,/gpfs/projects/HeinzGroup/caffeine_underground/mlrt/FlexFringe/FlexFringe/models-ps-small/0.1.1.1.0.0.searchglobal.0.ini/0.1.1.1.0.0.searchglobal.0_16.04.TLTT.6.2.9_Small.final.json,/gpfs/projects/HeinzGroup/asoubki/FlexFringe/data/MLRegTest/Large/16.04.TLTT.6.2.9_TestSA.txt,2025-12-29 23:03:57.413695
0.1.1.1.0.0.searchglobal.0,Small,16,4,TLTT,6,2,9,TestLR,0.56394,0.8233211974110033,0.16282,0.271874165108202,0.43606,/gpfs/projects/HeinzGroup/caffeine_underground/mlrt/FlexFringe/FlexFringe/models-ps-small/0.1.1.1.0.0.searchglobal.0.ini/0.1.1.1.0.0.searchglobal.0_16.04.TLTT.6.2.9_Small.final.json,/gpfs/projects/HeinzGroup/asoubki/FlexFringe/data/MLRegTest/Large/16.04.TLTT.6.2.9_TestLR.txt,2025-12-29 23:03:57.413695
0.1.1.1.0.0.searchglobal.0,Small,16,4,TLTT,6,2,9,TestLA,0.51974,0.5615566920294375,0.18008,0.2727079989096526,0.48026,/gpfs/projects/HeinzGroup/caffeine_underground/mlrt/FlexFringe/FlexFringe/models-ps-small/0.1.1.1.0.0.searchglobal.0.ini/0.1.1.1.0.0.searchglobal.0_16.04.TLTT.6.2.9_Small.final.json,/gpfs/projects/HeinzGroup/asoubki/FlexFringe/data/MLRegTest/Large/16.04.TLTT.6.2.9_TestLA.txt,2025-12-29 23:03:57.413695
0.1.1.1.0.0.searchglobal.0,Small,16,4,TLTT,6,2,9,Dev,0.71496,0.9306434810481609,0.46454,0.6197337175484938,0.28504,/gpfs/projects/HeinzGroup/caffeine_underground/mlrt/FlexFringe/FlexFringe/models-ps-small/0.1.1.1.0.0.searchglobal.0.ini/0.1.1.1.0.0.searchglobal.0_16.04.TLTT.6.2.9_Small.final.json,/gpfs/projects/HeinzGroup/asoubki/FlexFringe/data/MLRegTest/Large/16.04.TLTT.6.2.9_Dev.txt,2025-12-29 23:03:57.413695
0.1.1.1.0.0.searchglobal.0,Small,16,4,TLTT,6,2,9,Train,0.701,0.91701244813278,0.442,0.5964912280701754,0.299,/gpfs/projects/HeinzGroup/caffeine_underground/mlrt/FlexFringe/FlexFringe/models-ps-small/0.1.1.1.0.0.searchglobal.0.ini/0.1.1.1.0.0.searchglobal.0_16.04.TLTT.6.2.9_Small.final.json,/gpfs/projects/HeinzGroup/asoubki/FlexFringe/data/MLRegTest/Small/16.04.TLTT.6.2.9_Train.txt,2025-12-29 23:03:57.413695
0.1.1.1.0.0.searchglobal.0,Small,16,4,TPLT,2,2,0,TestLR,0.72616,0.6768367059706627,0.86562,0.7596756358274972,0.27384,/gpfs/projects/HeinzGroup/caffeine_underground/mlrt/FlexFringe/FlexFringe/models-ps-small/0.1.1.1.0.0.searchglobal.0.ini/0.1.1.1.0.0.searchglobal.0_16.04.TPLT.2.2.0_Small.final.json,/gpfs/projects/HeinzGroup/asoubki/FlexFringe/data/MLRegTest/Large/16.04.TPLT.2.2.0_TestLR.txt,2025-12-29 22:40:21.279165
0.1.1.1.0.0.searchglobal.0,Small,16,4,TPLT,2,2,0,TestLA,0.69566,0.661260013846306,0.80232,0.7249923192308387,0.30434,/gpfs/projects/HeinzGroup/caffeine_underground/mlrt/FlexFringe/FlexFringe/models-ps-small/0.1.1.1.0.0.searchglobal.0.ini/0.1.1.1.0.0.searchglobal.0_16.04.TPLT.2.2.0_Small.final.json,/gpfs/projects/HeinzGroup/asoubki/FlexFringe/data/MLRegTest/Large/16.04.TPLT.2.2.0_TestLA.txt,2025-12-29 22:40:21.279165
0.1.1.1.0.0.searchglobal.0,Small,16,4,TPLT,2,2,0,TestSR,0.65491,0.6006758952362384,0.92426,0.728136447788238,0.34509,/gpfs/projects/HeinzGroup/caffeine_underground/mlrt/FlexFringe/FlexFringe/models-ps-small/0.1.1.1.0.0.searchglobal.0.ini/0.1.1.1.0.0.searchglobal.0_16.04.TPLT.2.2.0_Small.final.json,/gpfs/projects/HeinzGroup/asoubki/FlexFringe/data/MLRegTest/Large/16.04.TPLT.2.2.0_TestSR.txt,2025-12-29 22:40:21.279165
0.1.1.1.0.0.searchglobal.0,Small,16,4,TPLT,2,2,0,TestSA,0.63007,0.5889756885064233,0.861,0.6994711315834369,0.36993,/gpfs/projects/HeinzGroup/caffeine_underground/mlrt/FlexFringe/FlexFringe/models-ps-small/0.1.1.1.0.0.searchglobal.0.ini/0.1.1.1.0.0.searchglobal.0_16.04.TPLT.2.2.0_Small.final.json,/gpfs/projects/HeinzGroup/asoubki/FlexFringe/data/MLRegTest/Large/16.04.TPLT.2.2.0_TestSA.txt,2025-12-29 22:40:21.279165
0.1.1.1.0.0.searchglobal.0,Small,16,4,TPLT,2,2,0,Dev,0.65269,0.5991377631185966,0.92278,0.726546937618594,0.34731,/gpfs/projects/HeinzGroup/caffeine_underground/mlrt/FlexFringe/FlexFringe/models-ps-small/0.1.1.1.0.0.searchglobal.0.ini/0.1.1.1.0.0.searchglobal.0_16.04.TPLT.2.2.0_Small.final.json,/gpfs/projects/HeinzGroup/asoubki/FlexFringe/data/MLRegTest/Large/16.04.TPLT.2.2.0_Dev.txt,2025-12-29 22:40:21.279165
0.1.1.1.0.0.searchglobal.0,Small,16,4,TPLT,2,2,0,Train,0.65,0.5961538461538461,0.93,0.7265625,0.35,/gpfs/projects/HeinzGroup/caffeine_underground/mlrt/FlexFringe/FlexFringe/models-ps-small/0.1.1.1.0.0.searchglobal.0.ini/0.1.1.1.0.0.searchglobal.0_16.04.TPLT.2.2.0_Small.final.json,/gpfs/projects/HeinzGroup/asoubki/FlexFringe/data/MLRegTest/Small/16.04.TPLT.2.2.0_Train.txt,2025-12-29 22:40:21.279165
0.1.1.1.0.0.searchglobal.0,Small,16,4,TPLT,2,2,1,TestLR,0.54014,0.5320688993992074,0.66598,0.5915405386200526,0.45986,/gpfs/projects/HeinzGroup/caffeine_underground/mlrt/FlexFringe/FlexFringe/models-ps-small/0.1.1.1.0.0.searchglobal.0.ini/0.1.1.1.0.0.searchglobal.0_16.04.TPLT.2.2.1_Small.final.json,/gpfs/projects/HeinzGroup/asoubki/FlexFringe/data/MLRegTest/Large/16.04.TPLT.2.2.1_TestLR.txt,2025-12-29 23:12:01.295537
0.1.1.1.0.0.searchglobal.0,Small,16,4,TPLT,2,2,1,TestSR,0.58268,0.5665207736620217,0.70414,0.6278779448219286,0.41732,/gpfs/projects/HeinzGroup/caffeine_underground/mlrt/FlexFringe/FlexFringe/models-ps-small/0.1.1.1.0.0.searchglobal.0.ini/0.1.1.1.0.0.searchglobal.0_16.04.TPLT.2.2.1_Small.final.json,/gpfs/projects/HeinzGroup/asoubki/FlexFringe/data/MLRegTest/Large/16.04.TPLT.2.2.1_TestSR.txt,2025-12-29 23:12:01.295537
0.1.1.1.0.0.searchglobal.0,Small,16,4,TPLT,2,2,1,TestSA,0.53542,0.5308042858136784,0.61034,0.5678003944479589,0.46458,/gpfs/projects/HeinzGroup/caffeine_underground/mlrt/FlexFringe/FlexFringe/models-ps-small/0.1.1.1.0.0.searchglobal.0.ini/0.1.1.1.0.0.searchglobal.0_16.04.TPLT.2.2.1_Small.final.json,/gpfs/projects/HeinzGroup/asoubki/FlexFringe/data/MLRegTest/Large/16.04.TPLT.2.2.1_TestSA.txt,2025-12-29 23:12:01.295537
0.1.1.1.0.0.searchglobal.0,Small,16,4,TPLT,2,2,1,TestLA,0.51867,0.515470409837424,0.62208,0.5637795561033523,0.48133,/gpfs/projects/HeinzGroup/caffeine_underground/mlrt/FlexFringe/FlexFringe/models-ps-small/0.1.1.1.0.0.searchglobal.0.ini/0.1.1.1.0.0.searchglobal.0_16.04.TPLT.2.2.1_Small.final.json,/gpfs/projects/HeinzGroup/asoubki/FlexFringe/data/MLRegTest/Large/16.04.TPLT.2.2.1_TestLA.txt,2025-12-29 23:12:01.295537
0.1.1.1.0.0.searchglobal.0,Small,16,4,TPLT,2,2,1,Dev,0.58144,0.5654115530424725,0.70396,0.6271246837472829,0.41856,/gpfs/projects/HeinzGroup/caffeine_underground/mlrt/FlexFringe/FlexFringe/models-ps-small/0.1.1.1.0.0.searchglobal.0.ini/0.1.1.1.0.0.searchglobal.0_16.04.TPLT.2.2.1_Small.final.json,/gpfs/projects/HeinzGroup/asoubki/FlexFringe/data/MLRegTest/Large/16.04.TPLT.2.2.1_Dev.txt,2025-12-29 23:12:01.295537
0.1.1.1.0.0.searchglobal.0,Small,16,4,TPLT,2,2,1,Train,0.592,0.5782312925170068,0.68,0.625,0.408,/gpfs/projects/HeinzGroup/caffeine_underground/mlrt/FlexFringe/FlexFringe/models-ps-small/0.1.1.1.0.0.searchglobal.0.ini/0.1.1.1.0.0.searchglobal.0_16.04.TPLT.2.2.1_Small.final.json,/gpfs/projects/HeinzGroup/asoubki/FlexFringe/data/MLRegTest/Small/16.04.TPLT.2.2.1_Train.txt,2025-12-29 23:12:01.295537
0.1.1.1.0.0.searchglobal.0,Small,16,4,TPLT,2,2,2,TestLA,0.51114,0.5168237284040111,0.34222,0.4117774462145642,0.48886,/gpfs/projects/HeinzGroup/caffeine_underground/mlrt/FlexFringe/FlexFringe/models-ps-small/0.1.1.1.0.0.searchglobal.0.ini/0.1.1.1.0.0.searchglobal.0_16.04.TPLT.2.2.2_Small.final.json,/gpfs/projects/HeinzGroup/asoubki/FlexFringe/data/MLRegTest/Large/16.04.TPLT.2.2.2_TestLA.txt,2025-12-29 23:15:17.874340
0.1.1.1.0.0.searchglobal.0,Small,16,4,TPLT,2,2,2,TestLR,0.54274,0.5687890298075066,0.3534,0.4359410850418178,0.45726,/gpfs/projects/HeinzGroup/caffeine_underground/mlrt/FlexFringe/FlexFringe/models-ps-small/0.1.1.1.0.0.searchglobal.0.ini/0.1.1.1.0.0.searchglobal.0_16.04.TPLT.2.2.2_Small.final.json,/gpfs/projects/HeinzGroup/asoubki/FlexFringe/data/MLRegTest/Large/16.04.TPLT.2.2.2_TestLR.txt,2025-12-29 23:15:17.874340
0.1.1.1.0.0.searchglobal.0,Small,16,4,TPLT,2,2,2,TestSR,0.52381,0.5807830630386103,0.17118,0.2644237453079383,0.47619,/gpfs/projects/HeinzGroup/caffeine_underground/mlrt/FlexFringe/FlexFringe/models-ps-small/0.1.1.1.0.0.searchglobal.0.ini/0.1.1.1.0.0.searchglobal.0_16.04.TPLT.2.2.2_Small.final.json,/gpfs/projects/HeinzGroup/asoubki/FlexFringe/data/MLRegTest/Large/16.04.TPLT.2.2.2_TestSR.txt,2025-12-29 23:15:17.874340
0.1.1.1.0.0.searchglobal.0,Small,16,4,TPLT,2,2,2,TestSA,0.50408,0.5123247945867568,0.1696,0.25483832191369155,0.49592,/gpfs/projects/HeinzGroup/caffeine_underground/mlrt/FlexFringe/FlexFringe/models-ps-small/0.1.1.1.0.0.searchglobal.0.ini/0.1.1.1.0.0.searchglobal.0_16.04.TPLT.2.2.2_Small.final.json,/gpfs/projects/HeinzGroup/asoubki/FlexFringe/data/MLRegTest/Large/16.04.TPLT.2.2.2_TestSA.txt,2025-12-29 23:15:17.874340
0.1.1.1.0.0.searchglobal.0,Small,16,4,TPLT,2,2,2,Dev,0.52629,0.58963518581657,0.17294,0.2674398824711977,0.47371,/gpfs/projects/HeinzGroup/caffeine_underground/mlrt/FlexFringe/FlexFringe/models-ps-small/0.1.1.1.0.0.searchglobal.0.ini/0.1.1.1.0.0.searchglobal.0_16.04.TPLT.2.2.2_Small.final.json,/gpfs/projects/HeinzGroup/asoubki/FlexFringe/data/MLRegTest/Large/16.04.TPLT.2.2.2_Dev.txt,2025-12-29 23:15:17.874340
0.1.1.1.0.0.searchglobal.0,Small,16,4,TPLT,2,2,2,Train,0.555,0.6687116564417178,0.218,0.3288084464555053,0.445,/gpfs/projects/HeinzGroup/caffeine_underground/mlrt/FlexFringe/FlexFringe/models-ps-small/0.1.1.1.0.0.searchglobal.0.ini/0.1.1.1.0.0.searchglobal.0_16.04.TPLT.2.2.2_Small.final.json,/gpfs/projects/HeinzGroup/asoubki/FlexFringe/data/MLRegTest/Small/16.04.TPLT.2.2.2_Train.txt,2025-12-29 23:15:17.874340
0.1.1.1.0.0.searchglobal.0,Small,16,4,TPLT,2,2,3,TestLR,0.52632,0.5297186215618084,0.46914,0.49759232939479436,0.47368,/gpfs/projects/HeinzGroup/caffeine_underground/mlrt/FlexFringe/FlexFringe/models-ps-small/0.1.1.1.0.0.searchglobal.0.ini/0.1.1.1.0.0.searchglobal.0_16.04.TPLT.2.2.3_Small.final.json,/gpfs/projects/HeinzGroup/asoubki/FlexFringe/data/MLRegTest/Large/16.04.TPLT.2.2.3_TestLR.txt,2025-12-29 22:03:12.571156
0.1.1.1.0.0.searchglobal.0,Small,16,4,TPLT,2,2,3,TestSR,0.55361,0.5571937610685557,0.52228,0.5391722671291564,0.44639,/gpfs/projects/HeinzGroup/caffeine_underground/mlrt/FlexFringe/FlexFringe/models-ps-small/0.1.1.1.0.0.searchglobal.0.ini/0.1.1.1.0.0.searchglobal.0_16.04.TPLT.2.2.3_Small.final.json,/gpfs/projects/HeinzGroup/asoubki/FlexFringe/data/MLRegTest/Large/16.04.TPLT.2.2.3_TestSR.txt,2025-12-29 22:03:12.571156
0.1.1.1.0.0.searchglobal.0,Small,16,4,TPLT,2,2,3,TestSA,0.5263,0.5278790705563093,0.49798,0.512493825127614,0.4737,/gpfs/projects/HeinzGroup/caffeine_underground/mlrt/FlexFringe/FlexFringe/models-ps-small/0.1.1.1.0.0.searchglobal.0.ini/0.1.1.1.0.0.searchglobal.0_16.04.TPLT.2.2.3_Small.final.json,/gpfs/projects/HeinzGroup/asoubki/FlexFringe/data/MLRegTest/Large/16.04.TPLT.2.2.3_TestSA.txt,2025-12-29 22:03:12.571156
0.1.1.1.0.0.searchglobal.0,Small,16,4,TPLT,2,2,3,TestLA,0.51009,0.5114541945737314,0.45054,0.4790685310223829,0.48991,/gpfs/projects/HeinzGroup/caffeine_underground/mlrt/FlexFringe/FlexFringe/models-ps-small/0.1.1.1.0.0.searchglobal.0.ini/0.1.1.1.0.0.searchglobal.0_16.04.TPLT.2.2.3_Small.final.json,/gpfs/projects/HeinzGroup/asoubki/FlexFringe/data/MLRegTest/Large/16.04.TPLT.2.2.3_TestLA.txt,2025-12-29 22:03:12.571156
0.1.1.1.0.0.searchglobal.0,Small,16,4,TPLT,2,2,3,Dev,0.55481,0.5583494794217216,0.52448,0.5408850433652685,0.44519,/gpfs/projects/HeinzGroup/caffeine_underground/mlrt/FlexFringe/FlexFringe/models-ps-small/0.1.1.1.0.0.searchglobal.0.ini/0.1.1.1.0.0.searchglobal.0_16.04.TPLT.2.2.3_Small.final.json,/gpfs/projects/HeinzGroup/asoubki/FlexFringe/data/MLRegTest/Large/16.04.TPLT.2.2.3_Dev.txt,2025-12-29 22:03:12.571156
0.1.1.1.0.0.searchglobal.0,Small,16,4,TPLT,2,2,3,Train,0.56,0.5617283950617284,0.546,0.5537525354969574,0.44,/gpfs/projects/HeinzGroup/caffeine_underground/mlrt/FlexFringe/FlexFringe/models-ps-small/0.1.1.1.0.0.searchglobal.0.ini/0.1.1.1.0.0.searchglobal.0_16.04.TPLT.2.2.3_Small.final.json,/gpfs/projects/HeinzGroup/asoubki/FlexFringe/data/MLRegTest/Small/16.04.TPLT.2.2.3_Train.txt,2025-12-29 22:03:12.571156
0.1.1.1.0.0.searchglobal.0,Small,16,4,TPLT,2,2,4,TestLA,0.54762,0.546418684446524,0.56056,0.5533990167235967,0.45238,/gpfs/projects/HeinzGroup/caffeine_underground/mlrt/FlexFringe/FlexFringe/models-ps-small/0.1.1.1.0.0.searchglobal.0.ini/0.1.1.1.0.0.searchglobal.0_16.04.TPLT.2.2.4_Small.final.json,/gpfs/projects/HeinzGroup/asoubki/FlexFringe/data/MLRegTest/Large/16.04.TPLT.2.2.4_TestLA.txt,2025-12-29 22:21:46.599326
0.1.1.1.0.0.searchglobal.0,Small,16,4,TPLT,2,2,4,TestSA,0.56513,0.5760597921289268,0.49328,0.5314658191025158,0.43487,/gpfs/projects/HeinzGroup/caffeine_underground/mlrt/FlexFringe/FlexFringe/models-ps-small/0.1.1.1.0.0.searchglobal.0.ini/0.1.1.1.0.0.searchglobal.0_16.04.TPLT.2.2.4_Small.final.json,/gpfs/projects/HeinzGroup/asoubki/FlexFringe/data/MLRegTest/Large/16.04.TPLT.2.2.4_TestSA.txt,2025-12-29 22:21:46.599326
0.1.1.1.0.0.searchglobal.0,Small,16,4,TPLT,2,2,4,TestSR,0.71296,0.6875836797970545,0.7806,0.7311453298864786,0.28704,/gpfs/projects/HeinzGroup/caffeine_underground/mlrt/FlexFringe/FlexFringe/models-ps-small/0.1.1.1.0.0.searchglobal.0.ini/0.1.1.1.0.0.searchglobal.0_16.04.TPLT.2.2.4_Small.final.json,/gpfs/projects/HeinzGroup/asoubki/FlexFringe/data/MLRegTest/Large/16.04.TPLT.2.2.4_TestSR.txt,2025-12-29 22:21:46.599326
0.1.1.1.0.0.searchglobal.0,Small,16,4,TPLT,2,2,4,TestLR,0.64877,0.6258012142941703,0.74006,0.6781515454187246,0.35123,/gpfs/projects/HeinzGroup/caffeine_underground/mlrt/FlexFringe/FlexFringe/models-ps-small/0.1.1.1.0.0.searchglobal.0.ini/0.1.1.1.0.0.searchglobal.0_16.04.TPLT.2.2.4_Small.final.json,/gpfs/projects/HeinzGroup/asoubki/FlexFringe/data/MLRegTest/Large/16.04.TPLT.2.2.4_TestLR.txt,2025-12-29 22:21:46.599326
0.1.1.1.0.0.searchglobal.0,Small,16,4,TPLT,2,2,4,Dev,0.71502,0.6887067331320649,0.78474,0.7335938376397562,0.28498,/gpfs/projects/HeinzGroup/caffeine_underground/mlrt/FlexFringe/FlexFringe/models-ps-small/0.1.1.1.0.0.searchglobal.0.ini/0.1.1.1.0.0.searchglobal.0_16.04.TPLT.2.2.4_Small.final.json,/gpfs/projects/HeinzGroup/asoubki/FlexFringe/data/MLRegTest/Large/16.04.TPLT.2.2.4_Dev.txt,2025-12-29 22:21:46.599326
0.1.1.1.0.0.searchglobal.0,Small,16,4,TPLT,2,2,4,Train,0.705,0.6880733944954128,0.75,0.7177033492822966,0.295,/gpfs/projects/HeinzGroup/caffeine_underground/mlrt/FlexFringe/FlexFringe/models-ps-small/0.1.1.1.0.0.searchglobal.0.ini/0.1.1.1.0.0.searchglobal.0_16.04.TPLT.2.2.4_Small.final.json,/gpfs/projects/HeinzGroup/asoubki/FlexFringe/data/MLRegTest/Small/16.04.TPLT.2.2.4_Train.txt,2025-12-29 22:21:46.599326
0.1.1.1.0.0.searchglobal.0,Small,16,4,TPLT,2,2,5,TestSA,0.50259,0.5049080917187796,0.26644,0.34881193951692085,0.49741,/gpfs/projects/HeinzGroup/caffeine_underground/mlrt/FlexFringe/FlexFringe/models-ps-small/0.1.1.1.0.0.searchglobal.0.ini/0.1.1.1.0.0.searchglobal.0_16.04.TPLT.2.2.5_Small.final.json,/gpfs/projects/HeinzGroup/asoubki/FlexFringe/data/MLRegTest/Large/16.04.TPLT.2.2.5_TestSA.txt,2025-12-29 22:44:23.597804
0.1.1.1.0.0.searchglobal.0,Small,16,4,TPLT,2,2,5,TestSR,0.51017,0.5192504258943782,0.27432,0.3589871098606295,0.48983,/gpfs/projects/HeinzGroup/caffeine_underground/mlrt/FlexFringe/FlexFringe/models-ps-small/0.1.1.1.0.0.searchglobal.0.ini/0.1.1.1.0.0.searchglobal.0_16.04.TPLT.2.2.5_Small.final.json,/gpfs/projects/HeinzGroup/asoubki/FlexFringe/data/MLRegTest/Large/16.04.TPLT.2.2.5_TestSR.txt,2025-12-29 22:44:23.597804
0.1.1.1.0.0.searchglobal.0,Small,16,4,TPLT,2,2,5,TestLA,0.5006,0.5011771168484658,0.25546,0.3384203693400101,0.4994,/gpfs/projects/HeinzGroup/caffeine_underground/mlrt/FlexFringe/FlexFringe/models-ps-small/0.1.1.1.0.0.searchglobal.0.ini/0.1.1.1.0.0.searchglobal.0_16.04.TPLT.2.2.5_Small.final.json,/gpfs/projects/HeinzGroup/asoubki/FlexFringe/data/MLRegTest/Large/16.04.TPLT.2.2.5_TestLA.txt,2025-12-29 22:44:23.597804
0.1.1.1.0.0.searchglobal.0,Small,16,4,TPLT,2,2,5,TestLR,0.506,0.511600928074246,0.2646,0.3488004218296863,0.494,/gpfs/projects/HeinzGroup/caffeine_underground/mlrt/FlexFringe/FlexFringe/models-ps-small/0.1.1.1.0.0.searchglobal.0.ini/0.1.1.1.0.0.searchglobal.0_16.04.TPLT.2.2.5_Small.final.json,/gpfs/projects/HeinzGroup/asoubki/FlexFringe/data/MLRegTest/Large/16.04.TPLT.2.2.5_TestLR.txt,2025-12-29 22:44:23.597804
0.1.1.1.0.0.searchglobal.0,Small,16,4,TPLT,2,2,5,Dev,0.50726,0.5137479169822754,0.2713,0.35508612114548976,0.49274,/gpfs/projects/HeinzGroup/caffeine_underground/mlrt/FlexFringe/FlexFringe/models-ps-small/0.1.1.1.0.0.searchglobal.0.ini/0.1.1.1.0.0.searchglobal.0_16.04.TPLT.2.2.5_Small.final.json,/gpfs/projects/HeinzGroup/asoubki/FlexFringe/data/MLRegTest/Large/16.04.TPLT.2.2.5_Dev.txt,2025-12-29 22:44:23.597804
0.1.1.1.0.0.searchglobal.0,Small,16,4,TPLT,2,2,5,Train,0.512,0.5234375,0.268,0.3544973544973545,0.488,/gpfs/projects/HeinzGroup/caffeine_underground/mlrt/FlexFringe/FlexFringe/models-ps-small/0.1.1.1.0.0.searchglobal.0.ini/0.1.1.1.0.0.searchglobal.0_16.04.TPLT.2.2.5_Small.final.json,/gpfs/projects/HeinzGroup/asoubki/FlexFringe/data/MLRegTest/Small/16.04.TPLT.2.2.5_Train.txt,2025-12-29 22:44:23.597804
0.1.1.1.0.0.searchglobal.0,Small,16,4,TPLT,2,2,7,TestLA,0.49889,0.49488620657882615,0.10742,0.17652375396447176,0.50111,/gpfs/projects/HeinzGroup/caffeine_underground/mlrt/FlexFringe/FlexFringe/models-ps-small/0.1.1.1.0.0.searchglobal.0.ini/0.1.1.1.0.0.searchglobal.0_16.04.TPLT.2.2.7_Small.final.json,/gpfs/projects/HeinzGroup/asoubki/FlexFringe/data/MLRegTest/Large/16.04.TPLT.2.2.7_TestLA.txt,2025-12-29 22:38:41.959124
0.1.1.1.0.0.searchglobal.0,Small,16,4,TPLT,2,2,7,TestLR,0.49266,0.4673371306514774,0.10502,0.17150042458684434,0.50734,/gpfs/projects/HeinzGroup/caffeine_underground/mlrt/FlexFringe/FlexFringe/models-ps-small/0.1.1.1.0.0.searchglobal.0.ini/0.1.1.1.0.0.searchglobal.0_16.04.TPLT.2.2.7_Small.final.json,/gpfs/projects/HeinzGroup/asoubki/FlexFringe/data/MLRegTest/Large/16.04.TPLT.2.2.7_TestLR.txt,2025-12-29 22:38:41.959124
0.1.1.1.0.0.searchglobal.0,Small,16,4,TPLT,2,2,7,TestSR,0.49372,0.45109034267912773,0.05792,0.10265863169088976,0.50628,/gpfs/projects/HeinzGroup/caffeine_underground/mlrt/FlexFringe/FlexFringe/models-ps-small/0.1.1.1.0.0.searchglobal.0.ini/0.1.1.1.0.0.searchglobal.0_16.04.TPLT.2.2.7_Small.final.json,/gpfs/projects/HeinzGroup/asoubki/FlexFringe/data/MLRegTest/Large/16.04.TPLT.2.2.7_TestSR.txt,2025-12-29 22:38:41.959124
0.1.1.1.0.0.searchglobal.0,Small,16,4,TPLT,2,2,7,TestSA,0.49851,0.48724533470296183,0.05692,0.1019322719865332,0.50149,/gpfs/projects/HeinzGroup/caffeine_underground/mlrt/FlexFringe/FlexFringe/models-ps-small/0.1.1.1.0.0.searchglobal.0.ini/0.1.1.1.0.0.searchglobal.0_16.04.TPLT.2.2.7_Small.final.json,/gpfs/projects/HeinzGroup/asoubki/FlexFringe/data/MLRegTest/Large/16.04.TPLT.2.2.7_TestSA.txt,2025-12-29 22:38:41.959124
0.1.1.1.0.0.searchglobal.0,Small,16,4,TPLT,2,2,7,Dev,0.4937,0.45120817843866173,0.05826,0.1031954088139436,0.5063,/gpfs/projects/HeinzGroup/caffeine_underground/mlrt/FlexFringe/FlexFringe/models-ps-small/0.1.1.1.0.0.searchglobal.0.ini/0.1.1.1.0.0.searchglobal.0_16.04.TPLT.2.2.7_Small.final.json,/gpfs/projects/HeinzGroup/asoubki/FlexFringe/data/MLRegTest/Large/16.04.TPLT.2.2.7_Dev.txt,2025-12-29 22:38:41.959124
0.1.1.1.0.0.searchglobal.0,Small,16,4,TPLT,2,2,7,Train,0.492,0.42592592592592593,0.046,0.08303249097472924,0.508,/gpfs/projects/HeinzGroup/caffeine_underground/mlrt/FlexFringe/FlexFringe/models-ps-small/0.1.1.1.0.0.searchglobal.0.ini/0.1.1.1.0.0.searchglobal.0_16.04.TPLT.2.2.7_Small.final.json,/gpfs/projects/HeinzGroup/asoubki/FlexFringe/data/MLRegTest/Small/16.04.TPLT.2.2.7_Train.txt,2025-12-29 22:38:41.959124
0.1.1.1.0.0.searchglobal.0,Small,16,4,TPLT,2,2,8,TestLR,0.5163,0.5369446962828649,0.2369,0.32875381626422423,0.4837,/gpfs/projects/HeinzGroup/caffeine_underground/mlrt/FlexFringe/FlexFringe/models-ps-small/0.1.1.1.0.0.searchglobal.0.ini/0.1.1.1.0.0.searchglobal.0_16.04.TPLT.2.2.8_Small.final.json,/gpfs/projects/HeinzGroup/asoubki/FlexFringe/data/MLRegTest/Large/16.04.TPLT.2.2.8_TestLR.txt,2025-12-29 22:29:38.916817
0.1.1.1.0.0.searchglobal.0,Small,16,4,TPLT,2,2,8,TestSR,0.53178,0.5698277377394972,0.25934,0.35645170157787676,0.46822,/gpfs/projects/HeinzGroup/caffeine_underground/mlrt/FlexFringe/FlexFringe/models-ps-small/0.1.1.1.0.0.searchglobal.0.ini/0.1.1.1.0.0.searchglobal.0_16.04.TPLT.2.2.8_Small.final.json,/gpfs/projects/HeinzGroup/asoubki/FlexFringe/data/MLRegTest/Large/16.04.TPLT.2.2.8_TestSR.txt,2025-12-29 22:29:38.916817
0.1.1.1.0.0.searchglobal.0,Small,16,4,TPLT,2,2,8,TestLA,0.50237,0.5051332033788174,0.23322,0.3191078880755285,0.49763,/gpfs/projects/HeinzGroup/caffeine_underground/mlrt/FlexFringe/FlexFringe/models-ps-small/0.1.1.1.0.0.searchglobal.0.ini/0.1.1.1.0.0.searchglobal.0_16.04.TPLT.2.2.8_Small.final.json,/gpfs/projects/HeinzGroup/asoubki/FlexFringe/data/MLRegTest/Large/16.04.TPLT.2.2.8_TestLA.txt,2025-12-29 22:29:38.916817
0.1.1.1.0.0.searchglobal.0,Small,16,4,TPLT,2,2,8,TestSA,0.50599,0.5119403580114021,0.25682,0.3420481333990384,0.49401,/gpfs/projects/HeinzGroup/caffeine_underground/mlrt/FlexFringe/FlexFringe/models-ps-small/0.1.1.1.0.0.searchglobal.0.ini/0.1.1.1.0.0.searchglobal.0_16.04.TPLT.2.2.8_Small.final.json,/gpfs/projects/HeinzGroup/asoubki/FlexFringe/data/MLRegTest/Large/16.04.TPLT.2.2.8_TestSA.txt,2025-12-29 22:29:38.916817
0.1.1.1.0.0.searchglobal.0,Small,16,4,TPLT,2,2,8,Dev,0.52984,0.5657964367613336,0.2566,0.35307391711156366,0.47016,/gpfs/projects/HeinzGroup/caffeine_underground/mlrt/FlexFringe/FlexFringe/models-ps-small/0.1.1.1.0.0.searchglobal.0.ini/0.1.1.1.0.0.searchglobal.0_16.04.TPLT.2.2.8_Small.final.json,/gpfs/projects/HeinzGroup/asoubki/FlexFringe/data/MLRegTest/Large/16.04.TPLT.2.2.8_Dev.txt,2025-12-29 22:29:38.916817
0.1.1.1.0.0.searchglobal.0,Small,16,4,TPLT,2,2,8,Train,0.522,0.5514018691588785,0.236,0.33053221288515405,0.478,/gpfs/projects/HeinzGroup/caffeine_underground/mlrt/FlexFringe/FlexFringe/models-ps-small/0.1.1.1.0.0.searchglobal.0.ini/0.1.1.1.0.0.searchglobal.0_16.04.TPLT.2.2.8_Small.final.json,/gpfs/projects/HeinzGroup/asoubki/FlexFringe/data/MLRegTest/Small/16.04.TPLT.2.2.8_Train.txt,2025-12-29 22:29:38.916817
0.1.1.1.0.0.searchglobal.0,Small,16,4,TPLT,2,2,9,TestSR,0.4964,0.49265605875153,0.2415,0.32411756811166287,0.5036,/gpfs/projects/HeinzGroup/caffeine_underground/mlrt/FlexFringe/FlexFringe/models-ps-small/0.1.1.1.0.0.searchglobal.0.ini/0.1.1.1.0.0.searchglobal.0_16.04.TPLT.2.2.9_Small.final.json,/gpfs/projects/HeinzGroup/asoubki/FlexFringe/data/MLRegTest/Large/16.04.TPLT.2.2.9_TestSR.txt,2025-12-29 23:31:39.569451
0.1.1.1.0.0.searchglobal.0,Small,16,4,TPLT,2,2,9,TestLR,0.49124,0.4818423016333637,0.23246,0.31361808909635464,0.50876,/gpfs/projects/HeinzGroup/caffeine_underground/mlrt/FlexFringe/FlexFringe/models-ps-small/0.1.1.1.0.0.searchglobal.0.ini/0.1.1.1.0.0.searchglobal.0_16.04.TPLT.2.2.9_Small.final.json,/gpfs/projects/HeinzGroup/asoubki/FlexFringe/data/MLRegTest/Large/16.04.TPLT.2.2.9_TestLR.txt,2025-12-29 23:31:39.569451
0.1.1.1.0.0.searchglobal.0,Small,16,4,TPLT,2,2,9,TestSA,0.49539,0.4914047059700936,0.26356,0.34310113646718826,0.50461,/gpfs/projects/HeinzGroup/caffeine_underground/mlrt/FlexFringe/FlexFringe/models-ps-small/0.1.1.1.0.0.searchglobal.0.ini/0.1.1.1.0.0.searchglobal.0_16.04.TPLT.2.2.9_Small.final.json,/gpfs/projects/HeinzGroup/asoubki/FlexFringe/data/MLRegTest/Large/16.04.TPLT.2.2.9_TestSA.txt,2025-12-29 23:31:39.569451
0.1.1.1.0.0.searchglobal.0,Small,16,4,TPLT,2,2,9,TestLA,0.49393,0.48812737159175373,0.24956,0.33026745894154547,0.50607,/gpfs/projects/HeinzGroup/caffeine_underground/mlrt/FlexFringe/FlexFringe/models-ps-small/0.1.1.1.0.0.searchglobal.0.ini/0.1.1.1.0.0.searchglobal.0_16.04.TPLT.2.2.9_Small.final.json,/gpfs/projects/HeinzGroup/asoubki/FlexFringe/data/MLRegTest/Large/16.04.TPLT.2.2.9_TestLA.txt,2025-12-29 23:31:39.569451
0.1.1.1.0.0.searchglobal.0,Small,16,4,TPLT,2,2,9,Dev,0.49433,0.48848450383849873,0.24052,0.3223307736635441,0.50567,/gpfs/projects/HeinzGroup/caffeine_underground/mlrt/FlexFringe/FlexFringe/models-ps-small/0.1.1.1.0.0.searchglobal.0.ini/0.1.1.1.0.0.searchglobal.0_16.04.TPLT.2.2.9_Small.final.json,/gpfs/projects/HeinzGroup/asoubki/FlexFringe/data/MLRegTest/Large/16.04.TPLT.2.2.9_Dev.txt,2025-12-29 23:31:39.569451
0.1.1.1.0.0.searchglobal.0,Small,16,4,TPLT,2,2,9,Train,0.514,0.5277777777777778,0.266,0.3537234042553192,0.486,/gpfs/projects/HeinzGroup/caffeine_underground/mlrt/FlexFringe/FlexFringe/models-ps-small/0.1.1.1.0.0.searchglobal.0.ini/0.1.1.1.0.0.searchglobal.0_16.04.TPLT.2.2.9_Small.final.json,/gpfs/projects/HeinzGroup/asoubki/FlexFringe/data/MLRegTest/Small/16.04.TPLT.2.2.9_Train.txt,2025-12-29 23:31:39.569451
0.1.1.1.0.0.searchglobal.0,Small,16,4,TPLT,4,2,0,TestLR,0.57006,0.5512809251939687,0.75316,0.63659876595385,0.42994,/gpfs/projects/HeinzGroup/caffeine_underground/mlrt/FlexFringe/FlexFringe/models-ps-small/0.1.1.1.0.0.searchglobal.0.ini/0.1.1.1.0.0.searchglobal.0_16.04.TPLT.4.2.0_Small.final.json,/gpfs/projects/HeinzGroup/asoubki/FlexFringe/data/MLRegTest/Large/16.04.TPLT.4.2.0_TestLR.txt,2025-12-29 23:25:26.518080
0.1.1.1.0.0.searchglobal.0,Small,16,4,TPLT,4,2,0,TestSA,0.50205,0.5015278212523663,0.67294,0.5747252090290292,0.49795,/gpfs/projects/HeinzGroup/caffeine_underground/mlrt/FlexFringe/FlexFringe/models-ps-small/0.1.1.1.0.0.searchglobal.0.ini/0.1.1.1.0.0.searchglobal.0_16.04.TPLT.4.2.0_Small.final.json,/gpfs/projects/HeinzGroup/asoubki/FlexFringe/data/MLRegTest/Large/16.04.TPLT.4.2.0_TestSA.txt,2025-12-29 23:25:26.518080
0.1.1.1.0.0.searchglobal.0,Small,16,4,TPLT,4,2,0,TestLA,0.50492,0.5039796809784192,0.62306,0.5572289695386982,0.49508,/gpfs/projects/HeinzGroup/caffeine_underground/mlrt/FlexFringe/FlexFringe/models-ps-small/0.1.1.1.0.0.searchglobal.0.ini/0.1.1.1.0.0.searchglobal.0_16.04.TPLT.4.2.0_Small.final.json,/gpfs/projects/HeinzGroup/asoubki/FlexFringe/data/MLRegTest/Large/16.04.TPLT.4.2.0_TestLA.txt,2025-12-29 23:25:26.518080
0.1.1.1.0.0.searchglobal.0,Small,16,4,TPLT,4,2,0,TestSR,0.57497,0.550223079705776,0.82134,0.6589856944567023,0.42503,/gpfs/projects/HeinzGroup/caffeine_underground/mlrt/FlexFringe/FlexFringe/models-ps-small/0.1.1.1.0.0.searchglobal.0.ini/0.1.1.1.0.0.searchglobal.0_16.04.TPLT.4.2.0_Small.final.json,/gpfs/projects/HeinzGroup/asoubki/FlexFringe/data/MLRegTest/Large/16.04.TPLT.4.2.0_TestSR.txt,2025-12-29 23:25:26.518080
0.1.1.1.0.0.searchglobal.0,Small,16,4,TPLT,4,2,0,Dev,0.57475,0.5499538887181064,0.82294,0.6593066760669449,0.42525,/gpfs/projects/HeinzGroup/caffeine_underground/mlrt/FlexFringe/FlexFringe/models-ps-small/0.1.1.1.0.0.searchglobal.0.ini/0.1.1.1.0.0.searchglobal.0_16.04.TPLT.4.2.0_Small.final.json,/gpfs/projects/HeinzGroup/asoubki/FlexFringe/data/MLRegTest/Large/16.04.TPLT.4.2.0_Dev.txt,2025-12-29 23:25:26.518080
0.1.1.1.0.0.searchglobal.0,Small,16,4,TPLT,4,2,0,Train,0.584,0.5566037735849056,0.826,0.6650563607085346,0.416,/gpfs/projects/HeinzGroup/caffeine_underground/mlrt/FlexFringe/FlexFringe/models-ps-small/0.1.1.1.0.0.searchglobal.0.ini/0.1.1.1.0.0.searchglobal.0_16.04.TPLT.4.2.0_Small.final.json,/gpfs/projects/HeinzGroup/asoubki/FlexFringe/data/MLRegTest/Small/16.04.TPLT.4.2.0_Train.txt,2025-12-29 23:25:26.518080
0.1.1.1.0.0.searchglobal.0,Small,16,4,TPLT,4,2,1,TestSR,0.5716,0.543860723824459,0.88782,0.6745224962392306,0.4284,/gpfs/projects/HeinzGroup/caffeine_underground/mlrt/FlexFringe/FlexFringe/models-ps-small/0.1.1.1.0.0.searchglobal.0.ini/0.1.1.1.0.0.searchglobal.0_16.04.TPLT.4.2.1_Small.final.json,/gpfs/projects/HeinzGroup/asoubki/FlexFringe/data/MLRegTest/Large/16.04.TPLT.4.2.1_TestSR.txt,2025-12-29 22:12:28.349013
0.1.1.1.0.0.searchglobal.0,Small,16,4,TPLT,4,2,1,TestLA,0.50981,0.508157732798909,0.61108,0.5548866308897908,0.49019,/gpfs/projects/HeinzGroup/caffeine_underground/mlrt/FlexFringe/FlexFringe/models-ps-small/0.1.1.1.0.0.searchglobal.0.ini/0.1.1.1.0.0.searchglobal.0_16.04.TPLT.4.2.1_Small.final.json,/gpfs/projects/HeinzGroup/asoubki/FlexFringe/data/MLRegTest/Large/16.04.TPLT.4.2.1_TestLA.txt,2025-12-29 22:12:28.349013
0.1.1.1.0.0.searchglobal.0,Small,16,4,TPLT,4,2,1,TestLR,0.59327,0.5681031587248273,0.77804,0.6567013006743925,0.40673,/gpfs/projects/HeinzGroup/caffeine_underground/mlrt/FlexFringe/FlexFringe/models-ps-small/0.1.1.1.0.0.searchglobal.0.ini/0.1.1.1.0.0.searchglobal.0_16.04.TPLT.4.2.1_Small.final.json,/gpfs/projects/HeinzGroup/asoubki/FlexFringe/data/MLRegTest/Large/16.04.TPLT.4.2.1_TestLR.txt,2025-12-29 22:12:28.349013
0.1.1.1.0.0.searchglobal.0,Small,16,4,TPLT,4,2,1,TestSA,0.50395,0.5026608285618053,0.7462,0.6006842423022741,0.49605,/gpfs/projects/HeinzGroup/caffeine_underground/mlrt/FlexFringe/FlexFringe/models-ps-small/0.1.1.1.0.0.searchglobal.0.ini/0.1.1.1.0.0.searchglobal.0_16.04.TPLT.4.2.1_Small.final.json,/gpfs/projects/HeinzGroup/asoubki/FlexFringe/data/MLRegTest/Large/16.04.TPLT.4.2.1_TestSA.txt,2025-12-29 22:12:28.349013
0.1.1.1.0.0.searchglobal.0,Small,16,4,TPLT,4,2,1,Dev,0.56928,0.5423751620874416,0.88674,0.6730678730284031,0.43072,/gpfs/projects/HeinzGroup/caffeine_underground/mlrt/FlexFringe/FlexFringe/models-ps-small/0.1.1.1.0.0.searchglobal.0.ini/0.1.1.1.0.0.searchglobal.0_16.04.TPLT.4.2.1_Small.final.json,/gpfs/projects/HeinzGroup/asoubki/FlexFringe/data/MLRegTest/Large/16.04.TPLT.4.2.1_Dev.txt,2025-12-29 22:12:28.349013
0.1.1.1.0.0.searchglobal.0,Small,16,4,TPLT,4,2,1,Train,0.577,0.5477075588599752,0.884,0.6763580719204285,0.423,/gpfs/projects/HeinzGroup/caffeine_underground/mlrt/FlexFringe/FlexFringe/models-ps-small/0.1.1.1.0.0.searchglobal.0.ini/0.1.1.1.0.0.searchglobal.0_16.04.TPLT.4.2.1_Small.final.json,/gpfs/projects/HeinzGroup/asoubki/FlexFringe/data/MLRegTest/Small/16.04.TPLT.4.2.1_Train.txt,2025-12-29 22:12:28.349013
0.1.1.1.0.0.searchglobal.0,Small,16,4,TPLT,4,2,2,TestSR,0.77009,0.8979754221554239,0.60942,0.726079134547794,0.22991,/gpfs/projects/HeinzGroup/caffeine_underground/mlrt/FlexFringe/FlexFringe/models-ps-small/0.1.1.1.0.0.searchglobal.0.ini/0.1.1.1.0.0.searchglobal.0_16.04.TPLT.4.2.2_Small.final.json,/gpfs/projects/HeinzGroup/asoubki/FlexFringe/data/MLRegTest/Large/16.04.TPLT.4.2.2_TestSR.txt,2025-12-29 23:27:09.795276
0.1.1.1.0.0.searchglobal.0,Small,16,4,TPLT,4,2,2,TestLR,0.70793,0.8275003937627973,0.52538,0.6427059759006667,0.29207,/gpfs/projects/HeinzGroup/caffeine_underground/mlrt/FlexFringe/FlexFringe/models-ps-small/0.1.1.1.0.0.searchglobal.0.ini/0.1.1.1.0.0.searchglobal.0_16.04.TPLT.4.2.2_Small.final.json,/gpfs/projects/HeinzGroup/asoubki/FlexFringe/data/MLRegTest/Large/16.04.TPLT.4.2.2_TestLR.txt,2025-12-29 23:27:09.795276
0.1.1.1.0.0.searchglobal.0,Small,16,4,TPLT,4,2,2,TestLA,0.59358,0.6072378071140447,0.5299,0.565938995215311,0.40642,/gpfs/projects/HeinzGroup/caffeine_underground/mlrt/FlexFringe/FlexFringe/models-ps-small/0.1.1.1.0.0.searchglobal.0.ini/0.1.1.1.0.0.searchglobal.0_16.04.TPLT.4.2.2_Small.final.json,/gpfs/projects/HeinzGroup/asoubki/FlexFringe/data/MLRegTest/Large/16.04.TPLT.4.2.2_TestLA.txt,2025-12-29 23:27:09.795276
0.1.1.1.0.0.searchglobal.0,Small,16,4,TPLT,4,2,2,TestSA,0.6258,0.6275965595585848,0.61876,0.6231469545601032,0.3742,/gpfs/projects/HeinzGroup/caffeine_underground/mlrt/FlexFringe/FlexFringe/models-ps-small/0.1.1.1.0.0.searchglobal.0.ini/0.1.1.1.0.0.searchglobal.0_16.04.TPLT.4.2.2_Small.final.json,/gpfs/projects/HeinzGroup/asoubki/FlexFringe/data/MLRegTest/Large/16.04.TPLT.4.2.2_TestSA.txt,2025-12-29 23:27:09.795276
0.1.1.1.0.0.searchglobal.0,Small,16,4,TPLT,4,2,2,Dev,0.76879,0.8969254850999734,0.60738,0.7242871963653276,0.23121,/gpfs/projects/HeinzGroup/caffeine_underground/mlrt/FlexFringe/FlexFringe/models-ps-small/0.1.1.1.0.0.searchglobal.0.ini/0.1.1.1.0.0.searchglobal.0_16.04.TPLT.4.2.2_Small.final.json,/gpfs/projects/HeinzGroup/asoubki/FlexFringe/data/MLRegTest/Large/16.04.TPLT.4.2.2_Dev.txt,2025-12-29 23:27:09.795276
0.1.1.1.0.0.searchglobal.0,Small,16,4,TPLT,4,2,2,Train,0.793,0.9150141643059491,0.646,0.757327080890973,0.207,/gpfs/projects/HeinzGroup/caffeine_underground/mlrt/FlexFringe/FlexFringe/models-ps-small/0.1.1.1.0.0.searchglobal.0.ini/0.1.1.1.0.0.searchglobal.0_16.04.TPLT.4.2.2_Small.final.json,/gpfs/projects/HeinzGroup/asoubki/FlexFringe/data/MLRegTest/Small/16.04.TPLT.4.2.2_Train.txt,2025-12-29 23:27:09.795276
0.1.1.1.0.0.searchglobal.0,Small,16,4,TPLT,4,2,3,TestLR,0.54374,0.5626073514256269,0.39306,0.46279376442330333,0.45626,/gpfs/projects/HeinzGroup/caffeine_underground/mlrt/FlexFringe/FlexFringe/models-ps-small/0.1.1.1.0.0.searchglobal.0.ini/0.1.1.1.0.0.searchglobal.0_16.04.TPLT.4.2.3_Small.final.json,/gpfs/projects/HeinzGroup/asoubki/FlexFringe/data/MLRegTest/Large/16.04.TPLT.4.2.3_TestLR.txt,2025-12-29 23:24:29.726186
0.1.1.1.0.0.searchglobal.0,Small,16,4,TPLT,4,2,3,TestLA,0.51268,0.5173280857111622,0.37856,0.4371968402088049,0.48732,/gpfs/projects/HeinzGroup/caffeine_underground/mlrt/FlexFringe/FlexFringe/models-ps-small/0.1.1.1.0.0.searchglobal.0.ini/0.1.1.1.0.0.searchglobal.0_16.04.TPLT.4.2.3_Small.final.json,/gpfs/projects/HeinzGroup/asoubki/FlexFringe/data/MLRegTest/Large/16.04.TPLT.4.2.3_TestLA.txt,2025-12-29 23:24:29.726186
0.1.1.1.0.0.searchglobal.0,Small,16,4,TPLT,4,2,3,TestSA,0.51956,0.5257463275943769,0.39942,0.4539585843202328,0.48044,/gpfs/projects/HeinzGroup/caffeine_underground/mlrt/FlexFringe/FlexFringe/models-ps-small/0.1.1.1.0.0.searchglobal.0.ini/0.1.1.1.0.0.searchglobal.0_16.04.TPLT.4.2.3_Small.final.json,/gpfs/projects/HeinzGroup/asoubki/FlexFringe/data/MLRegTest/Large/16.04.TPLT.4.2.3_TestSA.txt,2025-12-29 23:24:29.726186
0.1.1.1.0.0.searchglobal.0,Small,16,4,TPLT,4,2,3,TestSR,0.56364,0.5911486680034375,0.41274,0.48609115534094927,0.43636,/gpfs/projects/HeinzGroup/caffeine_underground/mlrt/FlexFringe/FlexFringe/models-ps-small/0.1.1.1.0.0.searchglobal.0.ini/0.1.1.1.0.0.searchglobal.0_16.04.TPLT.4.2.3_Small.final.json,/gpfs/projects/HeinzGroup/asoubki/FlexFringe/data/MLRegTest/Large/16.04.TPLT.4.2.3_TestSR.txt,2025-12-29 23:24:29.726186
0.1.1.1.0.0.searchglobal.0,Small,16,4,TPLT,4,2,3,Dev,0.56476,0.5932603686635944,0.41196,0.48626062322946173,0.43524,/gpfs/projects/HeinzGroup/caffeine_underground/mlrt/FlexFringe/FlexFringe/models-ps-small/0.1.1.1.0.0.searchglobal.0.ini/0.1.1.1.0.0.searchglobal.0_16.04.TPLT.4.2.3_Small.final.json,/gpfs/projects/HeinzGroup/asoubki/FlexFringe/data/MLRegTest/Large/16.04.TPLT.4.2.3_Dev.txt,2025-12-29 23:24:29.726186
0.1.1.1.0.0.searchglobal.0,Small,16,4,TPLT,4,2,3,Train,0.579,0.6053333333333333,0.454,0.5188571428571429,0.421,/gpfs/projects/HeinzGroup/caffeine_underground/mlrt/FlexFringe/FlexFringe/models-ps-small/0.1.1.1.0.0.searchglobal.0.ini/0.1.1.1.0.0.searchglobal.0_16.04.TPLT.4.2.3_Small.final.json,/gpfs/projects/HeinzGroup/asoubki/FlexFringe/data/MLRegTest/Small/16.04.TPLT.4.2.3_Train.txt,2025-12-29 23:24:29.726186
0.1.1.1.0.0.searchglobal.0,Small,16,4,TPLT,4,2,4,TestLR,0.80263,0.7348481321103195,0.94694,0.8275205145458836,0.19737,/gpfs/projects/HeinzGroup/caffeine_underground/mlrt/FlexFringe/FlexFringe/models-ps-small/0.1.1.1.0.0.searchglobal.0.ini/0.1.1.1.0.0.searchglobal.0_16.04.TPLT.4.2.4_Small.final.json,/gpfs/projects/HeinzGroup/asoubki/FlexFringe/data/MLRegTest/Large/16.04.TPLT.4.2.4_TestLR.txt,2025-12-29 23:31:49.995951
0.1.1.1.0.0.searchglobal.0,Small,16,4,TPLT,4,2,4,TestLA,0.61643,0.6272987688876255,0.57374,0.5993251924663902,0.38357,/gpfs/projects/HeinzGroup/caffeine_underground/mlrt/FlexFringe/FlexFringe/models-ps-small/0.1.1.1.0.0.searchglobal.0.ini/0.1.1.1.0.0.searchglobal.0_16.04.TPLT.4.2.4_Small.final.json,/gpfs/projects/HeinzGroup/asoubki/FlexFringe/data/MLRegTest/Large/16.04.TPLT.4.2.4_TestLA.txt,2025-12-29 23:31:49.995951
0.1.1.1.0.0.searchglobal.0,Small,16,4,TPLT,4,2,4,TestSA,0.56233,0.558227304149618,0.59756,0.5772243849192933,0.43767,/gpfs/projects/HeinzGroup/caffeine_underground/mlrt/FlexFringe/FlexFringe/models-ps-small/0.1.1.1.0.0.searchglobal.0.ini/0.1.1.1.0.0.searchglobal.0_16.04.TPLT.4.2.4_Small.final.json,/gpfs/projects/HeinzGroup/asoubki/FlexFringe/data/MLRegTest/Large/16.04.TPLT.4.2.4_TestSA.txt,2025-12-29 23:31:49.995951
0.1.1.1.0.0.searchglobal.0,Small,16,4,TPLT,4,2,4,TestSR,0.75938,0.6796210631284452,0.9814,0.8030965123320404,0.24062,/gpfs/projects/HeinzGroup/caffeine_underground/mlrt/FlexFringe/FlexFringe/models-ps-small/0.1.1.1.0.0.searchglobal.0.ini/0.1.1.1.0.0.searchglobal.0_16.04.TPLT.4.2.4_Small.final.json,/gpfs/projects/HeinzGroup/asoubki/FlexFringe/data/MLRegTest/Large/16.04.TPLT.4.2.4_TestSR.txt,2025-12-29 23:31:49.995951
0.1.1.1.0.0.searchglobal.0,Small,16,4,TPLT,4,2,4,Dev,0.75926,0.6796872834132682,0.98068,0.8029015408295263,0.24074,/gpfs/projects/HeinzGroup/caffeine_underground/mlrt/FlexFringe/FlexFringe/models-ps-small/0.1.1.1.0.0.searchglobal.0.ini/0.1.1.1.0.0.searchglobal.0_16.04.TPLT.4.2.4_Small.final.json,/gpfs/projects/HeinzGroup/asoubki/FlexFringe/data/MLRegTest/Large/16.04.TPLT.4.2.4_Dev.txt,2025-12-29 23:31:49.995951
0.1.1.1.0.0.searchglobal.0,Small,16,4,TPLT,4,2,4,Train,0.741,0.6662068965517242,0.966,0.7885714285714286,0.259,/gpfs/projects/HeinzGroup/caffeine_underground/mlrt/FlexFringe/FlexFringe/models-ps-small/0.1.1.1.0.0.searchglobal.0.ini/0.1.1.1.0.0.searchglobal.0_16.04.TPLT.4.2.4_Small.final.json,/gpfs/projects/HeinzGroup/asoubki/FlexFringe/data/MLRegTest/Small/16.04.TPLT.4.2.4_Train.txt,2025-12-29 23:31:49.995951
0.1.1.1.0.0.searchglobal.0,Small,16,4,TPLT,4,2,5,TestLR,0.50043,0.500856266677287,0.25152,0.3348733174453128,0.49957,/gpfs/projects/HeinzGroup/caffeine_underground/mlrt/FlexFringe/FlexFringe/models-ps-small/0.1.1.1.0.0.searchglobal.0.ini/0.1.1.1.0.0.searchglobal.0_16.04.TPLT.4.2.5_Small.final.json,/gpfs/projects/HeinzGroup/asoubki/FlexFringe/data/MLRegTest/Large/16.04.TPLT.4.2.5_TestLR.txt,2025-12-29 22:06:15.430807
0.1.1.1.0.0.searchglobal.0,Small,16,4,TPLT,4,2,5,TestSR,0.50454,0.5088561173533084,0.26086,0.34490691770679077,0.49546,/gpfs/projects/HeinzGroup/caffeine_underground/mlrt/FlexFringe/FlexFringe/models-ps-small/0.1.1.1.0.0.searchglobal.0.ini/0.1.1.1.0.0.searchglobal.0_16.04.TPLT.4.2.5_Small.final.json,/gpfs/projects/HeinzGroup/asoubki/FlexFringe/data/MLRegTest/Large/16.04.TPLT.4.2.5_TestSR.txt,2025-12-29 22:06:15.430807
0.1.1.1.0.0.searchglobal.0,Small,16,4,TPLT,4,2,5,TestSA,0.50231,0.5043556963457405,0.26748,0.3495693767398095,0.49769,/gpfs/projects/HeinzGroup/caffeine_underground/mlrt/FlexFringe/FlexFringe/models-ps-small/0.1.1.1.0.0.searchglobal.0.ini/0.1.1.1.0.0.searchglobal.0_16.04.TPLT.4.2.5_Small.final.json,/gpfs/projects/HeinzGroup/asoubki/FlexFringe/data/MLRegTest/Large/16.04.TPLT.4.2.5_TestSA.txt,2025-12-29 22:06:15.430807
0.1.1.1.0.0.searchglobal.0,Small,16,4,TPLT,4,2,5,TestLA,0.50027,0.5005418422636966,0.24942,0.3329373289728359,0.49973,/gpfs/projects/HeinzGroup/caffeine_underground/mlrt/FlexFringe/FlexFringe/models-ps-small/0.1.1.1.0.0.searchglobal.0.ini/0.1.1.1.0.0.searchglobal.0_16.04.TPLT.4.2.5_Small.final.json,/gpfs/projects/HeinzGroup/asoubki/FlexFringe/data/MLRegTest/Large/16.04.TPLT.4.2.5_TestLA.txt,2025-12-29 22:06:15.430807
0.1.1.1.0.0.searchglobal.0,Small,16,4,TPLT,4,2,5,Dev,0.5058,0.5113850502512562,0.26052,0.345187619249523,0.4942,/gpfs/projects/HeinzGroup/caffeine_underground/mlrt/FlexFringe/FlexFringe/models-ps-small/0.1.1.1.0.0.searchglobal.0.ini/0.1.1.1.0.0.searchglobal.0_16.04.TPLT.4.2.5_Small.final.json,/gpfs/projects/HeinzGroup/asoubki/FlexFringe/data/MLRegTest/Large/16.04.TPLT.4.2.5_Dev.txt,2025-12-29 22:06:15.430807
0.1.1.1.0.0.searchglobal.0,Small,16,4,TPLT,4,2,5,Train,0.514,0.5271317829457365,0.272,0.35883905013192613,0.486,/gpfs/projects/HeinzGroup/caffeine_underground/mlrt/FlexFringe/FlexFringe/models-ps-small/0.1.1.1.0.0.searchglobal.0.ini/0.1.1.1.0.0.searchglobal.0_16.04.TPLT.4.2.5_Small.final.json,/gpfs/projects/HeinzGroup/asoubki/FlexFringe/data/MLRegTest/Small/16.04.TPLT.4.2.5_Train.txt,2025-12-29 22:06:15.430807
0.1.1.1.0.0.searchglobal.0,Small,16,4,TPLT,4,2,6,TestLA,0.50052,0.5010934477247876,0.2383,0.32299601507224374,0.49948,/gpfs/projects/HeinzGroup/caffeine_underground/mlrt/FlexFringe/FlexFringe/models-ps-small/0.1.1.1.0.0.searchglobal.0.ini/0.1.1.1.0.0.searchglobal.0_16.04.TPLT.4.2.6_Small.final.json,/gpfs/projects/HeinzGroup/asoubki/FlexFringe/data/MLRegTest/Large/16.04.TPLT.4.2.6_TestLA.txt,2025-12-29 22:54:07.367334
0.1.1.1.0.0.searchglobal.0,Small,16,4,TPLT,4,2,6,TestLR,0.50122,0.5025059567825159,0.24464,0.3290737402814022,0.49878,/gpfs/projects/HeinzGroup/caffeine_underground/mlrt/FlexFringe/FlexFringe/models-ps-small/0.1.1.1.0.0.searchglobal.0.ini/0.1.1.1.0.0.searchglobal.0_16.04.TPLT.4.2.6_Small.final.json,/gpfs/projects/HeinzGroup/asoubki/FlexFringe/data/MLRegTest/Large/16.04.TPLT.4.2.6_TestLR.txt,2025-12-29 22:54:07.367334
0.1.1.1.0.0.searchglobal.0,Small,16,4,TPLT,4,2,6,TestSA,0.50255,0.5050936838320482,0.25286,0.33700737028694805,0.49745,/gpfs/projects/HeinzGroup/caffeine_underground/mlrt/FlexFringe/FlexFringe/models-ps-small/0.1.1.1.0.0.searchglobal.0.ini/0.1.1.1.0.0.searchglobal.0_16.04.TPLT.4.2.6_Small.final.json,/gpfs/projects/HeinzGroup/asoubki/FlexFringe/data/MLRegTest/Large/16.04.TPLT.4.2.6_TestSA.txt,2025-12-29 22:54:07.367334
0.1.1.1.0.0.searchglobal.0,Small,16,4,TPLT,4,2,6,TestSR,0.50447,0.5090496821476292,0.25144,0.33661325086683536,0.49553,/gpfs/projects/HeinzGroup/caffeine_underground/mlrt/FlexFringe/FlexFringe/models-ps-small/0.1.1.1.0.0.searchglobal.0.ini/0.1.1.1.0.0.searchglobal.0_16.04.TPLT.4.2.6_Small.final.json,/gpfs/projects/HeinzGroup/asoubki/FlexFringe/data/MLRegTest/Large/16.04.TPLT.4.2.6_TestSR.txt,2025-12-29 22:54:07.367334
0.1.1.1.0.0.searchglobal.0,Small,16,4,TPLT,4,2,6,Dev,0.50211,0.5042157842157842,0.25236,0.3363678773742086,0.49789,/gpfs/projects/HeinzGroup/caffeine_underground/mlrt/FlexFringe/FlexFringe/models-ps-small/0.1.1.1.0.0.searchglobal.0.ini/0.1.1.1.0.0.searchglobal.0_16.04.TPLT.4.2.6_Small.final.json,/gpfs/projects/HeinzGroup/asoubki/FlexFringe/data/MLRegTest/Large/16.04.TPLT.4.2.6_Dev.txt,2025-12-29 22:54:07.367334
0.1.1.1.0.0.searchglobal.0,Small,16,4,TPLT,4,2,6,Train,0.485,0.47035573122529645,0.238,0.3160690571049137,0.515,/gpfs/projects/HeinzGroup/caffeine_underground/mlrt/FlexFringe/FlexFringe/models-ps-small/0.1.1.1.0.0.searchglobal.0.ini/0.1.1.1.0.0.searchglobal.0_16.04.TPLT.4.2.6_Small.final.json,/gpfs/projects/HeinzGroup/asoubki/FlexFringe/data/MLRegTest/Small/16.04.TPLT.4.2.6_Train.txt,2025-12-29 22:54:07.367334
0.1.1.1.0.0.searchglobal.0,Small,16,4,TPLT,4,2,7,TestLR,0.67531,0.8663740856844305,0.41456,0.5607845789651674,0.32469,/gpfs/projects/HeinzGroup/caffeine_underground/mlrt/FlexFringe/FlexFringe/models-ps-small/0.1.1.1.0.0.searchglobal.0.ini/0.1.1.1.0.0.searchglobal.0_16.04.TPLT.4.2.7_Small.final.json,/gpfs/projects/HeinzGroup/asoubki/FlexFringe/data/MLRegTest/Large/16.04.TPLT.4.2.7_TestLR.txt,2025-12-29 22:44:29.639771
0.1.1.1.0.0.searchglobal.0,Small,16,4,TPLT,4,2,7,TestLA,0.58974,0.6331059032927915,0.42684,0.5099032373671007,0.41026,/gpfs/projects/HeinzGroup/caffeine_underground/mlrt/FlexFringe/FlexFringe/models-ps-small/0.1.1.1.0.0.searchglobal.0.ini/0.1.1.1.0.0.searchglobal.0_16.04.TPLT.4.2.7_Small.final.json,/gpfs/projects/HeinzGroup/asoubki/FlexFringe/data/MLRegTest/Large/16.04.TPLT.4.2.7_TestLA.txt,2025-12-29 22:44:29.639771
0.1.1.1.0.0.searchglobal.0,Small,16,4,TPLT,4,2,7,TestSA,0.64197,0.6567239970856423,0.5949,0.6242850996400575,0.35803,/gpfs/projects/HeinzGroup/caffeine_underground/mlrt/FlexFringe/FlexFringe/models-ps-small/0.1.1.1.0.0.searchglobal.0.ini/0.1.1.1.0.0.searchglobal.0_16.04.TPLT.4.2.7_Small.final.json,/gpfs/projects/HeinzGroup/asoubki/FlexFringe/data/MLRegTest/Large/16.04.TPLT.4.2.7_TestSA.txt,2025-12-29 22:44:29.639771
0.1.1.1.0.0.searchglobal.0,Small,16,4,TPLT,4,2,7,TestSR,0.76683,0.9309966079793248,0.57638,0.7119757890185906,0.23317,/gpfs/projects/HeinzGroup/caffeine_underground/mlrt/FlexFringe/FlexFringe/models-ps-small/0.1.1.1.0.0.searchglobal.0.ini/0.1.1.1.0.0.searchglobal.0_16.04.TPLT.4.2.7_Small.final.json,/gpfs/projects/HeinzGroup/asoubki/FlexFringe/data/MLRegTest/Large/16.04.TPLT.4.2.7_TestSR.txt,2025-12-29 22:44:29.639771
0.1.1.1.0.0.searchglobal.0,Small,16,4,TPLT,4,2,7,Dev,0.76609,0.9286381648893328,0.57648,0.7113611964609632,0.23391,/gpfs/projects/HeinzGroup/caffeine_underground/mlrt/FlexFringe/FlexFringe/models-ps-small/0.1.1.1.0.0.searchglobal.0.ini/0.1.1.1.0.0.searchglobal.0_16.04.TPLT.4.2.7_Small.final.json,/gpfs/projects/HeinzGroup/asoubki/FlexFringe/data/MLRegTest/Large/16.04.TPLT.4.2.7_Dev.txt,2025-12-29 22:44:29.639771
0.1.1.1.0.0.searchglobal.0,Small,16,4,TPLT,4,2,7,Train,0.765,0.9491525423728814,0.56,0.7044025157232704,0.235,/gpfs/projects/HeinzGroup/caffeine_underground/mlrt/FlexFringe/FlexFringe/models-ps-small/0.1.1.1.0.0.searchglobal.0.ini/0.1.1.1.0.0.searchglobal.0_16.04.TPLT.4.2.7_Small.final.json,/gpfs/projects/HeinzGroup/asoubki/FlexFringe/data/MLRegTest/Small/16.04.TPLT.4.2.7_Train.txt,2025-12-29 22:44:29.639771
0.1.1.1.0.0.searchglobal.0,Small,16,4,TPLT,4,2,8,TestSA,0.49657,0.4930698670545925,0.24404,0.3264880195860703,0.50343,/gpfs/projects/HeinzGroup/caffeine_underground/mlrt/FlexFringe/FlexFringe/models-ps-small/0.1.1.1.0.0.searchglobal.0.ini/0.1.1.1.0.0.searchglobal.0_16.04.TPLT.4.2.8_Small.final.json,/gpfs/projects/HeinzGroup/asoubki/FlexFringe/data/MLRegTest/Large/16.04.TPLT.4.2.8_TestSA.txt,2025-12-29 22:49:19.715583
0.1.1.1.0.0.searchglobal.0,Small,16,4,TPLT,4,2,8,TestSR,0.53715,0.5892128139858797,0.24536,0.34645091145281764,0.46285,/gpfs/projects/HeinzGroup/caffeine_underground/mlrt/FlexFringe/FlexFringe/models-ps-small/0.1.1.1.0.0.searchglobal.0.ini/0.1.1.1.0.0.searchglobal.0_16.04.TPLT.4.2.8_Small.final.json,/gpfs/projects/HeinzGroup/asoubki/FlexFringe/data/MLRegTest/Large/16.04.TPLT.4.2.8_TestSR.txt,2025-12-29 22:49:19.715583
0.1.1.1.0.0.searchglobal.0,Small,16,4,TPLT,4,2,8,TestLR,0.5098,0.526752566062459,0.19296,0.2824521341998946,0.4902,/gpfs/projects/HeinzGroup/caffeine_underground/mlrt/FlexFringe/FlexFringe/models-ps-small/0.1.1.1.0.0.searchglobal.0.ini/0.1.1.1.0.0.searchglobal.0_16.04.TPLT.4.2.8_Small.final.json,/gpfs/projects/HeinzGroup/asoubki/FlexFringe/data/MLRegTest/Large/16.04.TPLT.4.2.8_TestLR.txt,2025-12-29 22:49:19.715583
0.1.1.1.0.0.searchglobal.0,Small,16,4,TPLT,4,2,8,TestLA,0.49563,0.4886581884246042,0.18828,0.2718255973435357,0.50437,/gpfs/projects/HeinzGroup/caffeine_underground/mlrt/FlexFringe/FlexFringe/models-ps-small/0.1.1.1.0.0.searchglobal.0.ini/0.1.1.1.0.0.searchglobal.0_16.04.TPLT.4.2.8_Small.final.json,/gpfs/projects/HeinzGroup/asoubki/FlexFringe/data/MLRegTest/Large/16.04.TPLT.4.2.8_TestLA.txt,2025-12-29 22:49:19.715583
0.1.1.1.0.0.searchglobal.0,Small,16,4,TPLT,4,2,8,Dev,0.53874,0.5936110574134932,0.24566,0.34750749731228425,0.46126,/gpfs/projects/HeinzGroup/caffeine_underground/mlrt/FlexFringe/FlexFringe/models-ps-small/0.1.1.1.0.0.searchglobal.0.ini/0.1.1.1.0.0.searchglobal.0_16.04.TPLT.4.2.8_Small.final.json,/gpfs/projects/HeinzGroup/asoubki/FlexFringe/data/MLRegTest/Large/16.04.TPLT.4.2.8_Dev.txt,2025-12-29 22:49:19.715583
0.1.1.1.0.0.searchglobal.0,Small,16,4,TPLT,4,2,8,Train,0.541,0.596244131455399,0.254,0.35624123422159887,0.459,/gpfs/projects/HeinzGroup/caffeine_underground/mlrt/FlexFringe/FlexFringe/models-ps-small/0.1.1.1.0.0.searchglobal.0.ini/0.1.1.1.0.0.searchglobal.0_16.04.TPLT.4.2.8_Small.final.json,/gpfs/projects/HeinzGroup/asoubki/FlexFringe/data/MLRegTest/Small/16.04.TPLT.4.2.8_Train.txt,2025-12-29 22:49:19.715583
0.1.1.1.0.0.searchglobal.0,Small,16,4,TPLT,4,2,9,TestSR,0.50456,0.5091243797022571,0.25444,0.3393076225529418,0.49544,/gpfs/projects/HeinzGroup/caffeine_underground/mlrt/FlexFringe/FlexFringe/models-ps-small/0.1.1.1.0.0.searchglobal.0.ini/0.1.1.1.0.0.searchglobal.0_16.04.TPLT.4.2.9_Small.final.json,/gpfs/projects/HeinzGroup/asoubki/FlexFringe/data/MLRegTest/Large/16.04.TPLT.4.2.9_TestSR.txt,2025-12-29 22:30:31.744524
0.1.1.1.0.0.searchglobal.0,Small,16,4,TPLT,4,2,9,TestSA,0.50138,0.5026418561911326,0.26256,0.34493812238892246,0.49862,/gpfs/projects/HeinzGroup/caffeine_underground/mlrt/FlexFringe/FlexFringe/models-ps-small/0.1.1.1.0.0.searchglobal.0.ini/0.1.1.1.0.0.searchglobal.0_16.04.TPLT.4.2.9_Small.final.json,/gpfs/projects/HeinzGroup/asoubki/FlexFringe/data/MLRegTest/Large/16.04.TPLT.4.2.9_TestSA.txt,2025-12-29 22:30:31.744524
0.1.1.1.0.0.searchglobal.0,Small,16,4,TPLT,4,2,9,TestLA,0.4995,0.4989973530119515,0.24884,0.33207889609523045,0.5005,/gpfs/projects/HeinzGroup/caffeine_underground/mlrt/FlexFringe/FlexFringe/models-ps-small/0.1.1.1.0.0.searchglobal.0.ini/0.1.1.1.0.0.searchglobal.0_16.04.TPLT.4.2.9_Small.final.json,/gpfs/projects/HeinzGroup/asoubki/FlexFringe/data/MLRegTest/Large/16.04.TPLT.4.2.9_TestLA.txt,2025-12-29 22:30:31.744524
0.1.1.1.0.0.searchglobal.0,Small,16,4,TPLT,4,2,9,TestLR,0.49765,0.49519014286299073,0.24194,0.32506146797619206,0.50235,/gpfs/projects/HeinzGroup/caffeine_underground/mlrt/FlexFringe/FlexFringe/models-ps-small/0.1.1.1.0.0.searchglobal.0.ini/0.1.1.1.0.0.searchglobal.0_16.04.TPLT.4.2.9_Small.final.json,/gpfs/projects/HeinzGroup/asoubki/FlexFringe/data/MLRegTest/Large/16.04.TPLT.4.2.9_TestLR.txt,2025-12-29 22:30:31.744524
0.1.1.1.0.0.searchglobal.0,Small,16,4,TPLT,4,2,9,Dev,0.50447,0.5089068664567807,0.2554,0.3401115949555884,0.49553,/gpfs/projects/HeinzGroup/caffeine_underground/mlrt/FlexFringe/FlexFringe/models-ps-small/0.1.1.1.0.0.searchglobal.0.ini/0.1.1.1.0.0.searchglobal.0_16.04.TPLT.4.2.9_Small.final.json,/gpfs/projects/HeinzGroup/asoubki/FlexFringe/data/MLRegTest/Large/16.04.TPLT.4.2.9_Dev.txt,2025-12-29 22:30:31.744524
0.1.1.1.0.0.searchglobal.0,Small,16,4,TPLT,4,2,9,Train,0.522,0.5390070921985816,0.304,0.3887468030690537,0.478,/gpfs/projects/HeinzGroup/caffeine_underground/mlrt/FlexFringe/FlexFringe/models-ps-small/0.1.1.1.0.0.searchglobal.0.ini/0.1.1.1.0.0.searchglobal.0_16.04.TPLT.4.2.9_Small.final.json,/gpfs/projects/HeinzGroup/asoubki/FlexFringe/data/MLRegTest/Small/16.04.TPLT.4.2.9_Train.txt,2025-12-29 22:30:31.744524
0.1.1.1.0.0.searchglobal.0,Small,16,4,TPLT,6,3,0,TestLR,0.75102,0.7147672826830938,0.83542,0.7703983769826632,0.24898,/gpfs/projects/HeinzGroup/caffeine_underground/mlrt/FlexFringe/FlexFringe/models-ps-small/0.1.1.1.0.0.searchglobal.0.ini/0.1.1.1.0.0.searchglobal.0_16.04.TPLT.6.3.0_Small.final.json,/gpfs/projects/HeinzGroup/asoubki/FlexFringe/data/MLRegTest/Large/16.04.TPLT.6.3.0_TestLR.txt,2025-12-29 23:36:03.914788
0.1.1.1.0.0.searchglobal.0,Small,16,4,TPLT,6,3,0,TestSR,0.85775,0.8427709111813739,0.8796,0.8607917013260263,0.14225,/gpfs/projects/HeinzGroup/caffeine_underground/mlrt/FlexFringe/FlexFringe/models-ps-small/0.1.1.1.0.0.searchglobal.0.ini/0.1.1.1.0.0.searchglobal.0_16.04.TPLT.6.3.0_Small.final.json,/gpfs/projects/HeinzGroup/asoubki/FlexFringe/data/MLRegTest/Large/16.04.TPLT.6.3.0_TestSR.txt,2025-12-29 23:36:03.914788
0.1.1.1.0.0.searchglobal.0,Small,16,4,TPLT,6,3,0,TestSA,0.52991,0.572983260943829,0.23482,0.33312054021080706,0.47009,/gpfs/projects/HeinzGroup/caffeine_underground/mlrt/FlexFringe/FlexFringe/models-ps-small/0.1.1.1.0.0.searchglobal.0.ini/0.1.1.1.0.0.searchglobal.0_16.04.TPLT.6.3.0_Small.final.json,/gpfs/projects/HeinzGroup/asoubki/FlexFringe/data/MLRegTest/Large/16.04.TPLT.6.3.0_TestSA.txt,2025-12-29 23:36:03.914788
0.1.1.1.0.0.searchglobal.0,Small,16,4,TPLT,6,3,0,TestLA,0.52421,0.5328039890517872,0.39322,0.45249191608842243,0.47579,/gpfs/projects/HeinzGroup/caffeine_underground/mlrt/FlexFringe/FlexFringe/models-ps-small/0.1.1.1.0.0.searchglobal.0.ini/0.1.1.1.0.0.searchglobal.0_16.04.TPLT.6.3.0_Small.final.json,/gpfs/projects/HeinzGroup/asoubki/FlexFringe/data/MLRegTest/Large/16.04.TPLT.6.3.0_TestLA.txt,2025-12-29 23:36:03.914788
0.1.1.1.0.0.searchglobal.0,Small,16,4,TPLT,6,3,0,Dev,0.85741,0.843115795941094,0.87824,0.8603195439005515,0.14259,/gpfs/projects/HeinzGroup/caffeine_underground/mlrt/FlexFringe/FlexFringe/models-ps-small/0.1.1.1.0.0.searchglobal.0.ini/0.1.1.1.0.0.searchglobal.0_16.04.TPLT.6.3.0_Small.final.json,/gpfs/projects/HeinzGroup/asoubki/FlexFringe/data/MLRegTest/Large/16.04.TPLT.6.3.0_Dev.txt,2025-12-29 23:36:03.914788
0.1.1.1.0.0.searchglobal.0,Small,16,4,TPLT,6,3,0,Train,0.856,0.8449612403100775,0.872,0.8582677165354331,0.144,/gpfs/projects/HeinzGroup/caffeine_underground/mlrt/FlexFringe/FlexFringe/models-ps-small/0.1.1.1.0.0.searchglobal.0.ini/0.1.1.1.0.0.searchglobal.0_16.04.TPLT.6.3.0_Small.final.json,/gpfs/projects/HeinzGroup/asoubki/FlexFringe/data/MLRegTest/Small/16.04.TPLT.6.3.0_Train.txt,2025-12-29 23:36:03.914788
0.1.1.1.0.0.searchglobal.0,Small,16,4,TPLT,6,3,1,TestSR,0.69074,0.6409131205673759,0.86754,0.7372025832766825,0.30926,/gpfs/projects/HeinzGroup/caffeine_underground/mlrt/FlexFringe/FlexFringe/models-ps-small/0.1.1.1.0.0.searchglobal.0.ini/0.1.1.1.0.0.searchglobal.0_16.04.TPLT.6.3.1_Small.final.json,/gpfs/projects/HeinzGroup/asoubki/FlexFringe/data/MLRegTest/Large/16.04.TPLT.6.3.1_TestSR.txt,2025-12-29 22:59:11.183274
0.1.1.1.0.0.searchglobal.0,Small,16,4,TPLT,6,3,1,TestSA,0.50485,0.5049171685220106,0.49802,0.5014448684515239,0.49515,/gpfs/projects/HeinzGroup/caffeine_underground/mlrt/FlexFringe/FlexFringe/models-ps-small/0.1.1.1.0.0.searchglobal.0.ini/0.1.1.1.0.0.searchglobal.0_16.04.TPLT.6.3.1_Small.final.json,/gpfs/projects/HeinzGroup/asoubki/FlexFringe/data/MLRegTest/Large/16.04.TPLT.6.3.1_TestSA.txt,2025-12-29 22:59:11.183274
0.1.1.1.0.0.searchglobal.0,Small,16,4,TPLT,6,3,1,TestLR,0.62166,0.5874622573687994,0.81716,0.6835299038059389,0.37834,/gpfs/projects/HeinzGroup/caffeine_underground/mlrt/FlexFringe/FlexFringe/models-ps-small/0.1.1.1.0.0.searchglobal.0.ini/0.1.1.1.0.0.searchglobal.0_16.04.TPLT.6.3.1_Small.final.json,/gpfs/projects/HeinzGroup/asoubki/FlexFringe/data/MLRegTest/Large/16.04.TPLT.6.3.1_TestLR.txt,2025-12-29 22:59:11.183274
0.1.1.1.0.0.searchglobal.0,Small,16,4,TPLT,6,3,1,TestLA,0.506,0.5052208415996658,0.58062,0.5403026186000632,0.494,/gpfs/projects/HeinzGroup/caffeine_underground/mlrt/FlexFringe/FlexFringe/models-ps-small/0.1.1.1.0.0.searchglobal.0.ini/0.1.1.1.0.0.searchglobal.0_16.04.TPLT.6.3.1_Small.final.json,/gpfs/projects/HeinzGroup/asoubki/FlexFringe/data/MLRegTest/Large/16.04.TPLT.6.3.1_TestLA.txt,2025-12-29 22:59:11.183274
0.1.1.1.0.0.searchglobal.0,Small,16,4,TPLT,6,3,1,Dev,0.69048,0.6405258653761029,0.86822,0.737191570295651,0.30952,/gpfs/projects/HeinzGroup/caffeine_underground/mlrt/FlexFringe/FlexFringe/models-ps-small/0.1.1.1.0.0.searchglobal.0.ini/0.1.1.1.0.0.searchglobal.0_16.04.TPLT.6.3.1_Small.final.json,/gpfs/projects/HeinzGroup/asoubki/FlexFringe/data/MLRegTest/Large/16.04.TPLT.6.3.1_Dev.txt,2025-12-29 22:59:11.183274
0.1.1.1.0.0.searchglobal.0,Small,16,4,TPLT,6,3,1,Train,0.662,0.6167146974063401,0.856,0.7169179229480737,0.338,/gpfs/projects/HeinzGroup/caffeine_underground/mlrt/FlexFringe/FlexFringe/models-ps-small/0.1.1.1.0.0.searchglobal.0.ini/0.1.1.1.0.0.searchglobal.0_16.04.TPLT.6.3.1_Small.final.json,/gpfs/projects/HeinzGroup/asoubki/FlexFringe/data/MLRegTest/Small/16.04.TPLT.6.3.1_Train.txt,2025-12-29 22:59:11.183274
0.1.1.1.0.0.searchglobal.0,Small,16,4,TPLT,6,3,2,TestLR,0.54552,0.6376058041112455,0.21092,0.31698226630598136,0.45448,/gpfs/projects/HeinzGroup/caffeine_underground/mlrt/FlexFringe/FlexFringe/models-ps-small/0.1.1.1.0.0.searchglobal.0.ini/0.1.1.1.0.0.searchglobal.0_16.04.TPLT.6.3.2_Small.final.json,/gpfs/projects/HeinzGroup/asoubki/FlexFringe/data/MLRegTest/Large/16.04.TPLT.6.3.2_TestLR.txt,2025-12-29 22:48:07.656591
0.1.1.1.0.0.searchglobal.0,Small,16,4,TPLT,6,3,2,TestSR,0.60429,0.7497246300464537,0.3131,0.44172627361352124,0.39571,/gpfs/projects/HeinzGroup/caffeine_underground/mlrt/FlexFringe/FlexFringe/models-ps-small/0.1.1.1.0.0.searchglobal.0.ini/0.1.1.1.0.0.searchglobal.0_16.04.TPLT.6.3.2_Small.final.json,/gpfs/projects/HeinzGroup/asoubki/FlexFringe/data/MLRegTest/Large/16.04.TPLT.6.3.2_TestSR.txt,2025-12-29 22:48:07.656591
0.1.1.1.0.0.searchglobal.0,Small,16,4,TPLT,6,3,2,TestSA,0.5167,0.5285978491677512,0.30868,0.38975731710396727,0.4833,/gpfs/projects/HeinzGroup/caffeine_underground/mlrt/FlexFringe/FlexFringe/models-ps-small/0.1.1.1.0.0.searchglobal.0.ini/0.1.1.1.0.0.searchglobal.0_16.04.TPLT.6.3.2_Small.final.json,/gpfs/projects/HeinzGroup/asoubki/FlexFringe/data/MLRegTest/Large/16.04.TPLT.6.3.2_TestSA.txt,2025-12-29 22:48:07.656591
0.1.1.1.0.0.searchglobal.0,Small,16,4,TPLT,6,3,2,TestLA,0.50757,0.5188919391065635,0.20792,0.29688013136289,0.49243,/gpfs/projects/HeinzGroup/caffeine_underground/mlrt/FlexFringe/FlexFringe/models-ps-small/0.1.1.1.0.0.searchglobal.0.ini/0.1.1.1.0.0.searchglobal.0_16.04.TPLT.6.3.2_Small.final.json,/gpfs/projects/HeinzGroup/asoubki/FlexFringe/data/MLRegTest/Large/16.04.TPLT.6.3.2_TestLA.txt,2025-12-29 22:48:07.656591
0.1.1.1.0.0.searchglobal.0,Small,16,4,TPLT,6,3,2,Dev,0.60237,0.7455740536391114,0.3108,0.4387165986759454,0.39763,/gpfs/projects/HeinzGroup/caffeine_underground/mlrt/FlexFringe/FlexFringe/models-ps-small/0.1.1.1.0.0.searchglobal.0.ini/0.1.1.1.0.0.searchglobal.0_16.04.TPLT.6.3.2_Small.final.json,/gpfs/projects/HeinzGroup/asoubki/FlexFringe/data/MLRegTest/Large/16.04.TPLT.6.3.2_Dev.txt,2025-12-29 22:48:07.656591
0.1.1.1.0.0.searchglobal.0,Small,16,4,TPLT,6,3,2,Train,0.593,0.7360406091370558,0.29,0.41606886657101866,0.407,/gpfs/projects/HeinzGroup/caffeine_underground/mlrt/FlexFringe/FlexFringe/models-ps-small/0.1.1.1.0.0.searchglobal.0.ini/0.1.1.1.0.0.searchglobal.0_16.04.TPLT.6.3.2_Small.final.json,/gpfs/projects/HeinzGroup/asoubki/FlexFringe/data/MLRegTest/Small/16.04.TPLT.6.3.2_Train.txt,2025-12-29 22:48:07.656591
0.1.1.1.0.0.searchglobal.0,Small,16,4,TPLT,6,3,3,TestSA,0.50452,0.5071905822462616,0.31882,0.39152646444799216,0.49548,/gpfs/projects/HeinzGroup/caffeine_underground/mlrt/FlexFringe/FlexFringe/models-ps-small/0.1.1.1.0.0.searchglobal.0.ini/0.1.1.1.0.0.searchglobal.0_16.04.TPLT.6.3.3_Small.final.json,/gpfs/projects/HeinzGroup/asoubki/FlexFringe/data/MLRegTest/Large/16.04.TPLT.6.3.3_TestSA.txt,2025-12-29 23:09:16.841816
0.1.1.1.0.0.searchglobal.0,Small,16,4,TPLT,6,3,3,TestSR,0.54851,0.5891498511412504,0.32058,0.4152214177470955,0.45149,/gpfs/projects/HeinzGroup/caffeine_underground/mlrt/FlexFringe/FlexFringe/models-ps-small/0.1.1.1.0.0.searchglobal.0.ini/0.1.1.1.0.0.searchglobal.0_16.04.TPLT.6.3.3_Small.final.json,/gpfs/projects/HeinzGroup/asoubki/FlexFringe/data/MLRegTest/Large/16.04.TPLT.6.3.3_TestSR.txt,2025-12-29 23:09:16.841816
0.1.1.1.0.0.searchglobal.0,Small,16,4,TPLT,6,3,3,TestLR,0.53051,0.5588700652182302,0.28964,0.3815420283745867,0.46949,/gpfs/projects/HeinzGroup/caffeine_underground/mlrt/FlexFringe/FlexFringe/models-ps-small/0.1.1.1.0.0.searchglobal.0.ini/0.1.1.1.0.0.searchglobal.0_16.04.TPLT.6.3.3_Small.final.json,/gpfs/projects/HeinzGroup/asoubki/FlexFringe/data/MLRegTest/Large/16.04.TPLT.6.3.3_TestLR.txt,2025-12-29 23:09:16.841816
0.1.1.1.0.0.searchglobal.0,Small,16,4,TPLT,6,3,3,TestLA,0.50248,0.5043853444617343,0.28524,0.3644028821094588,0.49752,/gpfs/projects/HeinzGroup/caffeine_underground/mlrt/FlexFringe/FlexFringe/models-ps-small/0.1.1.1.0.0.searchglobal.0.ini/0.1.1.1.0.0.searchglobal.0_16.04.TPLT.6.3.3_Small.final.json,/gpfs/projects/HeinzGroup/asoubki/FlexFringe/data/MLRegTest/Large/16.04.TPLT.6.3.3_TestLA.txt,2025-12-29 23:09:16.841816
0.1.1.1.0.0.searchglobal.0,Small,16,4,TPLT,6,3,3,Dev,0.55276,0.5970923813029076,0.32446,0.42044836076195413,0.44724,/gpfs/projects/HeinzGroup/caffeine_underground/mlrt/FlexFringe/FlexFringe/models-ps-small/0.1.1.1.0.0.searchglobal.0.ini/0.1.1.1.0.0.searchglobal.0_16.04.TPLT.6.3.3_Small.final.json,/gpfs/projects/HeinzGroup/asoubki/FlexFringe/data/MLRegTest/Large/16.04.TPLT.6.3.3_Dev.txt,2025-12-29 23:09:16.841816
0.1.1.1.0.0.searchglobal.0,Small,16,4,TPLT,6,3,3,Train,0.557,0.6126482213438735,0.31,0.4116865869853918,0.443,/gpfs/projects/HeinzGroup/caffeine_underground/mlrt/FlexFringe/FlexFringe/models-ps-small/0.1.1.1.0.0.searchglobal.0.ini/0.1.1.1.0.0.searchglobal.0_16.04.TPLT.6.3.3_Small.final.json,/gpfs/projects/HeinzGroup/asoubki/FlexFringe/data/MLRegTest/Small/16.04.TPLT.6.3.3_Train.txt,2025-12-29 23:09:16.841816
0.1.1.1.0.0.searchglobal.0,Small,16,4,TPLT,6,3,4,TestSA,0.53133,0.5885078253008644,0.20832,0.30771503271835626,0.46867,/gpfs/projects/HeinzGroup/caffeine_underground/mlrt/FlexFringe/FlexFringe/models-ps-small/0.1.1.1.0.0.searchglobal.0.ini/0.1.1.1.0.0.searchglobal.0_16.04.TPLT.6.3.4_Small.final.json,/gpfs/projects/HeinzGroup/asoubki/FlexFringe/data/MLRegTest/Large/16.04.TPLT.6.3.4_TestSA.txt,2025-12-29 22:48:33.775097
0.1.1.1.0.0.searchglobal.0,Small,16,4,TPLT,6,3,4,TestLA,0.53181,0.5402464637263089,0.427,0.47699371083233727,0.46819,/gpfs/projects/HeinzGroup/caffeine_underground/mlrt/FlexFringe/FlexFringe/models-ps-small/0.1.1.1.0.0.searchglobal.0.ini/0.1.1.1.0.0.searchglobal.0_16.04.TPLT.6.3.4_Small.final.json,/gpfs/projects/HeinzGroup/asoubki/FlexFringe/data/MLRegTest/Large/16.04.TPLT.6.3.4_TestLA.txt,2025-12-29 22:48:33.775097
0.1.1.1.0.0.searchglobal.0,Small,16,4,TPLT,6,3,4,TestSR,0.90165,0.8761260839435882,0.93558,0.9048775062141537,0.09835,/gpfs/projects/HeinzGroup/caffeine_underground/mlrt/FlexFringe/FlexFringe/models-ps-small/0.1.1.1.0.0.searchglobal.0.ini/0.1.1.1.0.0.searchglobal.0_16.04.TPLT.6.3.4_Small.final.json,/gpfs/projects/HeinzGroup/asoubki/FlexFringe/data/MLRegTest/Large/16.04.TPLT.6.3.4_TestSR.txt,2025-12-29 22:48:33.775097
0.1.1.1.0.0.searchglobal.0,Small,16,4,TPLT,6,3,4,TestLR,0.7817,0.7230545085991195,0.91316,0.8070634401569653,0.2183,/gpfs/projects/HeinzGroup/caffeine_underground/mlrt/FlexFringe/FlexFringe/models-ps-small/0.1.1.1.0.0.searchglobal.0.ini/0.1.1.1.0.0.searchglobal.0_16.04.TPLT.6.3.4_Small.final.json,/gpfs/projects/HeinzGroup/asoubki/FlexFringe/data/MLRegTest/Large/16.04.TPLT.6.3.4_TestLR.txt,2025-12-29 22:48:33.775097
0.1.1.1.0.0.searchglobal.0,Small,16,4,TPLT,6,3,4,Dev,0.90073,0.8756303781331434,0.93414,0.9039393851423927,0.09927,/gpfs/projects/HeinzGroup/caffeine_underground/mlrt/FlexFringe/FlexFringe/models-ps-small/0.1.1.1.0.0.searchglobal.0.ini/0.1.1.1.0.0.searchglobal.0_16.04.TPLT.6.3.4_Small.final.json,/gpfs/projects/HeinzGroup/asoubki/FlexFringe/data/MLRegTest/Large/16.04.TPLT.6.3.4_Dev.txt,2025-12-29 22:48:33.775097
0.1.1.1.0.0.searchglobal.0,Small,16,4,TPLT,6,3,4,Train,0.909,0.8910133843212237,0.932,0.9110459433040078,0.091,/gpfs/projects/HeinzGroup/caffeine_underground/mlrt/FlexFringe/FlexFringe/models-ps-small/0.1.1.1.0.0.searchglobal.0.ini/0.1.1.1.0.0.searchglobal.0_16.04.TPLT.6.3.4_Small.final.json,/gpfs/projects/HeinzGroup/asoubki/FlexFringe/data/MLRegTest/Small/16.04.TPLT.6.3.4_Train.txt,2025-12-29 22:48:33.775097
0.1.1.1.0.0.searchglobal.0,Small,16,4,TPLT,6,3,7,TestLA,0.49939,0.4782608695652174,0.01342,0.026107425636635994,0.50061,/gpfs/projects/HeinzGroup/caffeine_underground/mlrt/FlexFringe/FlexFringe/models-ps-small/0.1.1.1.0.0.searchglobal.0.ini/0.1.1.1.0.0.searchglobal.0_16.04.TPLT.6.3.7_Small.final.json,/gpfs/projects/HeinzGroup/asoubki/FlexFringe/data/MLRegTest/Large/16.04.TPLT.6.3.7_TestLA.txt,2025-12-29 23:28:23.799546
0.1.1.1.0.0.searchglobal.0,Small,16,4,TPLT,6,3,7,TestLR,0.49181,0.3087342363381597,0.01322,0.025354327688383423,0.50819,/gpfs/projects/HeinzGroup/caffeine_underground/mlrt/FlexFringe/FlexFringe/models-ps-small/0.1.1.1.0.0.searchglobal.0.ini/0.1.1.1.0.0.searchglobal.0_16.04.TPLT.6.3.7_Small.final.json,/gpfs/projects/HeinzGroup/asoubki/FlexFringe/data/MLRegTest/Large/16.04.TPLT.6.3.7_TestLR.txt,2025-12-29 23:28:23.799546
0.1.1.1.0.0.searchglobal.0,Small,16,4,TPLT,6,3,7,TestSR,0.48807,0.1550028918449971,0.00536,0.010361692667555917,0.51193,/gpfs/projects/HeinzGroup/caffeine_underground/mlrt/FlexFringe/FlexFringe/models-ps-small/0.1.1.1.0.0.searchglobal.0.ini/0.1.1.1.0.0.searchglobal.0_16.04.TPLT.6.3.7_Small.final.json,/gpfs/projects/HeinzGroup/asoubki/FlexFringe/data/MLRegTest/Large/16.04.TPLT.6.3.7_TestSR.txt,2025-12-29 23:28:23.799546
0.1.1.1.0.0.searchglobal.0,Small,16,4,TPLT,6,3,7,TestSA,0.49871,0.38704028021015763,0.00442,0.00874018706373218,0.50129,/gpfs/projects/HeinzGroup/caffeine_underground/mlrt/FlexFringe/FlexFringe/models-ps-small/0.1.1.1.0.0.searchglobal.0.ini/0.1.1.1.0.0.searchglobal.0_16.04.TPLT.6.3.7_Small.final.json,/gpfs/projects/HeinzGroup/asoubki/FlexFringe/data/MLRegTest/Large/16.04.TPLT.6.3.7_TestSA.txt,2025-12-29 23:28:23.799546
0.1.1.1.0.0.searchglobal.0,Small,16,4,TPLT,6,3,7,Dev,0.48788,0.15011547344110854,0.0052,0.01005180545890358,0.51212,/gpfs/projects/HeinzGroup/caffeine_underground/mlrt/FlexFringe/FlexFringe/models-ps-small/0.1.1.1.0.0.searchglobal.0.ini/0.1.1.1.0.0.searchglobal.0_16.04.TPLT.6.3.7_Small.final.json,/gpfs/projects/HeinzGroup/asoubki/FlexFringe/data/MLRegTest/Large/16.04.TPLT.6.3.7_Dev.txt,2025-12-29 23:28:23.799546
0.1.1.1.0.0.searchglobal.0,Small,16,4,TPLT,6,3,7,Train,0.487,0.19047619047619047,0.008,0.015355086372360844,0.513,/gpfs/projects/HeinzGroup/caffeine_underground/mlrt/FlexFringe/FlexFringe/models-ps-small/0.1.1.1.0.0.searchglobal.0.ini/0.1.1.1.0.0.searchglobal.0_16.04.TPLT.6.3.7_Small.final.json,/gpfs/projects/HeinzGroup/asoubki/FlexFringe/data/MLRegTest/Small/16.04.TPLT.6.3.7_Train.txt,2025-12-29 23:28:23.799546
0.1.1.1.0.0.searchglobal.0,Small,16,4,TPLT,6,3,8,TestSR,0.56491,0.6235392638270336,0.32762,0.42954727222666544,0.43509,/gpfs/projects/HeinzGroup/caffeine_underground/mlrt/FlexFringe/FlexFringe/models-ps-small/0.1.1.1.0.0.searchglobal.0.ini/0.1.1.1.0.0.searchglobal.0_16.04.TPLT.6.3.8_Small.final.json,/gpfs/projects/HeinzGroup/asoubki/FlexFringe/data/MLRegTest/Large/16.04.TPLT.6.3.8_TestSR.txt,2025-12-29 23:36:32.353571
0.1.1.1.0.0.searchglobal.0,Small,16,4,TPLT,6,3,8,TestSA,0.50633,0.510002844410733,0.32274,0.3953160789309293,0.49367,/gpfs/projects/HeinzGroup/caffeine_underground/mlrt/FlexFringe/FlexFringe/models-ps-small/0.1.1.1.0.0.searchglobal.0.ini/0.1.1.1.0.0.searchglobal.0_16.04.TPLT.6.3.8_Small.final.json,/gpfs/projects/HeinzGroup/asoubki/FlexFringe/data/MLRegTest/Large/16.04.TPLT.6.3.8_TestSA.txt,2025-12-29 23:36:32.353571
0.1.1.1.0.0.searchglobal.0,Small,16,4,TPLT,6,3,8,TestLR,0.53354,0.5717648065730914,0.26722,0.3642187329625995,0.46646,/gpfs/projects/HeinzGroup/caffeine_underground/mlrt/FlexFringe/FlexFringe/models-ps-small/0.1.1.1.0.0.searchglobal.0.ini/0.1.1.1.0.0.searchglobal.0_16.04.TPLT.6.3.8_Small.final.json,/gpfs/projects/HeinzGroup/asoubki/FlexFringe/data/MLRegTest/Large/16.04.TPLT.6.3.8_TestLR.txt,2025-12-29 23:36:32.353571
0.1.1.1.0.0.searchglobal.0,Small,16,4,TPLT,6,3,8,TestLA,0.5038,0.5074539034915653,0.2587,0.34269439660882234,0.4962,/gpfs/projects/HeinzGroup/caffeine_underground/mlrt/FlexFringe/FlexFringe/models-ps-small/0.1.1.1.0.0.searchglobal.0.ini/0.1.1.1.0.0.searchglobal.0_16.04.TPLT.6.3.8_Small.final.json,/gpfs/projects/HeinzGroup/asoubki/FlexFringe/data/MLRegTest/Large/16.04.TPLT.6.3.8_TestLA.txt,2025-12-29 23:36:32.353571
0.1.1.1.0.0.searchglobal.0,Small,16,4,TPLT,6,3,8,Dev,0.56506,0.6252792112762844,0.32472,0.4274543874891399,0.43494,/gpfs/projects/HeinzGroup/caffeine_underground/mlrt/FlexFringe/FlexFringe/models-ps-small/0.1.1.1.0.0.searchglobal.0.ini/0.1.1.1.0.0.searchglobal.0_16.04.TPLT.6.3.8_Small.final.json,/gpfs/projects/HeinzGroup/asoubki/FlexFringe/data/MLRegTest/Large/16.04.TPLT.6.3.8_Dev.txt,2025-12-29 23:36:32.353571
0.1.1.1.0.0.searchglobal.0,Small,16,4,TPLT,6,3,8,Train,0.573,0.6356877323420075,0.342,0.4447334200260078,0.427,/gpfs/projects/HeinzGroup/caffeine_underground/mlrt/FlexFringe/FlexFringe/models-ps-small/0.1.1.1.0.0.searchglobal.0.ini/0.1.1.1.0.0.searchglobal.0_16.04.TPLT.6.3.8_Small.final.json,/gpfs/projects/HeinzGroup/asoubki/FlexFringe/data/MLRegTest/Small/16.04.TPLT.6.3.8_Train.txt,2025-12-29 23:36:32.353571
0.1.1.1.0.0.searchglobal.0,Small,16,4,TPLT,6,3,9,TestSR,0.5043,0.5085657370517929,0.2553,0.3399467376830892,0.4957,/gpfs/projects/HeinzGroup/caffeine_underground/mlrt/FlexFringe/FlexFringe/models-ps-small/0.1.1.1.0.0.searchglobal.0.ini/0.1.1.1.0.0.searchglobal.0_16.04.TPLT.6.3.9_Small.final.json,/gpfs/projects/HeinzGroup/asoubki/FlexFringe/data/MLRegTest/Large/16.04.TPLT.6.3.9_TestSR.txt,2025-12-29 22:28:47.284861
0.1.1.1.0.0.searchglobal.0,Small,16,4,TPLT,6,3,9,TestLA,0.50005,0.5001001482193647,0.24968,0.3330709816842976,0.49995,/gpfs/projects/HeinzGroup/caffeine_underground/mlrt/FlexFringe/FlexFringe/models-ps-small/0.1.1.1.0.0.searchglobal.0.ini/0.1.1.1.0.0.searchglobal.0_16.04.TPLT.6.3.9_Small.final.json,/gpfs/projects/HeinzGroup/asoubki/FlexFringe/data/MLRegTest/Large/16.04.TPLT.6.3.9_TestLA.txt,2025-12-29 22:28:47.284861
0.1.1.1.0.0.searchglobal.0,Small,16,4,TPLT,6,3,9,TestLR,0.50033,0.5006625707746055,0.24936,0.33291056432986665,0.49967,/gpfs/projects/HeinzGroup/caffeine_underground/mlrt/FlexFringe/FlexFringe/models-ps-small/0.1.1.1.0.0.searchglobal.0.ini/0.1.1.1.0.0.searchglobal.0_16.04.TPLT.6.3.9_Small.final.json,/gpfs/projects/HeinzGroup/asoubki/FlexFringe/data/MLRegTest/Large/16.04.TPLT.6.3.9_TestLR.txt,2025-12-29 22:28:47.284861
0.1.1.1.0.0.searchglobal.0,Small,16,4,TPLT,6,3,9,TestSA,0.50235,0.5044876446549288,0.26418,0.34677027683341427,0.49765,/gpfs/projects/HeinzGroup/caffeine_underground/mlrt/FlexFringe/FlexFringe/models-ps-small/0.1.1.1.0.0.searchglobal.0.ini/0.1.1.1.0.0.searchglobal.0_16.04.TPLT.6.3.9_Small.final.json,/gpfs/projects/HeinzGroup/asoubki/FlexFringe/data/MLRegTest/Large/16.04.TPLT.6.3.9_TestSA.txt,2025-12-29 22:28:47.284861
0.1.1.1.0.0.searchglobal.0,Small,16,4,TPLT,6,3,9,Dev,0.50395,0.507845084409136,0.2557,0.34013967409378115,0.49605,/gpfs/projects/HeinzGroup/caffeine_underground/mlrt/FlexFringe/FlexFringe/models-ps-small/0.1.1.1.0.0.searchglobal.0.ini/0.1.1.1.0.0.searchglobal.0_16.04.TPLT.6.3.9_Small.final.json,/gpfs/projects/HeinzGroup/asoubki/FlexFringe/data/MLRegTest/Large/16.04.TPLT.6.3.9_Dev.txt,2025-12-29 22:28:47.284861
0.1.1.1.0.0.searchglobal.0,Small,16,4,TPLT,6,3,9,Train,0.506,0.5119047619047619,0.258,0.34308510638297873,0.494,/gpfs/projects/HeinzGroup/caffeine_underground/mlrt/FlexFringe/FlexFringe/models-ps-small/0.1.1.1.0.0.searchglobal.0.ini/0.1.1.1.0.0.searchglobal.0_16.04.TPLT.6.3.9_Small.final.json,/gpfs/projects/HeinzGroup/asoubki/FlexFringe/data/MLRegTest/Small/16.04.TPLT.6.3.9_Train.txt,2025-12-29 22:28:47.284861
0.1.1.1.0.0.searchglobal.0,Small,16,4,TSL,2,1,0,TestSR,1.0,1.0,1.0,1.0,0.0,/gpfs/projects/HeinzGroup/caffeine_underground/mlrt/FlexFringe/FlexFringe/models-ps-small/0.1.1.1.0.0.searchglobal.0.ini/0.1.1.1.0.0.searchglobal.0_16.04.TSL.2.1.0_Small.final.json,/gpfs/projects/HeinzGroup/asoubki/FlexFringe/data/MLRegTest/Large/16.04.TSL.2.1.0_TestSR.txt,2025-12-29 22:11:14.312762
0.1.1.1.0.0.searchglobal.0,Small,16,4,TSL,2,1,0,TestLR,1.0,1.0,1.0,1.0,0.0,/gpfs/projects/HeinzGroup/caffeine_underground/mlrt/FlexFringe/FlexFringe/models-ps-small/0.1.1.1.0.0.searchglobal.0.ini/0.1.1.1.0.0.searchglobal.0_16.04.TSL.2.1.0_Small.final.json,/gpfs/projects/HeinzGroup/asoubki/FlexFringe/data/MLRegTest/Large/16.04.TSL.2.1.0_TestLR.txt,2025-12-29 22:11:14.312762
0.1.1.1.0.0.searchglobal.0,Small,16,4,TSL,2,1,0,TestSA,1.0,1.0,1.0,1.0,0.0,/gpfs/projects/HeinzGroup/caffeine_underground/mlrt/FlexFringe/FlexFringe/models-ps-small/0.1.1.1.0.0.searchglobal.0.ini/0.1.1.1.0.0.searchglobal.0_16.04.TSL.2.1.0_Small.final.json,/gpfs/projects/HeinzGroup/asoubki/FlexFringe/data/MLRegTest/Large/16.04.TSL.2.1.0_TestSA.txt,2025-12-29 22:11:14.312762
0.1.1.1.0.0.searchglobal.0,Small,16,4,TSL,2,1,0,TestLA,1.0,1.0,1.0,1.0,0.0,/gpfs/projects/HeinzGroup/caffeine_underground/mlrt/FlexFringe/FlexFringe/models-ps-small/0.1.1.1.0.0.searchglobal.0.ini/0.1.1.1.0.0.searchglobal.0_16.04.TSL.2.1.0_Small.final.json,/gpfs/projects/HeinzGroup/asoubki/FlexFringe/data/MLRegTest/Large/16.04.TSL.2.1.0_TestLA.txt,2025-12-29 22:11:14.312762
0.1.1.1.0.0.searchglobal.0,Small,16,4,TSL,2,1,0,Dev,1.0,1.0,1.0,1.0,0.0,/gpfs/projects/HeinzGroup/caffeine_underground/mlrt/FlexFringe/FlexFringe/models-ps-small/0.1.1.1.0.0.searchglobal.0.ini/0.1.1.1.0.0.searchglobal.0_16.04.TSL.2.1.0_Small.final.json,/gpfs/projects/HeinzGroup/asoubki/FlexFringe/data/MLRegTest/Large/16.04.TSL.2.1.0_Dev.txt,2025-12-29 22:11:14.312762
0.1.1.1.0.0.searchglobal.0,Small,16,4,TSL,2,1,0,Train,1.0,1.0,1.0,1.0,0.0,/gpfs/projects/HeinzGroup/caffeine_underground/mlrt/FlexFringe/FlexFringe/models-ps-small/0.1.1.1.0.0.searchglobal.0.ini/0.1.1.1.0.0.searchglobal.0_16.04.TSL.2.1.0_Small.final.json,/gpfs/projects/HeinzGroup/asoubki/FlexFringe/data/MLRegTest/Small/16.04.TSL.2.1.0_Train.txt,2025-12-29 22:11:14.312762
0.1.1.1.0.0.searchglobal.0,Small,16,4,TSL,2,1,1,TestLA,0.54284,0.5680951169888098,0.3574,0.43876448634845805,0.45716,/gpfs/projects/HeinzGroup/caffeine_underground/mlrt/FlexFringe/FlexFringe/models-ps-small/0.1.1.1.0.0.searchglobal.0.ini/0.1.1.1.0.0.searchglobal.0_16.04.TSL.2.1.1_Small.final.json,/gpfs/projects/HeinzGroup/asoubki/FlexFringe/data/MLRegTest/Large/16.04.TSL.2.1.1_TestLA.txt,2025-12-29 23:02:19.065749
0.1.1.1.0.0.searchglobal.0,Small,16,4,TSL,2,1,1,TestSA,0.55875,0.5597016442086865,0.55078,0.5552049837202504,0.44125,/gpfs/projects/HeinzGroup/caffeine_underground/mlrt/FlexFringe/FlexFringe/models-ps-small/0.1.1.1.0.0.searchglobal.0.ini/0.1.1.1.0.0.searchglobal.0_16.04.TSL.2.1.1_Small.final.json,/gpfs/projects/HeinzGroup/asoubki/FlexFringe/data/MLRegTest/Large/16.04.TSL.2.1.1_TestSA.txt,2025-12-29 23:02:19.065749
0.1.1.1.0.0.searchglobal.0,Small,16,4,TSL,2,1,1,TestSR,0.58251,0.5843091574193284,0.57184,0.5780073382996573,0.41749,/gpfs/projects/HeinzGroup/caffeine_underground/mlrt/FlexFringe/FlexFringe/models-ps-small/0.1.1.1.0.0.searchglobal.0.ini/0.1.1.1.0.0.searchglobal.0_16.04.TSL.2.1.1_Small.final.json,/gpfs/projects/HeinzGroup/asoubki/FlexFringe/data/MLRegTest/Large/16.04.TSL.2.1.1_TestSR.txt,2025-12-29 23:02:19.065749
0.1.1.1.0.0.searchglobal.0,Small,16,4,TSL,2,1,1,TestLR,0.56513,0.6083513558476127,0.36568,0.4567859596527387,0.43487,/gpfs/projects/HeinzGroup/caffeine_underground/mlrt/FlexFringe/FlexFringe/models-ps-small/0.1.1.1.0.0.searchglobal.0.ini/0.1.1.1.0.0.searchglobal.0_16.04.TSL.2.1.1_Small.final.json,/gpfs/projects/HeinzGroup/asoubki/FlexFringe/data/MLRegTest/Large/16.04.TSL.2.1.1_TestLR.txt,2025-12-29 23:02:19.065749
0.1.1.1.0.0.searchglobal.0,Small,16,4,TSL,2,1,1,Dev,0.57852,0.5802698834594152,0.56762,0.5738752401172783,0.42148,/gpfs/projects/HeinzGroup/caffeine_underground/mlrt/FlexFringe/FlexFringe/models-ps-small/0.1.1.1.0.0.searchglobal.0.ini/0.1.1.1.0.0.searchglobal.0_16.04.TSL.2.1.1_Small.final.json,/gpfs/projects/HeinzGroup/asoubki/FlexFringe/data/MLRegTest/Large/16.04.TSL.2.1.1_Dev.txt,2025-12-29 23:02:19.065749
0.1.1.1.0.0.searchglobal.0,Small,16,4,TSL,2,1,1,Train,0.598,0.6012396694214877,0.582,0.5914634146341463,0.402,/gpfs/projects/HeinzGroup/caffeine_underground/mlrt/FlexFringe/FlexFringe/models-ps-small/0.1.1.1.0.0.searchglobal.0.ini/0.1.1.1.0.0.searchglobal.0_16.04.TSL.2.1.1_Small.final.json,/gpfs/projects/HeinzGroup/asoubki/FlexFringe/data/MLRegTest/Small/16.04.TSL.2.1.1_Train.txt,2025-12-29 23:02:19.065749
0.1.1.1.0.0.searchglobal.0,Small,16,4,TSL,2,1,2,TestLA,0.5259,0.5215905301767255,0.6257,0.5689216221131115,0.4741,/gpfs/projects/HeinzGroup/caffeine_underground/mlrt/FlexFringe/FlexFringe/models-ps-small/0.1.1.1.0.0.searchglobal.0.ini/0.1.1.1.0.0.searchglobal.0_16.04.TSL.2.1.2_Small.final.json,/gpfs/projects/HeinzGroup/asoubki/FlexFringe/data/MLRegTest/Large/16.04.TSL.2.1.2_TestLA.txt,2025-12-29 23:22:45.683431
0.1.1.1.0.0.searchglobal.0,Small,16,4,TSL,2,1,2,TestSA,0.54916,0.5423267667722826,0.62988,0.5828336664445924,0.45084,/gpfs/projects/HeinzGroup/caffeine_underground/mlrt/FlexFringe/FlexFringe/models-ps-small/0.1.1.1.0.0.searchglobal.0.ini/0.1.1.1.0.0.searchglobal.0_16.04.TSL.2.1.2_Small.final.json,/gpfs/projects/HeinzGroup/asoubki/FlexFringe/data/MLRegTest/Large/16.04.TSL.2.1.2_TestSA.txt,2025-12-29 23:22:45.683431
0.1.1.1.0.0.searchglobal.0,Small,16,4,TSL,2,1,2,TestLR,0.55069,0.5422945348352107,0.64994,0.591257675687969,0.44931,/gpfs/projects/HeinzGroup/caffeine_underground/mlrt/FlexFringe/FlexFringe/models-ps-small/0.1.1.1.0.0.searchglobal.0.ini/0.1.1.1.0.0.searchglobal.0_16.04.TSL.2.1.2_Small.final.json,/gpfs/projects/HeinzGroup/asoubki/FlexFringe/data/MLRegTest/Large/16.04.TSL.2.1.2_TestLR.txt,2025-12-29 23:22:45.683431
0.1.1.1.0.0.searchglobal.0,Small,16,4,TSL,2,1,2,TestSR,0.57371,0.5626966980249392,0.66154,0.6081281082522085,0.42629,/gpfs/projects/HeinzGroup/caffeine_underground/mlrt/FlexFringe/FlexFringe/models-ps-small/0.1.1.1.0.0.searchglobal.0.ini/0.1.1.1.0.0.searchglobal.0_16.04.TSL.2.1.2_Small.final.json,/gpfs/projects/HeinzGroup/asoubki/FlexFringe/data/MLRegTest/Large/16.04.TSL.2.1.2_TestSR.txt,2025-12-29 23:22:45.683431
0.1.1.1.0.0.searchglobal.0,Small,16,4,TSL,2,1,2,Dev,0.57771,0.5661891215099739,0.66474,0.6115194612844171,0.42229,/gpfs/projects/HeinzGroup/caffeine_underground/mlrt/FlexFringe/FlexFringe/models-ps-small/0.1.1.1.0.0.searchglobal.0.ini/0.1.1.1.0.0.searchglobal.0_16.04.TSL.2.1.2_Small.final.json,/gpfs/projects/HeinzGroup/asoubki/FlexFringe/data/MLRegTest/Large/16.04.TSL.2.1.2_Dev.txt,2025-12-29 23:22:45.683431
0.1.1.1.0.0.searchglobal.0,Small,16,4,TSL,2,1,2,Train,0.561,0.5516074450084603,0.652,0.5976168652612283,0.439,/gpfs/projects/HeinzGroup/caffeine_underground/mlrt/FlexFringe/FlexFringe/models-ps-small/0.1.1.1.0.0.searchglobal.0.ini/0.1.1.1.0.0.searchglobal.0_16.04.TSL.2.1.2_Small.final.json,/gpfs/projects/HeinzGroup/asoubki/FlexFringe/data/MLRegTest/Small/16.04.TSL.2.1.2_Train.txt,2025-12-29 23:22:45.683431
0.1.1.1.0.0.searchglobal.0,Small,16,4,TSL,2,1,3,TestSA,0.51408,0.5117149798648783,0.61502,0.558631714716515,0.48592,/gpfs/projects/HeinzGroup/caffeine_underground/mlrt/FlexFringe/FlexFringe/models-ps-small/0.1.1.1.0.0.searchglobal.0.ini/0.1.1.1.0.0.searchglobal.0_16.04.TSL.2.1.3_Small.final.json,/gpfs/projects/HeinzGroup/asoubki/FlexFringe/data/MLRegTest/Large/16.04.TSL.2.1.3_TestSA.txt,2025-12-29 22:03:20.104042
0.1.1.1.0.0.searchglobal.0,Small,16,4,TSL,2,1,3,TestSR,0.53042,0.5253669112741828,0.63002,0.5729538013823209,0.46958,/gpfs/projects/HeinzGroup/caffeine_underground/mlrt/FlexFringe/FlexFringe/models-ps-small/0.1.1.1.0.0.searchglobal.0.ini/0.1.1.1.0.0.searchglobal.0_16.04.TSL.2.1.3_Small.final.json,/gpfs/projects/HeinzGroup/asoubki/FlexFringe/data/MLRegTest/Large/16.04.TSL.2.1.3_TestSR.txt,2025-12-29 22:03:20.104042
0.1.1.1.0.0.searchglobal.0,Small,16,4,TSL,2,1,3,TestLR,0.52241,0.5190144071679479,0.6117,0.5615584463274242,0.47759,/gpfs/projects/HeinzGroup/caffeine_underground/mlrt/FlexFringe/FlexFringe/models-ps-small/0.1.1.1.0.0.searchglobal.0.ini/0.1.1.1.0.0.searchglobal.0_16.04.TSL.2.1.3_Small.final.json,/gpfs/projects/HeinzGroup/asoubki/FlexFringe/data/MLRegTest/Large/16.04.TSL.2.1.3_TestLR.txt,2025-12-29 22:03:20.104042
0.1.1.1.0.0.searchglobal.0,Small,16,4,TSL,2,1,3,TestLA,0.50596,0.5049679914643905,0.6058,0.5508073901658423,0.49404,/gpfs/projects/HeinzGroup/caffeine_underground/mlrt/FlexFringe/FlexFringe/models-ps-small/0.1.1.1.0.0.searchglobal.0.ini/0.1.1.1.0.0.searchglobal.0_16.04.TSL.2.1.3_Small.final.json,/gpfs/projects/HeinzGroup/asoubki/FlexFringe/data/MLRegTest/Large/16.04.TSL.2.1.3_TestLA.txt,2025-12-29 22:03:20.104042
0.1.1.1.0.0.searchglobal.0,Small,16,4,TSL,2,1,3,Dev,0.53044,0.5256237583757029,0.62442,0.570778259200351,0.46956,/gpfs/projects/HeinzGroup/caffeine_underground/mlrt/FlexFringe/FlexFringe/models-ps-small/0.1.1.1.0.0.searchglobal.0.ini/0.1.1.1.0.0.searchglobal.0_16.04.TSL.2.1.3_Small.final.json,/gpfs/projects/HeinzGroup/asoubki/FlexFringe/data/MLRegTest/Large/16.04.TSL.2.1.3_Dev.txt,2025-12-29 22:03:20.104042
0.1.1.1.0.0.searchglobal.0,Small,16,4,TSL,2,1,3,Train,0.538,0.5322033898305085,0.628,0.5761467889908257,0.462,/gpfs/projects/HeinzGroup/caffeine_underground/mlrt/FlexFringe/FlexFringe/models-ps-small/0.1.1.1.0.0.searchglobal.0.ini/0.1.1.1.0.0.searchglobal.0_16.04.TSL.2.1.3_Small.final.json,/gpfs/projects/HeinzGroup/asoubki/FlexFringe/data/MLRegTest/Small/16.04.TSL.2.1.3_Train.txt,2025-12-29 22:03:20.104042
0.1.1.1.0.0.searchglobal.0,Small,16,4,TSL,2,1,4,TestLA,0.5261,0.5611814345991561,0.2394,0.3356231599607458,0.4739,/gpfs/projects/HeinzGroup/caffeine_underground/mlrt/FlexFringe/FlexFringe/models-ps-small/0.1.1.1.0.0.searchglobal.0.ini/0.1.1.1.0.0.searchglobal.0_16.04.TSL.2.1.4_Small.final.json,/gpfs/projects/HeinzGroup/asoubki/FlexFringe/data/MLRegTest/Large/16.04.TSL.2.1.4_TestLA.txt,2025-12-29 23:09:29.395204
0.1.1.1.0.0.searchglobal.0,Small,16,4,TSL,2,1,4,TestSR,0.51108,0.5270639960918417,0.21578,0.3062012203774656,0.48892,/gpfs/projects/HeinzGroup/caffeine_underground/mlrt/FlexFringe/FlexFringe/models-ps-small/0.1.1.1.0.0.searchglobal.0.ini/0.1.1.1.0.0.searchglobal.0_16.04.TSL.2.1.4_Small.final.json,/gpfs/projects/HeinzGroup/asoubki/FlexFringe/data/MLRegTest/Large/16.04.TSL.2.1.4_TestSR.txt,2025-12-29 23:09:29.395204
0.1.1.1.0.0.searchglobal.0,Small,16,4,TSL,2,1,4,TestLR,0.50946,0.5237306843267108,0.20878,0.2985471600983813,0.49054,/gpfs/projects/HeinzGroup/caffeine_underground/mlrt/FlexFringe/FlexFringe/models-ps-small/0.1.1.1.0.0.searchglobal.0.ini/0.1.1.1.0.0.searchglobal.0_16.04.TSL.2.1.4_Small.final.json,/gpfs/projects/HeinzGroup/asoubki/FlexFringe/data/MLRegTest/Large/16.04.TSL.2.1.4_TestLR.txt,2025-12-29 23:09:29.395204
0.1.1.1.0.0.searchglobal.0,Small,16,4,TSL,2,1,4,TestSA,0.53405,0.5766995539937829,0.25602,0.354613072565342,0.46595,/gpfs/projects/HeinzGroup/caffeine_underground/mlrt/FlexFringe/FlexFringe/models-ps-small/0.1.1.1.0.0.searchglobal.0.ini/0.1.1.1.0.0.searchglobal.0_16.04.TSL.2.1.4_Small.final.json,/gpfs/projects/HeinzGroup/asoubki/FlexFringe/data/MLRegTest/Large/16.04.TSL.2.1.4_TestSA.txt,2025-12-29 23:09:29.395204
0.1.1.1.0.0.searchglobal.0,Small,16,4,TSL,2,1,4,Dev,0.5133,0.532969757064948,0.215,0.30639874590280747,0.4867,/gpfs/projects/HeinzGroup/caffeine_underground/mlrt/FlexFringe/FlexFringe/models-ps-small/0.1.1.1.0.0.searchglobal.0.ini/0.1.1.1.0.0.searchglobal.0_16.04.TSL.2.1.4_Small.final.json,/gpfs/projects/HeinzGroup/asoubki/FlexFringe/data/MLRegTest/Large/16.04.TSL.2.1.4_Dev.txt,2025-12-29 23:09:29.395204
0.1.1.1.0.0.searchglobal.0,Small,16,4,TSL,2,1,4,Train,0.528,0.5614035087719298,0.256,0.3516483516483517,0.472,/gpfs/projects/HeinzGroup/caffeine_underground/mlrt/FlexFringe/FlexFringe/models-ps-small/0.1.1.1.0.0.searchglobal.0.ini/0.1.1.1.0.0.searchglobal.0_16.04.TSL.2.1.4_Small.final.json,/gpfs/projects/HeinzGroup/asoubki/FlexFringe/data/MLRegTest/Small/16.04.TSL.2.1.4_Train.txt,2025-12-29 23:09:29.395204
0.1.1.1.0.0.searchglobal.0,Small,16,4,TSL,2,1,5,TestSR,0.51766,0.5359879360939028,0.26302,0.3528764623805946,0.48234,/gpfs/projects/HeinzGroup/caffeine_underground/mlrt/FlexFringe/FlexFringe/models-ps-small/0.1.1.1.0.0.searchglobal.0.ini/0.1.1.1.0.0.searchglobal.0_16.04.TSL.2.1.5_Small.final.json,/gpfs/projects/HeinzGroup/asoubki/FlexFringe/data/MLRegTest/Large/16.04.TSL.2.1.5_TestSR.txt,2025-12-29 23:28:45.431061
0.1.1.1.0.0.searchglobal.0,Small,16,4,TSL,2,1,5,TestSA,0.5181,0.534076361171775,0.28368,0.3705425951566133,0.4819,/gpfs/projects/HeinzGroup/caffeine_underground/mlrt/FlexFringe/FlexFringe/models-ps-small/0.1.1.1.0.0.searchglobal.0.ini/0.1.1.1.0.0.searchglobal.0_16.04.TSL.2.1.5_Small.final.json,/gpfs/projects/HeinzGroup/asoubki/FlexFringe/data/MLRegTest/Large/16.04.TSL.2.1.5_TestSA.txt,2025-12-29 23:28:45.431061
0.1.1.1.0.0.searchglobal.0,Small,16,4,TSL,2,1,5,TestLR,0.50852,0.5180416737252245,0.24464,0.3323371189479976,0.49148,/gpfs/projects/HeinzGroup/caffeine_underground/mlrt/FlexFringe/FlexFringe/models-ps-small/0.1.1.1.0.0.searchglobal.0.ini/0.1.1.1.0.0.searchglobal.0_16.04.TSL.2.1.5_Small.final.json,/gpfs/projects/HeinzGroup/asoubki/FlexFringe/data/MLRegTest/Large/16.04.TSL.2.1.5_TestLR.txt,2025-12-29 23:28:45.431061
0.1.1.1.0.0.searchglobal.0,Small,16,4,TSL,2,1,5,TestLA,0.51137,0.5233806292412091,0.25452,0.3424880575926798,0.48863,/gpfs/projects/HeinzGroup/caffeine_underground/mlrt/FlexFringe/FlexFringe/models-ps-small/0.1.1.1.0.0.searchglobal.0.ini/0.1.1.1.0.0.searchglobal.0_16.04.TSL.2.1.5_Small.final.json,/gpfs/projects/HeinzGroup/asoubki/FlexFringe/data/MLRegTest/Large/16.04.TSL.2.1.5_TestLA.txt,2025-12-29 23:28:45.431061
0.1.1.1.0.0.searchglobal.0,Small,16,4,TSL,2,1,5,Dev,0.51733,0.5353514748480274,0.26244,0.3522164512622297,0.48267,/gpfs/projects/HeinzGroup/caffeine_underground/mlrt/FlexFringe/FlexFringe/models-ps-small/0.1.1.1.0.0.searchglobal.0.ini/0.1.1.1.0.0.searchglobal.0_16.04.TSL.2.1.5_Small.final.json,/gpfs/projects/HeinzGroup/asoubki/FlexFringe/data/MLRegTest/Large/16.04.TSL.2.1.5_Dev.txt,2025-12-29 23:28:45.431061
0.1.1.1.0.0.searchglobal.0,Small,16,4,TSL,2,1,5,Train,0.517,0.532319391634981,0.28,0.3669724770642202,0.483,/gpfs/projects/HeinzGroup/caffeine_underground/mlrt/FlexFringe/FlexFringe/models-ps-small/0.1.1.1.0.0.searchglobal.0.ini/0.1.1.1.0.0.searchglobal.0_16.04.TSL.2.1.5_Small.final.json,/gpfs/projects/HeinzGroup/asoubki/FlexFringe/data/MLRegTest/Small/16.04.TSL.2.1.5_Train.txt,2025-12-29 23:28:45.431061
0.1.1.1.0.0.searchglobal.0,Small,16,4,TSL,2,1,6,TestSA,0.51576,0.5314244696123783,0.26652,0.355000266396718,0.48424,/gpfs/projects/HeinzGroup/caffeine_underground/mlrt/FlexFringe/FlexFringe/models-ps-small/0.1.1.1.0.0.searchglobal.0.ini/0.1.1.1.0.0.searchglobal.0_16.04.TSL.2.1.6_Small.final.json,/gpfs/projects/HeinzGroup/asoubki/FlexFringe/data/MLRegTest/Large/16.04.TSL.2.1.6_TestSA.txt,2025-12-29 22:05:31.781302
0.1.1.1.0.0.searchglobal.0,Small,16,4,TSL,2,1,6,TestLR,0.49843,0.4964107722554981,0.21714,0.3021246399799641,0.50157,/gpfs/projects/HeinzGroup/caffeine_underground/mlrt/FlexFringe/FlexFringe/models-ps-small/0.1.1.1.0.0.searchglobal.0.ini/0.1.1.1.0.0.searchglobal.0_16.04.TSL.2.1.6_Small.final.json,/gpfs/projects/HeinzGroup/asoubki/FlexFringe/data/MLRegTest/Large/16.04.TSL.2.1.6_TestLR.txt,2025-12-29 22:05:31.781302
0.1.1.1.0.0.searchglobal.0,Small,16,4,TSL,2,1,6,TestSR,0.51119,0.5243440804072576,0.24102,0.33024128906731703,0.48881,/gpfs/projects/HeinzGroup/caffeine_underground/mlrt/FlexFringe/FlexFringe/models-ps-small/0.1.1.1.0.0.searchglobal.0.ini/0.1.1.1.0.0.searchglobal.0_16.04.TSL.2.1.6_Small.final.json,/gpfs/projects/HeinzGroup/asoubki/FlexFringe/data/MLRegTest/Large/16.04.TSL.2.1.6_TestSR.txt,2025-12-29 22:05:31.781302
0.1.1.1.0.0.searchglobal.0,Small,16,4,TSL,2,1,6,TestLA,0.50744,0.5161346287300486,0.238,0.3257774857643452,0.49256,/gpfs/projects/HeinzGroup/caffeine_underground/mlrt/FlexFringe/FlexFringe/models-ps-small/0.1.1.1.0.0.searchglobal.0.ini/0.1.1.1.0.0.searchglobal.0_16.04.TSL.2.1.6_Small.final.json,/gpfs/projects/HeinzGroup/asoubki/FlexFringe/data/MLRegTest/Large/16.04.TSL.2.1.6_TestLA.txt,2025-12-29 22:05:31.781302
0.1.1.1.0.0.searchglobal.0,Small,16,4,TSL,2,1,6,Dev,0.51005,0.52191165569267,0.23938,0.3282190503612905,0.48995,/gpfs/projects/HeinzGroup/caffeine_underground/mlrt/FlexFringe/FlexFringe/models-ps-small/0.1.1.1.0.0.searchglobal.0.ini/0.1.1.1.0.0.searchglobal.0_16.04.TSL.2.1.6_Small.final.json,/gpfs/projects/HeinzGroup/asoubki/FlexFringe/data/MLRegTest/Large/16.04.TSL.2.1.6_Dev.txt,2025-12-29 22:05:31.781302
0.1.1.1.0.0.searchglobal.0,Small,16,4,TSL,2,1,6,Train,0.484,0.4658119658119658,0.218,0.2970027247956403,0.516,/gpfs/projects/HeinzGroup/caffeine_underground/mlrt/FlexFringe/FlexFringe/models-ps-small/0.1.1.1.0.0.searchglobal.0.ini/0.1.1.1.0.0.searchglobal.0_16.04.TSL.2.1.6_Small.final.json,/gpfs/projects/HeinzGroup/asoubki/FlexFringe/data/MLRegTest/Small/16.04.TSL.2.1.6_Train.txt,2025-12-29 22:05:31.781302
0.1.1.1.0.0.searchglobal.0,Small,16,4,TSL,2,1,7,TestLA,0.50453,0.5093075816724882,0.24788,0.3334633752606444,0.49547,/gpfs/projects/HeinzGroup/caffeine_underground/mlrt/FlexFringe/FlexFringe/models-ps-small/0.1.1.1.0.0.searchglobal.0.ini/0.1.1.1.0.0.searchglobal.0_16.04.TSL.2.1.7_Small.final.json,/gpfs/projects/HeinzGroup/asoubki/FlexFringe/data/MLRegTest/Large/16.04.TSL.2.1.7_TestLA.txt,2025-12-29 22:33:24.050832
0.1.1.1.0.0.searchglobal.0,Small,16,4,TSL,2,1,7,TestLR,0.51235,0.5255937331620176,0.25362,0.3421425391557732,0.48765,/gpfs/projects/HeinzGroup/caffeine_underground/mlrt/FlexFringe/FlexFringe/models-ps-small/0.1.1.1.0.0.searchglobal.0.ini/0.1.1.1.0.0.searchglobal.0_16.04.TSL.2.1.7_Small.final.json,/gpfs/projects/HeinzGroup/asoubki/FlexFringe/data/MLRegTest/Large/16.04.TSL.2.1.7_TestLR.txt,2025-12-29 22:33:24.050832
0.1.1.1.0.0.searchglobal.0,Small,16,4,TSL,2,1,7,TestSA,0.50785,0.515737139649573,0.25726,0.3432833829279033,0.49215,/gpfs/projects/HeinzGroup/caffeine_underground/mlrt/FlexFringe/FlexFringe/models-ps-small/0.1.1.1.0.0.searchglobal.0.ini/0.1.1.1.0.0.searchglobal.0_16.04.TSL.2.1.7_Small.final.json,/gpfs/projects/HeinzGroup/asoubki/FlexFringe/data/MLRegTest/Large/16.04.TSL.2.1.7_TestSA.txt,2025-12-29 22:33:24.050832
0.1.1.1.0.0.searchglobal.0,Small,16,4,TSL,2,1,7,TestSR,0.5142,0.529186878237277,0.25746,0.3463929176869467,0.4858,/gpfs/projects/HeinzGroup/caffeine_underground/mlrt/FlexFringe/FlexFringe/models-ps-small/0.1.1.1.0.0.searchglobal.0.ini/0.1.1.1.0.0.searchglobal.0_16.04.TSL.2.1.7_Small.final.json,/gpfs/projects/HeinzGroup/asoubki/FlexFringe/data/MLRegTest/Large/16.04.TSL.2.1.7_TestSR.txt,2025-12-29 22:33:24.050832
0.1.1.1.0.0.searchglobal.0,Small,16,4,TSL,2,1,7,Dev,0.51456,0.5299662468099119,0.2575,0.3465959566048402,0.48544,/gpfs/projects/HeinzGroup/caffeine_underground/mlrt/FlexFringe/FlexFringe/models-ps-small/0.1.1.1.0.0.searchglobal.0.ini/0.1.1.1.0.0.searchglobal.0_16.04.TSL.2.1.7_Small.final.json,/gpfs/projects/HeinzGroup/asoubki/FlexFringe/data/MLRegTest/Large/16.04.TSL.2.1.7_Dev.txt,2025-12-29 22:33:24.050832
0.1.1.1.0.0.searchglobal.0,Small,16,4,TSL,2,1,7,Train,0.532,0.5625,0.288,0.38095238095238093,0.468,/gpfs/projects/HeinzGroup/caffeine_underground/mlrt/FlexFringe/FlexFringe/models-ps-small/0.1.1.1.0.0.searchglobal.0.ini/0.1.1.1.0.0.searchglobal.0_16.04.TSL.2.1.7_Small.final.json,/gpfs/projects/HeinzGroup/asoubki/FlexFringe/data/MLRegTest/Small/16.04.TSL.2.1.7_Train.txt,2025-12-29 22:33:24.050832
0.1.1.1.0.0.searchglobal.0,Small,16,4,TSL,2,1,8,TestLR,0.42455,0.34910603575856963,0.17456,0.23274356341915442,0.57545,/gpfs/projects/HeinzGroup/caffeine_underground/mlrt/FlexFringe/FlexFringe/models-ps-small/0.1.1.1.0.0.searchglobal.0.ini/0.1.1.1.0.0.searchglobal.0_16.04.TSL.2.1.8_Small.final.json,/gpfs/projects/HeinzGroup/asoubki/FlexFringe/data/MLRegTest/Large/16.04.TSL.2.1.8_TestLR.txt,2025-12-29 22:41:04.904082
0.1.1.1.0.0.searchglobal.0,Small,16,4,TSL,2,1,8,TestSA,0.44976,0.39163071613459877,0.18156,0.24810057392730253,0.55024,/gpfs/projects/HeinzGroup/caffeine_underground/mlrt/FlexFringe/FlexFringe/models-ps-small/0.1.1.1.0.0.searchglobal.0.ini/0.1.1.1.0.0.searchglobal.0_16.04.TSL.2.1.8_Small.final.json,/gpfs/projects/HeinzGroup/asoubki/FlexFringe/data/MLRegTest/Large/16.04.TSL.2.1.8_TestSA.txt,2025-12-29 22:41:04.904082
0.1.1.1.0.0.searchglobal.0,Small,16,4,TSL,2,1,8,TestSR,0.42441,0.3466920861558431,0.17094,0.22897941141012418,0.57559,/gpfs/projects/HeinzGroup/caffeine_underground/mlrt/FlexFringe/FlexFringe/models-ps-small/0.1.1.1.0.0.searchglobal.0.ini/0.1.1.1.0.0.searchglobal.0_16.04.TSL.2.1.8_Small.final.json,/gpfs/projects/HeinzGroup/asoubki/FlexFringe/data/MLRegTest/Large/16.04.TSL.2.1.8_TestSR.txt,2025-12-29 22:41:04.904082
0.1.1.1.0.0.searchglobal.0,Small,16,4,TSL,2,1,8,TestLA,0.45075,0.393458226971834,0.18188,0.24876560939914927,0.54925,/gpfs/projects/HeinzGroup/caffeine_underground/mlrt/FlexFringe/FlexFringe/models-ps-small/0.1.1.1.0.0.searchglobal.0.ini/0.1.1.1.0.0.searchglobal.0_16.04.TSL.2.1.8_Small.final.json,/gpfs/projects/HeinzGroup/asoubki/FlexFringe/data/MLRegTest/Large/16.04.TSL.2.1.8_TestLA.txt,2025-12-29 22:41:04.904082
0.1.1.1.0.0.searchglobal.0,Small,16,4,TSL,2,1,8,Dev,0.42702,0.353841224064728,0.17668,0.2356801750126724,0.57298,/gpfs/projects/HeinzGroup/caffeine_underground/mlrt/FlexFringe/FlexFringe/models-ps-small/0.1.1.1.0.0.searchglobal.0.ini/0.1.1.1.0.0.searchglobal.0_16.04.TSL.2.1.8_Small.final.json,/gpfs/projects/HeinzGroup/asoubki/FlexFringe/data/MLRegTest/Large/16.04.TSL.2.1.8_Dev.txt,2025-12-29 22:41:04.904082
0.1.1.1.0.0.searchglobal.0,Small,16,4,TSL,2,1,8,Train,0.449,0.39148936170212767,0.184,0.2503401360544218,0.551,/gpfs/projects/HeinzGroup/caffeine_underground/mlrt/FlexFringe/FlexFringe/models-ps-small/0.1.1.1.0.0.searchglobal.0.ini/0.1.1.1.0.0.searchglobal.0_16.04.TSL.2.1.8_Small.final.json,/gpfs/projects/HeinzGroup/asoubki/FlexFringe/data/MLRegTest/Small/16.04.TSL.2.1.8_Train.txt,2025-12-29 22:41:04.904082
0.1.1.1.0.0.searchglobal.0,Small,16,4,TSL,2,1,9,TestLA,0.44805,0.2787290229150694,0.06544,0.10599459012941577,0.55195,/gpfs/projects/HeinzGroup/caffeine_underground/mlrt/FlexFringe/FlexFringe/models-ps-small/0.1.1.1.0.0.searchglobal.0.ini/0.1.1.1.0.0.searchglobal.0_16.04.TSL.2.1.9_Small.final.json,/gpfs/projects/HeinzGroup/asoubki/FlexFringe/data/MLRegTest/Large/16.04.TSL.2.1.9_TestLA.txt,2025-12-29 23:32:38.611443
0.1.1.1.0.0.searchglobal.0,Small,16,4,TSL,2,1,9,TestSR,0.40411,0.17940488131059845,0.05366,0.08261103841120776,0.59589,/gpfs/projects/HeinzGroup/caffeine_underground/mlrt/FlexFringe/FlexFringe/models-ps-small/0.1.1.1.0.0.searchglobal.0.ini/0.1.1.1.0.0.searchglobal.0_16.04.TSL.2.1.9_Small.final.json,/gpfs/projects/HeinzGroup/asoubki/FlexFringe/data/MLRegTest/Large/16.04.TSL.2.1.9_TestSR.txt,2025-12-29 23:32:38.611443
0.1.1.1.0.0.searchglobal.0,Small,16,4,TSL,2,1,9,TestSA,0.44492,0.26433339038165327,0.06178,0.10015238465778296,0.55508,/gpfs/projects/HeinzGroup/caffeine_underground/mlrt/FlexFringe/FlexFringe/models-ps-small/0.1.1.1.0.0.searchglobal.0.ini/0.1.1.1.0.0.searchglobal.0_16.04.TSL.2.1.9_Small.final.json,/gpfs/projects/HeinzGroup/asoubki/FlexFringe/data/MLRegTest/Large/16.04.TSL.2.1.9_TestSA.txt,2025-12-29 23:32:38.611443
0.1.1.1.0.0.searchglobal.0,Small,16,4,TSL,2,1,9,TestLR,0.40527,0.18488457188477148,0.05558,0.08546693115591025,0.59473,/gpfs/projects/HeinzGroup/caffeine_underground/mlrt/FlexFringe/FlexFringe/models-ps-small/0.1.1.1.0.0.searchglobal.0.ini/0.1.1.1.0.0.searchglobal.0_16.04.TSL.2.1.9_Small.final.json,/gpfs/projects/HeinzGroup/asoubki/FlexFringe/data/MLRegTest/Large/16.04.TSL.2.1.9_TestLR.txt,2025-12-29 23:32:38.611443
0.1.1.1.0.0.searchglobal.0,Small,16,4,TSL,2,1,9,Dev,0.40281,0.17866825365337566,0.05404,0.08298143513044547,0.59719,/gpfs/projects/HeinzGroup/caffeine_underground/mlrt/FlexFringe/FlexFringe/models-ps-small/0.1.1.1.0.0.searchglobal.0.ini/0.1.1.1.0.0.searchglobal.0_16.04.TSL.2.1.9_Small.final.json,/gpfs/projects/HeinzGroup/asoubki/FlexFringe/data/MLRegTest/Large/16.04.TSL.2.1.9_Dev.txt,2025-12-29 23:32:38.611443
0.1.1.1.0.0.searchglobal.0,Small,16,4,TSL,2,1,9,Train,0.418,0.2152777777777778,0.062,0.09627329192546584,0.582,/gpfs/projects/HeinzGroup/caffeine_underground/mlrt/FlexFringe/FlexFringe/models-ps-small/0.1.1.1.0.0.searchglobal.0.ini/0.1.1.1.0.0.searchglobal.0_16.04.TSL.2.1.9_Small.final.json,/gpfs/projects/HeinzGroup/asoubki/FlexFringe/data/MLRegTest/Small/16.04.TSL.2.1.9_Train.txt,2025-12-29 23:32:38.611443
0.1.1.1.0.0.searchglobal.0,Small,16,4,TSL,4,1,0,TestLA,0.51802,0.517114310678874,0.54448,0.5304444401145685,0.48198,/gpfs/projects/HeinzGroup/caffeine_underground/mlrt/FlexFringe/FlexFringe/models-ps-small/0.1.1.1.0.0.searchglobal.0.ini/0.1.1.1.0.0.searchglobal.0_16.04.TSL.4.1.0_Small.final.json,/gpfs/projects/HeinzGroup/asoubki/FlexFringe/data/MLRegTest/Large/16.04.TSL.4.1.0_TestLA.txt,2025-12-29 23:16:23.248195
0.1.1.1.0.0.searchglobal.0,Small,16,4,TSL,4,1,0,TestLR,0.62018,0.5971732591610337,0.73856,0.6603837693807114,0.37982,/gpfs/projects/HeinzGroup/caffeine_underground/mlrt/FlexFringe/FlexFringe/models-ps-small/0.1.1.1.0.0.searchglobal.0.ini/0.1.1.1.0.0.searchglobal.0_16.04.TSL.4.1.0_Small.final.json,/gpfs/projects/HeinzGroup/asoubki/FlexFringe/data/MLRegTest/Large/16.04.TSL.4.1.0_TestLR.txt,2025-12-29 23:16:23.248195
0.1.1.1.0.0.searchglobal.0,Small,16,4,TSL,4,1,0,TestSA,0.52747,0.5305690948343015,0.47678,0.5022384679398721,0.47253,/gpfs/projects/HeinzGroup/caffeine_underground/mlrt/FlexFringe/FlexFringe/models-ps-small/0.1.1.1.0.0.searchglobal.0.ini/0.1.1.1.0.0.searchglobal.0_16.04.TSL.4.1.0_Small.final.json,/gpfs/projects/HeinzGroup/asoubki/FlexFringe/data/MLRegTest/Large/16.04.TSL.4.1.0_TestSA.txt,2025-12-29 23:16:23.248195
0.1.1.1.0.0.searchglobal.0,Small,16,4,TSL,4,1,0,TestSR,0.68866,0.6574055533306634,0.78794,0.7167782548577251,0.31134,/gpfs/projects/HeinzGroup/caffeine_underground/mlrt/FlexFringe/FlexFringe/models-ps-small/0.1.1.1.0.0.searchglobal.0.ini/0.1.1.1.0.0.searchglobal.0_16.04.TSL.4.1.0_Small.final.json,/gpfs/projects/HeinzGroup/asoubki/FlexFringe/data/MLRegTest/Large/16.04.TSL.4.1.0_TestSR.txt,2025-12-29 23:16:23.248195
0.1.1.1.0.0.searchglobal.0,Small,16,4,TSL,4,1,0,Dev,0.68573,0.6552069927966172,0.78406,0.7138655959502154,0.31427,/gpfs/projects/HeinzGroup/caffeine_underground/mlrt/FlexFringe/FlexFringe/models-ps-small/0.1.1.1.0.0.searchglobal.0.ini/0.1.1.1.0.0.searchglobal.0_16.04.TSL.4.1.0_Small.final.json,/gpfs/projects/HeinzGroup/asoubki/FlexFringe/data/MLRegTest/Large/16.04.TSL.4.1.0_Dev.txt,2025-12-29 23:16:23.248195
0.1.1.1.0.0.searchglobal.0,Small,16,4,TSL,4,1,0,Train,0.692,0.66,0.792,0.72,0.308,/gpfs/projects/HeinzGroup/caffeine_underground/mlrt/FlexFringe/FlexFringe/models-ps-small/0.1.1.1.0.0.searchglobal.0.ini/0.1.1.1.0.0.searchglobal.0_16.04.TSL.4.1.0_Small.final.json,/gpfs/projects/HeinzGroup/asoubki/FlexFringe/data/MLRegTest/Small/16.04.TSL.4.1.0_Train.txt,2025-12-29 23:16:23.248195
0.1.1.1.0.0.searchglobal.0,Small,16,4,TSL,4,1,1,TestSA,0.53127,0.5254405519306181,0.64584,0.5794521654090815,0.46873,/gpfs/projects/HeinzGroup/caffeine_underground/mlrt/FlexFringe/FlexFringe/models-ps-small/0.1.1.1.0.0.searchglobal.0.ini/0.1.1.1.0.0.searchglobal.0_16.04.TSL.4.1.1_Small.final.json,/gpfs/projects/HeinzGroup/asoubki/FlexFringe/data/MLRegTest/Large/16.04.TSL.4.1.1_TestSA.txt,2025-12-29 23:30:17.506842
0.1.1.1.0.0.searchglobal.0,Small,16,4,TSL,4,1,1,TestLA,0.51632,0.5132639791937581,0.63152,0.5662840746054519,0.48368,/gpfs/projects/HeinzGroup/caffeine_underground/mlrt/FlexFringe/FlexFringe/models-ps-small/0.1.1.1.0.0.searchglobal.0.ini/0.1.1.1.0.0.searchglobal.0_16.04.TSL.4.1.1_Small.final.json,/gpfs/projects/HeinzGroup/asoubki/FlexFringe/data/MLRegTest/Large/16.04.TSL.4.1.1_TestLA.txt,2025-12-29 23:30:17.506842
0.1.1.1.0.0.searchglobal.0,Small,16,4,TSL,4,1,1,TestSR,0.55889,0.545936754083527,0.69988,0.6133971375735108,0.44111,/gpfs/projects/HeinzGroup/caffeine_underground/mlrt/FlexFringe/FlexFringe/models-ps-small/0.1.1.1.0.0.searchglobal.0.ini/0.1.1.1.0.0.searchglobal.0_16.04.TSL.4.1.1_Small.final.json,/gpfs/projects/HeinzGroup/asoubki/FlexFringe/data/MLRegTest/Large/16.04.TSL.4.1.1_TestSR.txt,2025-12-29 23:30:17.506842
0.1.1.1.0.0.searchglobal.0,Small,16,4,TSL,4,1,1,TestLR,0.52869,0.522801328819163,0.65782,0.5825901357682464,0.47131,/gpfs/projects/HeinzGroup/caffeine_underground/mlrt/FlexFringe/FlexFringe/models-ps-small/0.1.1.1.0.0.searchglobal.0.ini/0.1.1.1.0.0.searchglobal.0_16.04.TSL.4.1.1_Small.final.json,/gpfs/projects/HeinzGroup/asoubki/FlexFringe/data/MLRegTest/Large/16.04.TSL.4.1.1_TestLR.txt,2025-12-29 23:30:17.506842
0.1.1.1.0.0.searchglobal.0,Small,16,4,TSL,4,1,1,Dev,0.56006,0.5467015022860875,0.70308,0.6151073472030236,0.43994,/gpfs/projects/HeinzGroup/caffeine_underground/mlrt/FlexFringe/FlexFringe/models-ps-small/0.1.1.1.0.0.searchglobal.0.ini/0.1.1.1.0.0.searchglobal.0_16.04.TSL.4.1.1_Small.final.json,/gpfs/projects/HeinzGroup/asoubki/FlexFringe/data/MLRegTest/Large/16.04.TSL.4.1.1_Dev.txt,2025-12-29 23:30:17.506842
0.1.1.1.0.0.searchglobal.0,Small,16,4,TSL,4,1,1,Train,0.584,0.562874251497006,0.752,0.6438356164383562,0.416,/gpfs/projects/HeinzGroup/caffeine_underground/mlrt/FlexFringe/FlexFringe/models-ps-small/0.1.1.1.0.0.searchglobal.0.ini/0.1.1.1.0.0.searchglobal.0_16.04.TSL.4.1.1_Small.final.json,/gpfs/projects/HeinzGroup/asoubki/FlexFringe/data/MLRegTest/Small/16.04.TSL.4.1.1_Train.txt,2025-12-29 23:30:17.506842
0.1.1.1.0.0.searchglobal.0,Small,16,4,TSL,4,1,2,TestLR,0.67008,0.6580023038906023,0.7083,0.682225347228911,0.32992,/gpfs/projects/HeinzGroup/caffeine_underground/mlrt/FlexFringe/FlexFringe/models-ps-small/0.1.1.1.0.0.searchglobal.0.ini/0.1.1.1.0.0.searchglobal.0_16.04.TSL.4.1.2_Small.final.json,/gpfs/projects/HeinzGroup/asoubki/FlexFringe/data/MLRegTest/Large/16.04.TSL.4.1.2_TestLR.txt,2025-12-29 23:18:43.568081
0.1.1.1.0.0.searchglobal.0,Small,16,4,TSL,4,1,2,TestLA,0.57611,0.5850182078148388,0.52372,0.5526746235265563,0.42389,/gpfs/projects/HeinzGroup/caffeine_underground/mlrt/FlexFringe/FlexFringe/models-ps-small/0.1.1.1.0.0.searchglobal.0.ini/0.1.1.1.0.0.searchglobal.0_16.04.TSL.4.1.2_Small.final.json,/gpfs/projects/HeinzGroup/asoubki/FlexFringe/data/MLRegTest/Large/16.04.TSL.4.1.2_TestLA.txt,2025-12-29 23:18:43.568081
0.1.1.1.0.0.searchglobal.0,Small,16,4,TSL,4,1,2,TestSA,0.62611,0.6551741109880644,0.53246,0.5874772438903293,0.37389,/gpfs/projects/HeinzGroup/caffeine_underground/mlrt/FlexFringe/FlexFringe/models-ps-small/0.1.1.1.0.0.searchglobal.0.ini/0.1.1.1.0.0.searchglobal.0_16.04.TSL.4.1.2_Small.final.json,/gpfs/projects/HeinzGroup/asoubki/FlexFringe/data/MLRegTest/Large/16.04.TSL.4.1.2_TestSA.txt,2025-12-29 23:18:43.568081
0.1.1.1.0.0.searchglobal.0,Small,16,4,TSL,4,1,2,TestSR,0.75487,0.7384235439390822,0.78936,0.7630426587013891,0.24513,/gpfs/projects/HeinzGroup/caffeine_underground/mlrt/FlexFringe/FlexFringe/models-ps-small/0.1.1.1.0.0.searchglobal.0.ini/0.1.1.1.0.0.searchglobal.0_16.04.TSL.4.1.2_Small.final.json,/gpfs/projects/HeinzGroup/asoubki/FlexFringe/data/MLRegTest/Large/16.04.TSL.4.1.2_TestSR.txt,2025-12-29 23:18:43.568081
0.1.1.1.0.0.searchglobal.0,Small,16,4,TSL,4,1,2,Dev,0.75684,0.7401181705994541,0.79166,0.765021936182138,0.24316,/gpfs/projects/HeinzGroup/caffeine_underground/mlrt/FlexFringe/FlexFringe/models-ps-small/0.1.1.1.0.0.searchglobal.0.ini/0.1.1.1.0.0.searchglobal.0_16.04.TSL.4.1.2_Small.final.json,/gpfs/projects/HeinzGroup/asoubki/FlexFringe/data/MLRegTest/Large/16.04.TSL.4.1.2_Dev.txt,2025-12-29 23:18:43.568081
0.1.1.1.0.0.searchglobal.0,Small,16,4,TSL,4,1,2,Train,0.746,0.7294776119402985,0.782,0.7548262548262549,0.254,/gpfs/projects/HeinzGroup/caffeine_underground/mlrt/FlexFringe/FlexFringe/models-ps-small/0.1.1.1.0.0.searchglobal.0.ini/0.1.1.1.0.0.searchglobal.0_16.04.TSL.4.1.2_Small.final.json,/gpfs/projects/HeinzGroup/asoubki/FlexFringe/data/MLRegTest/Small/16.04.TSL.4.1.2_Train.txt,2025-12-29 23:18:43.568081
0.1.1.1.0.0.searchglobal.0,Small,16,4,TSL,4,1,3,TestLA,0.50456,0.5035212355212355,0.65206,0.5682440087145969,0.49544,/gpfs/projects/HeinzGroup/caffeine_underground/mlrt/FlexFringe/FlexFringe/models-ps-small/0.1.1.1.0.0.searchglobal.0.ini/0.1.1.1.0.0.searchglobal.0_16.04.TSL.4.1.3_Small.final.json,/gpfs/projects/HeinzGroup/asoubki/FlexFringe/data/MLRegTest/Large/16.04.TSL.4.1.3_TestLA.txt,2025-12-29 22:57:20.002791
0.1.1.1.0.0.searchglobal.0,Small,16,4,TSL,4,1,3,TestSR,0.52897,0.5220959499656777,0.68452,0.5923759248842543,0.47103,/gpfs/projects/HeinzGroup/caffeine_underground/mlrt/FlexFringe/FlexFringe/models-ps-small/0.1.1.1.0.0.searchglobal.0.ini/0.1.1.1.0.0.searchglobal.0_16.04.TSL.4.1.3_Small.final.json,/gpfs/projects/HeinzGroup/asoubki/FlexFringe/data/MLRegTest/Large/16.04.TSL.4.1.3_TestSR.txt,2025-12-29 22:57:20.002791
0.1.1.1.0.0.searchglobal.0,Small,16,4,TSL,4,1,3,TestLR,0.51577,0.5120615544643813,0.6695,0.5802917493694365,0.48423,/gpfs/projects/HeinzGroup/caffeine_underground/mlrt/FlexFringe/FlexFringe/models-ps-small/0.1.1.1.0.0.searchglobal.0.ini/0.1.1.1.0.0.searchglobal.0_16.04.TSL.4.1.3_Small.final.json,/gpfs/projects/HeinzGroup/asoubki/FlexFringe/data/MLRegTest/Large/16.04.TSL.4.1.3_TestLR.txt,2025-12-29 22:57:20.002791
0.1.1.1.0.0.searchglobal.0,Small,16,4,TSL,4,1,3,TestSA,0.51033,0.508038284958369,0.65288,0.5714235700844602,0.48967,/gpfs/projects/HeinzGroup/caffeine_underground/mlrt/FlexFringe/FlexFringe/models-ps-small/0.1.1.1.0.0.searchglobal.0.ini/0.1.1.1.0.0.searchglobal.0_16.04.TSL.4.1.3_Small.final.json,/gpfs/projects/HeinzGroup/asoubki/FlexFringe/data/MLRegTest/Large/16.04.TSL.4.1.3_TestSA.txt,2025-12-29 22:57:20.002791
0.1.1.1.0.0.searchglobal.0,Small,16,4,TSL,4,1,3,Dev,0.52842,0.5217065868263473,0.68306,0.5915783274440518,0.47158,/gpfs/projects/HeinzGroup/caffeine_underground/mlrt/FlexFringe/FlexFringe/models-ps-small/0.1.1.1.0.0.searchglobal.0.ini/0.1.1.1.0.0.searchglobal.0_16.04.TSL.4.1.3_Small.final.json,/gpfs/projects/HeinzGroup/asoubki/FlexFringe/data/MLRegTest/Large/16.04.TSL.4.1.3_Dev.txt,2025-12-29 22:57:20.002791
0.1.1.1.0.0.searchglobal.0,Small,16,4,TSL,4,1,3,Train,0.536,0.5276923076923077,0.686,0.5965217391304348,0.464,/gpfs/projects/HeinzGroup/caffeine_underground/mlrt/FlexFringe/FlexFringe/models-ps-small/0.1.1.1.0.0.searchglobal.0.ini/0.1.1.1.0.0.searchglobal.0_16.04.TSL.4.1.3_Small.final.json,/gpfs/projects/HeinzGroup/asoubki/FlexFringe/data/MLRegTest/Small/16.04.TSL.4.1.3_Train.txt,2025-12-29 22:57:20.002791
0.1.1.1.0.0.searchglobal.0,Small,16,4,TSL,4,1,4,TestLA,0.50751,0.6758782201405152,0.02886,0.055356286563728783,0.49249,/gpfs/projects/HeinzGroup/caffeine_underground/mlrt/FlexFringe/FlexFringe/models-ps-small/0.1.1.1.0.0.searchglobal.0.ini/0.1.1.1.0.0.searchglobal.0_16.04.TSL.4.1.4_Small.final.json,/gpfs/projects/HeinzGroup/asoubki/FlexFringe/data/MLRegTest/Large/16.04.TSL.4.1.4_TestLA.txt,2025-12-29 22:59:01.921532
0.1.1.1.0.0.searchglobal.0,Small,16,4,TSL,4,1,4,TestLR,0.50276,0.5940054495912807,0.01744,0.03388513250952048,0.49724,/gpfs/projects/HeinzGroup/caffeine_underground/mlrt/FlexFringe/FlexFringe/models-ps-small/0.1.1.1.0.0.searchglobal.0.ini/0.1.1.1.0.0.searchglobal.0_16.04.TSL.4.1.4_Small.final.json,/gpfs/projects/HeinzGroup/asoubki/FlexFringe/data/MLRegTest/Large/16.04.TSL.4.1.4_TestLR.txt,2025-12-29 22:59:01.921532
0.1.1.1.0.0.searchglobal.0,Small,16,4,TSL,4,1,4,TestSA,0.56112,0.8400845760071222,0.15098,0.25595904112840334,0.43888,/gpfs/projects/HeinzGroup/caffeine_underground/mlrt/FlexFringe/FlexFringe/models-ps-small/0.1.1.1.0.0.searchglobal.0.ini/0.1.1.1.0.0.searchglobal.0_16.04.TSL.4.1.4_Small.final.json,/gpfs/projects/HeinzGroup/asoubki/FlexFringe/data/MLRegTest/Large/16.04.TSL.4.1.4_TestSA.txt,2025-12-29 22:59:01.921532
0.1.1.1.0.0.searchglobal.0,Small,16,4,TSL,4,1,4,TestSR,0.54896,0.9144937351845581,0.10802,0.19321718599077023,0.45104,/gpfs/projects/HeinzGroup/caffeine_underground/mlrt/FlexFringe/FlexFringe/models-ps-small/0.1.1.1.0.0.searchglobal.0.ini/0.1.1.1.0.0.searchglobal.0_16.04.TSL.4.1.4_Small.final.json,/gpfs/projects/HeinzGroup/asoubki/FlexFringe/data/MLRegTest/Large/16.04.TSL.4.1.4_TestSR.txt,2025-12-29 22:59:01.921532
0.1.1.1.0.0.searchglobal.0,Small,16,4,TSL,4,1,4,Dev,0.54965,0.9124439275627181,0.10984,0.19607633124475624,0.45035,/gpfs/projects/HeinzGroup/caffeine_underground/mlrt/FlexFringe/FlexFringe/models-ps-small/0.1.1.1.0.0.searchglobal.0.ini/0.1.1.1.0.0.searchglobal.0_16.04.TSL.4.1.4_Small.final.json,/gpfs/projects/HeinzGroup/asoubki/FlexFringe/data/MLRegTest/Large/16.04.TSL.4.1.4_Dev.txt,2025-12-29 22:59:01.921532
0.1.1.1.0.0.searchglobal.0,Small,16,4,TSL,4,1,4,Train,0.548,0.8870967741935484,0.11,0.19572953736654805,0.452,/gpfs/projects/HeinzGroup/caffeine_underground/mlrt/FlexFringe/FlexFringe/models-ps-small/0.1.1.1.0.0.searchglobal.0.ini/0.1.1.1.0.0.searchglobal.0_16.04.TSL.4.1.4_Small.final.json,/gpfs/projects/HeinzGroup/asoubki/FlexFringe/data/MLRegTest/Small/16.04.TSL.4.1.4_Train.txt,2025-12-29 22:59:01.921532
0.1.1.1.0.0.searchglobal.0,Small,16,4,TSL,4,1,5,TestLR,0.50562,0.6270343580470162,0.02774,0.05312954876273653,0.49438,/gpfs/projects/HeinzGroup/caffeine_underground/mlrt/FlexFringe/FlexFringe/models-ps-small/0.1.1.1.0.0.searchglobal.0.ini/0.1.1.1.0.0.searchglobal.0_16.04.TSL.4.1.5_Small.final.json,/gpfs/projects/HeinzGroup/asoubki/FlexFringe/data/MLRegTest/Large/16.04.TSL.4.1.5_TestLR.txt,2025-12-29 23:03:07.454826
0.1.1.1.0.0.searchglobal.0,Small,16,4,TSL,4,1,5,TestSA,0.55231,0.7291283399036356,0.16646,0.2710412765611007,0.44769,/gpfs/projects/HeinzGroup/caffeine_underground/mlrt/FlexFringe/FlexFringe/models-ps-small/0.1.1.1.0.0.searchglobal.0.ini/0.1.1.1.0.0.searchglobal.0_16.04.TSL.4.1.5_Small.final.json,/gpfs/projects/HeinzGroup/asoubki/FlexFringe/data/MLRegTest/Large/16.04.TSL.4.1.5_TestSA.txt,2025-12-29 23:03:07.454826
0.1.1.1.0.0.searchglobal.0,Small,16,4,TSL,4,1,5,TestSR,0.56104,0.9136622390891841,0.13482,0.23496810624281084,0.43896,/gpfs/projects/HeinzGroup/caffeine_underground/mlrt/FlexFringe/FlexFringe/models-ps-small/0.1.1.1.0.0.searchglobal.0.ini/0.1.1.1.0.0.searchglobal.0_16.04.TSL.4.1.5_Small.final.json,/gpfs/projects/HeinzGroup/asoubki/FlexFringe/data/MLRegTest/Large/16.04.TSL.4.1.5_TestSR.txt,2025-12-29 23:03:07.454826
0.1.1.1.0.0.searchglobal.0,Small,16,4,TSL,4,1,5,TestLA,0.50551,0.6005107624954397,0.03292,0.062418232494643636,0.49449,/gpfs/projects/HeinzGroup/caffeine_underground/mlrt/FlexFringe/FlexFringe/models-ps-small/0.1.1.1.0.0.searchglobal.0.ini/0.1.1.1.0.0.searchglobal.0_16.04.TSL.4.1.5_Small.final.json,/gpfs/projects/HeinzGroup/asoubki/FlexFringe/data/MLRegTest/Large/16.04.TSL.4.1.5_TestLA.txt,2025-12-29 23:03:07.454826
0.1.1.1.0.0.searchglobal.0,Small,16,4,TSL,4,1,5,Dev,0.55992,0.9080631980386815,0.13334,0.23253461686024204,0.44008,/gpfs/projects/HeinzGroup/caffeine_underground/mlrt/FlexFringe/FlexFringe/models-ps-small/0.1.1.1.0.0.searchglobal.0.ini/0.1.1.1.0.0.searchglobal.0_16.04.TSL.4.1.5_Small.final.json,/gpfs/projects/HeinzGroup/asoubki/FlexFringe/data/MLRegTest/Large/16.04.TSL.4.1.5_Dev.txt,2025-12-29 23:03:07.454826
0.1.1.1.0.0.searchglobal.0,Small,16,4,TSL,4,1,5,Train,0.565,0.9333333333333333,0.14,0.24347826086956523,0.435,/gpfs/projects/HeinzGroup/caffeine_underground/mlrt/FlexFringe/FlexFringe/models-ps-small/0.1.1.1.0.0.searchglobal.0.ini/0.1.1.1.0.0.searchglobal.0_16.04.TSL.4.1.5_Small.final.json,/gpfs/projects/HeinzGroup/asoubki/FlexFringe/data/MLRegTest/Small/16.04.TSL.4.1.5_Train.txt,2025-12-29 23:03:07.454826
0.1.1.1.0.0.searchglobal.0,Small,16,4,TSL,4,1,6,TestLR,0.50521,0.6138051550895588,0.0281,0.053739792308133645,0.49479,/gpfs/projects/HeinzGroup/caffeine_underground/mlrt/FlexFringe/FlexFringe/models-ps-small/0.1.1.1.0.0.searchglobal.0.ini/0.1.1.1.0.0.searchglobal.0_16.04.TSL.4.1.6_Small.final.json,/gpfs/projects/HeinzGroup/asoubki/FlexFringe/data/MLRegTest/Large/16.04.TSL.4.1.6_TestLR.txt,2025-12-29 23:01:14.409756
0.1.1.1.0.0.searchglobal.0,Small,16,4,TSL,4,1,6,TestLA,0.50516,0.5875763747454175,0.03462,0.06538737581687001,0.49484,/gpfs/projects/HeinzGroup/caffeine_underground/mlrt/FlexFringe/FlexFringe/models-ps-small/0.1.1.1.0.0.searchglobal.0.ini/0.1.1.1.0.0.searchglobal.0_16.04.TSL.4.1.6_Small.final.json,/gpfs/projects/HeinzGroup/asoubki/FlexFringe/data/MLRegTest/Large/16.04.TSL.4.1.6_TestLA.txt,2025-12-29 23:01:14.409756
0.1.1.1.0.0.searchglobal.0,Small,16,4,TSL,4,1,6,TestSR,0.55912,0.9030542677938369,0.13246,0.23103219730003138,0.44088,/gpfs/projects/HeinzGroup/caffeine_underground/mlrt/FlexFringe/FlexFringe/models-ps-small/0.1.1.1.0.0.searchglobal.0.ini/0.1.1.1.0.0.searchglobal.0_16.04.TSL.4.1.6_Small.final.json,/gpfs/projects/HeinzGroup/asoubki/FlexFringe/data/MLRegTest/Large/16.04.TSL.4.1.6_TestSR.txt,2025-12-29 23:01:14.409756
0.1.1.1.0.0.searchglobal.0,Small,16,4,TSL,4,1,6,TestSA,0.5491,0.7108744202027143,0.16552,0.26851821809805004,0.4509,/gpfs/projects/HeinzGroup/caffeine_underground/mlrt/FlexFringe/FlexFringe/models-ps-small/0.1.1.1.0.0.searchglobal.0.ini/0.1.1.1.0.0.searchglobal.0_16.04.TSL.4.1.6_Small.final.json,/gpfs/projects/HeinzGroup/asoubki/FlexFringe/data/MLRegTest/Large/16.04.TSL.4.1.6_TestSA.txt,2025-12-29 23:01:14.409756
0.1.1.1.0.0.searchglobal.0,Small,16,4,TSL,4,1,6,Dev,0.56086,0.9068181818181819,0.13566,0.2360125260960334,0.43914,/gpfs/projects/HeinzGroup/caffeine_underground/mlrt/FlexFringe/FlexFringe/models-ps-small/0.1.1.1.0.0.searchglobal.0.ini/0.1.1.1.0.0.searchglobal.0_16.04.TSL.4.1.6_Small.final.json,/gpfs/projects/HeinzGroup/asoubki/FlexFringe/data/MLRegTest/Large/16.04.TSL.4.1.6_Dev.txt,2025-12-29 23:01:14.409756
0.1.1.1.0.0.searchglobal.0,Small,16,4,TSL,4,1,6,Train,0.566,0.9342105263157895,0.142,0.2465277777777778,0.434,/gpfs/projects/HeinzGroup/caffeine_underground/mlrt/FlexFringe/FlexFringe/models-ps-small/0.1.1.1.0.0.searchglobal.0.ini/0.1.1.1.0.0.searchglobal.0_16.04.TSL.4.1.6_Small.final.json,/gpfs/projects/HeinzGroup/asoubki/FlexFringe/data/MLRegTest/Small/16.04.TSL.4.1.6_Train.txt,2025-12-29 23:01:14.409756
0.1.1.1.0.0.searchglobal.0,Small,16,4,TSL,4,1,7,TestSR,0.54869,0.9090909090909091,0.1082,0.19338349627352505,0.45131,/gpfs/projects/HeinzGroup/caffeine_underground/mlrt/FlexFringe/FlexFringe/models-ps-small/0.1.1.1.0.0.searchglobal.0.ini/0.1.1.1.0.0.searchglobal.0_16.04.TSL.4.1.7_Small.final.json,/gpfs/projects/HeinzGroup/asoubki/FlexFringe/data/MLRegTest/Large/16.04.TSL.4.1.7_TestSR.txt,2025-12-29 22:13:24.220481
0.1.1.1.0.0.searchglobal.0,Small,16,4,TSL,4,1,7,TestSA,0.55974,0.8353918706490007,0.1488,0.2526058466030625,0.44026,/gpfs/projects/HeinzGroup/caffeine_underground/mlrt/FlexFringe/FlexFringe/models-ps-small/0.1.1.1.0.0.searchglobal.0.ini/0.1.1.1.0.0.searchglobal.0_16.04.TSL.4.1.7_Small.final.json,/gpfs/projects/HeinzGroup/asoubki/FlexFringe/data/MLRegTest/Large/16.04.TSL.4.1.7_TestSA.txt,2025-12-29 22:13:24.220481
0.1.1.1.0.0.searchglobal.0,Small,16,4,TSL,4,1,7,TestLA,0.50729,0.6823411705852926,0.02728,0.052462547356679934,0.49271,/gpfs/projects/HeinzGroup/caffeine_underground/mlrt/FlexFringe/FlexFringe/models-ps-small/0.1.1.1.0.0.searchglobal.0.ini/0.1.1.1.0.0.searchglobal.0_16.04.TSL.4.1.7_Small.final.json,/gpfs/projects/HeinzGroup/asoubki/FlexFringe/data/MLRegTest/Large/16.04.TSL.4.1.7_TestLA.txt,2025-12-29 22:13:24.220481
0.1.1.1.0.0.searchglobal.0,Small,16,4,TSL,4,1,7,TestLR,0.50395,0.6317545030020013,0.01894,0.03677741315365347,0.49605,/gpfs/projects/HeinzGroup/caffeine_underground/mlrt/FlexFringe/FlexFringe/models-ps-small/0.1.1.1.0.0.searchglobal.0.ini/0.1.1.1.0.0.searchglobal.0_16.04.TSL.4.1.7_Small.final.json,/gpfs/projects/HeinzGroup/asoubki/FlexFringe/data/MLRegTest/Large/16.04.TSL.4.1.7_TestLR.txt,2025-12-29 22:13:24.220481
0.1.1.1.0.0.searchglobal.0,Small,16,4,TSL,4,1,7,Dev,0.55024,0.9165837479270315,0.11054,0.19728716758879172,0.44976,/gpfs/projects/HeinzGroup/caffeine_underground/mlrt/FlexFringe/FlexFringe/models-ps-small/0.1.1.1.0.0.searchglobal.0.ini/0.1.1.1.0.0.searchglobal.0_16.04.TSL.4.1.7_Small.final.json,/gpfs/projects/HeinzGroup/asoubki/FlexFringe/data/MLRegTest/Large/16.04.TSL.4.1.7_Dev.txt,2025-12-29 22:13:24.220481
0.1.1.1.0.0.searchglobal.0,Small,16,4,TSL,4,1,7,Train,0.544,0.9583333333333334,0.092,0.1678832116788321,0.456,/gpfs/projects/HeinzGroup/caffeine_underground/mlrt/FlexFringe/FlexFringe/models-ps-small/0.1.1.1.0.0.searchglobal.0.ini/0.1.1.1.0.0.searchglobal.0_16.04.TSL.4.1.7_Small.final.json,/gpfs/projects/HeinzGroup/asoubki/FlexFringe/data/MLRegTest/Small/16.04.TSL.4.1.7_Train.txt,2025-12-29 22:13:24.220481
0.1.1.1.0.0.searchglobal.0,Small,16,4,TSL,4,1,8,TestSR,0.5031,0.5097300690521029,0.1624,0.24632185651448507,0.4969,/gpfs/projects/HeinzGroup/caffeine_underground/mlrt/FlexFringe/FlexFringe/models-ps-small/0.1.1.1.0.0.searchglobal.0.ini/0.1.1.1.0.0.searchglobal.0_16.04.TSL.4.1.8_Small.final.json,/gpfs/projects/HeinzGroup/asoubki/FlexFringe/data/MLRegTest/Large/16.04.TSL.4.1.8_TestSR.txt,2025-12-29 22:03:13.099554
0.1.1.1.0.0.searchglobal.0,Small,16,4,TSL,4,1,8,TestLA,0.49861,0.4955256550569755,0.15394,0.23490455190514703,0.50139,/gpfs/projects/HeinzGroup/caffeine_underground/mlrt/FlexFringe/FlexFringe/models-ps-small/0.1.1.1.0.0.searchglobal.0.ini/0.1.1.1.0.0.searchglobal.0_16.04.TSL.4.1.8_Small.final.json,/gpfs/projects/HeinzGroup/asoubki/FlexFringe/data/MLRegTest/Large/16.04.TSL.4.1.8_TestLA.txt,2025-12-29 22:03:13.099554
0.1.1.1.0.0.searchglobal.0,Small,16,4,TSL,4,1,8,TestSA,0.4967,0.4902030637691486,0.16512,0.2470303102839532,0.5033,/gpfs/projects/HeinzGroup/caffeine_underground/mlrt/FlexFringe/FlexFringe/models-ps-small/0.1.1.1.0.0.searchglobal.0.ini/0.1.1.1.0.0.searchglobal.0_16.04.TSL.4.1.8_Small.final.json,/gpfs/projects/HeinzGroup/asoubki/FlexFringe/data/MLRegTest/Large/16.04.TSL.4.1.8_TestSA.txt,2025-12-29 22:03:13.099554
0.1.1.1.0.0.searchglobal.0,Small,16,4,TSL,4,1,8,TestLR,0.49351,0.47896817680990345,0.1478,0.22589371685338305,0.50649,/gpfs/projects/HeinzGroup/caffeine_underground/mlrt/FlexFringe/FlexFringe/models-ps-small/0.1.1.1.0.0.searchglobal.0.ini/0.1.1.1.0.0.searchglobal.0_16.04.TSL.4.1.8_Small.final.json,/gpfs/projects/HeinzGroup/asoubki/FlexFringe/data/MLRegTest/Large/16.04.TSL.4.1.8_TestLR.txt,2025-12-29 22:03:13.099554
0.1.1.1.0.0.searchglobal.0,Small,16,4,TSL,4,1,8,Dev,0.50124,0.5038876348131427,0.16072,0.24370716321950628,0.49876,/gpfs/projects/HeinzGroup/caffeine_underground/mlrt/FlexFringe/FlexFringe/models-ps-small/0.1.1.1.0.0.searchglobal.0.ini/0.1.1.1.0.0.searchglobal.0_16.04.TSL.4.1.8_Small.final.json,/gpfs/projects/HeinzGroup/asoubki/FlexFringe/data/MLRegTest/Large/16.04.TSL.4.1.8_Dev.txt,2025-12-29 22:03:13.099554
0.1.1.1.0.0.searchglobal.0,Small,16,4,TSL,4,1,8,Train,0.503,0.5088757396449705,0.172,0.2571001494768311,0.497,/gpfs/projects/HeinzGroup/caffeine_underground/mlrt/FlexFringe/FlexFringe/models-ps-small/0.1.1.1.0.0.searchglobal.0.ini/0.1.1.1.0.0.searchglobal.0_16.04.TSL.4.1.8_Small.final.json,/gpfs/projects/HeinzGroup/asoubki/FlexFringe/data/MLRegTest/Small/16.04.TSL.4.1.8_Train.txt,2025-12-29 22:03:13.099554
0.1.1.1.0.0.searchglobal.0,Small,16,4,TSL,4,1,9,TestLR,0.45346,0.17599554441659704,0.02528,0.04420971634430415,0.54654,/gpfs/projects/HeinzGroup/caffeine_underground/mlrt/FlexFringe/FlexFringe/models-ps-small/0.1.1.1.0.0.searchglobal.0.ini/0.1.1.1.0.0.searchglobal.0_16.04.TSL.4.1.9_Small.final.json,/gpfs/projects/HeinzGroup/asoubki/FlexFringe/data/MLRegTest/Large/16.04.TSL.4.1.9_TestLR.txt,2025-12-29 22:09:33.415463
0.1.1.1.0.0.searchglobal.0,Small,16,4,TSL,4,1,9,TestSR,0.45543,0.18590556730091615,0.02638,0.046203695595060865,0.54457,/gpfs/projects/HeinzGroup/caffeine_underground/mlrt/FlexFringe/FlexFringe/models-ps-small/0.1.1.1.0.0.searchglobal.0.ini/0.1.1.1.0.0.searchglobal.0_16.04.TSL.4.1.9_Small.final.json,/gpfs/projects/HeinzGroup/asoubki/FlexFringe/data/MLRegTest/Large/16.04.TSL.4.1.9_TestSR.txt,2025-12-29 22:09:33.415463
0.1.1.1.0.0.searchglobal.0,Small,16,4,TSL,4,1,9,TestSA,0.4934,0.40299823633156967,0.02742,0.05134639152091682,0.5066,/gpfs/projects/HeinzGroup/caffeine_underground/mlrt/FlexFringe/FlexFringe/models-ps-small/0.1.1.1.0.0.searchglobal.0.ini/0.1.1.1.0.0.searchglobal.0_16.04.TSL.4.1.9_Small.final.json,/gpfs/projects/HeinzGroup/asoubki/FlexFringe/data/MLRegTest/Large/16.04.TSL.4.1.9_TestSA.txt,2025-12-29 22:09:33.415463
0.1.1.1.0.0.searchglobal.0,Small,16,4,TSL,4,1,9,TestLA,0.4939,0.41113053613053613,0.02822,0.05281479263362779,0.5061,/gpfs/projects/HeinzGroup/caffeine_underground/mlrt/FlexFringe/FlexFringe/models-ps-small/0.1.1.1.0.0.searchglobal.0.ini/0.1.1.1.0.0.searchglobal.0_16.04.TSL.4.1.9_Small.final.json,/gpfs/projects/HeinzGroup/asoubki/FlexFringe/data/MLRegTest/Large/16.04.TSL.4.1.9_TestLA.txt,2025-12-29 22:09:33.415463
0.1.1.1.0.0.searchglobal.0,Small,16,4,TSL,4,1,9,Dev,0.4569,0.19767115600448934,0.02818,0.04932782523456099,0.5431,/gpfs/projects/HeinzGroup/caffeine_underground/mlrt/FlexFringe/FlexFringe/models-ps-small/0.1.1.1.0.0.searchglobal.0.ini/0.1.1.1.0.0.searchglobal.0_16.04.TSL.4.1.9_Small.final.json,/gpfs/projects/HeinzGroup/asoubki/FlexFringe/data/MLRegTest/Large/16.04.TSL.4.1.9_Dev.txt,2025-12-29 22:09:33.415463
0.1.1.1.0.0.searchglobal.0,Small,16,4,TSL,4,1,9,Train,0.463,0.17543859649122806,0.02,0.03590664272890485,0.537,/gpfs/projects/HeinzGroup/caffeine_underground/mlrt/FlexFringe/FlexFringe/models-ps-small/0.1.1.1.0.0.searchglobal.0.ini/0.1.1.1.0.0.searchglobal.0_16.04.TSL.4.1.9_Small.final.json,/gpfs/projects/HeinzGroup/asoubki/FlexFringe/data/MLRegTest/Small/16.04.TSL.4.1.9_Train.txt,2025-12-29 22:09:33.415463
0.1.1.1.0.0.searchglobal.0,Small,16,4,TSL,6,1,0,TestLR,0.80519,0.8078684555634016,0.80084,0.8043388741023452,0.19481,/gpfs/projects/HeinzGroup/caffeine_underground/mlrt/FlexFringe/FlexFringe/models-ps-small/0.1.1.1.0.0.searchglobal.0.ini/0.1.1.1.0.0.searchglobal.0_16.04.TSL.6.1.0_Small.final.json,/gpfs/projects/HeinzGroup/asoubki/FlexFringe/data/MLRegTest/Large/16.04.TSL.6.1.0_TestLR.txt,2025-12-29 23:20:53.535563
0.1.1.1.0.0.searchglobal.0,Small,16,4,TSL,6,1,0,TestLA,0.5376,0.5780406807804068,0.2785,0.37589418275070857,0.4624,/gpfs/projects/HeinzGroup/caffeine_underground/mlrt/FlexFringe/FlexFringe/models-ps-small/0.1.1.1.0.0.searchglobal.0.ini/0.1.1.1.0.0.searchglobal.0_16.04.TSL.6.1.0_Small.final.json,/gpfs/projects/HeinzGroup/asoubki/FlexFringe/data/MLRegTest/Large/16.04.TSL.6.1.0_TestLA.txt,2025-12-29 23:20:53.535563
0.1.1.1.0.0.searchglobal.0,Small,16,4,TSL,6,1,0,TestSR,0.86854,0.8624223113838407,0.87698,0.869640236404744,0.13146,/gpfs/projects/HeinzGroup/caffeine_underground/mlrt/FlexFringe/FlexFringe/models-ps-small/0.1.1.1.0.0.searchglobal.0.ini/0.1.1.1.0.0.searchglobal.0_16.04.TSL.6.1.0_Small.final.json,/gpfs/projects/HeinzGroup/asoubki/FlexFringe/data/MLRegTest/Large/16.04.TSL.6.1.0_TestSR.txt,2025-12-29 23:20:53.535563
0.1.1.1.0.0.searchglobal.0,Small,16,4,TSL,6,1,0,TestSA,0.54371,0.6146461732151288,0.23434,0.3393133805366115,0.45629,/gpfs/projects/HeinzGroup/caffeine_underground/mlrt/FlexFringe/FlexFringe/models-ps-small/0.1.1.1.0.0.searchglobal.0.ini/0.1.1.1.0.0.searchglobal.0_16.04.TSL.6.1.0_Small.final.json,/gpfs/projects/HeinzGroup/asoubki/FlexFringe/data/MLRegTest/Large/16.04.TSL.6.1.0_TestSA.txt,2025-12-29 23:20:53.535563
0.1.1.1.0.0.searchglobal.0,Small,16,4,TSL,6,1,0,Dev,0.86734,0.8633432245301681,0.87284,0.8680656389855793,0.13266,/gpfs/projects/HeinzGroup/caffeine_underground/mlrt/FlexFringe/FlexFringe/models-ps-small/0.1.1.1.0.0.searchglobal.0.ini/0.1.1.1.0.0.searchglobal.0_16.04.TSL.6.1.0_Small.final.json,/gpfs/projects/HeinzGroup/asoubki/FlexFringe/data/MLRegTest/Large/16.04.TSL.6.1.0_Dev.txt,2025-12-29 23:20:53.535563
0.1.1.1.0.0.searchglobal.0,Small,16,4,TSL,6,1,0,Train,0.864,0.8596837944664032,0.87,0.8648111332007953,0.136,/gpfs/projects/HeinzGroup/caffeine_underground/mlrt/FlexFringe/FlexFringe/models-ps-small/0.1.1.1.0.0.searchglobal.0.ini/0.1.1.1.0.0.searchglobal.0_16.04.TSL.6.1.0_Small.final.json,/gpfs/projects/HeinzGroup/asoubki/FlexFringe/data/MLRegTest/Small/16.04.TSL.6.1.0_Train.txt,2025-12-29 23:20:53.535563
0.1.1.1.0.0.searchglobal.0,Small,16,4,TSL,6,1,1,TestSR,0.56422,0.5437346771996732,0.79842,0.6469129800680603,0.43578,/gpfs/projects/HeinzGroup/caffeine_underground/mlrt/FlexFringe/FlexFringe/models-ps-small/0.1.1.1.0.0.searchglobal.0.ini/0.1.1.1.0.0.searchglobal.0_16.04.TSL.6.1.1_Small.final.json,/gpfs/projects/HeinzGroup/asoubki/FlexFringe/data/MLRegTest/Large/16.04.TSL.6.1.1_TestSR.txt,2025-12-29 23:01:49.408081
0.1.1.1.0.0.searchglobal.0,Small,16,4,TSL,6,1,1,TestLA,0.50725,0.5050558585196446,0.72424,0.5951076015415081,0.49275,/gpfs/projects/HeinzGroup/caffeine_underground/mlrt/FlexFringe/FlexFringe/models-ps-small/0.1.1.1.0.0.searchglobal.0.ini/0.1.1.1.0.0.searchglobal.0_16.04.TSL.6.1.1_Small.final.json,/gpfs/projects/HeinzGroup/asoubki/FlexFringe/data/MLRegTest/Large/16.04.TSL.6.1.1_TestLA.txt,2025-12-29 23:01:49.408081
0.1.1.1.0.0.searchglobal.0,Small,16,4,TSL,6,1,1,TestLR,0.53214,0.5216839832681149,0.77324,0.6230279590685682,0.46786,/gpfs/projects/HeinzGroup/caffeine_underground/mlrt/FlexFringe/FlexFringe/models-ps-small/0.1.1.1.0.0.searchglobal.0.ini/0.1.1.1.0.0.searchglobal.0_16.04.TSL.6.1.1_Small.final.json,/gpfs/projects/HeinzGroup/asoubki/FlexFringe/data/MLRegTest/Large/16.04.TSL.6.1.1_TestLR.txt,2025-12-29 23:01:49.408081
0.1.1.1.0.0.searchglobal.0,Small,16,4,TSL,6,1,1,TestSA,0.51262,0.5091536832332376,0.70196,0.5902096961339903,0.48738,/gpfs/projects/HeinzGroup/caffeine_underground/mlrt/FlexFringe/FlexFringe/models-ps-small/0.1.1.1.0.0.searchglobal.0.ini/0.1.1.1.0.0.searchglobal.0_16.04.TSL.6.1.1_Small.final.json,/gpfs/projects/HeinzGroup/asoubki/FlexFringe/data/MLRegTest/Large/16.04.TSL.6.1.1_TestSA.txt,2025-12-29 23:01:49.408081
0.1.1.1.0.0.searchglobal.0,Small,16,4,TSL,6,1,1,Dev,0.56031,0.5411240061641687,0.79358,0.6434762866201237,0.43969,/gpfs/projects/HeinzGroup/caffeine_underground/mlrt/FlexFringe/FlexFringe/models-ps-small/0.1.1.1.0.0.searchglobal.0.ini/0.1.1.1.0.0.searchglobal.0_16.04.TSL.6.1.1_Small.final.json,/gpfs/projects/HeinzGroup/asoubki/FlexFringe/data/MLRegTest/Large/16.04.TSL.6.1.1_Dev.txt,2025-12-29 23:01:49.408081
0.1.1.1.0.0.searchglobal.0,Small,16,4,TSL,6,1,1,Train,0.555,0.5381414701803051,0.776,0.6355446355446356,0.445,/gpfs/projects/HeinzGroup/caffeine_underground/mlrt/FlexFringe/FlexFringe/models-ps-small/0.1.1.1.0.0.searchglobal.0.ini/0.1.1.1.0.0.searchglobal.0_16.04.TSL.6.1.1_Small.final.json,/gpfs/projects/HeinzGroup/asoubki/FlexFringe/data/MLRegTest/Small/16.04.TSL.6.1.1_Train.txt,2025-12-29 23:01:49.408081
0.1.1.1.0.0.searchglobal.0,Small,16,4,TSL,6,1,2,TestLA,0.53534,0.5352202511461033,0.53704,0.5361285814116002,0.46466,/gpfs/projects/HeinzGroup/caffeine_underground/mlrt/FlexFringe/FlexFringe/models-ps-small/0.1.1.1.0.0.searchglobal.0.ini/0.1.1.1.0.0.searchglobal.0_16.04.TSL.6.1.2_Small.final.json,/gpfs/projects/HeinzGroup/asoubki/FlexFringe/data/MLRegTest/Large/16.04.TSL.6.1.2_TestLA.txt,2025-12-29 22:16:52.120955
0.1.1.1.0.0.searchglobal.0,Small,16,4,TSL,6,1,2,TestLR,0.67973,0.6408917736701002,0.81756,0.7185256145469886,0.32027,/gpfs/projects/HeinzGroup/caffeine_underground/mlrt/FlexFringe/FlexFringe/models-ps-small/0.1.1.1.0.0.searchglobal.0.ini/0.1.1.1.0.0.searchglobal.0_16.04.TSL.6.1.2_Small.final.json,/gpfs/projects/HeinzGroup/asoubki/FlexFringe/data/MLRegTest/Large/16.04.TSL.6.1.2_TestLR.txt,2025-12-29 22:16:52.120955
0.1.1.1.0.0.searchglobal.0,Small,16,4,TSL,6,1,2,TestSA,0.55111,0.5633411823026397,0.45456,0.5031379711107422,0.44889,/gpfs/projects/HeinzGroup/caffeine_underground/mlrt/FlexFringe/FlexFringe/models-ps-small/0.1.1.1.0.0.searchglobal.0.ini/0.1.1.1.0.0.searchglobal.0_16.04.TSL.6.1.2_Small.final.json,/gpfs/projects/HeinzGroup/asoubki/FlexFringe/data/MLRegTest/Large/16.04.TSL.6.1.2_TestSA.txt,2025-12-29 22:16:52.120955
0.1.1.1.0.0.searchglobal.0,Small,16,4,TSL,6,1,2,TestSR,0.7638,0.7171407875674963,0.87124,0.7867153073755688,0.2362,/gpfs/projects/HeinzGroup/caffeine_underground/mlrt/FlexFringe/FlexFringe/models-ps-small/0.1.1.1.0.0.searchglobal.0.ini/0.1.1.1.0.0.searchglobal.0_16.04.TSL.6.1.2_Small.final.json,/gpfs/projects/HeinzGroup/asoubki/FlexFringe/data/MLRegTest/Large/16.04.TSL.6.1.2_TestSR.txt,2025-12-29 22:16:52.120955
0.1.1.1.0.0.searchglobal.0,Small,16,4,TSL,6,1,2,Dev,0.76368,0.7180615282831624,0.86828,0.7860583016476552,0.23632,/gpfs/projects/HeinzGroup/caffeine_underground/mlrt/FlexFringe/FlexFringe/models-ps-small/0.1.1.1.0.0.searchglobal.0.ini/0.1.1.1.0.0.searchglobal.0_16.04.TSL.6.1.2_Small.final.json,/gpfs/projects/HeinzGroup/asoubki/FlexFringe/data/MLRegTest/Large/16.04.TSL.6.1.2_Dev.txt,2025-12-29 22:16:52.120955
0.1.1.1.0.0.searchglobal.0,Small,16,4,TSL,6,1,2,Train,0.776,0.7197452229299363,0.904,0.8014184397163121,0.224,/gpfs/projects/HeinzGroup/caffeine_underground/mlrt/FlexFringe/FlexFringe/models-ps-small/0.1.1.1.0.0.searchglobal.0.ini/0.1.1.1.0.0.searchglobal.0_16.04.TSL.6.1.2_Small.final.json,/gpfs/projects/HeinzGroup/asoubki/FlexFringe/data/MLRegTest/Small/16.04.TSL.6.1.2_Train.txt,2025-12-29 22:16:52.120955
0.1.1.1.0.0.searchglobal.0,Small,16,4,TSL,6,1,3,TestLA,0.50358,0.5026803629720583,0.6714,0.5749173674025106,0.49642,/gpfs/projects/HeinzGroup/caffeine_underground/mlrt/FlexFringe/FlexFringe/models-ps-small/0.1.1.1.0.0.searchglobal.0.ini/0.1.1.1.0.0.searchglobal.0_16.04.TSL.6.1.3_Small.final.json,/gpfs/projects/HeinzGroup/asoubki/FlexFringe/data/MLRegTest/Large/16.04.TSL.6.1.3_TestLA.txt,2025-12-29 23:13:35.184174
0.1.1.1.0.0.searchglobal.0,Small,16,4,TSL,6,1,3,TestSR,0.5506,0.5377094139390688,0.72152,0.6161992279575035,0.4494,/gpfs/projects/HeinzGroup/caffeine_underground/mlrt/FlexFringe/FlexFringe/models-ps-small/0.1.1.1.0.0.searchglobal.0.ini/0.1.1.1.0.0.searchglobal.0_16.04.TSL.6.1.3_Small.final.json,/gpfs/projects/HeinzGroup/asoubki/FlexFringe/data/MLRegTest/Large/16.04.TSL.6.1.3_TestSR.txt,2025-12-29 23:13:35.184174
0.1.1.1.0.0.searchglobal.0,Small,16,4,TSL,6,1,3,TestSA,0.50934,0.5073515521692589,0.64458,0.5677918325640393,0.49066,/gpfs/projects/HeinzGroup/caffeine_underground/mlrt/FlexFringe/FlexFringe/models-ps-small/0.1.1.1.0.0.searchglobal.0.ini/0.1.1.1.0.0.searchglobal.0_16.04.TSL.6.1.3_Small.final.json,/gpfs/projects/HeinzGroup/asoubki/FlexFringe/data/MLRegTest/Large/16.04.TSL.6.1.3_TestSA.txt,2025-12-29 23:13:35.184174
0.1.1.1.0.0.searchglobal.0,Small,16,4,TSL,6,1,3,TestLR,0.52088,0.5154319162774197,0.6974,0.5927651038656376,0.47912,/gpfs/projects/HeinzGroup/caffeine_underground/mlrt/FlexFringe/FlexFringe/models-ps-small/0.1.1.1.0.0.searchglobal.0.ini/0.1.1.1.0.0.searchglobal.0_16.04.TSL.6.1.3_Small.final.json,/gpfs/projects/HeinzGroup/asoubki/FlexFringe/data/MLRegTest/Large/16.04.TSL.6.1.3_TestLR.txt,2025-12-29 23:13:35.184174
0.1.1.1.0.0.searchglobal.0,Small,16,4,TSL,6,1,3,Dev,0.54775,0.5357148199673892,0.71624,0.6129620279163707,0.45225,/gpfs/projects/HeinzGroup/caffeine_underground/mlrt/FlexFringe/FlexFringe/models-ps-small/0.1.1.1.0.0.searchglobal.0.ini/0.1.1.1.0.0.searchglobal.0_16.04.TSL.6.1.3_Small.final.json,/gpfs/projects/HeinzGroup/asoubki/FlexFringe/data/MLRegTest/Large/16.04.TSL.6.1.3_Dev.txt,2025-12-29 23:13:35.184174
0.1.1.1.0.0.searchglobal.0,Small,16,4,TSL,6,1,3,Train,0.53,0.5225225225225225,0.696,0.5969125214408233,0.47,/gpfs/projects/HeinzGroup/caffeine_underground/mlrt/FlexFringe/FlexFringe/models-ps-small/0.1.1.1.0.0.searchglobal.0.ini/0.1.1.1.0.0.searchglobal.0_16.04.TSL.6.1.3_Small.final.json,/gpfs/projects/HeinzGroup/asoubki/FlexFringe/data/MLRegTest/Small/16.04.TSL.6.1.3_Train.txt,2025-12-29 23:13:35.184174
0.1.1.1.0.0.searchglobal.0,Small,16,4,TSL,6,1,4,TestLA,0.50481,0.5195576156786208,0.12778,0.20511421095718896,0.49519,/gpfs/projects/HeinzGroup/caffeine_underground/mlrt/FlexFringe/FlexFringe/models-ps-small/0.1.1.1.0.0.searchglobal.0.ini/0.1.1.1.0.0.searchglobal.0_16.04.TSL.6.1.4_Small.final.json,/gpfs/projects/HeinzGroup/asoubki/FlexFringe/data/MLRegTest/Large/16.04.TSL.6.1.4_TestLA.txt,2025-12-29 22:41:33.072022
0.1.1.1.0.0.searchglobal.0,Small,16,4,TSL,6,1,4,TestSR,0.60998,0.7887826908938137,0.3004,0.43509747689812,0.39002,/gpfs/projects/HeinzGroup/caffeine_underground/mlrt/FlexFringe/FlexFringe/models-ps-small/0.1.1.1.0.0.searchglobal.0.ini/0.1.1.1.0.0.searchglobal.0_16.04.TSL.6.1.4_Small.final.json,/gpfs/projects/HeinzGroup/asoubki/FlexFringe/data/MLRegTest/Large/16.04.TSL.6.1.4_TestSR.txt,2025-12-29 22:41:33.072022
0.1.1.1.0.0.searchglobal.0,Small,16,4,TSL,6,1,4,TestSA,0.52165,0.5348104318744573,0.33262,0.4101508070582142,0.47835,/gpfs/projects/HeinzGroup/caffeine_underground/mlrt/FlexFringe/FlexFringe/models-ps-small/0.1.1.1.0.0.searchglobal.0.ini/0.1.1.1.0.0.searchglobal.0_16.04.TSL.6.1.4_Small.final.json,/gpfs/projects/HeinzGroup/asoubki/FlexFringe/data/MLRegTest/Large/16.04.TSL.6.1.4_TestSA.txt,2025-12-29 22:41:33.072022
0.1.1.1.0.0.searchglobal.0,Small,16,4,TSL,6,1,4,TestLR,0.51719,0.5891505030598486,0.1136,0.1904729967639711,0.48281,/gpfs/projects/HeinzGroup/caffeine_underground/mlrt/FlexFringe/FlexFringe/models-ps-small/0.1.1.1.0.0.searchglobal.0.ini/0.1.1.1.0.0.searchglobal.0_16.04.TSL.6.1.4_Small.final.json,/gpfs/projects/HeinzGroup/asoubki/FlexFringe/data/MLRegTest/Large/16.04.TSL.6.1.4_TestLR.txt,2025-12-29 22:41:33.072022
0.1.1.1.0.0.searchglobal.0,Small,16,4,TSL,6,1,4,Dev,0.6106,0.7902887139107612,0.3011,0.4360608254887762,0.3894,/gpfs/projects/HeinzGroup/caffeine_underground/mlrt/FlexFringe/FlexFringe/models-ps-small/0.1.1.1.0.0.searchglobal.0.ini/0.1.1.1.0.0.searchglobal.0_16.04.TSL.6.1.4_Small.final.json,/gpfs/projects/HeinzGroup/asoubki/FlexFringe/data/MLRegTest/Large/16.04.TSL.6.1.4_Dev.txt,2025-12-29 22:41:33.072022
0.1.1.1.0.0.searchglobal.0,Small,16,4,TSL,6,1,4,Train,0.613,0.7868020304568528,0.31,0.4447632711621234,0.387,/gpfs/projects/HeinzGroup/caffeine_underground/mlrt/FlexFringe/FlexFringe/models-ps-small/0.1.1.1.0.0.searchglobal.0.ini/0.1.1.1.0.0.searchglobal.0_16.04.TSL.6.1.4_Small.final.json,/gpfs/projects/HeinzGroup/asoubki/FlexFringe/data/MLRegTest/Small/16.04.TSL.6.1.4_Train.txt,2025-12-29 22:41:33.072022
0.1.1.1.0.0.searchglobal.0,Small,16,4,TSL,6,1,5,TestLR,0.51325,0.6012223071046601,0.0787,0.13918118312848174,0.48675,/gpfs/projects/HeinzGroup/caffeine_underground/mlrt/FlexFringe/FlexFringe/models-ps-small/0.1.1.1.0.0.searchglobal.0.ini/0.1.1.1.0.0.searchglobal.0_16.04.TSL.6.1.5_Small.final.json,/gpfs/projects/HeinzGroup/asoubki/FlexFringe/data/MLRegTest/Large/16.04.TSL.6.1.5_TestLR.txt,2025-12-29 22:54:25.993269
0.1.1.1.0.0.searchglobal.0,Small,16,4,TSL,6,1,5,TestSA,0.52486,0.5541801063551565,0.25428,0.3486057415480793,0.47514,/gpfs/projects/HeinzGroup/caffeine_underground/mlrt/FlexFringe/FlexFringe/models-ps-small/0.1.1.1.0.0.searchglobal.0.ini/0.1.1.1.0.0.searchglobal.0_16.04.TSL.6.1.5_Small.final.json,/gpfs/projects/HeinzGroup/asoubki/FlexFringe/data/MLRegTest/Large/16.04.TSL.6.1.5_TestSA.txt,2025-12-29 22:54:25.993269
0.1.1.1.0.0.searchglobal.0,Small,16,4,TSL,6,1,5,TestSR,0.59121,0.8168554158271382,0.23514,0.3651639153324119,0.40879,/gpfs/projects/HeinzGroup/caffeine_underground/mlrt/FlexFringe/FlexFringe/models-ps-small/0.1.1.1.0.0.searchglobal.0.ini/0.1.1.1.0.0.searchglobal.0_16.04.TSL.6.1.5_Small.final.json,/gpfs/projects/HeinzGroup/asoubki/FlexFringe/data/MLRegTest/Large/16.04.TSL.6.1.5_TestSR.txt,2025-12-29 22:54:25.993269
0.1.1.1.0.0.searchglobal.0,Small,16,4,TSL,6,1,5,TestLA,0.50383,0.5235171312783986,0.08526,0.14663846034776326,0.49617,/gpfs/projects/HeinzGroup/caffeine_underground/mlrt/FlexFringe/FlexFringe/models-ps-small/0.1.1.1.0.0.searchglobal.0.ini/0.1.1.1.0.0.searchglobal.0_16.04.TSL.6.1.5_Small.final.json,/gpfs/projects/HeinzGroup/asoubki/FlexFringe/data/MLRegTest/Large/16.04.TSL.6.1.5_TestLA.txt,2025-12-29 22:54:25.993269
0.1.1.1.0.0.searchglobal.0,Small,16,4,TSL,6,1,5,Dev,0.59068,0.8200169395821569,0.23236,0.3621119561151976,0.40932,/gpfs/projects/HeinzGroup/caffeine_underground/mlrt/FlexFringe/FlexFringe/models-ps-small/0.1.1.1.0.0.searchglobal.0.ini/0.1.1.1.0.0.searchglobal.0_16.04.TSL.6.1.5_Small.final.json,/gpfs/projects/HeinzGroup/asoubki/FlexFringe/data/MLRegTest/Large/16.04.TSL.6.1.5_Dev.txt,2025-12-29 22:54:25.993269
0.1.1.1.0.0.searchglobal.0,Small,16,4,TSL,6,1,5,Train,0.589,0.7664670658682635,0.256,0.383808095952024,0.411,/gpfs/projects/HeinzGroup/caffeine_underground/mlrt/FlexFringe/FlexFringe/models-ps-small/0.1.1.1.0.0.searchglobal.0.ini/0.1.1.1.0.0.searchglobal.0_16.04.TSL.6.1.5_Small.final.json,/gpfs/projects/HeinzGroup/asoubki/FlexFringe/data/MLRegTest/Small/16.04.TSL.6.1.5_Train.txt,2025-12-29 22:54:25.993269
0.1.1.1.0.0.searchglobal.0,Small,16,4,TSL,6,1,6,TestSA,0.53558,0.5627424701982083,0.31912,0.40727978150445415,0.46442,/gpfs/projects/HeinzGroup/caffeine_underground/mlrt/FlexFringe/FlexFringe/models-ps-small/0.1.1.1.0.0.searchglobal.0.ini/0.1.1.1.0.0.searchglobal.0_16.04.TSL.6.1.6_Small.final.json,/gpfs/projects/HeinzGroup/asoubki/FlexFringe/data/MLRegTest/Large/16.04.TSL.6.1.6_TestSA.txt,2025-12-29 23:00:19.693293
0.1.1.1.0.0.searchglobal.0,Small,16,4,TSL,6,1,6,TestLR,0.52097,0.6311772801201051,0.1009,0.1739865156139534,0.47903,/gpfs/projects/HeinzGroup/caffeine_underground/mlrt/FlexFringe/FlexFringe/models-ps-small/0.1.1.1.0.0.searchglobal.0.ini/0.1.1.1.0.0.searchglobal.0_16.04.TSL.6.1.6_Small.final.json,/gpfs/projects/HeinzGroup/asoubki/FlexFringe/data/MLRegTest/Large/16.04.TSL.6.1.6_TestLR.txt,2025-12-29 23:00:19.693293
0.1.1.1.0.0.searchglobal.0,Small,16,4,TSL,6,1,6,TestSR,0.61724,0.8300304019817588,0.29486,0.43514063929636076,0.38276,/gpfs/projects/HeinzGroup/caffeine_underground/mlrt/FlexFringe/FlexFringe/models-ps-small/0.1.1.1.0.0.searchglobal.0.ini/0.1.1.1.0.0.searchglobal.0_16.04.TSL.6.1.6_Small.final.json,/gpfs/projects/HeinzGroup/asoubki/FlexFringe/data/MLRegTest/Large/16.04.TSL.6.1.6_TestSR.txt,2025-12-29 23:00:19.693293
0.1.1.1.0.0.searchglobal.0,Small,16,4,TSL,6,1,6,TestLA,0.50727,0.5338801379438904,0.11456,0.18864134103970095,0.49273,/gpfs/projects/HeinzGroup/caffeine_underground/mlrt/FlexFringe/FlexFringe/models-ps-small/0.1.1.1.0.0.searchglobal.0.ini/0.1.1.1.0.0.searchglobal.0_16.04.TSL.6.1.6_Small.final.json,/gpfs/projects/HeinzGroup/asoubki/FlexFringe/data/MLRegTest/Large/16.04.TSL.6.1.6_TestLA.txt,2025-12-29 23:00:19.693293
0.1.1.1.0.0.searchglobal.0,Small,16,4,TSL,6,1,6,Dev,0.61652,0.8307220708446866,0.29268,0.4328561287269285,0.38348,/gpfs/projects/HeinzGroup/caffeine_underground/mlrt/FlexFringe/FlexFringe/models-ps-small/0.1.1.1.0.0.searchglobal.0.ini/0.1.1.1.0.0.searchglobal.0_16.04.TSL.6.1.6_Small.final.json,/gpfs/projects/HeinzGroup/asoubki/FlexFringe/data/MLRegTest/Large/16.04.TSL.6.1.6_Dev.txt,2025-12-29 23:00:19.693293
0.1.1.1.0.0.searchglobal.0,Small,16,4,TSL,6,1,6,Train,0.612,0.8373493975903614,0.278,0.4174174174174174,0.388,/gpfs/projects/HeinzGroup/caffeine_underground/mlrt/FlexFringe/FlexFringe/models-ps-small/0.1.1.1.0.0.searchglobal.0.ini/0.1.1.1.0.0.searchglobal.0_16.04.TSL.6.1.6_Small.final.json,/gpfs/projects/HeinzGroup/asoubki/FlexFringe/data/MLRegTest/Small/16.04.TSL.6.1.6_Train.txt,2025-12-29 23:00:19.693293
0.1.1.1.0.0.searchglobal.0,Small,16,4,TSL,6,1,7,TestSA,0.53229,0.5598872361734486,0.30188,0.3922608141997687,0.46771,/gpfs/projects/HeinzGroup/caffeine_underground/mlrt/FlexFringe/FlexFringe/models-ps-small/0.1.1.1.0.0.searchglobal.0.ini/0.1.1.1.0.0.searchglobal.0_16.04.TSL.6.1.7_Small.final.json,/gpfs/projects/HeinzGroup/asoubki/FlexFringe/data/MLRegTest/Large/16.04.TSL.6.1.7_TestSA.txt,2025-12-29 22:22:12.369397
0.1.1.1.0.0.searchglobal.0,Small,16,4,TSL,6,1,7,TestLR,0.51599,0.6439762290653701,0.07152,0.1287419221284179,0.48401,/gpfs/projects/HeinzGroup/caffeine_underground/mlrt/FlexFringe/FlexFringe/models-ps-small/0.1.1.1.0.0.searchglobal.0.ini/0.1.1.1.0.0.searchglobal.0_16.04.TSL.6.1.7_Small.final.json,/gpfs/projects/HeinzGroup/asoubki/FlexFringe/data/MLRegTest/Large/16.04.TSL.6.1.7_TestLR.txt,2025-12-29 22:22:12.369397
0.1.1.1.0.0.searchglobal.0,Small,16,4,TSL,6,1,7,TestLA,0.50547,0.5345546430827542,0.08462,0.14611067944401276,0.49453,/gpfs/projects/HeinzGroup/caffeine_underground/mlrt/FlexFringe/FlexFringe/models-ps-small/0.1.1.1.0.0.searchglobal.0.ini/0.1.1.1.0.0.searchglobal.0_16.04.TSL.6.1.7_Small.final.json,/gpfs/projects/HeinzGroup/asoubki/FlexFringe/data/MLRegTest/Large/16.04.TSL.6.1.7_TestLA.txt,2025-12-29 22:22:12.369397
0.1.1.1.0.0.searchglobal.0,Small,16,4,TSL,6,1,7,TestSR,0.61118,0.8690744920993227,0.2618,0.4023854169868741,0.38882,/gpfs/projects/HeinzGroup/caffeine_underground/mlrt/FlexFringe/FlexFringe/models-ps-small/0.1.1.1.0.0.searchglobal.0.ini/0.1.1.1.0.0.searchglobal.0_16.04.TSL.6.1.7_Small.final.json,/gpfs/projects/HeinzGroup/asoubki/FlexFringe/data/MLRegTest/Large/16.04.TSL.6.1.7_TestSR.txt,2025-12-29 22:22:12.369397
0.1.1.1.0.0.searchglobal.0,Small,16,4,TSL,6,1,7,Dev,0.61331,0.8722160173444583,0.26552,0.40710814001625245,0.38669,/gpfs/projects/HeinzGroup/caffeine_underground/mlrt/FlexFringe/FlexFringe/models-ps-small/0.1.1.1.0.0.searchglobal.0.ini/0.1.1.1.0.0.searchglobal.0_16.04.TSL.6.1.7_Small.final.json,/gpfs/projects/HeinzGroup/asoubki/FlexFringe/data/MLRegTest/Large/16.04.TSL.6.1.7_Dev.txt,2025-12-29 22:22:12.369397
0.1.1.1.0.0.searchglobal.0,Small,16,4,TSL,6,1,7,Train,0.611,0.8675496688741722,0.262,0.402457757296467,0.389,/gpfs/projects/HeinzGroup/caffeine_underground/mlrt/FlexFringe/FlexFringe/models-ps-small/0.1.1.1.0.0.searchglobal.0.ini/0.1.1.1.0.0.searchglobal.0_16.04.TSL.6.1.7_Small.final.json,/gpfs/projects/HeinzGroup/asoubki/FlexFringe/data/MLRegTest/Small/16.04.TSL.6.1.7_Train.txt,2025-12-29 22:22:12.369397
0.1.1.1.0.0.searchglobal.0,Small,16,4,TSL,6,1,8,TestSR,0.49887,0.4912579297539842,0.0635,0.11246302888617325,0.50113,/gpfs/projects/HeinzGroup/caffeine_underground/mlrt/FlexFringe/FlexFringe/models-ps-small/0.1.1.1.0.0.searchglobal.0.ini/0.1.1.1.0.0.searchglobal.0_16.04.TSL.6.1.8_Small.final.json,/gpfs/projects/HeinzGroup/asoubki/FlexFringe/data/MLRegTest/Large/16.04.TSL.6.1.8_TestSR.txt,2025-12-29 23:33:14.397636
0.1.1.1.0.0.searchglobal.0,Small,16,4,TSL,6,1,8,TestLR,0.49742,0.4791801162040026,0.05938,0.10566588369278952,0.50258,/gpfs/projects/HeinzGroup/caffeine_underground/mlrt/FlexFringe/FlexFringe/models-ps-small/0.1.1.1.0.0.searchglobal.0.ini/0.1.1.1.0.0.searchglobal.0_16.04.TSL.6.1.8_Small.final.json,/gpfs/projects/HeinzGroup/asoubki/FlexFringe/data/MLRegTest/Large/16.04.TSL.6.1.8_TestLR.txt,2025-12-29 23:33:14.397636
0.1.1.1.0.0.searchglobal.0,Small,16,4,TSL,6,1,8,TestLA,0.4985,0.4877690802348337,0.05982,0.10657022732131405,0.5015,/gpfs/projects/HeinzGroup/caffeine_underground/mlrt/FlexFringe/FlexFringe/models-ps-small/0.1.1.1.0.0.searchglobal.0.ini/0.1.1.1.0.0.searchglobal.0_16.04.TSL.6.1.8_Small.final.json,/gpfs/projects/HeinzGroup/asoubki/FlexFringe/data/MLRegTest/Large/16.04.TSL.6.1.8_TestLA.txt,2025-12-29 23:33:14.397636
0.1.1.1.0.0.searchglobal.0,Small,16,4,TSL,6,1,8,TestSA,0.49041,0.43237907206317866,0.06132,0.1074074722810951,0.50959,/gpfs/projects/HeinzGroup/caffeine_underground/mlrt/FlexFringe/FlexFringe/models-ps-small/0.1.1.1.0.0.searchglobal.0.ini/0.1.1.1.0.0.searchglobal.0_16.04.TSL.6.1.8_Small.final.json,/gpfs/projects/HeinzGroup/asoubki/FlexFringe/data/MLRegTest/Large/16.04.TSL.6.1.8_TestSA.txt,2025-12-29 23:33:14.397636
0.1.1.1.0.0.searchglobal.0,Small,16,4,TSL,6,1,8,Dev,0.49956,0.49648225135913016,0.0621,0.11039214989156326,0.50044,/gpfs/projects/HeinzGroup/caffeine_underground/mlrt/FlexFringe/FlexFringe/models-ps-small/0.1.1.1.0.0.searchglobal.0.ini/0.1.1.1.0.0.searchglobal.0_16.04.TSL.6.1.8_Small.final.json,/gpfs/projects/HeinzGroup/asoubki/FlexFringe/data/MLRegTest/Large/16.04.TSL.6.1.8_Dev.txt,2025-12-29 23:33:14.397636
0.1.1.1.0.0.searchglobal.0,Small,16,4,TSL,6,1,8,Train,0.497,0.47761194029850745,0.064,0.1128747795414462,0.503,/gpfs/projects/HeinzGroup/caffeine_underground/mlrt/FlexFringe/FlexFringe/models-ps-small/0.1.1.1.0.0.searchglobal.0.ini/0.1.1.1.0.0.searchglobal.0_16.04.TSL.6.1.8_Small.final.json,/gpfs/projects/HeinzGroup/asoubki/FlexFringe/data/MLRegTest/Small/16.04.TSL.6.1.8_Train.txt,2025-12-29 23:33:14.397636
0.1.1.1.0.0.searchglobal.0,Small,16,4,TSL,6,1,9,TestSA,0.49973,0.034482758620689655,2e-05,3.9976813448200046e-05,0.50027,/gpfs/projects/HeinzGroup/caffeine_underground/mlrt/FlexFringe/FlexFringe/models-ps-small/0.1.1.1.0.0.searchglobal.0.ini/0.1.1.1.0.0.searchglobal.0_16.04.TSL.6.1.9_Small.final.json,/gpfs/projects/HeinzGroup/asoubki/FlexFringe/data/MLRegTest/Large/16.04.TSL.6.1.9_TestSA.txt,2025-12-29 22:14:01.957448
0.1.1.1.0.0.searchglobal.0,Small,16,4,TSL,6,1,9,TestLR,0.48252,0.0,0.0,0.0,0.51748,/gpfs/projects/HeinzGroup/caffeine_underground/mlrt/FlexFringe/FlexFringe/models-ps-small/0.1.1.1.0.0.searchglobal.0.ini/0.1.1.1.0.0.searchglobal.0_16.04.TSL.6.1.9_Small.final.json,/gpfs/projects/HeinzGroup/asoubki/FlexFringe/data/MLRegTest/Large/16.04.TSL.6.1.9_TestLR.txt,2025-12-29 22:14:01.957448
0.1.1.1.0.0.searchglobal.0,Small,16,4,TSL,6,1,9,TestLA,0.49929,0.0,0.0,0.0,0.50071,/gpfs/projects/HeinzGroup/caffeine_underground/mlrt/FlexFringe/FlexFringe/models-ps-small/0.1.1.1.0.0.searchglobal.0.ini/0.1.1.1.0.0.searchglobal.0_16.04.TSL.6.1.9_Small.final.json,/gpfs/projects/HeinzGroup/asoubki/FlexFringe/data/MLRegTest/Large/16.04.TSL.6.1.9_TestLA.txt,2025-12-29 22:14:01.957448
0.1.1.1.0.0.searchglobal.0,Small,16,4,TSL,6,1,9,TestSR,0.482,0.0,0.0,0.0,0.518,/gpfs/projects/HeinzGroup/caffeine_underground/mlrt/FlexFringe/FlexFringe/models-ps-small/0.1.1.1.0.0.searchglobal.0.ini/0.1.1.1.0.0.searchglobal.0_16.04.TSL.6.1.9_Small.final.json,/gpfs/projects/HeinzGroup/asoubki/FlexFringe/data/MLRegTest/Large/16.04.TSL.6.1.9_TestSR.txt,2025-12-29 22:14:01.957448
0.1.1.1.0.0.searchglobal.0,Small,16,4,TSL,6,1,9,Dev,0.48303,0.0,0.0,0.0,0.51697,/gpfs/projects/HeinzGroup/caffeine_underground/mlrt/FlexFringe/FlexFringe/models-ps-small/0.1.1.1.0.0.searchglobal.0.ini/0.1.1.1.0.0.searchglobal.0_16.04.TSL.6.1.9_Small.final.json,/gpfs/projects/HeinzGroup/asoubki/FlexFringe/data/MLRegTest/Large/16.04.TSL.6.1.9_Dev.txt,2025-12-29 22:14:01.957448
0.1.1.1.0.0.searchglobal.0,Small,16,4,TSL,6,1,9,Train,0.488,0.0,0.0,0.0,0.512,/gpfs/projects/HeinzGroup/caffeine_underground/mlrt/FlexFringe/FlexFringe/models-ps-small/0.1.1.1.0.0.searchglobal.0.ini/0.1.1.1.0.0.searchglobal.0_16.04.TSL.6.1.9_Small.final.json,/gpfs/projects/HeinzGroup/asoubki/FlexFringe/data/MLRegTest/Small/16.04.TSL.6.1.9_Train.txt,2025-12-29 22:14:01.957448
0.1.1.1.0.0.searchglobal.0,Small,16,7,TcoSL,2,1,0,TestSR,0.86085,0.8701253410466285,0.84832,0.859084326612454,0.13915,/gpfs/projects/HeinzGroup/caffeine_underground/mlrt/FlexFringe/FlexFringe/models-ps-small/0.1.1.1.0.0.searchglobal.0.ini/0.1.1.1.0.0.searchglobal.0_16.07.TcoSL.2.1.0_Small.final.json,/gpfs/projects/HeinzGroup/asoubki/FlexFringe/data/MLRegTest/Large/16.07.TcoSL.2.1.0_TestSR.txt,2025-12-29 23:35:49.987619
0.1.1.1.0.0.searchglobal.0,Small,16,7,TcoSL,2,1,0,TestSA,0.80582,0.7959586575310649,0.82248,0.809002026242795,0.19418,/gpfs/projects/HeinzGroup/caffeine_underground/mlrt/FlexFringe/FlexFringe/models-ps-small/0.1.1.1.0.0.searchglobal.0.ini/0.1.1.1.0.0.searchglobal.0_16.07.TcoSL.2.1.0_Small.final.json,/gpfs/projects/HeinzGroup/asoubki/FlexFringe/data/MLRegTest/Large/16.07.TcoSL.2.1.0_TestSA.txt,2025-12-29 23:35:49.987619
0.1.1.1.0.0.searchglobal.0,Small,16,7,TcoSL,2,1,0,TestLA,0.75465,0.7475165723838961,0.76906,0.758135270748514,0.24535,/gpfs/projects/HeinzGroup/caffeine_underground/mlrt/FlexFringe/FlexFringe/models-ps-small/0.1.1.1.0.0.searchglobal.0.ini/0.1.1.1.0.0.searchglobal.0_16.07.TcoSL.2.1.0_Small.final.json,/gpfs/projects/HeinzGroup/asoubki/FlexFringe/data/MLRegTest/Large/16.07.TcoSL.2.1.0_TestLA.txt,2025-12-29 23:35:49.987619
0.1.1.1.0.0.searchglobal.0,Small,16,7,TcoSL,2,1,0,TestLR,0.80913,0.8134366191470809,0.80226,0.8078096523113791,0.19087,/gpfs/projects/HeinzGroup/caffeine_underground/mlrt/FlexFringe/FlexFringe/models-ps-small/0.1.1.1.0.0.searchglobal.0.ini/0.1.1.1.0.0.searchglobal.0_16.07.TcoSL.2.1.0_Small.final.json,/gpfs/projects/HeinzGroup/asoubki/FlexFringe/data/MLRegTest/Large/16.07.TcoSL.2.1.0_TestLR.txt,2025-12-29 23:35:49.987619
0.1.1.1.0.0.searchglobal.0,Small,16,7,TcoSL,2,1,0,Dev,0.86425,0.8720253293841282,0.8538,0.862816431711384,0.13575,/gpfs/projects/HeinzGroup/caffeine_underground/mlrt/FlexFringe/FlexFringe/models-ps-small/0.1.1.1.0.0.searchglobal.0.ini/0.1.1.1.0.0.searchglobal.0_16.07.TcoSL.2.1.0_Small.final.json,/gpfs/projects/HeinzGroup/asoubki/FlexFringe/data/MLRegTest/Large/16.07.TcoSL.2.1.0_Dev.txt,2025-12-29 23:35:49.987619
0.1.1.1.0.0.searchglobal.0,Small,16,7,TcoSL,2,1,0,Train,0.864,0.8760330578512396,0.848,0.8617886178861789,0.136,/gpfs/projects/HeinzGroup/caffeine_underground/mlrt/FlexFringe/FlexFringe/models-ps-small/0.1.1.1.0.0.searchglobal.0.ini/0.1.1.1.0.0.searchglobal.0_16.07.TcoSL.2.1.0_Small.final.json,/gpfs/projects/HeinzGroup/asoubki/FlexFringe/data/MLRegTest/Small/16.07.TcoSL.2.1.0_Train.txt,2025-12-29 23:35:49.987619
0.1.1.1.0.0.searchglobal.0,Small,16,7,TcoSL,2,1,1,TestLA,0.52531,0.5243885987396173,0.5442,0.5341106498248094,0.47469,/gpfs/projects/HeinzGroup/caffeine_underground/mlrt/FlexFringe/FlexFringe/models-ps-small/0.1.1.1.0.0.searchglobal.0.ini/0.1.1.1.0.0.searchglobal.0_16.07.TcoSL.2.1.1_Small.final.json,/gpfs/projects/HeinzGroup/asoubki/FlexFringe/data/MLRegTest/Large/16.07.TcoSL.2.1.1_TestLA.txt,2025-12-29 23:00:31.598306
0.1.1.1.0.0.searchglobal.0,Small,16,7,TcoSL,2,1,1,TestSA,0.5357,0.5436131743549648,0.44498,0.4893762097483723,0.4643,/gpfs/projects/HeinzGroup/caffeine_underground/mlrt/FlexFringe/FlexFringe/models-ps-small/0.1.1.1.0.0.searchglobal.0.ini/0.1.1.1.0.0.searchglobal.0_16.07.TcoSL.2.1.1_Small.final.json,/gpfs/projects/HeinzGroup/asoubki/FlexFringe/data/MLRegTest/Large/16.07.TcoSL.2.1.1_TestSA.txt,2025-12-29 23:00:31.598306
0.1.1.1.0.0.searchglobal.0,Small,16,7,TcoSL,2,1,1,TestSR,0.56531,0.582248192831776,0.46234,0.5154119706141378,0.43469,/gpfs/projects/HeinzGroup/caffeine_underground/mlrt/FlexFringe/FlexFringe/models-ps-small/0.1.1.1.0.0.searchglobal.0.ini/0.1.1.1.0.0.searchglobal.0_16.07.TcoSL.2.1.1_Small.final.json,/gpfs/projects/HeinzGroup/asoubki/FlexFringe/data/MLRegTest/Large/16.07.TcoSL.2.1.1_TestSR.txt,2025-12-29 23:00:31.598306
0.1.1.1.0.0.searchglobal.0,Small,16,7,TcoSL,2,1,1,TestLR,0.55348,0.5522571819425445,0.56518,0.5586438667589206,0.44652,/gpfs/projects/HeinzGroup/caffeine_underground/mlrt/FlexFringe/FlexFringe/models-ps-small/0.1.1.1.0.0.searchglobal.0.ini/0.1.1.1.0.0.searchglobal.0_16.07.TcoSL.2.1.1_Small.final.json,/gpfs/projects/HeinzGroup/asoubki/FlexFringe/data/MLRegTest/Large/16.07.TcoSL.2.1.1_TestLR.txt,2025-12-29 23:00:31.598306
0.1.1.1.0.0.searchglobal.0,Small,16,7,TcoSL,2,1,1,Dev,0.56644,0.5841907851386284,0.46102,0.5153479845290527,0.43356,/gpfs/projects/HeinzGroup/caffeine_underground/mlrt/FlexFringe/FlexFringe/models-ps-small/0.1.1.1.0.0.searchglobal.0.ini/0.1.1.1.0.0.searchglobal.0_16.07.TcoSL.2.1.1_Small.final.json,/gpfs/projects/HeinzGroup/asoubki/FlexFringe/data/MLRegTest/Large/16.07.TcoSL.2.1.1_Dev.txt,2025-12-29 23:00:31.598306
0.1.1.1.0.0.searchglobal.0,Small,16,7,TcoSL,2,1,1,Train,0.587,0.6106870229007634,0.48,0.5375139977603584,0.413,/gpfs/projects/HeinzGroup/caffeine_underground/mlrt/FlexFringe/FlexFringe/models-ps-small/0.1.1.1.0.0.searchglobal.0.ini/0.1.1.1.0.0.searchglobal.0_16.07.TcoSL.2.1.1_Small.final.json,/gpfs/projects/HeinzGroup/asoubki/FlexFringe/data/MLRegTest/Small/16.07.TcoSL.2.1.1_Train.txt,2025-12-29 23:00:31.598306
0.1.1.1.0.0.searchglobal.0,Small,16,7,TcoSL,2,1,2,TestSR,0.72324,0.7347621250999032,0.6987,0.7162774485883583,0.27676,/gpfs/projects/HeinzGroup/caffeine_underground/mlrt/FlexFringe/FlexFringe/models-ps-small/0.1.1.1.0.0.searchglobal.0.ini/0.1.1.1.0.0.searchglobal.0_16.07.TcoSL.2.1.2_Small.final.json,/gpfs/projects/HeinzGroup/asoubki/FlexFringe/data/MLRegTest/Large/16.07.TcoSL.2.1.2_TestSR.txt,2025-12-29 22:54:18.052339
0.1.1.1.0.0.searchglobal.0,Small,16,7,TcoSL,2,1,2,TestSA,0.67778,0.6765231551354357,0.68134,0.6789230339989637,0.32222,/gpfs/projects/HeinzGroup/caffeine_underground/mlrt/FlexFringe/FlexFringe/models-ps-small/0.1.1.1.0.0.searchglobal.0.ini/0.1.1.1.0.0.searchglobal.0_16.07.TcoSL.2.1.2_Small.final.json,/gpfs/projects/HeinzGroup/asoubki/FlexFringe/data/MLRegTest/Large/16.07.TcoSL.2.1.2_TestSA.txt,2025-12-29 22:54:18.052339
0.1.1.1.0.0.searchglobal.0,Small,16,7,TcoSL,2,1,2,TestLR,0.65325,0.6595191006557718,0.6336,0.6462997908910083,0.34675,/gpfs/projects/HeinzGroup/caffeine_underground/mlrt/FlexFringe/FlexFringe/models-ps-small/0.1.1.1.0.0.searchglobal.0.ini/0.1.1.1.0.0.searchglobal.0_16.07.TcoSL.2.1.2_Small.final.json,/gpfs/projects/HeinzGroup/asoubki/FlexFringe/data/MLRegTest/Large/16.07.TcoSL.2.1.2_TestLR.txt,2025-12-29 22:54:18.052339
0.1.1.1.0.0.searchglobal.0,Small,16,7,TcoSL,2,1,2,TestLA,0.61283,0.6147462625851724,0.60448,0.609569908737962,0.38717,/gpfs/projects/HeinzGroup/caffeine_underground/mlrt/FlexFringe/FlexFringe/models-ps-small/0.1.1.1.0.0.searchglobal.0.ini/0.1.1.1.0.0.searchglobal.0_16.07.TcoSL.2.1.2_Small.final.json,/gpfs/projects/HeinzGroup/asoubki/FlexFringe/data/MLRegTest/Large/16.07.TcoSL.2.1.2_TestLA.txt,2025-12-29 22:54:18.052339
0.1.1.1.0.0.searchglobal.0,Small,16,7,TcoSL,2,1,2,Dev,0.72284,0.7320863189468422,0.70292,0.7172067586319484,0.27716,/gpfs/projects/HeinzGroup/caffeine_underground/mlrt/FlexFringe/FlexFringe/models-ps-small/0.1.1.1.0.0.searchglobal.0.ini/0.1.1.1.0.0.searchglobal.0_16.07.TcoSL.2.1.2_Small.final.json,/gpfs/projects/HeinzGroup/asoubki/FlexFringe/data/MLRegTest/Large/16.07.TcoSL.2.1.2_Dev.txt,2025-12-29 22:54:18.052339
0.1.1.1.0.0.searchglobal.0,Small,16,7,TcoSL,2,1,2,Train,0.712,0.7324561403508771,0.668,0.698744769874477,0.288,/gpfs/projects/HeinzGroup/caffeine_underground/mlrt/FlexFringe/FlexFringe/models-ps-small/0.1.1.1.0.0.searchglobal.0.ini/0.1.1.1.0.0.searchglobal.0_16.07.TcoSL.2.1.2_Small.final.json,/gpfs/projects/HeinzGroup/asoubki/FlexFringe/data/MLRegTest/Small/16.07.TcoSL.2.1.2_Train.txt,2025-12-29 22:54:18.052339
0.1.1.1.0.0.searchglobal.0,Small,16,7,TcoSL,2,1,3,TestSR,0.57122,0.5773693129970017,0.53148,0.5534751004936164,0.42878,/gpfs/projects/HeinzGroup/caffeine_underground/mlrt/FlexFringe/FlexFringe/models-ps-small/0.1.1.1.0.0.searchglobal.0.ini/0.1.1.1.0.0.searchglobal.0_16.07.TcoSL.2.1.3_Small.final.json,/gpfs/projects/HeinzGroup/asoubki/FlexFringe/data/MLRegTest/Large/16.07.TcoSL.2.1.3_TestSR.txt,2025-12-29 23:34:43.264240
0.1.1.1.0.0.searchglobal.0,Small,16,7,TcoSL,2,1,3,TestLR,0.55,0.5559935495430927,0.49648,0.5245541374355507,0.45,/gpfs/projects/HeinzGroup/caffeine_underground/mlrt/FlexFringe/FlexFringe/models-ps-small/0.1.1.1.0.0.searchglobal.0.ini/0.1.1.1.0.0.searchglobal.0_16.07.TcoSL.2.1.3_Small.final.json,/gpfs/projects/HeinzGroup/asoubki/FlexFringe/data/MLRegTest/Large/16.07.TcoSL.2.1.3_TestLR.txt,2025-12-29 23:34:43.264240
0.1.1.1.0.0.searchglobal.0,Small,16,7,TcoSL,2,1,3,TestSA,0.53956,0.5428435279847513,0.50124,0.5212128774644372,0.46044,/gpfs/projects/HeinzGroup/caffeine_underground/mlrt/FlexFringe/FlexFringe/models-ps-small/0.1.1.1.0.0.searchglobal.0.ini/0.1.1.1.0.0.searchglobal.0_16.07.TcoSL.2.1.3_Small.final.json,/gpfs/projects/HeinzGroup/asoubki/FlexFringe/data/MLRegTest/Large/16.07.TcoSL.2.1.3_TestSA.txt,2025-12-29 23:34:43.264240
0.1.1.1.0.0.searchglobal.0,Small,16,7,TcoSL,2,1,3,TestLA,0.52021,0.5229789653212052,0.45996,0.48944932162809257,0.47979,/gpfs/projects/HeinzGroup/caffeine_underground/mlrt/FlexFringe/FlexFringe/models-ps-small/0.1.1.1.0.0.searchglobal.0.ini/0.1.1.1.0.0.searchglobal.0_16.07.TcoSL.2.1.3_Small.final.json,/gpfs/projects/HeinzGroup/asoubki/FlexFringe/data/MLRegTest/Large/16.07.TcoSL.2.1.3_TestLA.txt,2025-12-29 23:34:43.264240
0.1.1.1.0.0.searchglobal.0,Small,16,7,TcoSL,2,1,3,Dev,0.57199,0.5786552455040098,0.52962,0.5530528492215157,0.42801,/gpfs/projects/HeinzGroup/caffeine_underground/mlrt/FlexFringe/FlexFringe/models-ps-small/0.1.1.1.0.0.searchglobal.0.ini/0.1.1.1.0.0.searchglobal.0_16.07.TcoSL.2.1.3_Small.final.json,/gpfs/projects/HeinzGroup/asoubki/FlexFringe/data/MLRegTest/Large/16.07.TcoSL.2.1.3_Dev.txt,2025-12-29 23:34:43.264240
0.1.1.1.0.0.searchglobal.0,Small,16,7,TcoSL,2,1,3,Train,0.555,0.559652928416486,0.516,0.5369406867845994,0.445,/gpfs/projects/HeinzGroup/caffeine_underground/mlrt/FlexFringe/FlexFringe/models-ps-small/0.1.1.1.0.0.searchglobal.0.ini/0.1.1.1.0.0.searchglobal.0_16.07.TcoSL.2.1.3_Small.final.json,/gpfs/projects/HeinzGroup/asoubki/FlexFringe/data/MLRegTest/Small/16.07.TcoSL.2.1.3_Train.txt,2025-12-29 23:34:43.264240
0.1.1.1.0.0.searchglobal.0,Small,16,7,TcoSL,2,1,4,TestSA,0.50285,0.5016595819018226,0.8615,0.634085305266257,0.49715,/gpfs/projects/HeinzGroup/caffeine_underground/mlrt/FlexFringe/FlexFringe/models-ps-small/0.1.1.1.0.0.searchglobal.0.ini/0.1.1.1.0.0.searchglobal.0_16.07.TcoSL.2.1.4_Small.final.json,/gpfs/projects/HeinzGroup/asoubki/FlexFringe/data/MLRegTest/Large/16.07.TcoSL.2.1.4_TestSA.txt,2025-12-29 23:01:28.235662
0.1.1.1.0.0.searchglobal.0,Small,16,7,TcoSL,2,1,4,TestLR,0.49513,0.49719654144168,0.8637,0.6310966921677371,0.50487,/gpfs/projects/HeinzGroup/caffeine_underground/mlrt/FlexFringe/FlexFringe/models-ps-small/0.1.1.1.0.0.searchglobal.0.ini/0.1.1.1.0.0.searchglobal.0_16.07.TcoSL.2.1.4_Small.final.json,/gpfs/projects/HeinzGroup/asoubki/FlexFringe/data/MLRegTest/Large/16.07.TcoSL.2.1.4_TestLR.txt,2025-12-29 23:01:28.235662
0.1.1.1.0.0.searchglobal.0,Small,16,7,TcoSL,2,1,4,TestLA,0.49962,0.49977839981338934,0.85702,0.631368793281273,0.50038,/gpfs/projects/HeinzGroup/caffeine_underground/mlrt/FlexFringe/FlexFringe/models-ps-small/0.1.1.1.0.0.searchglobal.0.ini/0.1.1.1.0.0.searchglobal.0_16.07.TcoSL.2.1.4_Small.final.json,/gpfs/projects/HeinzGroup/asoubki/FlexFringe/data/MLRegTest/Large/16.07.TcoSL.2.1.4_TestLA.txt,2025-12-29 23:01:28.235662
0.1.1.1.0.0.searchglobal.0,Small,16,7,TcoSL,2,1,4,TestSR,0.49824,0.498988807942454,0.8685,0.633821318581875,0.50176,/gpfs/projects/HeinzGroup/caffeine_underground/mlrt/FlexFringe/FlexFringe/models-ps-small/0.1.1.1.0.0.searchglobal.0.ini/0.1.1.1.0.0.searchglobal.0_16.07.TcoSL.2.1.4_Small.final.json,/gpfs/projects/HeinzGroup/asoubki/FlexFringe/data/MLRegTest/Large/16.07.TcoSL.2.1.4_TestSR.txt,2025-12-29 23:01:28.235662
0.1.1.1.0.0.searchglobal.0,Small,16,7,TcoSL,2,1,4,Dev,0.49928,0.49958668197474165,0.87028,0.6347775346462436,0.50072,/gpfs/projects/HeinzGroup/caffeine_underground/mlrt/FlexFringe/FlexFringe/models-ps-small/0.1.1.1.0.0.searchglobal.0.ini/0.1.1.1.0.0.searchglobal.0_16.07.TcoSL.2.1.4_Small.final.json,/gpfs/projects/HeinzGroup/asoubki/FlexFringe/data/MLRegTest/Large/16.07.TcoSL.2.1.4_Dev.txt,2025-12-29 23:01:28.235662
0.1.1.1.0.0.searchglobal.0,Small,16,7,TcoSL,2,1,4,Train,0.493,0.4960272417707151,0.874,0.6328747284576394,0.507,/gpfs/projects/HeinzGroup/caffeine_underground/mlrt/FlexFringe/FlexFringe/models-ps-small/0.1.1.1.0.0.searchglobal.0.ini/0.1.1.1.0.0.searchglobal.0_16.07.TcoSL.2.1.4_Small.final.json,/gpfs/projects/HeinzGroup/asoubki/FlexFringe/data/MLRegTest/Small/16.07.TcoSL.2.1.4_Train.txt,2025-12-29 23:01:28.235662
0.1.1.1.0.0.searchglobal.0,Small,16,7,TcoSL,2,1,6,TestLA,0.49622,0.4977348450346365,0.8306,0.6224613678262564,0.50378,/gpfs/projects/HeinzGroup/caffeine_underground/mlrt/FlexFringe/FlexFringe/models-ps-small/0.1.1.1.0.0.searchglobal.0.ini/0.1.1.1.0.0.searchglobal.0_16.07.TcoSL.2.1.6_Small.final.json,/gpfs/projects/HeinzGroup/asoubki/FlexFringe/data/MLRegTest/Large/16.07.TcoSL.2.1.6_TestLA.txt,2025-12-29 23:11:16.525554
0.1.1.1.0.0.searchglobal.0,Small,16,7,TcoSL,2,1,6,TestSR,0.49156,0.4950208839700781,0.8391,0.6226902355403179,0.50844,/gpfs/projects/HeinzGroup/caffeine_underground/mlrt/FlexFringe/FlexFringe/models-ps-small/0.1.1.1.0.0.searchglobal.0.ini/0.1.1.1.0.0.searchglobal.0_16.07.TcoSL.2.1.6_Small.final.json,/gpfs/projects/HeinzGroup/asoubki/FlexFringe/data/MLRegTest/Large/16.07.TcoSL.2.1.6_TestSR.txt,2025-12-29 23:11:16.525554
0.1.1.1.0.0.searchglobal.0,Small,16,7,TcoSL,2,1,6,TestSA,0.49843,0.4990700704851034,0.84258,0.6268496819551389,0.50157,/gpfs/projects/HeinzGroup/caffeine_underground/mlrt/FlexFringe/FlexFringe/models-ps-small/0.1.1.1.0.0.searchglobal.0.ini/0.1.1.1.0.0.searchglobal.0_16.07.TcoSL.2.1.6_Small.final.json,/gpfs/projects/HeinzGroup/asoubki/FlexFringe/data/MLRegTest/Large/16.07.TcoSL.2.1.6_TestSA.txt,2025-12-29 23:11:16.525554
0.1.1.1.0.0.searchglobal.0,Small,16,7,TcoSL,2,1,6,TestLR,0.4864,0.49185101742444215,0.82086,0.6151252191897846,0.5136,/gpfs/projects/HeinzGroup/caffeine_underground/mlrt/FlexFringe/FlexFringe/models-ps-small/0.1.1.1.0.0.searchglobal.0.ini/0.1.1.1.0.0.searchglobal.0_16.07.TcoSL.2.1.6_Small.final.json,/gpfs/projects/HeinzGroup/asoubki/FlexFringe/data/MLRegTest/Large/16.07.TcoSL.2.1.6_TestLR.txt,2025-12-29 23:11:16.525554
0.1.1.1.0.0.searchglobal.0,Small,16,7,TcoSL,2,1,6,Dev,0.48917,0.49363278264448235,0.83962,0.6217334962419934,0.51083,/gpfs/projects/HeinzGroup/caffeine_underground/mlrt/FlexFringe/FlexFringe/models-ps-small/0.1.1.1.0.0.searchglobal.0.ini/0.1.1.1.0.0.searchglobal.0_16.07.TcoSL.2.1.6_Small.final.json,/gpfs/projects/HeinzGroup/asoubki/FlexFringe/data/MLRegTest/Large/16.07.TcoSL.2.1.6_Dev.txt,2025-12-29 23:11:16.525554
0.1.1.1.0.0.searchglobal.0,Small,16,7,TcoSL,2,1,6,Train,0.463,0.4775212636695018,0.786,0.5941043083900227,0.537,/gpfs/projects/HeinzGroup/caffeine_underground/mlrt/FlexFringe/FlexFringe/models-ps-small/0.1.1.1.0.0.searchglobal.0.ini/0.1.1.1.0.0.searchglobal.0_16.07.TcoSL.2.1.6_Small.final.json,/gpfs/projects/HeinzGroup/asoubki/FlexFringe/data/MLRegTest/Small/16.07.TcoSL.2.1.6_Train.txt,2025-12-29 23:11:16.525554
0.1.1.1.0.0.searchglobal.0,Small,16,7,TcoSL,2,1,7,TestSR,0.50354,0.5020781477480862,0.85526,0.6327197940401859,0.49646,/gpfs/projects/HeinzGroup/caffeine_underground/mlrt/FlexFringe/FlexFringe/models-ps-small/0.1.1.1.0.0.searchglobal.0.ini/0.1.1.1.0.0.searchglobal.0_16.07.TcoSL.2.1.7_Small.final.json,/gpfs/projects/HeinzGroup/asoubki/FlexFringe/data/MLRegTest/Large/16.07.TcoSL.2.1.7_TestSR.txt,2025-12-29 23:32:46.163036
0.1.1.1.0.0.searchglobal.0,Small,16,7,TcoSL,2,1,7,TestLA,0.50323,0.5019232372310147,0.84296,0.6292014062534989,0.49677,/gpfs/projects/HeinzGroup/caffeine_underground/mlrt/FlexFringe/FlexFringe/models-ps-small/0.1.1.1.0.0.searchglobal.0.ini/0.1.1.1.0.0.searchglobal.0_16.07.TcoSL.2.1.7_Small.final.json,/gpfs/projects/HeinzGroup/asoubki/FlexFringe/data/MLRegTest/Large/16.07.TcoSL.2.1.7_TestLA.txt,2025-12-29 23:32:46.163036
0.1.1.1.0.0.searchglobal.0,Small,16,7,TcoSL,2,1,7,TestSA,0.50525,0.5030946065428824,0.8535,0.633042833302429,0.49475,/gpfs/projects/HeinzGroup/caffeine_underground/mlrt/FlexFringe/FlexFringe/models-ps-small/0.1.1.1.0.0.searchglobal.0.ini/0.1.1.1.0.0.searchglobal.0_16.07.TcoSL.2.1.7_Small.final.json,/gpfs/projects/HeinzGroup/asoubki/FlexFringe/data/MLRegTest/Large/16.07.TcoSL.2.1.7_TestSA.txt,2025-12-29 23:32:46.163036
0.1.1.1.0.0.searchglobal.0,Small,16,7,TcoSL,2,1,7,TestLR,0.5027,0.5016001706848731,0.84636,0.6298914904067994,0.4973,/gpfs/projects/HeinzGroup/caffeine_underground/mlrt/FlexFringe/FlexFringe/models-ps-small/0.1.1.1.0.0.searchglobal.0.ini/0.1.1.1.0.0.searchglobal.0_16.07.TcoSL.2.1.7_Small.final.json,/gpfs/projects/HeinzGroup/asoubki/FlexFringe/data/MLRegTest/Large/16.07.TcoSL.2.1.7_TestLR.txt,2025-12-29 23:32:46.163036
0.1.1.1.0.0.searchglobal.0,Small,16,7,TcoSL,2,1,7,Dev,0.50388,0.5022812257472778,0.8543,0.6326180003258246,0.49612,/gpfs/projects/HeinzGroup/caffeine_underground/mlrt/FlexFringe/FlexFringe/models-ps-small/0.1.1.1.0.0.searchglobal.0.ini/0.1.1.1.0.0.searchglobal.0_16.07.TcoSL.2.1.7_Small.final.json,/gpfs/projects/HeinzGroup/asoubki/FlexFringe/data/MLRegTest/Large/16.07.TcoSL.2.1.7_Dev.txt,2025-12-29 23:32:46.163036
0.1.1.1.0.0.searchglobal.0,Small,16,7,TcoSL,2,1,7,Train,0.501,0.5005931198102017,0.844,0.6284437825763217,0.499,/gpfs/projects/HeinzGroup/caffeine_underground/mlrt/FlexFringe/FlexFringe/models-ps-small/0.1.1.1.0.0.searchglobal.0.ini/0.1.1.1.0.0.searchglobal.0_16.07.TcoSL.2.1.7_Small.final.json,/gpfs/projects/HeinzGroup/asoubki/FlexFringe/data/MLRegTest/Small/16.07.TcoSL.2.1.7_Train.txt,2025-12-29 23:32:46.163036
0.1.1.1.0.0.searchglobal.0,Small,16,7,TcoSL,2,1,8,TestSR,0.45539,0.47009853207319524,0.70134,0.5628957823347647,0.54461,/gpfs/projects/HeinzGroup/caffeine_underground/mlrt/FlexFringe/FlexFringe/models-ps-small/0.1.1.1.0.0.searchglobal.0.ini/0.1.1.1.0.0.searchglobal.0_16.07.TcoSL.2.1.8_Small.final.json,/gpfs/projects/HeinzGroup/asoubki/FlexFringe/data/MLRegTest/Large/16.07.TcoSL.2.1.8_TestSR.txt,2025-12-29 23:01:24.501419
0.1.1.1.0.0.searchglobal.0,Small,16,7,TcoSL,2,1,8,TestSA,0.46537,0.4769259471488919,0.71578,0.5724362409129805,0.53463,/gpfs/projects/HeinzGroup/caffeine_underground/mlrt/FlexFringe/FlexFringe/models-ps-small/0.1.1.1.0.0.searchglobal.0.ini/0.1.1.1.0.0.searchglobal.0_16.07.TcoSL.2.1.8_Small.final.json,/gpfs/projects/HeinzGroup/asoubki/FlexFringe/data/MLRegTest/Large/16.07.TcoSL.2.1.8_TestSA.txt,2025-12-29 23:01:24.501419
0.1.1.1.0.0.searchglobal.0,Small,16,7,TcoSL,2,1,8,TestLR,0.45731,0.47101714937471995,0.69378,0.5610973173631386,0.54269,/gpfs/projects/HeinzGroup/caffeine_underground/mlrt/FlexFringe/FlexFringe/models-ps-small/0.1.1.1.0.0.searchglobal.0.ini/0.1.1.1.0.0.searchglobal.0_16.07.TcoSL.2.1.8_Small.final.json,/gpfs/projects/HeinzGroup/asoubki/FlexFringe/data/MLRegTest/Large/16.07.TcoSL.2.1.8_TestLR.txt,2025-12-29 23:01:24.501419
0.1.1.1.0.0.searchglobal.0,Small,16,7,TcoSL,2,1,8,TestLA,0.46519,0.47645331926349827,0.70436,0.568412727874303,0.53481,/gpfs/projects/HeinzGroup/caffeine_underground/mlrt/FlexFringe/FlexFringe/models-ps-small/0.1.1.1.0.0.searchglobal.0.ini/0.1.1.1.0.0.searchglobal.0_16.07.TcoSL.2.1.8_Small.final.json,/gpfs/projects/HeinzGroup/asoubki/FlexFringe/data/MLRegTest/Large/16.07.TcoSL.2.1.8_TestLA.txt,2025-12-29 23:01:24.501419
0.1.1.1.0.0.searchglobal.0,Small,16,7,TcoSL,2,1,8,Dev,0.45261,0.4680802338582571,0.69494,0.5593843825714585,0.54739,/gpfs/projects/HeinzGroup/caffeine_underground/mlrt/FlexFringe/FlexFringe/models-ps-small/0.1.1.1.0.0.searchglobal.0.ini/0.1.1.1.0.0.searchglobal.0_16.07.TcoSL.2.1.8_Small.final.json,/gpfs/projects/HeinzGroup/asoubki/FlexFringe/data/MLRegTest/Large/16.07.TcoSL.2.1.8_Dev.txt,2025-12-29 23:01:24.501419
0.1.1.1.0.0.searchglobal.0,Small,16,7,TcoSL,2,1,8,Train,0.46,0.47333333333333333,0.71,0.568,0.54,/gpfs/projects/HeinzGroup/caffeine_underground/mlrt/FlexFringe/FlexFringe/models-ps-small/0.1.1.1.0.0.searchglobal.0.ini/0.1.1.1.0.0.searchglobal.0_16.07.TcoSL.2.1.8_Small.final.json,/gpfs/projects/HeinzGroup/asoubki/FlexFringe/data/MLRegTest/Small/16.07.TcoSL.2.1.8_Train.txt,2025-12-29 23:01:24.501419
0.1.1.1.0.0.searchglobal.0,Small,16,7,TcoSL,2,1,9,TestLR,0.45403,0.47346670206748476,0.8203,0.6003937728267473,0.54597,/gpfs/projects/HeinzGroup/caffeine_underground/mlrt/FlexFringe/FlexFringe/models-ps-small/0.1.1.1.0.0.searchglobal.0.ini/0.1.1.1.0.0.searchglobal.0_16.07.TcoSL.2.1.9_Small.final.json,/gpfs/projects/HeinzGroup/asoubki/FlexFringe/data/MLRegTest/Large/16.07.TcoSL.2.1.9_TestLR.txt,2025-12-29 22:15:50.134474
0.1.1.1.0.0.searchglobal.0,Small,16,7,TcoSL,2,1,9,TestLA,0.47275,0.48445433281989847,0.8492,0.6169493988157942,0.52725,/gpfs/projects/HeinzGroup/caffeine_underground/mlrt/FlexFringe/FlexFringe/models-ps-small/0.1.1.1.0.0.searchglobal.0.ini/0.1.1.1.0.0.searchglobal.0_16.07.TcoSL.2.1.9_Small.final.json,/gpfs/projects/HeinzGroup/asoubki/FlexFringe/data/MLRegTest/Large/16.07.TcoSL.2.1.9_TestLA.txt,2025-12-29 22:15:50.134474
0.1.1.1.0.0.searchglobal.0,Small,16,7,TcoSL,2,1,9,TestSA,0.47241,0.4847107850200051,0.87468,0.6237600462107868,0.52759,/gpfs/projects/HeinzGroup/caffeine_underground/mlrt/FlexFringe/FlexFringe/models-ps-small/0.1.1.1.0.0.searchglobal.0.ini/0.1.1.1.0.0.searchglobal.0_16.07.TcoSL.2.1.9_Small.final.json,/gpfs/projects/HeinzGroup/asoubki/FlexFringe/data/MLRegTest/Large/16.07.TcoSL.2.1.9_TestSA.txt,2025-12-29 22:15:50.134474
0.1.1.1.0.0.searchglobal.0,Small,16,7,TcoSL,2,1,9,TestSR,0.45855,0.47691296550033974,0.85624,0.6126108078329243,0.54145,/gpfs/projects/HeinzGroup/caffeine_underground/mlrt/FlexFringe/FlexFringe/models-ps-small/0.1.1.1.0.0.searchglobal.0.ini/0.1.1.1.0.0.searchglobal.0_16.07.TcoSL.2.1.9_Small.final.json,/gpfs/projects/HeinzGroup/asoubki/FlexFringe/data/MLRegTest/Large/16.07.TcoSL.2.1.9_TestSR.txt,2025-12-29 22:15:50.134474
0.1.1.1.0.0.searchglobal.0,Small,16,7,TcoSL,2,1,9,Dev,0.45791,0.47655388317606034,0.8555,0.6121251583082306,0.54209,/gpfs/projects/HeinzGroup/caffeine_underground/mlrt/FlexFringe/FlexFringe/models-ps-small/0.1.1.1.0.0.searchglobal.0.ini/0.1.1.1.0.0.searchglobal.0_16.07.TcoSL.2.1.9_Small.final.json,/gpfs/projects/HeinzGroup/asoubki/FlexFringe/data/MLRegTest/Large/16.07.TcoSL.2.1.9_Dev.txt,2025-12-29 22:15:50.134474
0.1.1.1.0.0.searchglobal.0,Small,16,7,TcoSL,2,1,9,Train,0.452,0.4735099337748344,0.858,0.6102418207681366,0.548,/gpfs/projects/HeinzGroup/caffeine_underground/mlrt/FlexFringe/FlexFringe/models-ps-small/0.1.1.1.0.0.searchglobal.0.ini/0.1.1.1.0.0.searchglobal.0_16.07.TcoSL.2.1.9_Small.final.json,/gpfs/projects/HeinzGroup/asoubki/FlexFringe/data/MLRegTest/Small/16.07.TcoSL.2.1.9_Train.txt,2025-12-29 22:15:50.134474
0.1.1.1.0.0.searchglobal.0,Small,16,7,TcoSL,4,1,0,TestLR,0.84517,0.8791160512268523,0.8004,0.8379133821173959,0.15483,/gpfs/projects/HeinzGroup/caffeine_underground/mlrt/FlexFringe/FlexFringe/models-ps-small/0.1.1.1.0.0.searchglobal.0.ini/0.1.1.1.0.0.searchglobal.0_16.07.TcoSL.4.1.0_Small.final.json,/gpfs/projects/HeinzGroup/asoubki/FlexFringe/data/MLRegTest/Large/16.07.TcoSL.4.1.0_TestLR.txt,2025-12-29 22:22:26.040602
0.1.1.1.0.0.searchglobal.0,Small,16,7,TcoSL,4,1,0,TestSA,0.62651,0.588186089308369,0.8438,0.6931791109760205,0.37349,/gpfs/projects/HeinzGroup/caffeine_underground/mlrt/FlexFringe/FlexFringe/models-ps-small/0.1.1.1.0.0.searchglobal.0.ini/0.1.1.1.0.0.searchglobal.0_16.07.TcoSL.4.1.0_Small.final.json,/gpfs/projects/HeinzGroup/asoubki/FlexFringe/data/MLRegTest/Large/16.07.TcoSL.4.1.0_TestSA.txt,2025-12-29 22:22:26.040602
0.1.1.1.0.0.searchglobal.0,Small,16,7,TcoSL,4,1,0,TestSR,0.89515,0.9248833358422399,0.86016,0.8913482761836665,0.10485,/gpfs/projects/HeinzGroup/caffeine_underground/mlrt/FlexFringe/FlexFringe/models-ps-small/0.1.1.1.0.0.searchglobal.0.ini/0.1.1.1.0.0.searchglobal.0_16.07.TcoSL.4.1.0_Small.final.json,/gpfs/projects/HeinzGroup/asoubki/FlexFringe/data/MLRegTest/Large/16.07.TcoSL.4.1.0_TestSR.txt,2025-12-29 22:22:26.040602
0.1.1.1.0.0.searchglobal.0,Small,16,7,TcoSL,4,1,0,TestLA,0.60891,0.579940985628092,0.7901,0.668901700827132,0.39109,/gpfs/projects/HeinzGroup/caffeine_underground/mlrt/FlexFringe/FlexFringe/models-ps-small/0.1.1.1.0.0.searchglobal.0.ini/0.1.1.1.0.0.searchglobal.0_16.07.TcoSL.4.1.0_Small.final.json,/gpfs/projects/HeinzGroup/asoubki/FlexFringe/data/MLRegTest/Large/16.07.TcoSL.4.1.0_TestLA.txt,2025-12-29 22:22:26.040602
0.1.1.1.0.0.searchglobal.0,Small,16,7,TcoSL,4,1,0,Dev,0.89399,0.9262208182781972,0.85618,0.8898242550847546,0.10601,/gpfs/projects/HeinzGroup/caffeine_underground/mlrt/FlexFringe/FlexFringe/models-ps-small/0.1.1.1.0.0.searchglobal.0.ini/0.1.1.1.0.0.searchglobal.0_16.07.TcoSL.4.1.0_Small.final.json,/gpfs/projects/HeinzGroup/asoubki/FlexFringe/data/MLRegTest/Large/16.07.TcoSL.4.1.0_Dev.txt,2025-12-29 22:22:26.040602
0.1.1.1.0.0.searchglobal.0,Small,16,7,TcoSL,4,1,0,Train,0.905,0.9336188436830836,0.872,0.9017580144777663,0.095,/gpfs/projects/HeinzGroup/caffeine_underground/mlrt/FlexFringe/FlexFringe/models-ps-small/0.1.1.1.0.0.searchglobal.0.ini/0.1.1.1.0.0.searchglobal.0_16.07.TcoSL.4.1.0_Small.final.json,/gpfs/projects/HeinzGroup/asoubki/FlexFringe/data/MLRegTest/Small/16.07.TcoSL.4.1.0_Train.txt,2025-12-29 22:22:26.040602
0.1.1.1.0.0.searchglobal.0,Small,16,7,TcoSL,4,1,1,TestLA,0.50683,0.509772499642295,0.35628,0.4194243333921949,0.49317,/gpfs/projects/HeinzGroup/caffeine_underground/mlrt/FlexFringe/FlexFringe/models-ps-small/0.1.1.1.0.0.searchglobal.0.ini/0.1.1.1.0.0.searchglobal.0_16.07.TcoSL.4.1.1_Small.final.json,/gpfs/projects/HeinzGroup/asoubki/FlexFringe/data/MLRegTest/Large/16.07.TcoSL.4.1.1_TestLA.txt,2025-12-29 23:05:20.106323
0.1.1.1.0.0.searchglobal.0,Small,16,7,TcoSL,4,1,1,TestSR,0.55248,0.5726628267611874,0.4136,0.48030471943515424,0.44752,/gpfs/projects/HeinzGroup/caffeine_underground/mlrt/FlexFringe/FlexFringe/models-ps-small/0.1.1.1.0.0.searchglobal.0.ini/0.1.1.1.0.0.searchglobal.0_16.07.TcoSL.4.1.1_Small.final.json,/gpfs/projects/HeinzGroup/asoubki/FlexFringe/data/MLRegTest/Large/16.07.TcoSL.4.1.1_TestSR.txt,2025-12-29 23:05:20.106323
0.1.1.1.0.0.searchglobal.0,Small,16,7,TcoSL,4,1,1,TestLR,0.52451,0.5362305986696231,0.36276,0.4327587235311661,0.47549,/gpfs/projects/HeinzGroup/caffeine_underground/mlrt/FlexFringe/FlexFringe/models-ps-small/0.1.1.1.0.0.searchglobal.0.ini/0.1.1.1.0.0.searchglobal.0_16.07.TcoSL.4.1.1_Small.final.json,/gpfs/projects/HeinzGroup/asoubki/FlexFringe/data/MLRegTest/Large/16.07.TcoSL.4.1.1_TestLR.txt,2025-12-29 23:05:20.106323
0.1.1.1.0.0.searchglobal.0,Small,16,7,TcoSL,4,1,1,TestSA,0.51511,0.5193822314579646,0.4049,0.45505119185425774,0.48489,/gpfs/projects/HeinzGroup/caffeine_underground/mlrt/FlexFringe/FlexFringe/models-ps-small/0.1.1.1.0.0.searchglobal.0.ini/0.1.1.1.0.0.searchglobal.0_16.07.TcoSL.4.1.1_Small.final.json,/gpfs/projects/HeinzGroup/asoubki/FlexFringe/data/MLRegTest/Large/16.07.TcoSL.4.1.1_TestSA.txt,2025-12-29 23:05:20.106323
0.1.1.1.0.0.searchglobal.0,Small,16,7,TcoSL,4,1,1,Dev,0.54625,0.5650217910867426,0.4019,0.4697013965990767,0.45375,/gpfs/projects/HeinzGroup/caffeine_underground/mlrt/FlexFringe/FlexFringe/models-ps-small/0.1.1.1.0.0.searchglobal.0.ini/0.1.1.1.0.0.searchglobal.0_16.07.TcoSL.4.1.1_Small.final.json,/gpfs/projects/HeinzGroup/asoubki/FlexFringe/data/MLRegTest/Large/16.07.TcoSL.4.1.1_Dev.txt,2025-12-29 23:05:20.106323
0.1.1.1.0.0.searchglobal.0,Small,16,7,TcoSL,4,1,1,Train,0.566,0.5932203389830508,0.42,0.4918032786885246,0.434,/gpfs/projects/HeinzGroup/caffeine_underground/mlrt/FlexFringe/FlexFringe/models-ps-small/0.1.1.1.0.0.searchglobal.0.ini/0.1.1.1.0.0.searchglobal.0_16.07.TcoSL.4.1.1_Small.final.json,/gpfs/projects/HeinzGroup/asoubki/FlexFringe/data/MLRegTest/Small/16.07.TcoSL.4.1.1_Train.txt,2025-12-29 23:05:20.106323
0.1.1.1.0.0.searchglobal.0,Small,16,7,TcoSL,4,1,2,TestSR,0.77471,0.8160856057991025,0.70926,0.7589321063613503,0.22529,/gpfs/projects/HeinzGroup/caffeine_underground/mlrt/FlexFringe/FlexFringe/models-ps-small/0.1.1.1.0.0.searchglobal.0.ini/0.1.1.1.0.0.searchglobal.0_16.07.TcoSL.4.1.2_Small.final.json,/gpfs/projects/HeinzGroup/asoubki/FlexFringe/data/MLRegTest/Large/16.07.TcoSL.4.1.2_TestSR.txt,2025-12-29 22:15:08.074096
0.1.1.1.0.0.searchglobal.0,Small,16,7,TcoSL,4,1,2,TestLA,0.58437,0.581758629377677,0.60034,0.5909032747029932,0.41563,/gpfs/projects/HeinzGroup/caffeine_underground/mlrt/FlexFringe/FlexFringe/models-ps-small/0.1.1.1.0.0.searchglobal.0.ini/0.1.1.1.0.0.searchglobal.0_16.07.TcoSL.4.1.2_Small.final.json,/gpfs/projects/HeinzGroup/asoubki/FlexFringe/data/MLRegTest/Large/16.07.TcoSL.4.1.2_TestLA.txt,2025-12-29 22:15:08.074096
0.1.1.1.0.0.searchglobal.0,Small,16,7,TcoSL,4,1,2,TestLR,0.6964,0.7381183317167799,0.6088,0.6672512056115739,0.3036,/gpfs/projects/HeinzGroup/caffeine_underground/mlrt/FlexFringe/FlexFringe/models-ps-small/0.1.1.1.0.0.searchglobal.0.ini/0.1.1.1.0.0.searchglobal.0_16.07.TcoSL.4.1.2_Small.final.json,/gpfs/projects/HeinzGroup/asoubki/FlexFringe/data/MLRegTest/Large/16.07.TcoSL.4.1.2_TestLR.txt,2025-12-29 22:15:08.074096
0.1.1.1.0.0.searchglobal.0,Small,16,7,TcoSL,4,1,2,TestSA,0.62143,0.6036994654050454,0.70692,0.651245059834729,0.37857,/gpfs/projects/HeinzGroup/caffeine_underground/mlrt/FlexFringe/FlexFringe/models-ps-small/0.1.1.1.0.0.searchglobal.0.ini/0.1.1.1.0.0.searchglobal.0_16.07.TcoSL.4.1.2_Small.final.json,/gpfs/projects/HeinzGroup/asoubki/FlexFringe/data/MLRegTest/Large/16.07.TcoSL.4.1.2_TestSA.txt,2025-12-29 22:15:08.074096
0.1.1.1.0.0.searchglobal.0,Small,16,7,TcoSL,4,1,2,Dev,0.77702,0.8176106397615226,0.71312,0.7617989531033009,0.22298,/gpfs/projects/HeinzGroup/caffeine_underground/mlrt/FlexFringe/FlexFringe/models-ps-small/0.1.1.1.0.0.searchglobal.0.ini/0.1.1.1.0.0.searchglobal.0_16.07.TcoSL.4.1.2_Small.final.json,/gpfs/projects/HeinzGroup/asoubki/FlexFringe/data/MLRegTest/Large/16.07.TcoSL.4.1.2_Dev.txt,2025-12-29 22:15:08.074096
0.1.1.1.0.0.searchglobal.0,Small,16,7,TcoSL,4,1,2,Train,0.783,0.8179775280898877,0.728,0.7703703703703704,0.217,/gpfs/projects/HeinzGroup/caffeine_underground/mlrt/FlexFringe/FlexFringe/models-ps-small/0.1.1.1.0.0.searchglobal.0.ini/0.1.1.1.0.0.searchglobal.0_16.07.TcoSL.4.1.2_Small.final.json,/gpfs/projects/HeinzGroup/asoubki/FlexFringe/data/MLRegTest/Small/16.07.TcoSL.4.1.2_Train.txt,2025-12-29 22:15:08.074096
0.1.1.1.0.0.searchglobal.0,Small,16,7,TcoSL,4,1,3,TestSA,0.52607,0.5308601055896209,0.44846,0.4861934756447923,0.47393,/gpfs/projects/HeinzGroup/caffeine_underground/mlrt/FlexFringe/FlexFringe/models-ps-small/0.1.1.1.0.0.searchglobal.0.ini/0.1.1.1.0.0.searchglobal.0_16.07.TcoSL.4.1.3_Small.final.json,/gpfs/projects/HeinzGroup/asoubki/FlexFringe/data/MLRegTest/Large/16.07.TcoSL.4.1.3_TestSA.txt,2025-12-29 22:42:43.046043
0.1.1.1.0.0.searchglobal.0,Small,16,7,TcoSL,4,1,3,TestLR,0.54974,0.5739650249821556,0.38598,0.4615660575911222,0.45026,/gpfs/projects/HeinzGroup/caffeine_underground/mlrt/FlexFringe/FlexFringe/models-ps-small/0.1.1.1.0.0.searchglobal.0.ini/0.1.1.1.0.0.searchglobal.0_16.07.TcoSL.4.1.3_Small.final.json,/gpfs/projects/HeinzGroup/asoubki/FlexFringe/data/MLRegTest/Large/16.07.TcoSL.4.1.3_TestLR.txt,2025-12-29 22:42:43.046043
0.1.1.1.0.0.searchglobal.0,Small,16,7,TcoSL,4,1,3,TestLA,0.51542,0.5210920829457788,0.38096,0.4401414146082215,0.48458,/gpfs/projects/HeinzGroup/caffeine_underground/mlrt/FlexFringe/FlexFringe/models-ps-small/0.1.1.1.0.0.searchglobal.0.ini/0.1.1.1.0.0.searchglobal.0_16.07.TcoSL.4.1.3_Small.final.json,/gpfs/projects/HeinzGroup/asoubki/FlexFringe/data/MLRegTest/Large/16.07.TcoSL.4.1.3_TestLA.txt,2025-12-29 22:42:43.046043
0.1.1.1.0.0.searchglobal.0,Small,16,7,TcoSL,4,1,3,TestSR,0.59707,0.6328815879534565,0.46232,0.5343195608205721,0.40293,/gpfs/projects/HeinzGroup/caffeine_underground/mlrt/FlexFringe/FlexFringe/models-ps-small/0.1.1.1.0.0.searchglobal.0.ini/0.1.1.1.0.0.searchglobal.0_16.07.TcoSL.4.1.3_Small.final.json,/gpfs/projects/HeinzGroup/asoubki/FlexFringe/data/MLRegTest/Large/16.07.TcoSL.4.1.3_TestSR.txt,2025-12-29 22:42:43.046043
0.1.1.1.0.0.searchglobal.0,Small,16,7,TcoSL,4,1,3,Dev,0.59702,0.6333571585660875,0.46078,0.5334583680652033,0.40298,/gpfs/projects/HeinzGroup/caffeine_underground/mlrt/FlexFringe/FlexFringe/models-ps-small/0.1.1.1.0.0.searchglobal.0.ini/0.1.1.1.0.0.searchglobal.0_16.07.TcoSL.4.1.3_Small.final.json,/gpfs/projects/HeinzGroup/asoubki/FlexFringe/data/MLRegTest/Large/16.07.TcoSL.4.1.3_Dev.txt,2025-12-29 22:42:43.046043
0.1.1.1.0.0.searchglobal.0,Small,16,7,TcoSL,4,1,3,Train,0.595,0.6345609065155807,0.448,0.5252051582649473,0.405,/gpfs/projects/HeinzGroup/caffeine_underground/mlrt/FlexFringe/FlexFringe/models-ps-small/0.1.1.1.0.0.searchglobal.0.ini/0.1.1.1.0.0.searchglobal.0_16.07.TcoSL.4.1.3_Small.final.json,/gpfs/projects/HeinzGroup/asoubki/FlexFringe/data/MLRegTest/Small/16.07.TcoSL.4.1.3_Train.txt,2025-12-29 22:42:43.046043
0.1.1.1.0.0.searchglobal.0,Small,16,7,TcoSL,4,1,4,TestLR,0.50013,0.5000651544159659,0.99776,0.6662259703665124,0.49987,/gpfs/projects/HeinzGroup/caffeine_underground/mlrt/FlexFringe/FlexFringe/models-ps-small/0.1.1.1.0.0.searchglobal.0.ini/0.1.1.1.0.0.searchglobal.0_16.07.TcoSL.4.1.4_Small.final.json,/gpfs/projects/HeinzGroup/asoubki/FlexFringe/data/MLRegTest/Large/16.07.TcoSL.4.1.4_TestLR.txt,2025-12-29 22:48:29.988879
0.1.1.1.0.0.searchglobal.0,Small,16,7,TcoSL,4,1,4,TestSA,0.50169,0.5008490840944945,0.99688,0.666724630314542,0.49831,/gpfs/projects/HeinzGroup/caffeine_underground/mlrt/FlexFringe/FlexFringe/models-ps-small/0.1.1.1.0.0.searchglobal.0.ini/0.1.1.1.0.0.searchglobal.0_16.07.TcoSL.4.1.4_Small.final.json,/gpfs/projects/HeinzGroup/asoubki/FlexFringe/data/MLRegTest/Large/16.07.TcoSL.4.1.4_TestSA.txt,2025-12-29 22:48:29.988879
0.1.1.1.0.0.searchglobal.0,Small,16,7,TcoSL,4,1,4,TestSR,0.50098,0.5004917308927425,0.99746,0.6665374746070779,0.49902,/gpfs/projects/HeinzGroup/caffeine_underground/mlrt/FlexFringe/FlexFringe/models-ps-small/0.1.1.1.0.0.searchglobal.0.ini/0.1.1.1.0.0.searchglobal.0_16.07.TcoSL.4.1.4_Small.final.json,/gpfs/projects/HeinzGroup/asoubki/FlexFringe/data/MLRegTest/Large/16.07.TcoSL.4.1.4_TestSR.txt,2025-12-29 22:48:29.988879
0.1.1.1.0.0.searchglobal.0,Small,16,7,TcoSL,4,1,4,TestLA,0.50021,0.5001053064417454,0.9973,0.6661590151560695,0.49979,/gpfs/projects/HeinzGroup/caffeine_underground/mlrt/FlexFringe/FlexFringe/models-ps-small/0.1.1.1.0.0.searchglobal.0.ini/0.1.1.1.0.0.searchglobal.0_16.07.TcoSL.4.1.4_Small.final.json,/gpfs/projects/HeinzGroup/asoubki/FlexFringe/data/MLRegTest/Large/16.07.TcoSL.4.1.4_TestLA.txt,2025-12-29 22:48:29.988879
0.1.1.1.0.0.searchglobal.0,Small,16,7,TcoSL,4,1,4,Dev,0.50068,0.5003410914927768,0.99748,0.6664083377872795,0.49932,/gpfs/projects/HeinzGroup/caffeine_underground/mlrt/FlexFringe/FlexFringe/models-ps-small/0.1.1.1.0.0.searchglobal.0.ini/0.1.1.1.0.0.searchglobal.0_16.07.TcoSL.4.1.4_Small.final.json,/gpfs/projects/HeinzGroup/asoubki/FlexFringe/data/MLRegTest/Large/16.07.TcoSL.4.1.4_Dev.txt,2025-12-29 22:48:29.988879
0.1.1.1.0.0.searchglobal.0,Small,16,7,TcoSL,4,1,4,Train,0.504,0.5020120724346077,0.998,0.6680053547523427,0.496,/gpfs/projects/HeinzGroup/caffeine_underground/mlrt/FlexFringe/FlexFringe/models-ps-small/0.1.1.1.0.0.searchglobal.0.ini/0.1.1.1.0.0.searchglobal.0_16.07.TcoSL.4.1.4_Small.final.json,/gpfs/projects/HeinzGroup/asoubki/FlexFringe/data/MLRegTest/Small/16.07.TcoSL.4.1.4_Train.txt,2025-12-29 22:48:29.988879
0.1.1.1.0.0.searchglobal.0,Small,16,7,TcoSL,4,1,5,TestLR,0.58292,0.5456457117692393,0.99122,0.7038415110416815,0.41708,/gpfs/projects/HeinzGroup/caffeine_underground/mlrt/FlexFringe/FlexFringe/models-ps-small/0.1.1.1.0.0.searchglobal.0.ini/0.1.1.1.0.0.searchglobal.0_16.07.TcoSL.4.1.5_Small.final.json,/gpfs/projects/HeinzGroup/asoubki/FlexFringe/data/MLRegTest/Large/16.07.TcoSL.4.1.5_TestLR.txt,2025-12-29 22:40:25.381910
0.1.1.1.0.0.searchglobal.0,Small,16,7,TcoSL,4,1,5,TestSA,0.56365,0.535751598009369,0.95382,0.6861175251947603,0.43635,/gpfs/projects/HeinzGroup/caffeine_underground/mlrt/FlexFringe/FlexFringe/models-ps-small/0.1.1.1.0.0.searchglobal.0.ini/0.1.1.1.0.0.searchglobal.0_16.07.TcoSL.4.1.5_Small.final.json,/gpfs/projects/HeinzGroup/asoubki/FlexFringe/data/MLRegTest/Large/16.07.TcoSL.4.1.5_TestSA.txt,2025-12-29 22:40:25.381910
0.1.1.1.0.0.searchglobal.0,Small,16,7,TcoSL,4,1,5,TestLA,0.56191,0.5347048601379001,0.95386,0.6852688674162146,0.43809,/gpfs/projects/HeinzGroup/caffeine_underground/mlrt/FlexFringe/FlexFringe/models-ps-small/0.1.1.1.0.0.searchglobal.0.ini/0.1.1.1.0.0.searchglobal.0_16.07.TcoSL.4.1.5_Small.final.json,/gpfs/projects/HeinzGroup/asoubki/FlexFringe/data/MLRegTest/Large/16.07.TcoSL.4.1.5_TestLA.txt,2025-12-29 22:40:25.381910
0.1.1.1.0.0.searchglobal.0,Small,16,7,TcoSL,4,1,5,TestSR,0.58291,0.5454924554183813,0.99416,0.7044534986713906,0.41709,/gpfs/projects/HeinzGroup/caffeine_underground/mlrt/FlexFringe/FlexFringe/models-ps-small/0.1.1.1.0.0.searchglobal.0.ini/0.1.1.1.0.0.searchglobal.0_16.07.TcoSL.4.1.5_Small.final.json,/gpfs/projects/HeinzGroup/asoubki/FlexFringe/data/MLRegTest/Large/16.07.TcoSL.4.1.5_TestSR.txt,2025-12-29 22:40:25.381910
0.1.1.1.0.0.searchglobal.0,Small,16,7,TcoSL,4,1,5,Dev,0.58507,0.546778255562032,0.99436,0.7055751477694442,0.41493,/gpfs/projects/HeinzGroup/caffeine_underground/mlrt/FlexFringe/FlexFringe/models-ps-small/0.1.1.1.0.0.searchglobal.0.ini/0.1.1.1.0.0.searchglobal.0_16.07.TcoSL.4.1.5_Small.final.json,/gpfs/projects/HeinzGroup/asoubki/FlexFringe/data/MLRegTest/Large/16.07.TcoSL.4.1.5_Dev.txt,2025-12-29 22:40:25.381910
0.1.1.1.0.0.searchglobal.0,Small,16,7,TcoSL,4,1,5,Train,0.611,0.5627118644067797,0.996,0.7191335740072202,0.389,/gpfs/projects/HeinzGroup/caffeine_underground/mlrt/FlexFringe/FlexFringe/models-ps-small/0.1.1.1.0.0.searchglobal.0.ini/0.1.1.1.0.0.searchglobal.0_16.07.TcoSL.4.1.5_Small.final.json,/gpfs/projects/HeinzGroup/asoubki/FlexFringe/data/MLRegTest/Small/16.07.TcoSL.4.1.5_Train.txt,2025-12-29 22:40:25.381910
0.1.1.1.0.0.searchglobal.0,Small,16,7,TcoSL,4,1,6,TestLA,0.48783,0.4937146870771487,0.95596,0.6511412477096715,0.51217,/gpfs/projects/HeinzGroup/caffeine_underground/mlrt/FlexFringe/FlexFringe/models-ps-small/0.1.1.1.0.0.searchglobal.0.ini/0.1.1.1.0.0.searchglobal.0_16.07.TcoSL.4.1.6_Small.final.json,/gpfs/projects/HeinzGroup/asoubki/FlexFringe/data/MLRegTest/Large/16.07.TcoSL.4.1.6_TestLA.txt,2025-12-29 22:42:31.996217
0.1.1.1.0.0.searchglobal.0,Small,16,7,TcoSL,4,1,6,TestLR,0.49825,0.4991040435793203,0.97486,0.6602014072774802,0.50175,/gpfs/projects/HeinzGroup/caffeine_underground/mlrt/FlexFringe/FlexFringe/models-ps-small/0.1.1.1.0.0.searchglobal.0.ini/0.1.1.1.0.0.searchglobal.0_16.07.TcoSL.4.1.6_Small.final.json,/gpfs/projects/HeinzGroup/asoubki/FlexFringe/data/MLRegTest/Large/16.07.TcoSL.4.1.6_TestLR.txt,2025-12-29 22:42:31.996217
0.1.1.1.0.0.searchglobal.0,Small,16,7,TcoSL,4,1,6,TestSA,0.48834,0.49400292138992324,0.96048,0.6524379474778214,0.51166,/gpfs/projects/HeinzGroup/caffeine_underground/mlrt/FlexFringe/FlexFringe/models-ps-small/0.1.1.1.0.0.searchglobal.0.ini/0.1.1.1.0.0.searchglobal.0_16.07.TcoSL.4.1.6_Small.final.json,/gpfs/projects/HeinzGroup/asoubki/FlexFringe/data/MLRegTest/Large/16.07.TcoSL.4.1.6_TestSA.txt,2025-12-29 22:42:31.996217
0.1.1.1.0.0.searchglobal.0,Small,16,7,TcoSL,4,1,6,TestSR,0.49862,0.4992982670246522,0.9819,0.6619788576667925,0.50138,/gpfs/projects/HeinzGroup/caffeine_underground/mlrt/FlexFringe/FlexFringe/models-ps-small/0.1.1.1.0.0.searchglobal.0.ini/0.1.1.1.0.0.searchglobal.0_16.07.TcoSL.4.1.6_Small.final.json,/gpfs/projects/HeinzGroup/asoubki/FlexFringe/data/MLRegTest/Large/16.07.TcoSL.4.1.6_TestSR.txt,2025-12-29 22:42:31.996217
0.1.1.1.0.0.searchglobal.0,Small,16,7,TcoSL,4,1,6,Dev,0.49846,0.4992178612059158,0.98294,0.6621443198965294,0.50154,/gpfs/projects/HeinzGroup/caffeine_underground/mlrt/FlexFringe/FlexFringe/models-ps-small/0.1.1.1.0.0.searchglobal.0.ini/0.1.1.1.0.0.searchglobal.0_16.07.TcoSL.4.1.6_Small.final.json,/gpfs/projects/HeinzGroup/asoubki/FlexFringe/data/MLRegTest/Large/16.07.TcoSL.4.1.6_Dev.txt,2025-12-29 22:42:31.996217
0.1.1.1.0.0.searchglobal.0,Small,16,7,TcoSL,4,1,6,Train,0.498,0.49898373983739835,0.982,0.6617250673854448,0.502,/gpfs/projects/HeinzGroup/caffeine_underground/mlrt/FlexFringe/FlexFringe/models-ps-small/0.1.1.1.0.0.searchglobal.0.ini/0.1.1.1.0.0.searchglobal.0_16.07.TcoSL.4.1.6_Small.final.json,/gpfs/projects/HeinzGroup/asoubki/FlexFringe/data/MLRegTest/Small/16.07.TcoSL.4.1.6_Train.txt,2025-12-29 22:42:31.996217
0.1.1.1.0.0.searchglobal.0,Small,16,7,TcoSL,4,1,7,TestSA,0.50169,0.5008493230543466,0.9966,0.66666220708939,0.49831,/gpfs/projects/HeinzGroup/caffeine_underground/mlrt/FlexFringe/FlexFringe/models-ps-small/0.1.1.1.0.0.searchglobal.0.ini/0.1.1.1.0.0.searchglobal.0_16.07.TcoSL.4.1.7_Small.final.json,/gpfs/projects/HeinzGroup/asoubki/FlexFringe/data/MLRegTest/Large/16.07.TcoSL.4.1.7_TestSA.txt,2025-12-29 22:15:01.797497
0.1.1.1.0.0.searchglobal.0,Small,16,7,TcoSL,4,1,7,TestLA,0.50023,0.5001153471950571,0.99722,0.6661500744827955,0.49977,/gpfs/projects/HeinzGroup/caffeine_underground/mlrt/FlexFringe/FlexFringe/models-ps-small/0.1.1.1.0.0.searchglobal.0.ini/0.1.1.1.0.0.searchglobal.0_16.07.TcoSL.4.1.7_Small.final.json,/gpfs/projects/HeinzGroup/asoubki/FlexFringe/data/MLRegTest/Large/16.07.TcoSL.4.1.7_TestLA.txt,2025-12-29 22:15:01.797497
0.1.1.1.0.0.searchglobal.0,Small,16,7,TcoSL,4,1,7,TestLR,0.50004,0.5000200473116555,0.99768,0.6661681044843888,0.49996,/gpfs/projects/HeinzGroup/caffeine_underground/mlrt/FlexFringe/FlexFringe/models-ps-small/0.1.1.1.0.0.searchglobal.0.ini/0.1.1.1.0.0.searchglobal.0_16.07.TcoSL.4.1.7_Small.final.json,/gpfs/projects/HeinzGroup/asoubki/FlexFringe/data/MLRegTest/Large/16.07.TcoSL.4.1.7_TestLR.txt,2025-12-29 22:15:01.797497
0.1.1.1.0.0.searchglobal.0,Small,16,7,TcoSL,4,1,7,TestSR,0.50064,0.500321111044213,0.99718,0.6663236532267764,0.49936,/gpfs/projects/HeinzGroup/caffeine_underground/mlrt/FlexFringe/FlexFringe/models-ps-small/0.1.1.1.0.0.searchglobal.0.ini/0.1.1.1.0.0.searchglobal.0_16.07.TcoSL.4.1.7_Small.final.json,/gpfs/projects/HeinzGroup/asoubki/FlexFringe/data/MLRegTest/Large/16.07.TcoSL.4.1.7_TestSR.txt,2025-12-29 22:15:01.797497
0.1.1.1.0.0.searchglobal.0,Small,16,7,TcoSL,4,1,7,Dev,0.50081,0.5004062471788391,0.99774,0.6665241527659944,0.49919,/gpfs/projects/HeinzGroup/caffeine_underground/mlrt/FlexFringe/FlexFringe/models-ps-small/0.1.1.1.0.0.searchglobal.0.ini/0.1.1.1.0.0.searchglobal.0_16.07.TcoSL.4.1.7_Small.final.json,/gpfs/projects/HeinzGroup/asoubki/FlexFringe/data/MLRegTest/Large/16.07.TcoSL.4.1.7_Dev.txt,2025-12-29 22:15:01.797497
0.1.1.1.0.0.searchglobal.0,Small,16,7,TcoSL,4,1,7,Train,0.498,0.49899396378269617,0.992,0.6639892904953146,0.502,/gpfs/projects/HeinzGroup/caffeine_underground/mlrt/FlexFringe/FlexFringe/models-ps-small/0.1.1.1.0.0.searchglobal.0.ini/0.1.1.1.0.0.searchglobal.0_16.07.TcoSL.4.1.7_Small.final.json,/gpfs/projects/HeinzGroup/asoubki/FlexFringe/data/MLRegTest/Small/16.07.TcoSL.4.1.7_Train.txt,2025-12-29 22:15:01.797497
0.1.1.1.0.0.searchglobal.0,Small,16,7,TcoSL,4,1,8,TestLR,0.49878,0.49938925489096697,0.99756,0.6655813394894514,0.50122,/gpfs/projects/HeinzGroup/caffeine_underground/mlrt/FlexFringe/FlexFringe/models-ps-small/0.1.1.1.0.0.searchglobal.0.ini/0.1.1.1.0.0.searchglobal.0_16.07.TcoSL.4.1.8_Small.final.json,/gpfs/projects/HeinzGroup/asoubki/FlexFringe/data/MLRegTest/Large/16.07.TcoSL.4.1.8_TestLR.txt,2025-12-29 22:03:14.566647
0.1.1.1.0.0.searchglobal.0,Small,16,7,TcoSL,4,1,8,TestLA,0.49861,0.4993040326053214,0.99722,0.6654299651009936,0.50139,/gpfs/projects/HeinzGroup/caffeine_underground/mlrt/FlexFringe/FlexFringe/models-ps-small/0.1.1.1.0.0.searchglobal.0.ini/0.1.1.1.0.0.searchglobal.0_16.07.TcoSL.4.1.8_Small.final.json,/gpfs/projects/HeinzGroup/asoubki/FlexFringe/data/MLRegTest/Large/16.07.TcoSL.4.1.8_TestLA.txt,2025-12-29 22:03:14.566647
0.1.1.1.0.0.searchglobal.0,Small,16,7,TcoSL,4,1,8,TestSR,0.49832,0.49915858642519434,0.99664,0.6651716589246622,0.50168,/gpfs/projects/HeinzGroup/caffeine_underground/mlrt/FlexFringe/FlexFringe/models-ps-small/0.1.1.1.0.0.searchglobal.0.ini/0.1.1.1.0.0.searchglobal.0_16.07.TcoSL.4.1.8_Small.final.json,/gpfs/projects/HeinzGroup/asoubki/FlexFringe/data/MLRegTest/Large/16.07.TcoSL.4.1.8_TestSR.txt,2025-12-29 22:03:14.566647
0.1.1.1.0.0.searchglobal.0,Small,16,7,TcoSL,4,1,8,TestSA,0.49821,0.49910339507718815,0.99642,0.6650736545611096,0.50179,/gpfs/projects/HeinzGroup/caffeine_underground/mlrt/FlexFringe/FlexFringe/models-ps-small/0.1.1.1.0.0.searchglobal.0.ini/0.1.1.1.0.0.searchglobal.0_16.07.TcoSL.4.1.8_Small.final.json,/gpfs/projects/HeinzGroup/asoubki/FlexFringe/data/MLRegTest/Large/16.07.TcoSL.4.1.8_TestSA.txt,2025-12-29 22:03:14.566647
0.1.1.1.0.0.searchglobal.0,Small,16,7,TcoSL,4,1,8,Dev,0.49858,0.4992889903663202,0.99716,0.6654032484084934,0.50142,/gpfs/projects/HeinzGroup/caffeine_underground/mlrt/FlexFringe/FlexFringe/models-ps-small/0.1.1.1.0.0.searchglobal.0.ini/0.1.1.1.0.0.searchglobal.0_16.07.TcoSL.4.1.8_Small.final.json,/gpfs/projects/HeinzGroup/asoubki/FlexFringe/data/MLRegTest/Large/16.07.TcoSL.4.1.8_Dev.txt,2025-12-29 22:03:14.566647
0.1.1.1.0.0.searchglobal.0,Small,16,7,TcoSL,4,1,8,Train,0.496,0.4979919678714859,0.992,0.6631016042780749,0.504,/gpfs/projects/HeinzGroup/caffeine_underground/mlrt/FlexFringe/FlexFringe/models-ps-small/0.1.1.1.0.0.searchglobal.0.ini/0.1.1.1.0.0.searchglobal.0_16.07.TcoSL.4.1.8_Small.final.json,/gpfs/projects/HeinzGroup/asoubki/FlexFringe/data/MLRegTest/Small/16.07.TcoSL.4.1.8_Train.txt,2025-12-29 22:03:14.566647
0.1.1.1.0.0.searchglobal.0,Small,16,7,TcoSL,4,1,9,TestLR,0.54662,0.5268103606919396,0.91606,0.6689303656969272,0.45338,/gpfs/projects/HeinzGroup/caffeine_underground/mlrt/FlexFringe/FlexFringe/models-ps-small/0.1.1.1.0.0.searchglobal.0.ini/0.1.1.1.0.0.searchglobal.0_16.07.TcoSL.4.1.9_Small.final.json,/gpfs/projects/HeinzGroup/asoubki/FlexFringe/data/MLRegTest/Large/16.07.TcoSL.4.1.9_TestLR.txt,2025-12-29 22:50:53.336032
0.1.1.1.0.0.searchglobal.0,Small,16,7,TcoSL,4,1,9,TestSA,0.51989,0.5123010130246021,0.82836,0.6330752711181762,0.48011,/gpfs/projects/HeinzGroup/caffeine_underground/mlrt/FlexFringe/FlexFringe/models-ps-small/0.1.1.1.0.0.searchglobal.0.ini/0.1.1.1.0.0.searchglobal.0_16.07.TcoSL.4.1.9_Small.final.json,/gpfs/projects/HeinzGroup/asoubki/FlexFringe/data/MLRegTest/Large/16.07.TcoSL.4.1.9_TestSA.txt,2025-12-29 22:50:53.336032
0.1.1.1.0.0.searchglobal.0,Small,16,7,TcoSL,4,1,9,TestSR,0.56847,0.5395245736980039,0.93464,0.684131550246309,0.43153,/gpfs/projects/HeinzGroup/caffeine_underground/mlrt/FlexFringe/FlexFringe/models-ps-small/0.1.1.1.0.0.searchglobal.0.ini/0.1.1.1.0.0.searchglobal.0_16.07.TcoSL.4.1.9_Small.final.json,/gpfs/projects/HeinzGroup/asoubki/FlexFringe/data/MLRegTest/Large/16.07.TcoSL.4.1.9_TestSR.txt,2025-12-29 22:50:53.336032
0.1.1.1.0.0.searchglobal.0,Small,16,7,TcoSL,4,1,9,TestLA,0.50873,0.505243558171662,0.84118,0.631303238395437,0.49127,/gpfs/projects/HeinzGroup/caffeine_underground/mlrt/FlexFringe/FlexFringe/models-ps-small/0.1.1.1.0.0.searchglobal.0.ini/0.1.1.1.0.0.searchglobal.0_16.07.TcoSL.4.1.9_Small.final.json,/gpfs/projects/HeinzGroup/asoubki/FlexFringe/data/MLRegTest/Large/16.07.TcoSL.4.1.9_TestLA.txt,2025-12-29 22:50:53.336032
0.1.1.1.0.0.searchglobal.0,Small,16,7,TcoSL,4,1,9,Dev,0.57008,0.540387275242047,0.93768,0.6856390757531442,0.42992,/gpfs/projects/HeinzGroup/caffeine_underground/mlrt/FlexFringe/FlexFringe/models-ps-small/0.1.1.1.0.0.searchglobal.0.ini/0.1.1.1.0.0.searchglobal.0_16.07.TcoSL.4.1.9_Small.final.json,/gpfs/projects/HeinzGroup/asoubki/FlexFringe/data/MLRegTest/Large/16.07.TcoSL.4.1.9_Dev.txt,2025-12-29 22:50:53.336032
0.1.1.1.0.0.searchglobal.0,Small,16,7,TcoSL,4,1,9,Train,0.574,0.5427251732101617,0.94,0.6881405563689604,0.426,/gpfs/projects/HeinzGroup/caffeine_underground/mlrt/FlexFringe/FlexFringe/models-ps-small/0.1.1.1.0.0.searchglobal.0.ini/0.1.1.1.0.0.searchglobal.0_16.07.TcoSL.4.1.9_Small.final.json,/gpfs/projects/HeinzGroup/asoubki/FlexFringe/data/MLRegTest/Small/16.07.TcoSL.4.1.9_Train.txt,2025-12-29 22:50:53.336032
0.1.1.1.0.0.searchglobal.0,Small,16,7,TcoSL,6,1,0,TestLA,0.56863,0.5399573818977864,0.92742,0.6825337248581459,0.43137,/gpfs/projects/HeinzGroup/caffeine_underground/mlrt/FlexFringe/FlexFringe/models-ps-small/0.1.1.1.0.0.searchglobal.0.ini/0.1.1.1.0.0.searchglobal.0_16.07.TcoSL.6.1.0_Small.final.json,/gpfs/projects/HeinzGroup/asoubki/FlexFringe/data/MLRegTest/Large/16.07.TcoSL.6.1.0_TestLA.txt,2025-12-29 23:03:31.820600
0.1.1.1.0.0.searchglobal.0,Small,16,7,TcoSL,6,1,0,TestSR,0.96001,0.9742468916884884,0.945,0.9594006030518076,0.03999,/gpfs/projects/HeinzGroup/caffeine_underground/mlrt/FlexFringe/FlexFringe/models-ps-small/0.1.1.1.0.0.searchglobal.0.ini/0.1.1.1.0.0.searchglobal.0_16.07.TcoSL.6.1.0_Small.final.json,/gpfs/projects/HeinzGroup/asoubki/FlexFringe/data/MLRegTest/Large/16.07.TcoSL.6.1.0_TestSR.txt,2025-12-29 23:03:31.820600
0.1.1.1.0.0.searchglobal.0,Small,16,7,TcoSL,6,1,0,TestSA,0.57671,0.5443846554417636,0.94086,0.6897042114137009,0.42329,/gpfs/projects/HeinzGroup/caffeine_underground/mlrt/FlexFringe/FlexFringe/models-ps-small/0.1.1.1.0.0.searchglobal.0.ini/0.1.1.1.0.0.searchglobal.0_16.07.TcoSL.6.1.0_Small.final.json,/gpfs/projects/HeinzGroup/asoubki/FlexFringe/data/MLRegTest/Large/16.07.TcoSL.6.1.0_TestSA.txt,2025-12-29 23:03:31.820600
0.1.1.1.0.0.searchglobal.0,Small,16,7,TcoSL,6,1,0,TestLR,0.94111,0.9531362356953547,0.92784,0.9403180201270864,0.05889,/gpfs/projects/HeinzGroup/caffeine_underground/mlrt/FlexFringe/FlexFringe/models-ps-small/0.1.1.1.0.0.searchglobal.0.ini/0.1.1.1.0.0.searchglobal.0_16.07.TcoSL.6.1.0_Small.final.json,/gpfs/projects/HeinzGroup/asoubki/FlexFringe/data/MLRegTest/Large/16.07.TcoSL.6.1.0_TestLR.txt,2025-12-29 23:03:31.820600
0.1.1.1.0.0.searchglobal.0,Small,16,7,TcoSL,6,1,0,Dev,0.95933,0.9748382161391032,0.943,0.9586548334299104,0.04067,/gpfs/projects/HeinzGroup/caffeine_underground/mlrt/FlexFringe/FlexFringe/models-ps-small/0.1.1.1.0.0.searchglobal.0.ini/0.1.1.1.0.0.searchglobal.0_16.07.TcoSL.6.1.0_Small.final.json,/gpfs/projects/HeinzGroup/asoubki/FlexFringe/data/MLRegTest/Large/16.07.TcoSL.6.1.0_Dev.txt,2025-12-29 23:03:31.820600
0.1.1.1.0.0.searchglobal.0,Small,16,7,TcoSL,6,1,0,Train,0.965,0.9813664596273292,0.948,0.9643947100712106,0.035,/gpfs/projects/HeinzGroup/caffeine_underground/mlrt/FlexFringe/FlexFringe/models-ps-small/0.1.1.1.0.0.searchglobal.0.ini/0.1.1.1.0.0.searchglobal.0_16.07.TcoSL.6.1.0_Small.final.json,/gpfs/projects/HeinzGroup/asoubki/FlexFringe/data/MLRegTest/Small/16.07.TcoSL.6.1.0_Train.txt,2025-12-29 23:03:31.820600
0.1.1.1.0.0.searchglobal.0,Small,16,7,TcoSL,6,1,1,TestLA,0.55176,0.5422654821008623,0.66408,0.5970224395857308,0.44824,/gpfs/projects/HeinzGroup/caffeine_underground/mlrt/FlexFringe/FlexFringe/models-ps-small/0.1.1.1.0.0.searchglobal.0.ini/0.1.1.1.0.0.searchglobal.0_16.07.TcoSL.6.1.1_Small.final.json,/gpfs/projects/HeinzGroup/asoubki/FlexFringe/data/MLRegTest/Large/16.07.TcoSL.6.1.1_TestLA.txt,2025-12-29 23:25:53.796317
0.1.1.1.0.0.searchglobal.0,Small,16,7,TcoSL,6,1,1,TestSA,0.57544,0.5554836432101671,0.75528,0.6401545972335232,0.42456,/gpfs/projects/HeinzGroup/caffeine_underground/mlrt/FlexFringe/FlexFringe/models-ps-small/0.1.1.1.0.0.searchglobal.0.ini/0.1.1.1.0.0.searchglobal.0_16.07.TcoSL.6.1.1_Small.final.json,/gpfs/projects/HeinzGroup/asoubki/FlexFringe/data/MLRegTest/Large/16.07.TcoSL.6.1.1_TestSA.txt,2025-12-29 23:25:53.796317
0.1.1.1.0.0.searchglobal.0,Small,16,7,TcoSL,6,1,1,TestSR,0.78802,0.8031661824765273,0.76304,0.7825890750958955,0.21198,/gpfs/projects/HeinzGroup/caffeine_underground/mlrt/FlexFringe/FlexFringe/models-ps-small/0.1.1.1.0.0.searchglobal.0.ini/0.1.1.1.0.0.searchglobal.0_16.07.TcoSL.6.1.1_Small.final.json,/gpfs/projects/HeinzGroup/asoubki/FlexFringe/data/MLRegTest/Large/16.07.TcoSL.6.1.1_TestSR.txt,2025-12-29 23:25:53.796317
0.1.1.1.0.0.searchglobal.0,Small,16,7,TcoSL,6,1,1,TestLR,0.70859,0.7280519537314412,0.66592,0.6956013078039965,0.29141,/gpfs/projects/HeinzGroup/caffeine_underground/mlrt/FlexFringe/FlexFringe/models-ps-small/0.1.1.1.0.0.searchglobal.0.ini/0.1.1.1.0.0.searchglobal.0_16.07.TcoSL.6.1.1_Small.final.json,/gpfs/projects/HeinzGroup/asoubki/FlexFringe/data/MLRegTest/Large/16.07.TcoSL.6.1.1_TestLR.txt,2025-12-29 23:25:53.796317
0.1.1.1.0.0.searchglobal.0,Small,16,7,TcoSL,6,1,1,Dev,0.79026,0.8071014431419019,0.76284,0.7843467889530938,0.20974,/gpfs/projects/HeinzGroup/caffeine_underground/mlrt/FlexFringe/FlexFringe/models-ps-small/0.1.1.1.0.0.searchglobal.0.ini/0.1.1.1.0.0.searchglobal.0_16.07.TcoSL.6.1.1_Small.final.json,/gpfs/projects/HeinzGroup/asoubki/FlexFringe/data/MLRegTest/Large/16.07.TcoSL.6.1.1_Dev.txt,2025-12-29 23:25:53.796317
0.1.1.1.0.0.searchglobal.0,Small,16,7,TcoSL,6,1,1,Train,0.8,0.8125,0.78,0.7959183673469388,0.2,/gpfs/projects/HeinzGroup/caffeine_underground/mlrt/FlexFringe/FlexFringe/models-ps-small/0.1.1.1.0.0.searchglobal.0.ini/0.1.1.1.0.0.searchglobal.0_16.07.TcoSL.6.1.1_Small.final.json,/gpfs/projects/HeinzGroup/asoubki/FlexFringe/data/MLRegTest/Small/16.07.TcoSL.6.1.1_Train.txt,2025-12-29 23:25:53.796317
0.1.1.1.0.0.searchglobal.0,Small,16,7,TcoSL,6,1,2,TestSR,0.86955,0.8837407322797034,0.85106,0.8670925410846553,0.13045,/gpfs/projects/HeinzGroup/caffeine_underground/mlrt/FlexFringe/FlexFringe/models-ps-small/0.1.1.1.0.0.searchglobal.0.ini/0.1.1.1.0.0.searchglobal.0_16.07.TcoSL.6.1.2_Small.final.json,/gpfs/projects/HeinzGroup/asoubki/FlexFringe/data/MLRegTest/Large/16.07.TcoSL.6.1.2_TestSR.txt,2025-12-29 23:35:53.560373
0.1.1.1.0.0.searchglobal.0,Small,16,7,TcoSL,6,1,2,TestLA,0.54405,0.5318027579236156,0.7366,0.6176680223051444,0.45595,/gpfs/projects/HeinzGroup/caffeine_underground/mlrt/FlexFringe/FlexFringe/models-ps-small/0.1.1.1.0.0.searchglobal.0.ini/0.1.1.1.0.0.searchglobal.0_16.07.TcoSL.6.1.2_Small.final.json,/gpfs/projects/HeinzGroup/asoubki/FlexFringe/data/MLRegTest/Large/16.07.TcoSL.6.1.2_TestLA.txt,2025-12-29 23:35:53.560373
0.1.1.1.0.0.searchglobal.0,Small,16,7,TcoSL,6,1,2,TestSA,0.5543,0.5344464462432439,0.84248,0.6540079802512071,0.4457,/gpfs/projects/HeinzGroup/caffeine_underground/mlrt/FlexFringe/FlexFringe/models-ps-small/0.1.1.1.0.0.searchglobal.0.ini/0.1.1.1.0.0.searchglobal.0_16.07.TcoSL.6.1.2_Small.final.json,/gpfs/projects/HeinzGroup/asoubki/FlexFringe/data/MLRegTest/Large/16.07.TcoSL.6.1.2_TestSA.txt,2025-12-29 23:35:53.560373
0.1.1.1.0.0.searchglobal.0,Small,16,7,TcoSL,6,1,2,TestLR,0.79203,0.8236363233371014,0.7432,0.7813534909637604,0.20797,/gpfs/projects/HeinzGroup/caffeine_underground/mlrt/FlexFringe/FlexFringe/models-ps-small/0.1.1.1.0.0.searchglobal.0.ini/0.1.1.1.0.0.searchglobal.0_16.07.TcoSL.6.1.2_Small.final.json,/gpfs/projects/HeinzGroup/asoubki/FlexFringe/data/MLRegTest/Large/16.07.TcoSL.6.1.2_TestLR.txt,2025-12-29 23:35:53.560373
0.1.1.1.0.0.searchglobal.0,Small,16,7,TcoSL,6,1,2,Dev,0.86909,0.8820411965635028,0.85214,0.8668328162351864,0.13091,/gpfs/projects/HeinzGroup/caffeine_underground/mlrt/FlexFringe/FlexFringe/models-ps-small/0.1.1.1.0.0.searchglobal.0.ini/0.1.1.1.0.0.searchglobal.0_16.07.TcoSL.6.1.2_Small.final.json,/gpfs/projects/HeinzGroup/asoubki/FlexFringe/data/MLRegTest/Large/16.07.TcoSL.6.1.2_Dev.txt,2025-12-29 23:35:53.560373
0.1.1.1.0.0.searchglobal.0,Small,16,7,TcoSL,6,1,2,Train,0.881,0.896049896049896,0.862,0.8786952089704383,0.119,/gpfs/projects/HeinzGroup/caffeine_underground/mlrt/FlexFringe/FlexFringe/models-ps-small/0.1.1.1.0.0.searchglobal.0.ini/0.1.1.1.0.0.searchglobal.0_16.07.TcoSL.6.1.2_Small.final.json,/gpfs/projects/HeinzGroup/asoubki/FlexFringe/data/MLRegTest/Small/16.07.TcoSL.6.1.2_Train.txt,2025-12-29 23:35:53.560373
0.1.1.1.0.0.searchglobal.0,Small,16,7,TcoSL,6,1,3,TestLR,0.58119,0.6227139445603216,0.412,0.4959015900145641,0.41881,/gpfs/projects/HeinzGroup/caffeine_underground/mlrt/FlexFringe/FlexFringe/models-ps-small/0.1.1.1.0.0.searchglobal.0.ini/0.1.1.1.0.0.searchglobal.0_16.07.TcoSL.6.1.3_Small.final.json,/gpfs/projects/HeinzGroup/asoubki/FlexFringe/data/MLRegTest/Large/16.07.TcoSL.6.1.3_TestLR.txt,2025-12-29 23:14:33.689752
0.1.1.1.0.0.searchglobal.0,Small,16,7,TcoSL,6,1,3,TestSR,0.6442,0.6918675820959072,0.51998,0.5937335860604261,0.3558,/gpfs/projects/HeinzGroup/caffeine_underground/mlrt/FlexFringe/FlexFringe/models-ps-small/0.1.1.1.0.0.searchglobal.0.ini/0.1.1.1.0.0.searchglobal.0_16.07.TcoSL.6.1.3_Small.final.json,/gpfs/projects/HeinzGroup/asoubki/FlexFringe/data/MLRegTest/Large/16.07.TcoSL.6.1.3_TestSR.txt,2025-12-29 23:14:33.689752
0.1.1.1.0.0.searchglobal.0,Small,16,7,TcoSL,6,1,3,TestLA,0.51522,0.5194868380620711,0.40574,0.45562143466738536,0.48478,/gpfs/projects/HeinzGroup/caffeine_underground/mlrt/FlexFringe/FlexFringe/models-ps-small/0.1.1.1.0.0.searchglobal.0.ini/0.1.1.1.0.0.searchglobal.0_16.07.TcoSL.6.1.3_Small.final.json,/gpfs/projects/HeinzGroup/asoubki/FlexFringe/data/MLRegTest/Large/16.07.TcoSL.6.1.3_TestLA.txt,2025-12-29 23:14:33.689752
0.1.1.1.0.0.searchglobal.0,Small,16,7,TcoSL,6,1,3,TestSA,0.52567,0.5267167627651381,0.50608,0.5161922053018635,0.47433,/gpfs/projects/HeinzGroup/caffeine_underground/mlrt/FlexFringe/FlexFringe/models-ps-small/0.1.1.1.0.0.searchglobal.0.ini/0.1.1.1.0.0.searchglobal.0_16.07.TcoSL.6.1.3_Small.final.json,/gpfs/projects/HeinzGroup/asoubki/FlexFringe/data/MLRegTest/Large/16.07.TcoSL.6.1.3_TestSA.txt,2025-12-29 23:14:33.689752
0.1.1.1.0.0.searchglobal.0,Small,16,7,TcoSL,6,1,3,Dev,0.64514,0.695364238410596,0.5166,0.5927982925205976,0.35486,/gpfs/projects/HeinzGroup/caffeine_underground/mlrt/FlexFringe/FlexFringe/models-ps-small/0.1.1.1.0.0.searchglobal.0.ini/0.1.1.1.0.0.searchglobal.0_16.07.TcoSL.6.1.3_Small.final.json,/gpfs/projects/HeinzGroup/asoubki/FlexFringe/data/MLRegTest/Large/16.07.TcoSL.6.1.3_Dev.txt,2025-12-29 23:14:33.689752
0.1.1.1.0.0.searchglobal.0,Small,16,7,TcoSL,6,1,3,Train,0.641,0.6920980926430518,0.508,0.5859284890426759,0.359,/gpfs/projects/HeinzGroup/caffeine_underground/mlrt/FlexFringe/FlexFringe/models-ps-small/0.1.1.1.0.0.searchglobal.0.ini/0.1.1.1.0.0.searchglobal.0_16.07.TcoSL.6.1.3_Small.final.json,/gpfs/projects/HeinzGroup/asoubki/FlexFringe/data/MLRegTest/Small/16.07.TcoSL.6.1.3_Train.txt,2025-12-29 23:14:33.689752
0.1.1.1.0.0.searchglobal.0,Small,16,7,TcoSL,6,1,4,TestLR,0.49999,0.49999488559066313,0.97762,0.66161352977403,0.50001,/gpfs/projects/HeinzGroup/caffeine_underground/mlrt/FlexFringe/FlexFringe/models-ps-small/0.1.1.1.0.0.searchglobal.0.ini/0.1.1.1.0.0.searchglobal.0_16.07.TcoSL.6.1.4_Small.final.json,/gpfs/projects/HeinzGroup/asoubki/FlexFringe/data/MLRegTest/Large/16.07.TcoSL.6.1.4_TestLR.txt,2025-12-29 22:13:58.360705
0.1.1.1.0.0.searchglobal.0,Small,16,7,TcoSL,6,1,4,TestLA,0.496,0.4979495171112797,0.97138,0.6583930919491927,0.504,/gpfs/projects/HeinzGroup/caffeine_underground/mlrt/FlexFringe/FlexFringe/models-ps-small/0.1.1.1.0.0.searchglobal.0.ini/0.1.1.1.0.0.searchglobal.0_16.07.TcoSL.6.1.4_Small.final.json,/gpfs/projects/HeinzGroup/asoubki/FlexFringe/data/MLRegTest/Large/16.07.TcoSL.6.1.4_TestLA.txt,2025-12-29 22:13:58.360705
0.1.1.1.0.0.searchglobal.0,Small,16,7,TcoSL,6,1,4,TestSA,0.49966,0.49982088671611596,0.94878,0.6547283868830739,0.50034,/gpfs/projects/HeinzGroup/caffeine_underground/mlrt/FlexFringe/FlexFringe/models-ps-small/0.1.1.1.0.0.searchglobal.0.ini/0.1.1.1.0.0.searchglobal.0_16.07.TcoSL.6.1.4_Small.final.json,/gpfs/projects/HeinzGroup/asoubki/FlexFringe/data/MLRegTest/Large/16.07.TcoSL.6.1.4_TestSA.txt,2025-12-29 22:13:58.360705
0.1.1.1.0.0.searchglobal.0,Small,16,7,TcoSL,6,1,4,TestSR,0.51019,0.5052338541506158,0.98366,0.6675806090385281,0.48981,/gpfs/projects/HeinzGroup/caffeine_underground/mlrt/FlexFringe/FlexFringe/models-ps-small/0.1.1.1.0.0.searchglobal.0.ini/0.1.1.1.0.0.searchglobal.0_16.07.TcoSL.6.1.4_Small.final.json,/gpfs/projects/HeinzGroup/asoubki/FlexFringe/data/MLRegTest/Large/16.07.TcoSL.6.1.4_TestSR.txt,2025-12-29 22:13:58.360705
0.1.1.1.0.0.searchglobal.0,Small,16,7,TcoSL,6,1,4,Dev,0.51064,0.5054755043227666,0.98224,0.6674639847784725,0.48936,/gpfs/projects/HeinzGroup/caffeine_underground/mlrt/FlexFringe/FlexFringe/models-ps-small/0.1.1.1.0.0.searchglobal.0.ini/0.1.1.1.0.0.searchglobal.0_16.07.TcoSL.6.1.4_Small.final.json,/gpfs/projects/HeinzGroup/asoubki/FlexFringe/data/MLRegTest/Large/16.07.TcoSL.6.1.4_Dev.txt,2025-12-29 22:13:58.360705
0.1.1.1.0.0.searchglobal.0,Small,16,7,TcoSL,6,1,4,Train,0.512,0.5061349693251533,0.99,0.6698240866035182,0.488,/gpfs/projects/HeinzGroup/caffeine_underground/mlrt/FlexFringe/FlexFringe/models-ps-small/0.1.1.1.0.0.searchglobal.0.ini/0.1.1.1.0.0.searchglobal.0_16.07.TcoSL.6.1.4_Small.final.json,/gpfs/projects/HeinzGroup/asoubki/FlexFringe/data/MLRegTest/Small/16.07.TcoSL.6.1.4_Train.txt,2025-12-29 22:13:58.360705
0.1.1.1.0.0.searchglobal.0,Small,16,7,TcoSL,6,1,5,TestSA,0.50143,0.5008061333784317,0.88838,0.6405277767763798,0.49857,/gpfs/projects/HeinzGroup/caffeine_underground/mlrt/FlexFringe/FlexFringe/models-ps-small/0.1.1.1.0.0.searchglobal.0.ini/0.1.1.1.0.0.searchglobal.0_16.07.TcoSL.6.1.5_Small.final.json,/gpfs/projects/HeinzGroup/asoubki/FlexFringe/data/MLRegTest/Large/16.07.TcoSL.6.1.5_TestSA.txt,2025-12-29 22:29:08.726116
0.1.1.1.0.0.searchglobal.0,Small,16,7,TcoSL,6,1,5,TestSR,0.5321,0.5173468505468851,0.95734,0.6717044146950689,0.4679,/gpfs/projects/HeinzGroup/caffeine_underground/mlrt/FlexFringe/FlexFringe/models-ps-small/0.1.1.1.0.0.searchglobal.0.ini/0.1.1.1.0.0.searchglobal.0_16.07.TcoSL.6.1.5_Small.final.json,/gpfs/projects/HeinzGroup/asoubki/FlexFringe/data/MLRegTest/Large/16.07.TcoSL.6.1.5_TestSR.txt,2025-12-29 22:29:08.726116
0.1.1.1.0.0.searchglobal.0,Small,16,7,TcoSL,6,1,5,TestLA,0.49656,0.4980946050736679,0.89926,0.641092179368361,0.50344,/gpfs/projects/HeinzGroup/caffeine_underground/mlrt/FlexFringe/FlexFringe/models-ps-small/0.1.1.1.0.0.searchglobal.0.ini/0.1.1.1.0.0.searchglobal.0_16.07.TcoSL.6.1.5_Small.final.json,/gpfs/projects/HeinzGroup/asoubki/FlexFringe/data/MLRegTest/Large/16.07.TcoSL.6.1.5_TestLA.txt,2025-12-29 22:29:08.726116
0.1.1.1.0.0.searchglobal.0,Small,16,7,TcoSL,6,1,5,TestLR,0.51917,0.5103690000973615,0.94356,0.6624309353477629,0.48083,/gpfs/projects/HeinzGroup/caffeine_underground/mlrt/FlexFringe/FlexFringe/models-ps-small/0.1.1.1.0.0.searchglobal.0.ini/0.1.1.1.0.0.searchglobal.0_16.07.TcoSL.6.1.5_Small.final.json,/gpfs/projects/HeinzGroup/asoubki/FlexFringe/data/MLRegTest/Large/16.07.TcoSL.6.1.5_TestLR.txt,2025-12-29 22:29:08.726116
0.1.1.1.0.0.searchglobal.0,Small,16,7,TcoSL,6,1,5,Dev,0.5318,0.5171669185920967,0.958,0.6717150469779835,0.4682,/gpfs/projects/HeinzGroup/caffeine_underground/mlrt/FlexFringe/FlexFringe/models-ps-small/0.1.1.1.0.0.searchglobal.0.ini/0.1.1.1.0.0.searchglobal.0_16.07.TcoSL.6.1.5_Small.final.json,/gpfs/projects/HeinzGroup/asoubki/FlexFringe/data/MLRegTest/Large/16.07.TcoSL.6.1.5_Dev.txt,2025-12-29 22:29:08.726116
0.1.1.1.0.0.searchglobal.0,Small,16,7,TcoSL,6,1,5,Train,0.532,0.5174291938997821,0.95,0.6699576868829337,0.468,/gpfs/projects/HeinzGroup/caffeine_underground/mlrt/FlexFringe/FlexFringe/models-ps-small/0.1.1.1.0.0.searchglobal.0.ini/0.1.1.1.0.0.searchglobal.0_16.07.TcoSL.6.1.5_Small.final.json,/gpfs/projects/HeinzGroup/asoubki/FlexFringe/data/MLRegTest/Small/16.07.TcoSL.6.1.5_Train.txt,2025-12-29 22:29:08.726116
0.1.1.1.0.0.searchglobal.0,Small,16,7,TcoSL,6,1,6,TestSR,0.57362,0.5408274179236913,0.97522,0.6957905251141553,0.42638,/gpfs/projects/HeinzGroup/caffeine_underground/mlrt/FlexFringe/FlexFringe/models-ps-small/0.1.1.1.0.0.searchglobal.0.ini/0.1.1.1.0.0.searchglobal.0_16.07.TcoSL.6.1.6_Small.final.json,/gpfs/projects/HeinzGroup/asoubki/FlexFringe/data/MLRegTest/Large/16.07.TcoSL.6.1.6_TestSR.txt,2025-12-29 22:21:02.345152
0.1.1.1.0.0.searchglobal.0,Small,16,7,TcoSL,6,1,6,TestLR,0.56716,0.5374058726551709,0.96488,0.6903242423375211,0.43284,/gpfs/projects/HeinzGroup/caffeine_underground/mlrt/FlexFringe/FlexFringe/models-ps-small/0.1.1.1.0.0.searchglobal.0.ini/0.1.1.1.0.0.searchglobal.0_16.07.TcoSL.6.1.6_Small.final.json,/gpfs/projects/HeinzGroup/asoubki/FlexFringe/data/MLRegTest/Large/16.07.TcoSL.6.1.6_TestLR.txt,2025-12-29 22:21:02.345152
0.1.1.1.0.0.searchglobal.0,Small,16,7,TcoSL,6,1,6,TestSA,0.505,0.5030338333090627,0.82904,0.6261442252499925,0.495,/gpfs/projects/HeinzGroup/caffeine_underground/mlrt/FlexFringe/FlexFringe/models-ps-small/0.1.1.1.0.0.searchglobal.0.ini/0.1.1.1.0.0.searchglobal.0_16.07.TcoSL.6.1.6_Small.final.json,/gpfs/projects/HeinzGroup/asoubki/FlexFringe/data/MLRegTest/Large/16.07.TcoSL.6.1.6_TestSA.txt,2025-12-29 22:21:02.345152
0.1.1.1.0.0.searchglobal.0,Small,16,7,TcoSL,6,1,6,TestLA,0.50191,0.5011484853222373,0.83344,0.6259265656800823,0.49809,/gpfs/projects/HeinzGroup/caffeine_underground/mlrt/FlexFringe/FlexFringe/models-ps-small/0.1.1.1.0.0.searchglobal.0.ini/0.1.1.1.0.0.searchglobal.0_16.07.TcoSL.6.1.6_Small.final.json,/gpfs/projects/HeinzGroup/asoubki/FlexFringe/data/MLRegTest/Large/16.07.TcoSL.6.1.6_TestLA.txt,2025-12-29 22:21:02.345152
0.1.1.1.0.0.searchglobal.0,Small,16,7,TcoSL,6,1,6,Dev,0.57544,0.5418460173064122,0.97684,0.6970458113315257,0.42456,/gpfs/projects/HeinzGroup/caffeine_underground/mlrt/FlexFringe/FlexFringe/models-ps-small/0.1.1.1.0.0.searchglobal.0.ini/0.1.1.1.0.0.searchglobal.0_16.07.TcoSL.6.1.6_Small.final.json,/gpfs/projects/HeinzGroup/asoubki/FlexFringe/data/MLRegTest/Large/16.07.TcoSL.6.1.6_Dev.txt,2025-12-29 22:21:02.345152
0.1.1.1.0.0.searchglobal.0,Small,16,7,TcoSL,6,1,6,Train,0.554,0.5294117647058824,0.972,0.685472496473907,0.446,/gpfs/projects/HeinzGroup/caffeine_underground/mlrt/FlexFringe/FlexFringe/models-ps-small/0.1.1.1.0.0.searchglobal.0.ini/0.1.1.1.0.0.searchglobal.0_16.07.TcoSL.6.1.6_Small.final.json,/gpfs/projects/HeinzGroup/asoubki/FlexFringe/data/MLRegTest/Small/16.07.TcoSL.6.1.6_Train.txt,2025-12-29 22:21:02.345152
0.1.1.1.0.0.searchglobal.0,Small,16,7,TcoSL,6,1,7,TestSA,0.49803,0.4989514918620866,0.93746,0.6512716839304447,0.50197,/gpfs/projects/HeinzGroup/caffeine_underground/mlrt/FlexFringe/FlexFringe/models-ps-small/0.1.1.1.0.0.searchglobal.0.ini/0.1.1.1.0.0.searchglobal.0_16.07.TcoSL.6.1.7_Small.final.json,/gpfs/projects/HeinzGroup/asoubki/FlexFringe/data/MLRegTest/Large/16.07.TcoSL.6.1.7_TestSA.txt,2025-12-29 22:44:36.684068
0.1.1.1.0.0.searchglobal.0,Small,16,7,TcoSL,6,1,7,TestLA,0.49512,0.49742659466756667,0.94328,0.6513644901115899,0.50488,/gpfs/projects/HeinzGroup/caffeine_underground/mlrt/FlexFringe/FlexFringe/models-ps-small/0.1.1.1.0.0.searchglobal.0.ini/0.1.1.1.0.0.searchglobal.0_16.07.TcoSL.6.1.7_Small.final.json,/gpfs/projects/HeinzGroup/asoubki/FlexFringe/data/MLRegTest/Large/16.07.TcoSL.6.1.7_TestLA.txt,2025-12-29 22:44:36.684068
0.1.1.1.0.0.searchglobal.0,Small,16,7,TcoSL,6,1,7,TestSR,0.50537,0.5028033870344655,0.96314,0.660694073825089,0.49463,/gpfs/projects/HeinzGroup/caffeine_underground/mlrt/FlexFringe/FlexFringe/models-ps-small/0.1.1.1.0.0.searchglobal.0.ini/0.1.1.1.0.0.searchglobal.0_16.07.TcoSL.6.1.7_Small.final.json,/gpfs/projects/HeinzGroup/asoubki/FlexFringe/data/MLRegTest/Large/16.07.TcoSL.6.1.7_TestSR.txt,2025-12-29 22:44:36.684068
0.1.1.1.0.0.searchglobal.0,Small,16,7,TcoSL,6,1,7,TestLR,0.49787,0.4988807499500804,0.9494,0.6540684656879293,0.50213,/gpfs/projects/HeinzGroup/caffeine_underground/mlrt/FlexFringe/FlexFringe/models-ps-small/0.1.1.1.0.0.searchglobal.0.ini/0.1.1.1.0.0.searchglobal.0_16.07.TcoSL.6.1.7_Small.final.json,/gpfs/projects/HeinzGroup/asoubki/FlexFringe/data/MLRegTest/Large/16.07.TcoSL.6.1.7_TestLR.txt,2025-12-29 22:44:36.684068
0.1.1.1.0.0.searchglobal.0,Small,16,7,TcoSL,6,1,7,Dev,0.50563,0.502939794266618,0.96318,0.6608212411238037,0.49437,/gpfs/projects/HeinzGroup/caffeine_underground/mlrt/FlexFringe/FlexFringe/models-ps-small/0.1.1.1.0.0.searchglobal.0.ini/0.1.1.1.0.0.searchglobal.0_16.07.TcoSL.6.1.7_Small.final.json,/gpfs/projects/HeinzGroup/asoubki/FlexFringe/data/MLRegTest/Large/16.07.TcoSL.6.1.7_Dev.txt,2025-12-29 22:44:36.684068
0.1.1.1.0.0.searchglobal.0,Small,16,7,TcoSL,6,1,7,Train,0.509,0.5047219307450157,0.962,0.6620784583620096,0.491,/gpfs/projects/HeinzGroup/caffeine_underground/mlrt/FlexFringe/FlexFringe/models-ps-small/0.1.1.1.0.0.searchglobal.0.ini/0.1.1.1.0.0.searchglobal.0_16.07.TcoSL.6.1.7_Small.final.json,/gpfs/projects/HeinzGroup/asoubki/FlexFringe/data/MLRegTest/Small/16.07.TcoSL.6.1.7_Train.txt,2025-12-29 22:44:36.684068
0.1.1.1.0.0.searchglobal.0,Small,16,7,TcoSL,6,1,8,TestLA,0.49892,0.4993993058645546,0.89788,0.6418196374449591,0.50108,/gpfs/projects/HeinzGroup/caffeine_underground/mlrt/FlexFringe/FlexFringe/models-ps-small/0.1.1.1.0.0.searchglobal.0.ini/0.1.1.1.0.0.searchglobal.0_16.07.TcoSL.6.1.8_Small.final.json,/gpfs/projects/HeinzGroup/asoubki/FlexFringe/data/MLRegTest/Large/16.07.TcoSL.6.1.8_TestLA.txt,2025-12-29 23:01:50.043025
0.1.1.1.0.0.searchglobal.0,Small,16,7,TcoSL,6,1,8,TestLR,0.52729,0.5146718852485457,0.9573,0.6694358780707828,0.47271,/gpfs/projects/HeinzGroup/caffeine_underground/mlrt/FlexFringe/FlexFringe/models-ps-small/0.1.1.1.0.0.searchglobal.0.ini/0.1.1.1.0.0.searchglobal.0_16.07.TcoSL.6.1.8_Small.final.json,/gpfs/projects/HeinzGroup/asoubki/FlexFringe/data/MLRegTest/Large/16.07.TcoSL.6.1.8_TestLR.txt,2025-12-29 23:01:50.043025
0.1.1.1.0.0.searchglobal.0,Small,16,7,TcoSL,6,1,8,TestSA,0.49789,0.4988418429517087,0.90882,0.6441283408815462,0.50211,/gpfs/projects/HeinzGroup/caffeine_underground/mlrt/FlexFringe/FlexFringe/models-ps-small/0.1.1.1.0.0.searchglobal.0.ini/0.1.1.1.0.0.searchglobal.0_16.07.TcoSL.6.1.8_Small.final.json,/gpfs/projects/HeinzGroup/asoubki/FlexFringe/data/MLRegTest/Large/16.07.TcoSL.6.1.8_TestSA.txt,2025-12-29 23:01:50.043025
0.1.1.1.0.0.searchglobal.0,Small,16,7,TcoSL,6,1,8,TestSR,0.52717,0.5144130284865525,0.96972,0.6722262659873142,0.47283,/gpfs/projects/HeinzGroup/caffeine_underground/mlrt/FlexFringe/FlexFringe/models-ps-small/0.1.1.1.0.0.searchglobal.0.ini/0.1.1.1.0.0.searchglobal.0_16.07.TcoSL.6.1.8_Small.final.json,/gpfs/projects/HeinzGroup/asoubki/FlexFringe/data/MLRegTest/Large/16.07.TcoSL.6.1.8_TestSR.txt,2025-12-29 23:01:50.043025
0.1.1.1.0.0.searchglobal.0,Small,16,7,TcoSL,6,1,8,Dev,0.52799,0.5148859224591821,0.96814,0.6722494184633545,0.47201,/gpfs/projects/HeinzGroup/caffeine_underground/mlrt/FlexFringe/FlexFringe/models-ps-small/0.1.1.1.0.0.searchglobal.0.ini/0.1.1.1.0.0.searchglobal.0_16.07.TcoSL.6.1.8_Small.final.json,/gpfs/projects/HeinzGroup/asoubki/FlexFringe/data/MLRegTest/Large/16.07.TcoSL.6.1.8_Dev.txt,2025-12-29 23:01:50.043025
0.1.1.1.0.0.searchglobal.0,Small,16,7,TcoSL,6,1,8,Train,0.519,0.51009564293305,0.96,0.666204024982651,0.481,/gpfs/projects/HeinzGroup/caffeine_underground/mlrt/FlexFringe/FlexFringe/models-ps-small/0.1.1.1.0.0.searchglobal.0.ini/0.1.1.1.0.0.searchglobal.0_16.07.TcoSL.6.1.8_Small.final.json,/gpfs/projects/HeinzGroup/asoubki/FlexFringe/data/MLRegTest/Small/16.07.TcoSL.6.1.8_Train.txt,2025-12-29 23:01:50.043025
0.1.1.1.0.0.searchglobal.0,Small,16,7,TcoSL,6,1,9,TestSA,0.53318,0.5265066785965361,0.65906,0.585373219170782,0.46682,/gpfs/projects/HeinzGroup/caffeine_underground/mlrt/FlexFringe/FlexFringe/models-ps-small/0.1.1.1.0.0.searchglobal.0.ini/0.1.1.1.0.0.searchglobal.0_16.07.TcoSL.6.1.9_Small.final.json,/gpfs/projects/HeinzGroup/asoubki/FlexFringe/data/MLRegTest/Large/16.07.TcoSL.6.1.9_TestSA.txt,2025-12-29 22:24:07.358172
0.1.1.1.0.0.searchglobal.0,Small,16,7,TcoSL,6,1,9,TestSR,0.70119,0.6286002838039962,0.98342,0.7669606856804162,0.29881,/gpfs/projects/HeinzGroup/caffeine_underground/mlrt/FlexFringe/FlexFringe/models-ps-small/0.1.1.1.0.0.searchglobal.0.ini/0.1.1.1.0.0.searchglobal.0_16.07.TcoSL.6.1.9_Small.final.json,/gpfs/projects/HeinzGroup/asoubki/FlexFringe/data/MLRegTest/Large/16.07.TcoSL.6.1.9_TestSR.txt,2025-12-29 22:24:07.358172
0.1.1.1.0.0.searchglobal.0,Small,16,7,TcoSL,6,1,9,TestLR,0.74803,0.6709255047894701,0.97358,0.7944025131573579,0.25197,/gpfs/projects/HeinzGroup/caffeine_underground/mlrt/FlexFringe/FlexFringe/models-ps-small/0.1.1.1.0.0.searchglobal.0.ini/0.1.1.1.0.0.searchglobal.0_16.07.TcoSL.6.1.9_Small.final.json,/gpfs/projects/HeinzGroup/asoubki/FlexFringe/data/MLRegTest/Large/16.07.TcoSL.6.1.9_TestLR.txt,2025-12-29 22:24:07.358172
0.1.1.1.0.0.searchglobal.0,Small,16,7,TcoSL,6,1,9,TestLA,0.53917,0.5378227535196307,0.55698,0.5472337666165591,0.46083,/gpfs/projects/HeinzGroup/caffeine_underground/mlrt/FlexFringe/FlexFringe/models-ps-small/0.1.1.1.0.0.searchglobal.0.ini/0.1.1.1.0.0.searchglobal.0_16.07.TcoSL.6.1.9_Small.final.json,/gpfs/projects/HeinzGroup/asoubki/FlexFringe/data/MLRegTest/Large/16.07.TcoSL.6.1.9_TestLA.txt,2025-12-29 22:24:07.358172
0.1.1.1.0.0.searchglobal.0,Small,16,7,TcoSL,6,1,9,Dev,0.69924,0.6268689029826036,0.98446,0.7659855900157172,0.30076,/gpfs/projects/HeinzGroup/caffeine_underground/mlrt/FlexFringe/FlexFringe/models-ps-small/0.1.1.1.0.0.searchglobal.0.ini/0.1.1.1.0.0.searchglobal.0_16.07.TcoSL.6.1.9_Small.final.json,/gpfs/projects/HeinzGroup/asoubki/FlexFringe/data/MLRegTest/Large/16.07.TcoSL.6.1.9_Dev.txt,2025-12-29 22:24:07.358172
0.1.1.1.0.0.searchglobal.0,Small,16,7,TcoSL,6,1,9,Train,0.703,0.6289707750952986,0.99,0.7692307692307693,0.297,/gpfs/projects/HeinzGroup/caffeine_underground/mlrt/FlexFringe/FlexFringe/models-ps-small/0.1.1.1.0.0.searchglobal.0.ini/0.1.1.1.0.0.searchglobal.0_16.07.TcoSL.6.1.9_Small.final.json,/gpfs/projects/HeinzGroup/asoubki/FlexFringe/data/MLRegTest/Small/16.07.TcoSL.6.1.9_Train.txt,2025-12-29 22:24:07.358172
0.1.1.1.0.0.searchglobal.0,Small,16,7,TLT,2,1,0,TestSR,0.90091,0.9042817094568703,0.89674,0.9004950644186257,0.09909,/gpfs/projects/HeinzGroup/caffeine_underground/mlrt/FlexFringe/FlexFringe/models-ps-small/0.1.1.1.0.0.searchglobal.0.ini/0.1.1.1.0.0.searchglobal.0_16.07.TLT.2.1.0_Small.final.json,/gpfs/projects/HeinzGroup/asoubki/FlexFringe/data/MLRegTest/Large/16.07.TLT.2.1.0_TestSR.txt,2025-12-29 22:39:16.794498
0.1.1.1.0.0.searchglobal.0,Small,16,7,TLT,2,1,0,TestSA,0.8621,0.897982062780269,0.81702,0.8555899970678172,0.1379,/gpfs/projects/HeinzGroup/caffeine_underground/mlrt/FlexFringe/FlexFringe/models-ps-small/0.1.1.1.0.0.searchglobal.0.ini/0.1.1.1.0.0.searchglobal.0_16.07.TLT.2.1.0_Small.final.json,/gpfs/projects/HeinzGroup/asoubki/FlexFringe/data/MLRegTest/Large/16.07.TLT.2.1.0_TestSA.txt,2025-12-29 22:39:16.794498
0.1.1.1.0.0.searchglobal.0,Small,16,7,TLT,2,1,0,TestLA,0.79039,0.8331306642193416,0.72624,0.7760217983651226,0.20961,/gpfs/projects/HeinzGroup/caffeine_underground/mlrt/FlexFringe/FlexFringe/models-ps-small/0.1.1.1.0.0.searchglobal.0.ini/0.1.1.1.0.0.searchglobal.0_16.07.TLT.2.1.0_Small.final.json,/gpfs/projects/HeinzGroup/asoubki/FlexFringe/data/MLRegTest/Large/16.07.TLT.2.1.0_TestLA.txt,2025-12-29 22:39:16.794498
0.1.1.1.0.0.searchglobal.0,Small,16,7,TLT,2,1,0,TestLR,0.83561,0.8501846866587366,0.8148,0.8321163410574046,0.16439,/gpfs/projects/HeinzGroup/caffeine_underground/mlrt/FlexFringe/FlexFringe/models-ps-small/0.1.1.1.0.0.searchglobal.0.ini/0.1.1.1.0.0.searchglobal.0_16.07.TLT.2.1.0_Small.final.json,/gpfs/projects/HeinzGroup/asoubki/FlexFringe/data/MLRegTest/Large/16.07.TLT.2.1.0_TestLR.txt,2025-12-29 22:39:16.794498
0.1.1.1.0.0.searchglobal.0,Small,16,7,TLT,2,1,0,Dev,0.90229,0.9046775978271804,0.89934,0.9020009026628554,0.09771,/gpfs/projects/HeinzGroup/caffeine_underground/mlrt/FlexFringe/FlexFringe/models-ps-small/0.1.1.1.0.0.searchglobal.0.ini/0.1.1.1.0.0.searchglobal.0_16.07.TLT.2.1.0_Small.final.json,/gpfs/projects/HeinzGroup/asoubki/FlexFringe/data/MLRegTest/Large/16.07.TLT.2.1.0_Dev.txt,2025-12-29 22:39:16.794498
0.1.1.1.0.0.searchglobal.0,Small,16,7,TLT,2,1,0,Train,0.879,0.8843813387423936,0.872,0.878147029204431,0.121,/gpfs/projects/HeinzGroup/caffeine_underground/mlrt/FlexFringe/FlexFringe/models-ps-small/0.1.1.1.0.0.searchglobal.0.ini/0.1.1.1.0.0.searchglobal.0_16.07.TLT.2.1.0_Small.final.json,/gpfs/projects/HeinzGroup/asoubki/FlexFringe/data/MLRegTest/Small/16.07.TLT.2.1.0_Train.txt,2025-12-29 22:39:16.794498
0.1.1.1.0.0.searchglobal.0,Small,16,7,TLT,2,1,1,TestLA,0.69328,0.7394212664750768,0.59692,0.6605727944756762,0.30672,/gpfs/projects/HeinzGroup/caffeine_underground/mlrt/FlexFringe/FlexFringe/models-ps-small/0.1.1.1.0.0.searchglobal.0.ini/0.1.1.1.0.0.searchglobal.0_16.07.TLT.2.1.1_Small.final.json,/gpfs/projects/HeinzGroup/asoubki/FlexFringe/data/MLRegTest/Large/16.07.TLT.2.1.1_TestLA.txt,2025-12-29 22:51:51.236655
0.1.1.1.0.0.searchglobal.0,Small,16,7,TLT,2,1,1,TestSA,0.77305,0.8183514049201353,0.7019,0.7556656080099047,0.22695,/gpfs/projects/HeinzGroup/caffeine_underground/mlrt/FlexFringe/FlexFringe/models-ps-small/0.1.1.1.0.0.searchglobal.0.ini/0.1.1.1.0.0.searchglobal.0_16.07.TLT.2.1.1_Small.final.json,/gpfs/projects/HeinzGroup/asoubki/FlexFringe/data/MLRegTest/Large/16.07.TLT.2.1.1_TestSA.txt,2025-12-29 22:51:51.236655
0.1.1.1.0.0.searchglobal.0,Small,16,7,TLT,2,1,1,TestLR,0.7793,0.7927795714705019,0.75628,0.7740997768633954,0.2207,/gpfs/projects/HeinzGroup/caffeine_underground/mlrt/FlexFringe/FlexFringe/models-ps-small/0.1.1.1.0.0.searchglobal.0.ini/0.1.1.1.0.0.searchglobal.0_16.07.TLT.2.1.1_Small.final.json,/gpfs/projects/HeinzGroup/asoubki/FlexFringe/data/MLRegTest/Large/16.07.TLT.2.1.1_TestLR.txt,2025-12-29 22:51:51.236655
0.1.1.1.0.0.searchglobal.0,Small,16,7,TLT,2,1,1,TestSR,0.8569,0.8558183123305152,0.85842,0.857117181883537,0.1431,/gpfs/projects/HeinzGroup/caffeine_underground/mlrt/FlexFringe/FlexFringe/models-ps-small/0.1.1.1.0.0.searchglobal.0.ini/0.1.1.1.0.0.searchglobal.0_16.07.TLT.2.1.1_Small.final.json,/gpfs/projects/HeinzGroup/asoubki/FlexFringe/data/MLRegTest/Large/16.07.TLT.2.1.1_TestSR.txt,2025-12-29 22:51:51.236655
0.1.1.1.0.0.searchglobal.0,Small,16,7,TLT,2,1,1,Dev,0.85896,0.858544088856926,0.85954,0.8590417557816467,0.14104,/gpfs/projects/HeinzGroup/caffeine_underground/mlrt/FlexFringe/FlexFringe/models-ps-small/0.1.1.1.0.0.searchglobal.0.ini/0.1.1.1.0.0.searchglobal.0_16.07.TLT.2.1.1_Small.final.json,/gpfs/projects/HeinzGroup/asoubki/FlexFringe/data/MLRegTest/Large/16.07.TLT.2.1.1_Dev.txt,2025-12-29 22:51:51.236655
0.1.1.1.0.0.searchglobal.0,Small,16,7,TLT,2,1,1,Train,0.853,0.8537074148296593,0.852,0.8528528528528528,0.147,/gpfs/projects/HeinzGroup/caffeine_underground/mlrt/FlexFringe/FlexFringe/models-ps-small/0.1.1.1.0.0.searchglobal.0.ini/0.1.1.1.0.0.searchglobal.0_16.07.TLT.2.1.1_Small.final.json,/gpfs/projects/HeinzGroup/asoubki/FlexFringe/data/MLRegTest/Small/16.07.TLT.2.1.1_Train.txt,2025-12-29 22:51:51.236655
0.1.1.1.0.0.searchglobal.0,Small,16,7,TLT,2,1,2,TestSR,0.66886,0.6537327021121632,0.71806,0.6843881052230271,0.33114,/gpfs/projects/HeinzGroup/caffeine_underground/mlrt/FlexFringe/FlexFringe/models-ps-small/0.1.1.1.0.0.searchglobal.0.ini/0.1.1.1.0.0.searchglobal.0_16.07.TLT.2.1.2_Small.final.json,/gpfs/projects/HeinzGroup/asoubki/FlexFringe/data/MLRegTest/Large/16.07.TLT.2.1.2_TestSR.txt,2025-12-29 22:19:29.820067
0.1.1.1.0.0.searchglobal.0,Small,16,7,TLT,2,1,2,TestLR,0.60943,0.599952503607899,0.65684,0.6271087730688079,0.39057,/gpfs/projects/HeinzGroup/caffeine_underground/mlrt/FlexFringe/FlexFringe/models-ps-small/0.1.1.1.0.0.searchglobal.0.ini/0.1.1.1.0.0.searchglobal.0_16.07.TLT.2.1.2_Small.final.json,/gpfs/projects/HeinzGroup/asoubki/FlexFringe/data/MLRegTest/Large/16.07.TLT.2.1.2_TestLR.txt,2025-12-29 22:19:29.820067
0.1.1.1.0.0.searchglobal.0,Small,16,7,TLT,2,1,2,TestLA,0.53841,0.5380169052002296,0.54358,0.5407841459653591,0.46159,/gpfs/projects/HeinzGroup/caffeine_underground/mlrt/FlexFringe/FlexFringe/models-ps-small/0.1.1.1.0.0.searchglobal.0.ini/0.1.1.1.0.0.searchglobal.0_16.07.TLT.2.1.2_Small.final.json,/gpfs/projects/HeinzGroup/asoubki/FlexFringe/data/MLRegTest/Large/16.07.TLT.2.1.2_TestLA.txt,2025-12-29 22:19:29.820067
0.1.1.1.0.0.searchglobal.0,Small,16,7,TLT,2,1,2,TestSA,0.55601,0.5604454900606506,0.51932,0.5390995629651929,0.44399,/gpfs/projects/HeinzGroup/caffeine_underground/mlrt/FlexFringe/FlexFringe/models-ps-small/0.1.1.1.0.0.searchglobal.0.ini/0.1.1.1.0.0.searchglobal.0_16.07.TLT.2.1.2_Small.final.json,/gpfs/projects/HeinzGroup/asoubki/FlexFringe/data/MLRegTest/Large/16.07.TLT.2.1.2_TestSA.txt,2025-12-29 22:19:29.820067
0.1.1.1.0.0.searchglobal.0,Small,16,7,TLT,2,1,2,Dev,0.6667,0.6527396005131024,0.7124,0.6812661375155399,0.3333,/gpfs/projects/HeinzGroup/caffeine_underground/mlrt/FlexFringe/FlexFringe/models-ps-small/0.1.1.1.0.0.searchglobal.0.ini/0.1.1.1.0.0.searchglobal.0_16.07.TLT.2.1.2_Small.final.json,/gpfs/projects/HeinzGroup/asoubki/FlexFringe/data/MLRegTest/Large/16.07.TLT.2.1.2_Dev.txt,2025-12-29 22:19:29.820067
0.1.1.1.0.0.searchglobal.0,Small,16,7,TLT,2,1,2,Train,0.664,0.6459074733096085,0.726,0.6836158192090396,0.336,/gpfs/projects/HeinzGroup/caffeine_underground/mlrt/FlexFringe/FlexFringe/models-ps-small/0.1.1.1.0.0.searchglobal.0.ini/0.1.1.1.0.0.searchglobal.0_16.07.TLT.2.1.2_Small.final.json,/gpfs/projects/HeinzGroup/asoubki/FlexFringe/data/MLRegTest/Small/16.07.TLT.2.1.2_Train.txt,2025-12-29 22:19:29.820067
0.1.1.1.0.0.searchglobal.0,Small,16,7,TLT,2,1,3,TestSA,0.72717,0.7317919311062588,0.7172,0.7244224922477097,0.27283,/gpfs/projects/HeinzGroup/caffeine_underground/mlrt/FlexFringe/FlexFringe/models-ps-small/0.1.1.1.0.0.searchglobal.0.ini/0.1.1.1.0.0.searchglobal.0_16.07.TLT.2.1.3_Small.final.json,/gpfs/projects/HeinzGroup/asoubki/FlexFringe/data/MLRegTest/Large/16.07.TLT.2.1.3_TestSA.txt,2025-12-29 23:28:51.244028
0.1.1.1.0.0.searchglobal.0,Small,16,7,TLT,2,1,3,TestSR,0.77195,0.7634000348681789,0.78818,0.7755921395747026,0.22805,/gpfs/projects/HeinzGroup/caffeine_underground/mlrt/FlexFringe/FlexFringe/models-ps-small/0.1.1.1.0.0.searchglobal.0.ini/0.1.1.1.0.0.searchglobal.0_16.07.TLT.2.1.3_Small.final.json,/gpfs/projects/HeinzGroup/asoubki/FlexFringe/data/MLRegTest/Large/16.07.TLT.2.1.3_TestSR.txt,2025-12-29 23:28:51.244028
0.1.1.1.0.0.searchglobal.0,Small,16,7,TLT,2,1,3,TestLR,0.68571,0.6878249084693651,0.68008,0.6839305288775808,0.31429,/gpfs/projects/HeinzGroup/caffeine_underground/mlrt/FlexFringe/FlexFringe/models-ps-small/0.1.1.1.0.0.searchglobal.0.ini/0.1.1.1.0.0.searchglobal.0_16.07.TLT.2.1.3_Small.final.json,/gpfs/projects/HeinzGroup/asoubki/FlexFringe/data/MLRegTest/Large/16.07.TLT.2.1.3_TestLR.txt,2025-12-29 23:28:51.244028
0.1.1.1.0.0.searchglobal.0,Small,16,7,TLT,2,1,3,TestLA,0.65288,0.6598226980011709,0.63116,0.6451731610581838,0.34712,/gpfs/projects/HeinzGroup/caffeine_underground/mlrt/FlexFringe/FlexFringe/models-ps-small/0.1.1.1.0.0.searchglobal.0.ini/0.1.1.1.0.0.searchglobal.0_16.07.TLT.2.1.3_Small.final.json,/gpfs/projects/HeinzGroup/asoubki/FlexFringe/data/MLRegTest/Large/16.07.TLT.2.1.3_TestLA.txt,2025-12-29 23:28:51.244028
0.1.1.1.0.0.searchglobal.0,Small,16,7,TLT,2,1,3,Dev,0.77524,0.7663131821348401,0.792,0.7789448837483772,0.22476,/gpfs/projects/HeinzGroup/caffeine_underground/mlrt/FlexFringe/FlexFringe/models-ps-small/0.1.1.1.0.0.searchglobal.0.ini/0.1.1.1.0.0.searchglobal.0_16.07.TLT.2.1.3_Small.final.json,/gpfs/projects/HeinzGroup/asoubki/FlexFringe/data/MLRegTest/Large/16.07.TLT.2.1.3_Dev.txt,2025-12-29 23:28:51.244028
0.1.1.1.0.0.searchglobal.0,Small,16,7,TLT,2,1,3,Train,0.765,0.7562862669245648,0.782,0.7689282202556539,0.235,/gpfs/projects/HeinzGroup/caffeine_underground/mlrt/FlexFringe/FlexFringe/models-ps-small/0.1.1.1.0.0.searchglobal.0.ini/0.1.1.1.0.0.searchglobal.0_16.07.TLT.2.1.3_Small.final.json,/gpfs/projects/HeinzGroup/asoubki/FlexFringe/data/MLRegTest/Small/16.07.TLT.2.1.3_Train.txt,2025-12-29 23:28:51.244028
0.1.1.1.0.0.searchglobal.0,Small,16,7,TLT,2,1,4,TestLR,0.66509,0.6679074876426435,0.6567,0.6622563306138503,0.33491,/gpfs/projects/HeinzGroup/caffeine_underground/mlrt/FlexFringe/FlexFringe/models-ps-small/0.1.1.1.0.0.searchglobal.0.ini/0.1.1.1.0.0.searchglobal.0_16.07.TLT.2.1.4_Small.final.json,/gpfs/projects/HeinzGroup/asoubki/FlexFringe/data/MLRegTest/Large/16.07.TLT.2.1.4_TestLR.txt,2025-12-29 22:42:17.824790
0.1.1.1.0.0.searchglobal.0,Small,16,7,TLT,2,1,4,TestLA,0.61145,0.6017380826319537,0.65918,0.6291506399549502,0.38855,/gpfs/projects/HeinzGroup/caffeine_underground/mlrt/FlexFringe/FlexFringe/models-ps-small/0.1.1.1.0.0.searchglobal.0.ini/0.1.1.1.0.0.searchglobal.0_16.07.TLT.2.1.4_Small.final.json,/gpfs/projects/HeinzGroup/asoubki/FlexFringe/data/MLRegTest/Large/16.07.TLT.2.1.4_TestLA.txt,2025-12-29 22:42:17.824790
0.1.1.1.0.0.searchglobal.0,Small,16,7,TLT,2,1,4,TestSA,0.68555,0.6662604612820558,0.74356,0.7027910889311065,0.31445,/gpfs/projects/HeinzGroup/caffeine_underground/mlrt/FlexFringe/FlexFringe/models-ps-small/0.1.1.1.0.0.searchglobal.0.ini/0.1.1.1.0.0.searchglobal.0_16.07.TLT.2.1.4_Small.final.json,/gpfs/projects/HeinzGroup/asoubki/FlexFringe/data/MLRegTest/Large/16.07.TLT.2.1.4_TestSA.txt,2025-12-29 22:42:17.824790
0.1.1.1.0.0.searchglobal.0,Small,16,7,TLT,2,1,4,TestSR,0.76999,0.7821153162943303,0.7485,0.7649385289879511,0.23001,/gpfs/projects/HeinzGroup/caffeine_underground/mlrt/FlexFringe/FlexFringe/models-ps-small/0.1.1.1.0.0.searchglobal.0.ini/0.1.1.1.0.0.searchglobal.0_16.07.TLT.2.1.4_Small.final.json,/gpfs/projects/HeinzGroup/asoubki/FlexFringe/data/MLRegTest/Large/16.07.TLT.2.1.4_TestSR.txt,2025-12-29 22:42:17.824790
0.1.1.1.0.0.searchglobal.0,Small,16,7,TLT,2,1,4,Dev,0.76602,0.7767351864181092,0.74666,0.7614007178985153,0.23398,/gpfs/projects/HeinzGroup/caffeine_underground/mlrt/FlexFringe/FlexFringe/models-ps-small/0.1.1.1.0.0.searchglobal.0.ini/0.1.1.1.0.0.searchglobal.0_16.07.TLT.2.1.4_Small.final.json,/gpfs/projects/HeinzGroup/asoubki/FlexFringe/data/MLRegTest/Large/16.07.TLT.2.1.4_Dev.txt,2025-12-29 22:42:17.824790
0.1.1.1.0.0.searchglobal.0,Small,16,7,TLT,2,1,4,Train,0.752,0.7560975609756098,0.744,0.75,0.248,/gpfs/projects/HeinzGroup/caffeine_underground/mlrt/FlexFringe/FlexFringe/models-ps-small/0.1.1.1.0.0.searchglobal.0.ini/0.1.1.1.0.0.searchglobal.0_16.07.TLT.2.1.4_Small.final.json,/gpfs/projects/HeinzGroup/asoubki/FlexFringe/data/MLRegTest/Small/16.07.TLT.2.1.4_Train.txt,2025-12-29 22:42:17.824790
0.1.1.1.0.0.searchglobal.0,Small,16,7,TLT,2,1,5,TestSA,0.50263,0.5090297328847079,0.14826,0.22963616932298686,0.49737,/gpfs/projects/HeinzGroup/caffeine_underground/mlrt/FlexFringe/FlexFringe/models-ps-small/0.1.1.1.0.0.searchglobal.0.ini/0.1.1.1.0.0.searchglobal.0_16.07.TLT.2.1.5_Small.final.json,/gpfs/projects/HeinzGroup/asoubki/FlexFringe/data/MLRegTest/Large/16.07.TLT.2.1.5_TestSA.txt,2025-12-29 22:21:38.736563
0.1.1.1.0.0.searchglobal.0,Small,16,7,TLT,2,1,5,TestLA,0.50205,0.5074044643502131,0.14048,0.22003978509781807,0.49795,/gpfs/projects/HeinzGroup/caffeine_underground/mlrt/FlexFringe/FlexFringe/models-ps-small/0.1.1.1.0.0.searchglobal.0.ini/0.1.1.1.0.0.searchglobal.0_16.07.TLT.2.1.5_Small.final.json,/gpfs/projects/HeinzGroup/asoubki/FlexFringe/data/MLRegTest/Large/16.07.TLT.2.1.5_TestLA.txt,2025-12-29 22:21:38.736563
0.1.1.1.0.0.searchglobal.0,Small,16,7,TLT,2,1,5,TestSR,0.49527,0.4825679958723373,0.13094,0.20598738339075306,0.50473,/gpfs/projects/HeinzGroup/caffeine_underground/mlrt/FlexFringe/FlexFringe/models-ps-small/0.1.1.1.0.0.searchglobal.0.ini/0.1.1.1.0.0.searchglobal.0_16.07.TLT.2.1.5_Small.final.json,/gpfs/projects/HeinzGroup/asoubki/FlexFringe/data/MLRegTest/Large/16.07.TLT.2.1.5_TestSR.txt,2025-12-29 22:21:38.736563
0.1.1.1.0.0.searchglobal.0,Small,16,7,TLT,2,1,5,TestLR,0.4986,0.4948747986528042,0.13518,0.21235351409092337,0.5014,/gpfs/projects/HeinzGroup/caffeine_underground/mlrt/FlexFringe/FlexFringe/models-ps-small/0.1.1.1.0.0.searchglobal.0.ini/0.1.1.1.0.0.searchglobal.0_16.07.TLT.2.1.5_Small.final.json,/gpfs/projects/HeinzGroup/asoubki/FlexFringe/data/MLRegTest/Large/16.07.TLT.2.1.5_TestLR.txt,2025-12-29 22:21:38.736563
0.1.1.1.0.0.searchglobal.0,Small,16,7,TLT,2,1,5,Dev,0.49417,0.4784823208090352,0.12964,0.2040064833902466,0.50583,/gpfs/projects/HeinzGroup/caffeine_underground/mlrt/FlexFringe/FlexFringe/models-ps-small/0.1.1.1.0.0.searchglobal.0.ini/0.1.1.1.0.0.searchglobal.0_16.07.TLT.2.1.5_Small.final.json,/gpfs/projects/HeinzGroup/asoubki/FlexFringe/data/MLRegTest/Large/16.07.TLT.2.1.5_Dev.txt,2025-12-29 22:21:38.736563
0.1.1.1.0.0.searchglobal.0,Small,16,7,TLT,2,1,5,Train,0.489,0.4580152671755725,0.12,0.1901743264659271,0.511,/gpfs/projects/HeinzGroup/caffeine_underground/mlrt/FlexFringe/FlexFringe/models-ps-small/0.1.1.1.0.0.searchglobal.0.ini/0.1.1.1.0.0.searchglobal.0_16.07.TLT.2.1.5_Small.final.json,/gpfs/projects/HeinzGroup/asoubki/FlexFringe/data/MLRegTest/Small/16.07.TLT.2.1.5_Train.txt,2025-12-29 22:21:38.736563
0.1.1.1.0.0.searchglobal.0,Small,16,7,TLT,2,1,6,TestSR,0.49423,0.4790896571718489,0.1322,0.20721977522454033,0.50577,/gpfs/projects/HeinzGroup/caffeine_underground/mlrt/FlexFringe/FlexFringe/models-ps-small/0.1.1.1.0.0.searchglobal.0.ini/0.1.1.1.0.0.searchglobal.0_16.07.TLT.2.1.6_Small.final.json,/gpfs/projects/HeinzGroup/asoubki/FlexFringe/data/MLRegTest/Large/16.07.TLT.2.1.6_TestSR.txt,2025-12-29 23:28:43.299077
0.1.1.1.0.0.searchglobal.0,Small,16,7,TLT,2,1,6,TestLA,0.50104,0.5036333147009503,0.14416,0.2241572334867521,0.49896,/gpfs/projects/HeinzGroup/caffeine_underground/mlrt/FlexFringe/FlexFringe/models-ps-small/0.1.1.1.0.0.searchglobal.0.ini/0.1.1.1.0.0.searchglobal.0_16.07.TLT.2.1.6_Small.final.json,/gpfs/projects/HeinzGroup/asoubki/FlexFringe/data/MLRegTest/Large/16.07.TLT.2.1.6_TestLA.txt,2025-12-29 23:28:43.299077
0.1.1.1.0.0.searchglobal.0,Small,16,7,TLT,2,1,6,TestSA,0.50147,0.5050602409638554,0.14672,0.22738473459899264,0.49853,/gpfs/projects/HeinzGroup/caffeine_underground/mlrt/FlexFringe/FlexFringe/models-ps-small/0.1.1.1.0.0.searchglobal.0.ini/0.1.1.1.0.0.searchglobal.0_16.07.TLT.2.1.6_Small.final.json,/gpfs/projects/HeinzGroup/asoubki/FlexFringe/data/MLRegTest/Large/16.07.TLT.2.1.6_TestSA.txt,2025-12-29 23:28:43.299077
0.1.1.1.0.0.searchglobal.0,Small,16,7,TLT,2,1,6,TestLR,0.49792,0.4925373134328358,0.13728,0.2147147147147147,0.50208,/gpfs/projects/HeinzGroup/caffeine_underground/mlrt/FlexFringe/FlexFringe/models-ps-small/0.1.1.1.0.0.searchglobal.0.ini/0.1.1.1.0.0.searchglobal.0_16.07.TLT.2.1.6_Small.final.json,/gpfs/projects/HeinzGroup/asoubki/FlexFringe/data/MLRegTest/Large/16.07.TLT.2.1.6_TestLR.txt,2025-12-29 23:28:43.299077
0.1.1.1.0.0.searchglobal.0,Small,16,7,TLT,2,1,6,Dev,0.49752,0.49120442615973897,0.1385,0.2160753845673812,0.50248,/gpfs/projects/HeinzGroup/caffeine_underground/mlrt/FlexFringe/FlexFringe/models-ps-small/0.1.1.1.0.0.searchglobal.0.ini/0.1.1.1.0.0.searchglobal.0_16.07.TLT.2.1.6_Small.final.json,/gpfs/projects/HeinzGroup/asoubki/FlexFringe/data/MLRegTest/Large/16.07.TLT.2.1.6_Dev.txt,2025-12-29 23:28:43.299077
0.1.1.1.0.0.searchglobal.0,Small,16,7,TLT,2,1,6,Train,0.482,0.4262295081967213,0.104,0.16720257234726688,0.518,/gpfs/projects/HeinzGroup/caffeine_underground/mlrt/FlexFringe/FlexFringe/models-ps-small/0.1.1.1.0.0.searchglobal.0.ini/0.1.1.1.0.0.searchglobal.0_16.07.TLT.2.1.6_Small.final.json,/gpfs/projects/HeinzGroup/asoubki/FlexFringe/data/MLRegTest/Small/16.07.TLT.2.1.6_Train.txt,2025-12-29 23:28:43.299077
0.1.1.1.0.0.searchglobal.0,Small,16,7,TLT,2,1,7,TestLA,0.49998,0.49993217580032556,0.14742,0.22769677499073274,0.50002,/gpfs/projects/HeinzGroup/caffeine_underground/mlrt/FlexFringe/FlexFringe/models-ps-small/0.1.1.1.0.0.searchglobal.0.ini/0.1.1.1.0.0.searchglobal.0_16.07.TLT.2.1.7_Small.final.json,/gpfs/projects/HeinzGroup/asoubki/FlexFringe/data/MLRegTest/Large/16.07.TLT.2.1.7_TestLA.txt,2025-12-29 23:30:04.487830
0.1.1.1.0.0.searchglobal.0,Small,16,7,TLT,2,1,7,TestSR,0.49659,0.4878414034086857,0.13682,0.21370444996329443,0.50341,/gpfs/projects/HeinzGroup/caffeine_underground/mlrt/FlexFringe/FlexFringe/models-ps-small/0.1.1.1.0.0.searchglobal.0.ini/0.1.1.1.0.0.searchglobal.0_16.07.TLT.2.1.7_Small.final.json,/gpfs/projects/HeinzGroup/asoubki/FlexFringe/data/MLRegTest/Large/16.07.TLT.2.1.7_TestSR.txt,2025-12-29 23:30:04.487830
0.1.1.1.0.0.searchglobal.0,Small,16,7,TLT,2,1,7,TestSA,0.49923,0.4974372628636091,0.14946,0.22985712747796933,0.50077,/gpfs/projects/HeinzGroup/caffeine_underground/mlrt/FlexFringe/FlexFringe/models-ps-small/0.1.1.1.0.0.searchglobal.0.ini/0.1.1.1.0.0.searchglobal.0_16.07.TLT.2.1.7_Small.final.json,/gpfs/projects/HeinzGroup/asoubki/FlexFringe/data/MLRegTest/Large/16.07.TLT.2.1.7_TestSA.txt,2025-12-29 23:30:04.487830
0.1.1.1.0.0.searchglobal.0,Small,16,7,TLT,2,1,7,TestLR,0.49646,0.487331806470083,0.13618,0.2128743825423623,0.50354,/gpfs/projects/HeinzGroup/caffeine_underground/mlrt/FlexFringe/FlexFringe/models-ps-small/0.1.1.1.0.0.searchglobal.0.ini/0.1.1.1.0.0.searchglobal.0_16.07.TLT.2.1.7_Small.final.json,/gpfs/projects/HeinzGroup/asoubki/FlexFringe/data/MLRegTest/Large/16.07.TLT.2.1.7_TestLR.txt,2025-12-29 23:30:04.487830
0.1.1.1.0.0.searchglobal.0,Small,16,7,TLT,2,1,7,Dev,0.49741,0.4907506606670952,0.13742,0.214715395071952,0.50259,/gpfs/projects/HeinzGroup/caffeine_underground/mlrt/FlexFringe/FlexFringe/models-ps-small/0.1.1.1.0.0.searchglobal.0.ini/0.1.1.1.0.0.searchglobal.0_16.07.TLT.2.1.7_Small.final.json,/gpfs/projects/HeinzGroup/asoubki/FlexFringe/data/MLRegTest/Large/16.07.TLT.2.1.7_Dev.txt,2025-12-29 23:30:04.487830
0.1.1.1.0.0.searchglobal.0,Small,16,7,TLT,2,1,7,Train,0.488,0.46,0.138,0.2123076923076923,0.512,/gpfs/projects/HeinzGroup/caffeine_underground/mlrt/FlexFringe/FlexFringe/models-ps-small/0.1.1.1.0.0.searchglobal.0.ini/0.1.1.1.0.0.searchglobal.0_16.07.TLT.2.1.7_Small.final.json,/gpfs/projects/HeinzGroup/asoubki/FlexFringe/data/MLRegTest/Small/16.07.TLT.2.1.7_Train.txt,2025-12-29 23:30:04.487830
0.1.1.1.0.0.searchglobal.0,Small,16,7,TLT,2,1,8,TestLR,0.50369,0.5126760563380282,0.14924,0.2311827124157695,0.49631,/gpfs/projects/HeinzGroup/caffeine_underground/mlrt/FlexFringe/FlexFringe/models-ps-small/0.1.1.1.0.0.searchglobal.0.ini/0.1.1.1.0.0.searchglobal.0_16.07.TLT.2.1.8_Small.final.json,/gpfs/projects/HeinzGroup/asoubki/FlexFringe/data/MLRegTest/Large/16.07.TLT.2.1.8_TestLR.txt,2025-12-29 22:56:56.621153
0.1.1.1.0.0.searchglobal.0,Small,16,7,TLT,2,1,8,TestSA,0.5028,0.5094928125847572,0.15028,0.23209983319948108,0.4972,/gpfs/projects/HeinzGroup/caffeine_underground/mlrt/FlexFringe/FlexFringe/models-ps-small/0.1.1.1.0.0.searchglobal.0.ini/0.1.1.1.0.0.searchglobal.0_16.07.TLT.2.1.8_Small.final.json,/gpfs/projects/HeinzGroup/asoubki/FlexFringe/data/MLRegTest/Large/16.07.TLT.2.1.8_TestSA.txt,2025-12-29 22:56:56.621153
0.1.1.1.0.0.searchglobal.0,Small,16,7,TLT,2,1,8,TestSR,0.50145,0.5049256063591276,0.14864,0.2296698033035121,0.49855,/gpfs/projects/HeinzGroup/caffeine_underground/mlrt/FlexFringe/FlexFringe/models-ps-small/0.1.1.1.0.0.searchglobal.0.ini/0.1.1.1.0.0.searchglobal.0_16.07.TLT.2.1.8_Small.final.json,/gpfs/projects/HeinzGroup/asoubki/FlexFringe/data/MLRegTest/Large/16.07.TLT.2.1.8_TestSR.txt,2025-12-29 22:56:56.621153
0.1.1.1.0.0.searchglobal.0,Small,16,7,TLT,2,1,8,TestLA,0.50134,0.5045442213781878,0.14878,0.22979735573952798,0.49866,/gpfs/projects/HeinzGroup/caffeine_underground/mlrt/FlexFringe/FlexFringe/models-ps-small/0.1.1.1.0.0.searchglobal.0.ini/0.1.1.1.0.0.searchglobal.0_16.07.TLT.2.1.8_Small.final.json,/gpfs/projects/HeinzGroup/asoubki/FlexFringe/data/MLRegTest/Large/16.07.TLT.2.1.8_TestLA.txt,2025-12-29 22:56:56.621153
0.1.1.1.0.0.searchglobal.0,Small,16,7,TLT,2,1,8,Dev,0.5013,0.504421768707483,0.1483,0.22921174652241114,0.4987,/gpfs/projects/HeinzGroup/caffeine_underground/mlrt/FlexFringe/FlexFringe/models-ps-small/0.1.1.1.0.0.searchglobal.0.ini/0.1.1.1.0.0.searchglobal.0_16.07.TLT.2.1.8_Small.final.json,/gpfs/projects/HeinzGroup/asoubki/FlexFringe/data/MLRegTest/Large/16.07.TLT.2.1.8_Dev.txt,2025-12-29 22:56:56.621153
0.1.1.1.0.0.searchglobal.0,Small,16,7,TLT,2,1,8,Train,0.485,0.4489795918367347,0.132,0.20401854714064915,0.515,/gpfs/projects/HeinzGroup/caffeine_underground/mlrt/FlexFringe/FlexFringe/models-ps-small/0.1.1.1.0.0.searchglobal.0.ini/0.1.1.1.0.0.searchglobal.0_16.07.TLT.2.1.8_Small.final.json,/gpfs/projects/HeinzGroup/asoubki/FlexFringe/data/MLRegTest/Small/16.07.TLT.2.1.8_Train.txt,2025-12-29 22:56:56.621153
0.1.1.1.0.0.searchglobal.0,Small,16,7,TLT,2,1,9,TestLR,0.5087,0.542789691127287,0.11036,0.1834258551341289,0.4913,/gpfs/projects/HeinzGroup/caffeine_underground/mlrt/FlexFringe/FlexFringe/models-ps-small/0.1.1.1.0.0.searchglobal.0.ini/0.1.1.1.0.0.searchglobal.0_16.07.TLT.2.1.9_Small.final.json,/gpfs/projects/HeinzGroup/asoubki/FlexFringe/data/MLRegTest/Large/16.07.TLT.2.1.9_TestLR.txt,2025-12-29 23:29:09.665992
0.1.1.1.0.0.searchglobal.0,Small,16,7,TLT,2,1,9,TestSA,0.51535,0.5571354127893993,0.14968,0.23596550691280563,0.48465,/gpfs/projects/HeinzGroup/caffeine_underground/mlrt/FlexFringe/FlexFringe/models-ps-small/0.1.1.1.0.0.searchglobal.0.ini/0.1.1.1.0.0.searchglobal.0_16.07.TLT.2.1.9_Small.final.json,/gpfs/projects/HeinzGroup/asoubki/FlexFringe/data/MLRegTest/Large/16.07.TLT.2.1.9_TestSA.txt,2025-12-29 23:29:09.665992
0.1.1.1.0.0.searchglobal.0,Small,16,7,TLT,2,1,9,TestSR,0.52538,0.6152379222666182,0.1355,0.2220874582049433,0.47462,/gpfs/projects/HeinzGroup/caffeine_underground/mlrt/FlexFringe/FlexFringe/models-ps-small/0.1.1.1.0.0.searchglobal.0.ini/0.1.1.1.0.0.searchglobal.0_16.07.TLT.2.1.9_Small.final.json,/gpfs/projects/HeinzGroup/asoubki/FlexFringe/data/MLRegTest/Large/16.07.TLT.2.1.9_TestSR.txt,2025-12-29 23:29:09.665992
0.1.1.1.0.0.searchglobal.0,Small,16,7,TLT,2,1,9,TestLA,0.50636,0.5283371947959365,0.11858,0.19368854333409558,0.49364,/gpfs/projects/HeinzGroup/caffeine_underground/mlrt/FlexFringe/FlexFringe/models-ps-small/0.1.1.1.0.0.searchglobal.0.ini/0.1.1.1.0.0.searchglobal.0_16.07.TLT.2.1.9_Small.final.json,/gpfs/projects/HeinzGroup/asoubki/FlexFringe/data/MLRegTest/Large/16.07.TLT.2.1.9_TestLA.txt,2025-12-29 23:29:09.665992
0.1.1.1.0.0.searchglobal.0,Small,16,7,TLT,2,1,9,Dev,0.52724,0.6225481374842541,0.13838,0.22642929606964035,0.47276,/gpfs/projects/HeinzGroup/caffeine_underground/mlrt/FlexFringe/FlexFringe/models-ps-small/0.1.1.1.0.0.searchglobal.0.ini/0.1.1.1.0.0.searchglobal.0_16.07.TLT.2.1.9_Small.final.json,/gpfs/projects/HeinzGroup/asoubki/FlexFringe/data/MLRegTest/Large/16.07.TLT.2.1.9_Dev.txt,2025-12-29 23:29:09.665992
0.1.1.1.0.0.searchglobal.0,Small,16,7,TLT,2,1,9,Train,0.521,0.5981308411214953,0.128,0.21087314662273476,0.479,/gpfs/projects/HeinzGroup/caffeine_underground/mlrt/FlexFringe/FlexFringe/models-ps-small/0.1.1.1.0.0.searchglobal.0.ini/0.1.1.1.0.0.searchglobal.0_16.07.TLT.2.1.9_Small.final.json,/gpfs/projects/HeinzGroup/asoubki/FlexFringe/data/MLRegTest/Small/16.07.TLT.2.1.9_Train.txt,2025-12-29 23:29:09.665992
0.1.1.1.0.0.searchglobal.0,Small,16,7,TLT,4,1,0,TestLA,0.88506,0.9811085011744715,0.78524,0.8723144260036881,0.11494,/gpfs/projects/HeinzGroup/caffeine_underground/mlrt/FlexFringe/FlexFringe/models-ps-small/0.1.1.1.0.0.searchglobal.0.ini/0.1.1.1.0.0.searchglobal.0_16.07.TLT.4.1.0_Small.final.json,/gpfs/projects/HeinzGroup/asoubki/FlexFringe/data/MLRegTest/Large/16.07.TLT.4.1.0_TestLA.txt,2025-12-29 22:58:16.086263
0.1.1.1.0.0.searchglobal.0,Small,16,7,TLT,4,1,0,TestSA,0.89686,0.9908717593508807,0.8011,0.8859373617623639,0.10314,/gpfs/projects/HeinzGroup/caffeine_underground/mlrt/FlexFringe/FlexFringe/models-ps-small/0.1.1.1.0.0.searchglobal.0.ini/0.1.1.1.0.0.searchglobal.0_16.07.TLT.4.1.0_Small.final.json,/gpfs/projects/HeinzGroup/asoubki/FlexFringe/data/MLRegTest/Large/16.07.TLT.4.1.0_TestSA.txt,2025-12-29 22:58:16.086263
0.1.1.1.0.0.searchglobal.0,Small,16,7,TLT,4,1,0,TestSR,0.99424,0.9929583083981648,0.99554,0.9942474782782383,0.00576,/gpfs/projects/HeinzGroup/caffeine_underground/mlrt/FlexFringe/FlexFringe/models-ps-small/0.1.1.1.0.0.searchglobal.0.ini/0.1.1.1.0.0.searchglobal.0_16.07.TLT.4.1.0_Small.final.json,/gpfs/projects/HeinzGroup/asoubki/FlexFringe/data/MLRegTest/Large/16.07.TLT.4.1.0_TestSR.txt,2025-12-29 22:58:16.086263
0.1.1.1.0.0.searchglobal.0,Small,16,7,TLT,4,1,0,TestLR,0.98915,0.9859524329909197,0.99244,0.9891855794436305,0.01085,/gpfs/projects/HeinzGroup/caffeine_underground/mlrt/FlexFringe/FlexFringe/models-ps-small/0.1.1.1.0.0.searchglobal.0.ini/0.1.1.1.0.0.searchglobal.0_16.07.TLT.4.1.0_Small.final.json,/gpfs/projects/HeinzGroup/asoubki/FlexFringe/data/MLRegTest/Large/16.07.TLT.4.1.0_TestLR.txt,2025-12-29 22:58:16.086263
0.1.1.1.0.0.searchglobal.0,Small,16,7,TLT,4,1,0,Dev,0.99488,0.99361634216406,0.99616,0.9948865452221157,0.00512,/gpfs/projects/HeinzGroup/caffeine_underground/mlrt/FlexFringe/FlexFringe/models-ps-small/0.1.1.1.0.0.searchglobal.0.ini/0.1.1.1.0.0.searchglobal.0_16.07.TLT.4.1.0_Small.final.json,/gpfs/projects/HeinzGroup/asoubki/FlexFringe/data/MLRegTest/Large/16.07.TLT.4.1.0_Dev.txt,2025-12-29 22:58:16.086263
0.1.1.1.0.0.searchglobal.0,Small,16,7,TLT,4,1,0,Train,0.992,0.992,0.992,0.992,0.008,/gpfs/projects/HeinzGroup/caffeine_underground/mlrt/FlexFringe/FlexFringe/models-ps-small/0.1.1.1.0.0.searchglobal.0.ini/0.1.1.1.0.0.searchglobal.0_16.07.TLT.4.1.0_Small.final.json,/gpfs/projects/HeinzGroup/asoubki/FlexFringe/data/MLRegTest/Small/16.07.TLT.4.1.0_Train.txt,2025-12-29 22:58:16.086263
0.1.1.1.0.0.searchglobal.0,Small,16,7,TLT,4,1,1,TestSR,0.9061,0.87751459487599,0.94396,0.9095253695103386,0.0939,/gpfs/projects/HeinzGroup/caffeine_underground/mlrt/FlexFringe/FlexFringe/models-ps-small/0.1.1.1.0.0.searchglobal.0.ini/0.1.1.1.0.0.searchglobal.0_16.07.TLT.4.1.1_Small.final.json,/gpfs/projects/HeinzGroup/asoubki/FlexFringe/data/MLRegTest/Large/16.07.TLT.4.1.1_TestSR.txt,2025-12-29 23:19:35.792140
0.1.1.1.0.0.searchglobal.0,Small,16,7,TLT,4,1,1,TestSA,0.60038,0.7080500746144918,0.34162,0.46087636932707354,0.39962,/gpfs/projects/HeinzGroup/caffeine_underground/mlrt/FlexFringe/FlexFringe/models-ps-small/0.1.1.1.0.0.searchglobal.0.ini/0.1.1.1.0.0.searchglobal.0_16.07.TLT.4.1.1_Small.final.json,/gpfs/projects/HeinzGroup/asoubki/FlexFringe/data/MLRegTest/Large/16.07.TLT.4.1.1_TestSA.txt,2025-12-29 23:19:35.792140
0.1.1.1.0.0.searchglobal.0,Small,16,7,TLT,4,1,1,TestLA,0.58797,0.6727001452746476,0.34266,0.45404073195616745,0.41203,/gpfs/projects/HeinzGroup/caffeine_underground/mlrt/FlexFringe/FlexFringe/models-ps-small/0.1.1.1.0.0.searchglobal.0.ini/0.1.1.1.0.0.searchglobal.0_16.07.TLT.4.1.1_Small.final.json,/gpfs/projects/HeinzGroup/asoubki/FlexFringe/data/MLRegTest/Large/16.07.TLT.4.1.1_TestLA.txt,2025-12-29 23:19:35.792140
0.1.1.1.0.0.searchglobal.0,Small,16,7,TLT,4,1,1,TestLR,0.87347,0.8510518301280243,0.9054,0.8773850939501711,0.12653,/gpfs/projects/HeinzGroup/caffeine_underground/mlrt/FlexFringe/FlexFringe/models-ps-small/0.1.1.1.0.0.searchglobal.0.ini/0.1.1.1.0.0.searchglobal.0_16.07.TLT.4.1.1_Small.final.json,/gpfs/projects/HeinzGroup/asoubki/FlexFringe/data/MLRegTest/Large/16.07.TLT.4.1.1_TestLR.txt,2025-12-29 23:19:35.792140
0.1.1.1.0.0.searchglobal.0,Small,16,7,TLT,4,1,1,Dev,0.90634,0.8768408947583188,0.94548,0.9098677752757087,0.09366,/gpfs/projects/HeinzGroup/caffeine_underground/mlrt/FlexFringe/FlexFringe/models-ps-small/0.1.1.1.0.0.searchglobal.0.ini/0.1.1.1.0.0.searchglobal.0_16.07.TLT.4.1.1_Small.final.json,/gpfs/projects/HeinzGroup/asoubki/FlexFringe/data/MLRegTest/Large/16.07.TLT.4.1.1_Dev.txt,2025-12-29 23:19:35.792140
0.1.1.1.0.0.searchglobal.0,Small,16,7,TLT,4,1,1,Train,0.904,0.8869731800766284,0.926,0.9060665362035225,0.096,/gpfs/projects/HeinzGroup/caffeine_underground/mlrt/FlexFringe/FlexFringe/models-ps-small/0.1.1.1.0.0.searchglobal.0.ini/0.1.1.1.0.0.searchglobal.0_16.07.TLT.4.1.1_Small.final.json,/gpfs/projects/HeinzGroup/asoubki/FlexFringe/data/MLRegTest/Small/16.07.TLT.4.1.1_Train.txt,2025-12-29 23:19:35.792140
0.1.1.1.0.0.searchglobal.0,Small,16,7,TLT,4,1,2,TestSR,0.87166,0.829520871014647,0.9356,0.8793728969678741,0.12834,/gpfs/projects/HeinzGroup/caffeine_underground/mlrt/FlexFringe/FlexFringe/models-ps-small/0.1.1.1.0.0.searchglobal.0.ini/0.1.1.1.0.0.searchglobal.0_16.07.TLT.4.1.2_Small.final.json,/gpfs/projects/HeinzGroup/asoubki/FlexFringe/data/MLRegTest/Large/16.07.TLT.4.1.2_TestSR.txt,2025-12-29 22:32:02.219906
0.1.1.1.0.0.searchglobal.0,Small,16,7,TLT,4,1,2,TestLA,0.59299,0.624467942711819,0.46654,0.534073607692748,0.40701,/gpfs/projects/HeinzGroup/caffeine_underground/mlrt/FlexFringe/FlexFringe/models-ps-small/0.1.1.1.0.0.searchglobal.0.ini/0.1.1.1.0.0.searchglobal.0_16.07.TLT.4.1.2_Small.final.json,/gpfs/projects/HeinzGroup/asoubki/FlexFringe/data/MLRegTest/Large/16.07.TLT.4.1.2_TestLA.txt,2025-12-29 22:32:02.219906
0.1.1.1.0.0.searchglobal.0,Small,16,7,TLT,4,1,2,TestSA,0.6162,0.687322672169203,0.42636,0.5262664165103189,0.3838,/gpfs/projects/HeinzGroup/caffeine_underground/mlrt/FlexFringe/FlexFringe/models-ps-small/0.1.1.1.0.0.searchglobal.0.ini/0.1.1.1.0.0.searchglobal.0_16.07.TLT.4.1.2_Small.final.json,/gpfs/projects/HeinzGroup/asoubki/FlexFringe/data/MLRegTest/Large/16.07.TLT.4.1.2_TestSA.txt,2025-12-29 22:32:02.219906
0.1.1.1.0.0.searchglobal.0,Small,16,7,TLT,4,1,2,TestLR,0.80921,0.7632425805792512,0.89652,0.8245302627585509,0.19079,/gpfs/projects/HeinzGroup/caffeine_underground/mlrt/FlexFringe/FlexFringe/models-ps-small/0.1.1.1.0.0.searchglobal.0.ini/0.1.1.1.0.0.searchglobal.0_16.07.TLT.4.1.2_Small.final.json,/gpfs/projects/HeinzGroup/asoubki/FlexFringe/data/MLRegTest/Large/16.07.TLT.4.1.2_TestLR.txt,2025-12-29 22:32:02.219906
0.1.1.1.0.0.searchglobal.0,Small,16,7,TLT,4,1,2,Dev,0.87252,0.829745423644797,0.93738,0.8802847322652743,0.12748,/gpfs/projects/HeinzGroup/caffeine_underground/mlrt/FlexFringe/FlexFringe/models-ps-small/0.1.1.1.0.0.searchglobal.0.ini/0.1.1.1.0.0.searchglobal.0_16.07.TLT.4.1.2_Small.final.json,/gpfs/projects/HeinzGroup/asoubki/FlexFringe/data/MLRegTest/Large/16.07.TLT.4.1.2_Dev.txt,2025-12-29 22:32:02.219906
0.1.1.1.0.0.searchglobal.0,Small,16,7,TLT,4,1,2,Train,0.856,0.8090277777777778,0.932,0.8661710037174721,0.144,/gpfs/projects/HeinzGroup/caffeine_underground/mlrt/FlexFringe/FlexFringe/models-ps-small/0.1.1.1.0.0.searchglobal.0.ini/0.1.1.1.0.0.searchglobal.0_16.07.TLT.4.1.2_Small.final.json,/gpfs/projects/HeinzGroup/asoubki/FlexFringe/data/MLRegTest/Small/16.07.TLT.4.1.2_Train.txt,2025-12-29 22:32:02.219906
0.1.1.1.0.0.searchglobal.0,Small,16,7,TLT,4,1,3,TestSA,0.53872,0.5507071765322158,0.42052,0.47688818326151056,0.46128,/gpfs/projects/HeinzGroup/caffeine_underground/mlrt/FlexFringe/FlexFringe/models-ps-small/0.1.1.1.0.0.searchglobal.0.ini/0.1.1.1.0.0.searchglobal.0_16.07.TLT.4.1.3_Small.final.json,/gpfs/projects/HeinzGroup/asoubki/FlexFringe/data/MLRegTest/Large/16.07.TLT.4.1.3_TestSA.txt,2025-12-29 22:58:56.679161
0.1.1.1.0.0.searchglobal.0,Small,16,7,TLT,4,1,3,TestLR,0.62771,0.616402646881893,0.67628,0.6449545571587972,0.37229,/gpfs/projects/HeinzGroup/caffeine_underground/mlrt/FlexFringe/FlexFringe/models-ps-small/0.1.1.1.0.0.searchglobal.0.ini/0.1.1.1.0.0.searchglobal.0_16.07.TLT.4.1.3_Small.final.json,/gpfs/projects/HeinzGroup/asoubki/FlexFringe/data/MLRegTest/Large/16.07.TLT.4.1.3_TestLR.txt,2025-12-29 22:58:56.679161
0.1.1.1.0.0.searchglobal.0,Small,16,7,TLT,4,1,3,TestLA,0.52405,0.5267763699926518,0.47314,0.49851963459735116,0.47595,/gpfs/projects/HeinzGroup/caffeine_underground/mlrt/FlexFringe/FlexFringe/models-ps-small/0.1.1.1.0.0.searchglobal.0.ini/0.1.1.1.0.0.searchglobal.0_16.07.TLT.4.1.3_Small.final.json,/gpfs/projects/HeinzGroup/asoubki/FlexFringe/data/MLRegTest/Large/16.07.TLT.4.1.3_TestLA.txt,2025-12-29 22:58:56.679161
0.1.1.1.0.0.searchglobal.0,Small,16,7,TLT,4,1,3,TestSR,0.70494,0.6892965343973989,0.74626,0.7166481004878423,0.29506,/gpfs/projects/HeinzGroup/caffeine_underground/mlrt/FlexFringe/FlexFringe/models-ps-small/0.1.1.1.0.0.searchglobal.0.ini/0.1.1.1.0.0.searchglobal.0_16.07.TLT.4.1.3_Small.final.json,/gpfs/projects/HeinzGroup/asoubki/FlexFringe/data/MLRegTest/Large/16.07.TLT.4.1.3_TestSR.txt,2025-12-29 22:58:56.679161
0.1.1.1.0.0.searchglobal.0,Small,16,7,TLT,4,1,3,Dev,0.70192,0.6863899863382934,0.74358,0.713841368584759,0.29808,/gpfs/projects/HeinzGroup/caffeine_underground/mlrt/FlexFringe/FlexFringe/models-ps-small/0.1.1.1.0.0.searchglobal.0.ini/0.1.1.1.0.0.searchglobal.0_16.07.TLT.4.1.3_Small.final.json,/gpfs/projects/HeinzGroup/asoubki/FlexFringe/data/MLRegTest/Large/16.07.TLT.4.1.3_Dev.txt,2025-12-29 22:58:56.679161
0.1.1.1.0.0.searchglobal.0,Small,16,7,TLT,4,1,3,Train,0.716,0.716,0.716,0.716,0.284,/gpfs/projects/HeinzGroup/caffeine_underground/mlrt/FlexFringe/FlexFringe/models-ps-small/0.1.1.1.0.0.searchglobal.0.ini/0.1.1.1.0.0.searchglobal.0_16.07.TLT.4.1.3_Small.final.json,/gpfs/projects/HeinzGroup/asoubki/FlexFringe/data/MLRegTest/Small/16.07.TLT.4.1.3_Train.txt,2025-12-29 22:58:56.679161
0.1.1.1.0.0.searchglobal.0,Small,16,7,TLT,4,1,4,TestSA,0.63429,0.6052511952347363,0.77224,0.6786238411177995,0.36571,/gpfs/projects/HeinzGroup/caffeine_underground/mlrt/FlexFringe/FlexFringe/models-ps-small/0.1.1.1.0.0.searchglobal.0.ini/0.1.1.1.0.0.searchglobal.0_16.07.TLT.4.1.4_Small.final.json,/gpfs/projects/HeinzGroup/asoubki/FlexFringe/data/MLRegTest/Large/16.07.TLT.4.1.4_TestSA.txt,2025-12-29 23:13:08.919949
0.1.1.1.0.0.searchglobal.0,Small,16,7,TLT,4,1,4,TestLA,0.60444,0.5876027512162388,0.70054,0.6391205182008941,0.39556,/gpfs/projects/HeinzGroup/caffeine_underground/mlrt/FlexFringe/FlexFringe/models-ps-small/0.1.1.1.0.0.searchglobal.0.ini/0.1.1.1.0.0.searchglobal.0_16.07.TLT.4.1.4_Small.final.json,/gpfs/projects/HeinzGroup/asoubki/FlexFringe/data/MLRegTest/Large/16.07.TLT.4.1.4_TestLA.txt,2025-12-29 23:13:08.919949
0.1.1.1.0.0.searchglobal.0,Small,16,7,TLT,4,1,4,TestSR,0.8398,0.8863295284005639,0.77958,0.8295345719210879,0.1602,/gpfs/projects/HeinzGroup/caffeine_underground/mlrt/FlexFringe/FlexFringe/models-ps-small/0.1.1.1.0.0.searchglobal.0.ini/0.1.1.1.0.0.searchglobal.0_16.07.TLT.4.1.4_Small.final.json,/gpfs/projects/HeinzGroup/asoubki/FlexFringe/data/MLRegTest/Large/16.07.TLT.4.1.4_TestSR.txt,2025-12-29 23:13:08.919949
0.1.1.1.0.0.searchglobal.0,Small,16,7,TLT,4,1,4,TestLR,0.77481,0.8186941899570915,0.70596,0.7581592654244751,0.22519,/gpfs/projects/HeinzGroup/caffeine_underground/mlrt/FlexFringe/FlexFringe/models-ps-small/0.1.1.1.0.0.searchglobal.0.ini/0.1.1.1.0.0.searchglobal.0_16.07.TLT.4.1.4_Small.final.json,/gpfs/projects/HeinzGroup/asoubki/FlexFringe/data/MLRegTest/Large/16.07.TLT.4.1.4_TestLR.txt,2025-12-29 23:13:08.919949
0.1.1.1.0.0.searchglobal.0,Small,16,7,TLT,4,1,4,Dev,0.84186,0.885446263473594,0.78532,0.8323829309138702,0.15814,/gpfs/projects/HeinzGroup/caffeine_underground/mlrt/FlexFringe/FlexFringe/models-ps-small/0.1.1.1.0.0.searchglobal.0.ini/0.1.1.1.0.0.searchglobal.0_16.07.TLT.4.1.4_Small.final.json,/gpfs/projects/HeinzGroup/asoubki/FlexFringe/data/MLRegTest/Large/16.07.TLT.4.1.4_Dev.txt,2025-12-29 23:13:08.919949
0.1.1.1.0.0.searchglobal.0,Small,16,7,TLT,4,1,4,Train,0.849,0.9184652278177458,0.766,0.8353326063249727,0.151,/gpfs/projects/HeinzGroup/caffeine_underground/mlrt/FlexFringe/FlexFringe/models-ps-small/0.1.1.1.0.0.searchglobal.0.ini/0.1.1.1.0.0.searchglobal.0_16.07.TLT.4.1.4_Small.final.json,/gpfs/projects/HeinzGroup/asoubki/FlexFringe/data/MLRegTest/Small/16.07.TLT.4.1.4_Train.txt,2025-12-29 23:13:08.919949
0.1.1.1.0.0.searchglobal.0,Small,16,7,TLT,4,1,5,TestLR,0.49968,0.4393939393939394,0.00232,0.0046156294763647935,0.50032,/gpfs/projects/HeinzGroup/caffeine_underground/mlrt/FlexFringe/FlexFringe/models-ps-small/0.1.1.1.0.0.searchglobal.0.ini/0.1.1.1.0.0.searchglobal.0_16.07.TLT.4.1.5_Small.final.json,/gpfs/projects/HeinzGroup/asoubki/FlexFringe/data/MLRegTest/Large/16.07.TLT.4.1.5_TestLR.txt,2025-12-29 22:21:45.588261
0.1.1.1.0.0.searchglobal.0,Small,16,7,TLT,4,1,5,TestSR,0.50029,0.5446153846153846,0.00354,0.0070342771982116244,0.49971,/gpfs/projects/HeinzGroup/caffeine_underground/mlrt/FlexFringe/FlexFringe/models-ps-small/0.1.1.1.0.0.searchglobal.0.ini/0.1.1.1.0.0.searchglobal.0_16.07.TLT.4.1.5_Small.final.json,/gpfs/projects/HeinzGroup/asoubki/FlexFringe/data/MLRegTest/Large/16.07.TLT.4.1.5_TestSR.txt,2025-12-29 22:21:45.588261
0.1.1.1.0.0.searchglobal.0,Small,16,7,TLT,4,1,5,TestLA,0.50001,0.5020242914979757,0.00248,0.004935618046848568,0.49999,/gpfs/projects/HeinzGroup/caffeine_underground/mlrt/FlexFringe/FlexFringe/models-ps-small/0.1.1.1.0.0.searchglobal.0.ini/0.1.1.1.0.0.searchglobal.0_16.07.TLT.4.1.5_Small.final.json,/gpfs/projects/HeinzGroup/asoubki/FlexFringe/data/MLRegTest/Large/16.07.TLT.4.1.5_TestLA.txt,2025-12-29 22:21:45.588261
0.1.1.1.0.0.searchglobal.0,Small,16,7,TLT,4,1,5,TestSA,0.50117,0.6252676659528907,0.00584,0.011571918283234589,0.49883,/gpfs/projects/HeinzGroup/caffeine_underground/mlrt/FlexFringe/FlexFringe/models-ps-small/0.1.1.1.0.0.searchglobal.0.ini/0.1.1.1.0.0.searchglobal.0_16.07.TLT.4.1.5_Small.final.json,/gpfs/projects/HeinzGroup/asoubki/FlexFringe/data/MLRegTest/Large/16.07.TLT.4.1.5_TestSA.txt,2025-12-29 22:21:45.588261
0.1.1.1.0.0.searchglobal.0,Small,16,7,TLT,4,1,5,Dev,0.50071,0.6047197640117994,0.0041,0.008144778402431514,0.49929,/gpfs/projects/HeinzGroup/caffeine_underground/mlrt/FlexFringe/FlexFringe/models-ps-small/0.1.1.1.0.0.searchglobal.0.ini/0.1.1.1.0.0.searchglobal.0_16.07.TLT.4.1.5_Small.final.json,/gpfs/projects/HeinzGroup/asoubki/FlexFringe/data/MLRegTest/Large/16.07.TLT.4.1.5_Dev.txt,2025-12-29 22:21:45.588261
0.1.1.1.0.0.searchglobal.0,Small,16,7,TLT,4,1,5,Train,0.496,0.25,0.004,0.007874015748031496,0.504,/gpfs/projects/HeinzGroup/caffeine_underground/mlrt/FlexFringe/FlexFringe/models-ps-small/0.1.1.1.0.0.searchglobal.0.ini/0.1.1.1.0.0.searchglobal.0_16.07.TLT.4.1.5_Small.final.json,/gpfs/projects/HeinzGroup/asoubki/FlexFringe/data/MLRegTest/Small/16.07.TLT.4.1.5_Train.txt,2025-12-29 22:21:45.588261
0.1.1.1.0.0.searchglobal.0,Small,16,7,TLT,4,1,6,TestLR,0.49976,0.4817629179331307,0.00634,0.012515298669509258,0.50024,/gpfs/projects/HeinzGroup/caffeine_underground/mlrt/FlexFringe/FlexFringe/models-ps-small/0.1.1.1.0.0.searchglobal.0.ini/0.1.1.1.0.0.searchglobal.0_16.07.TLT.4.1.6_Small.final.json,/gpfs/projects/HeinzGroup/asoubki/FlexFringe/data/MLRegTest/Large/16.07.TLT.4.1.6_TestLR.txt,2025-12-29 23:32:43.552534
0.1.1.1.0.0.searchglobal.0,Small,16,7,TLT,4,1,6,TestSA,0.50053,0.5301478953356087,0.00932,0.01831797008589005,0.49947,/gpfs/projects/HeinzGroup/caffeine_underground/mlrt/FlexFringe/FlexFringe/models-ps-small/0.1.1.1.0.0.searchglobal.0.ini/0.1.1.1.0.0.searchglobal.0_16.07.TLT.4.1.6_Small.final.json,/gpfs/projects/HeinzGroup/asoubki/FlexFringe/data/MLRegTest/Large/16.07.TLT.4.1.6_TestSA.txt,2025-12-29 23:32:43.552534
0.1.1.1.0.0.searchglobal.0,Small,16,7,TLT,4,1,6,TestLA,0.49994,0.49493243243243246,0.00586,0.011582858950031626,0.50006,/gpfs/projects/HeinzGroup/caffeine_underground/mlrt/FlexFringe/FlexFringe/models-ps-small/0.1.1.1.0.0.searchglobal.0.ini/0.1.1.1.0.0.searchglobal.0_16.07.TLT.4.1.6_Small.final.json,/gpfs/projects/HeinzGroup/asoubki/FlexFringe/data/MLRegTest/Large/16.07.TLT.4.1.6_TestLA.txt,2025-12-29 23:32:43.552534
0.1.1.1.0.0.searchglobal.0,Small,16,7,TLT,4,1,6,TestSR,0.50024,0.5182926829268293,0.0068,0.013423878711307643,0.49976,/gpfs/projects/HeinzGroup/caffeine_underground/mlrt/FlexFringe/FlexFringe/models-ps-small/0.1.1.1.0.0.searchglobal.0.ini/0.1.1.1.0.0.searchglobal.0_16.07.TLT.4.1.6_Small.final.json,/gpfs/projects/HeinzGroup/asoubki/FlexFringe/data/MLRegTest/Large/16.07.TLT.4.1.6_TestSR.txt,2025-12-29 23:32:43.552534
0.1.1.1.0.0.searchglobal.0,Small,16,7,TLT,4,1,6,Dev,0.50031,0.521923620933522,0.00738,0.014554203561638432,0.49969,/gpfs/projects/HeinzGroup/caffeine_underground/mlrt/FlexFringe/FlexFringe/models-ps-small/0.1.1.1.0.0.searchglobal.0.ini/0.1.1.1.0.0.searchglobal.0_16.07.TLT.4.1.6_Small.final.json,/gpfs/projects/HeinzGroup/asoubki/FlexFringe/data/MLRegTest/Large/16.07.TLT.4.1.6_Dev.txt,2025-12-29 23:32:43.552534
0.1.1.1.0.0.searchglobal.0,Small,16,7,TLT,4,1,6,Train,0.501,0.6,0.006,0.011881188118811881,0.499,/gpfs/projects/HeinzGroup/caffeine_underground/mlrt/FlexFringe/FlexFringe/models-ps-small/0.1.1.1.0.0.searchglobal.0.ini/0.1.1.1.0.0.searchglobal.0_16.07.TLT.4.1.6_Small.final.json,/gpfs/projects/HeinzGroup/asoubki/FlexFringe/data/MLRegTest/Small/16.07.TLT.4.1.6_Train.txt,2025-12-29 23:32:43.552534
0.1.1.1.0.0.searchglobal.0,Small,16,7,TLT,4,1,7,TestLA,0.5,0.5,0.00266,0.005291847371981061,0.5,/gpfs/projects/HeinzGroup/caffeine_underground/mlrt/FlexFringe/FlexFringe/models-ps-small/0.1.1.1.0.0.searchglobal.0.ini/0.1.1.1.0.0.searchglobal.0_16.07.TLT.4.1.7_Small.final.json,/gpfs/projects/HeinzGroup/asoubki/FlexFringe/data/MLRegTest/Large/16.07.TLT.4.1.7_TestLA.txt,2025-12-29 22:40:17.141608
0.1.1.1.0.0.searchglobal.0,Small,16,7,TLT,4,1,7,TestSR,0.50149,0.6821515892420538,0.00558,0.011069451883592216,0.49851,/gpfs/projects/HeinzGroup/caffeine_underground/mlrt/FlexFringe/FlexFringe/models-ps-small/0.1.1.1.0.0.searchglobal.0.ini/0.1.1.1.0.0.searchglobal.0_16.07.TLT.4.1.7_Small.final.json,/gpfs/projects/HeinzGroup/asoubki/FlexFringe/data/MLRegTest/Large/16.07.TLT.4.1.7_TestSR.txt,2025-12-29 22:40:17.141608
0.1.1.1.0.0.searchglobal.0,Small,16,7,TLT,4,1,7,TestSA,0.50151,0.6211878009630819,0.00774,0.015289492918238745,0.49849,/gpfs/projects/HeinzGroup/caffeine_underground/mlrt/FlexFringe/FlexFringe/models-ps-small/0.1.1.1.0.0.searchglobal.0.ini/0.1.1.1.0.0.searchglobal.0_16.07.TLT.4.1.7_Small.final.json,/gpfs/projects/HeinzGroup/asoubki/FlexFringe/data/MLRegTest/Large/16.07.TLT.4.1.7_TestSA.txt,2025-12-29 22:40:17.141608
0.1.1.1.0.0.searchglobal.0,Small,16,7,TLT,4,1,7,TestLR,0.49989,0.4827586206896552,0.00308,0.006120948349529999,0.50011,/gpfs/projects/HeinzGroup/caffeine_underground/mlrt/FlexFringe/FlexFringe/models-ps-small/0.1.1.1.0.0.searchglobal.0.ini/0.1.1.1.0.0.searchglobal.0_16.07.TLT.4.1.7_Small.final.json,/gpfs/projects/HeinzGroup/asoubki/FlexFringe/data/MLRegTest/Large/16.07.TLT.4.1.7_TestLR.txt,2025-12-29 22:40:17.141608
0.1.1.1.0.0.searchglobal.0,Small,16,7,TLT,4,1,7,Dev,0.50114,0.6425,0.00514,0.010198412698412698,0.49886,/gpfs/projects/HeinzGroup/caffeine_underground/mlrt/FlexFringe/FlexFringe/models-ps-small/0.1.1.1.0.0.searchglobal.0.ini/0.1.1.1.0.0.searchglobal.0_16.07.TLT.4.1.7_Small.final.json,/gpfs/projects/HeinzGroup/asoubki/FlexFringe/data/MLRegTest/Large/16.07.TLT.4.1.7_Dev.txt,2025-12-29 22:40:17.141608
0.1.1.1.0.0.searchglobal.0,Small,16,7,TLT,4,1,7,Train,0.501,0.5714285714285714,0.008,0.015779092702169626,0.499,/gpfs/projects/HeinzGroup/caffeine_underground/mlrt/FlexFringe/FlexFringe/models-ps-small/0.1.1.1.0.0.searchglobal.0.ini/0.1.1.1.0.0.searchglobal.0_16.07.TLT.4.1.7_Small.final.json,/gpfs/projects/HeinzGroup/asoubki/FlexFringe/data/MLRegTest/Small/16.07.TLT.4.1.7_Train.txt,2025-12-29 22:40:17.141608
0.1.1.1.0.0.searchglobal.0,Small,16,7,TLT,4,1,8,TestLA,0.50015,0.5235109717868338,0.00334,0.0066376517816331805,0.49985,/gpfs/projects/HeinzGroup/caffeine_underground/mlrt/FlexFringe/FlexFringe/models-ps-small/0.1.1.1.0.0.searchglobal.0.ini/0.1.1.1.0.0.searchglobal.0_16.07.TLT.4.1.8_Small.final.json,/gpfs/projects/HeinzGroup/asoubki/FlexFringe/data/MLRegTest/Large/16.07.TLT.4.1.8_TestLA.txt,2025-12-29 22:09:26.127347
0.1.1.1.0.0.searchglobal.0,Small,16,7,TLT,4,1,8,TestLR,0.49976,0.45041322314049587,0.00218,0.004338999243660682,0.50024,/gpfs/projects/HeinzGroup/caffeine_underground/mlrt/FlexFringe/FlexFringe/models-ps-small/0.1.1.1.0.0.searchglobal.0.ini/0.1.1.1.0.0.searchglobal.0_16.07.TLT.4.1.8_Small.final.json,/gpfs/projects/HeinzGroup/asoubki/FlexFringe/data/MLRegTest/Large/16.07.TLT.4.1.8_TestLR.txt,2025-12-29 22:09:26.127347
0.1.1.1.0.0.searchglobal.0,Small,16,7,TLT,4,1,8,TestSR,0.50064,0.60062893081761,0.00382,0.007591716681903097,0.49936,/gpfs/projects/HeinzGroup/caffeine_underground/mlrt/FlexFringe/FlexFringe/models-ps-small/0.1.1.1.0.0.searchglobal.0.ini/0.1.1.1.0.0.searchglobal.0_16.07.TLT.4.1.8_Small.final.json,/gpfs/projects/HeinzGroup/asoubki/FlexFringe/data/MLRegTest/Large/16.07.TLT.4.1.8_TestSR.txt,2025-12-29 22:09:26.127347
0.1.1.1.0.0.searchglobal.0,Small,16,7,TLT,4,1,8,TestSA,0.50163,0.6752688172043011,0.00628,0.01244426830476568,0.49837,/gpfs/projects/HeinzGroup/caffeine_underground/mlrt/FlexFringe/FlexFringe/models-ps-small/0.1.1.1.0.0.searchglobal.0.ini/0.1.1.1.0.0.searchglobal.0_16.07.TLT.4.1.8_Small.final.json,/gpfs/projects/HeinzGroup/asoubki/FlexFringe/data/MLRegTest/Large/16.07.TLT.4.1.8_TestSA.txt,2025-12-29 22:09:26.127347
0.1.1.1.0.0.searchglobal.0,Small,16,7,TLT,4,1,8,Dev,0.50098,0.6317204301075269,0.0047,0.009330580481219725,0.49902,/gpfs/projects/HeinzGroup/caffeine_underground/mlrt/FlexFringe/FlexFringe/models-ps-small/0.1.1.1.0.0.searchglobal.0.ini/0.1.1.1.0.0.searchglobal.0_16.07.TLT.4.1.8_Small.final.json,/gpfs/projects/HeinzGroup/asoubki/FlexFringe/data/MLRegTest/Large/16.07.TLT.4.1.8_Dev.txt,2025-12-29 22:09:26.127347
0.1.1.1.0.0.searchglobal.0,Small,16,7,TLT,4,1,8,Train,0.502,1.0,0.004,0.00796812749003984,0.498,/gpfs/projects/HeinzGroup/caffeine_underground/mlrt/FlexFringe/FlexFringe/models-ps-small/0.1.1.1.0.0.searchglobal.0.ini/0.1.1.1.0.0.searchglobal.0_16.07.TLT.4.1.8_Small.final.json,/gpfs/projects/HeinzGroup/asoubki/FlexFringe/data/MLRegTest/Small/16.07.TLT.4.1.8_Train.txt,2025-12-29 22:09:26.127347
0.1.1.1.0.0.searchglobal.0,Small,16,7,TLT,4,1,9,TestLR,0.50048,0.5266075388026608,0.0095,0.018663313818710465,0.49952,/gpfs/projects/HeinzGroup/caffeine_underground/mlrt/FlexFringe/FlexFringe/models-ps-small/0.1.1.1.0.0.searchglobal.0.ini/0.1.1.1.0.0.searchglobal.0_16.07.TLT.4.1.9_Small.final.json,/gpfs/projects/HeinzGroup/asoubki/FlexFringe/data/MLRegTest/Large/16.07.TLT.4.1.9_TestLR.txt,2025-12-29 22:05:59.766718
0.1.1.1.0.0.searchglobal.0,Small,16,7,TLT,4,1,9,TestLA,0.50039,0.5186246418338109,0.01086,0.021274511724489197,0.49961,/gpfs/projects/HeinzGroup/caffeine_underground/mlrt/FlexFringe/FlexFringe/models-ps-small/0.1.1.1.0.0.searchglobal.0.ini/0.1.1.1.0.0.searchglobal.0_16.07.TLT.4.1.9_Small.final.json,/gpfs/projects/HeinzGroup/asoubki/FlexFringe/data/MLRegTest/Large/16.07.TLT.4.1.9_TestLA.txt,2025-12-29 22:05:59.766718
0.1.1.1.0.0.searchglobal.0,Small,16,7,TLT,4,1,9,TestSA,0.50325,0.5694147800085434,0.02666,0.050935213312699415,0.49675,/gpfs/projects/HeinzGroup/caffeine_underground/mlrt/FlexFringe/FlexFringe/models-ps-small/0.1.1.1.0.0.searchglobal.0.ini/0.1.1.1.0.0.searchglobal.0_16.07.TLT.4.1.9_Small.final.json,/gpfs/projects/HeinzGroup/asoubki/FlexFringe/data/MLRegTest/Large/16.07.TLT.4.1.9_TestSA.txt,2025-12-29 22:05:59.766718
0.1.1.1.0.0.searchglobal.0,Small,16,7,TLT,4,1,9,TestSR,0.5059,0.7092198581560284,0.02,0.03890293717175647,0.4941,/gpfs/projects/HeinzGroup/caffeine_underground/mlrt/FlexFringe/FlexFringe/models-ps-small/0.1.1.1.0.0.searchglobal.0.ini/0.1.1.1.0.0.searchglobal.0_16.07.TLT.4.1.9_Small.final.json,/gpfs/projects/HeinzGroup/asoubki/FlexFringe/data/MLRegTest/Large/16.07.TLT.4.1.9_TestSR.txt,2025-12-29 22:05:59.766718
0.1.1.1.0.0.searchglobal.0,Small,16,7,TLT,4,1,9,Dev,0.50612,0.7297297297297297,0.01944,0.03787111353541651,0.49388,/gpfs/projects/HeinzGroup/caffeine_underground/mlrt/FlexFringe/FlexFringe/models-ps-small/0.1.1.1.0.0.searchglobal.0.ini/0.1.1.1.0.0.searchglobal.0_16.07.TLT.4.1.9_Small.final.json,/gpfs/projects/HeinzGroup/asoubki/FlexFringe/data/MLRegTest/Large/16.07.TLT.4.1.9_Dev.txt,2025-12-29 22:05:59.766718
0.1.1.1.0.0.searchglobal.0,Small,16,7,TLT,4,1,9,Train,0.515,0.9411764705882353,0.032,0.061895551257253385,0.485,/gpfs/projects/HeinzGroup/caffeine_underground/mlrt/FlexFringe/FlexFringe/models-ps-small/0.1.1.1.0.0.searchglobal.0.ini/0.1.1.1.0.0.searchglobal.0_16.07.TLT.4.1.9_Small.final.json,/gpfs/projects/HeinzGroup/asoubki/FlexFringe/data/MLRegTest/Small/16.07.TLT.4.1.9_Train.txt,2025-12-29 22:05:59.766718
0.1.1.1.0.0.searchglobal.0,Small,16,7,TLT,6,1,0,TestLR,0.81193,0.7820802662277767,0.86484,0.8213807447930023,0.18807,/gpfs/projects/HeinzGroup/caffeine_underground/mlrt/FlexFringe/FlexFringe/models-ps-small/0.1.1.1.0.0.searchglobal.0.ini/0.1.1.1.0.0.searchglobal.0_16.07.TLT.6.1.0_Small.final.json,/gpfs/projects/HeinzGroup/asoubki/FlexFringe/data/MLRegTest/Large/16.07.TLT.6.1.0_TestLR.txt,2025-12-29 23:37:09.816167
0.1.1.1.0.0.searchglobal.0,Small,16,7,TLT,6,1,0,TestSR,0.87282,0.845293224169229,0.91268,0.87769507433693,0.12718,/gpfs/projects/HeinzGroup/caffeine_underground/mlrt/FlexFringe/FlexFringe/models-ps-small/0.1.1.1.0.0.searchglobal.0.ini/0.1.1.1.0.0.searchglobal.0_16.07.TLT.6.1.0_Small.final.json,/gpfs/projects/HeinzGroup/asoubki/FlexFringe/data/MLRegTest/Large/16.07.TLT.6.1.0_TestSR.txt,2025-12-29 23:37:09.816167
0.1.1.1.0.0.searchglobal.0,Small,16,7,TLT,6,1,0,TestSA,0.54019,0.593339216870268,0.25548,0.35716981923415675,0.45981,/gpfs/projects/HeinzGroup/caffeine_underground/mlrt/FlexFringe/FlexFringe/models-ps-small/0.1.1.1.0.0.searchglobal.0.ini/0.1.1.1.0.0.searchglobal.0_16.07.TLT.6.1.0_Small.final.json,/gpfs/projects/HeinzGroup/asoubki/FlexFringe/data/MLRegTest/Large/16.07.TLT.6.1.0_TestSA.txt,2025-12-29 23:37:09.816167
0.1.1.1.0.0.searchglobal.0,Small,16,7,TLT,6,1,0,TestLA,0.53375,0.560856864654333,0.31104,0.4001595286186623,0.46625,/gpfs/projects/HeinzGroup/caffeine_underground/mlrt/FlexFringe/FlexFringe/models-ps-small/0.1.1.1.0.0.searchglobal.0.ini/0.1.1.1.0.0.searchglobal.0_16.07.TLT.6.1.0_Small.final.json,/gpfs/projects/HeinzGroup/asoubki/FlexFringe/data/MLRegTest/Large/16.07.TLT.6.1.0_TestLA.txt,2025-12-29 23:37:09.816167
0.1.1.1.0.0.searchglobal.0,Small,16,7,TLT,6,1,0,Dev,0.87101,0.8432544455341118,0.91144,0.8760224138096748,0.12899,/gpfs/projects/HeinzGroup/caffeine_underground/mlrt/FlexFringe/FlexFringe/models-ps-small/0.1.1.1.0.0.searchglobal.0.ini/0.1.1.1.0.0.searchglobal.0_16.07.TLT.6.1.0_Small.final.json,/gpfs/projects/HeinzGroup/asoubki/FlexFringe/data/MLRegTest/Large/16.07.TLT.6.1.0_Dev.txt,2025-12-29 23:37:09.816167
0.1.1.1.0.0.searchglobal.0,Small,16,7,TLT,6,1,0,Train,0.878,0.8579545454545454,0.906,0.8813229571984436,0.122,/gpfs/projects/HeinzGroup/caffeine_underground/mlrt/FlexFringe/FlexFringe/models-ps-small/0.1.1.1.0.0.searchglobal.0.ini/0.1.1.1.0.0.searchglobal.0_16.07.TLT.6.1.0_Small.final.json,/gpfs/projects/HeinzGroup/asoubki/FlexFringe/data/MLRegTest/Small/16.07.TLT.6.1.0_Train.txt,2025-12-29 23:37:09.816167
0.1.1.1.0.0.searchglobal.0,Small,16,7,TLT,6,1,1,TestLA,0.52259,0.5398117796341334,0.3063,0.39083334396651825,0.47741,/gpfs/projects/HeinzGroup/caffeine_underground/mlrt/FlexFringe/FlexFringe/models-ps-small/0.1.1.1.0.0.searchglobal.0.ini/0.1.1.1.0.0.searchglobal.0_16.07.TLT.6.1.1_Small.final.json,/gpfs/projects/HeinzGroup/asoubki/FlexFringe/data/MLRegTest/Large/16.07.TLT.6.1.1_TestLA.txt,2025-12-29 22:25:35.952153
0.1.1.1.0.0.searchglobal.0,Small,16,7,TLT,6,1,1,TestLR,0.78734,0.7659570529433544,0.82754,0.7955585464333782,0.21266,/gpfs/projects/HeinzGroup/caffeine_underground/mlrt/FlexFringe/FlexFringe/models-ps-small/0.1.1.1.0.0.searchglobal.0.ini/0.1.1.1.0.0.searchglobal.0_16.07.TLT.6.1.1_Small.final.json,/gpfs/projects/HeinzGroup/asoubki/FlexFringe/data/MLRegTest/Large/16.07.TLT.6.1.1_TestLR.txt,2025-12-29 22:25:35.952153
0.1.1.1.0.0.searchglobal.0,Small,16,7,TLT,6,1,1,TestSR,0.86374,0.8475975689002714,0.88696,0.866832157307324,0.13626,/gpfs/projects/HeinzGroup/caffeine_underground/mlrt/FlexFringe/FlexFringe/models-ps-small/0.1.1.1.0.0.searchglobal.0.ini/0.1.1.1.0.0.searchglobal.0_16.07.TLT.6.1.1_Small.final.json,/gpfs/projects/HeinzGroup/asoubki/FlexFringe/data/MLRegTest/Large/16.07.TLT.6.1.1_TestSR.txt,2025-12-29 22:25:35.952153
0.1.1.1.0.0.searchglobal.0,Small,16,7,TLT,6,1,1,TestSA,0.53017,0.5764998225062122,0.22736,0.32610909508168506,0.46983,/gpfs/projects/HeinzGroup/caffeine_underground/mlrt/FlexFringe/FlexFringe/models-ps-small/0.1.1.1.0.0.searchglobal.0.ini/0.1.1.1.0.0.searchglobal.0_16.07.TLT.6.1.1_Small.final.json,/gpfs/projects/HeinzGroup/asoubki/FlexFringe/data/MLRegTest/Large/16.07.TLT.6.1.1_TestSA.txt,2025-12-29 22:25:35.952153
0.1.1.1.0.0.searchglobal.0,Small,16,7,TLT,6,1,1,Dev,0.86343,0.848533670905499,0.8848,0.8662874374614489,0.13657,/gpfs/projects/HeinzGroup/caffeine_underground/mlrt/FlexFringe/FlexFringe/models-ps-small/0.1.1.1.0.0.searchglobal.0.ini/0.1.1.1.0.0.searchglobal.0_16.07.TLT.6.1.1_Small.final.json,/gpfs/projects/HeinzGroup/asoubki/FlexFringe/data/MLRegTest/Large/16.07.TLT.6.1.1_Dev.txt,2025-12-29 22:25:35.952153
0.1.1.1.0.0.searchglobal.0,Small,16,7,TLT,6,1,1,Train,0.873,0.8525519848771267,0.902,0.8765792031098154,0.127,/gpfs/projects/HeinzGroup/caffeine_underground/mlrt/FlexFringe/FlexFringe/models-ps-small/0.1.1.1.0.0.searchglobal.0.ini/0.1.1.1.0.0.searchglobal.0_16.07.TLT.6.1.1_Small.final.json,/gpfs/projects/HeinzGroup/asoubki/FlexFringe/data/MLRegTest/Small/16.07.TLT.6.1.1_Train.txt,2025-12-29 22:25:35.952153
0.1.1.1.0.0.searchglobal.0,Small,16,7,TLT,6,1,2,TestSA,0.54102,0.6302387604775209,0.1985,0.3019103242684188,0.45898,/gpfs/projects/HeinzGroup/caffeine_underground/mlrt/FlexFringe/FlexFringe/models-ps-small/0.1.1.1.0.0.searchglobal.0.ini/0.1.1.1.0.0.searchglobal.0_16.07.TLT.6.1.2_Small.final.json,/gpfs/projects/HeinzGroup/asoubki/FlexFringe/data/MLRegTest/Large/16.07.TLT.6.1.2_TestSA.txt,2025-12-29 23:18:17.854449
0.1.1.1.0.0.searchglobal.0,Small,16,7,TLT,6,1,2,TestLR,0.8201,0.7874977546254716,0.8768,0.8297530046370777,0.1799,/gpfs/projects/HeinzGroup/caffeine_underground/mlrt/FlexFringe/FlexFringe/models-ps-small/0.1.1.1.0.0.searchglobal.0.ini/0.1.1.1.0.0.searchglobal.0_16.07.TLT.6.1.2_Small.final.json,/gpfs/projects/HeinzGroup/asoubki/FlexFringe/data/MLRegTest/Large/16.07.TLT.6.1.2_TestLR.txt,2025-12-29 23:18:17.854449
0.1.1.1.0.0.searchglobal.0,Small,16,7,TLT,6,1,2,TestLA,0.53251,0.5591198399709038,0.30746,0.39674817730176143,0.46749,/gpfs/projects/HeinzGroup/caffeine_underground/mlrt/FlexFringe/FlexFringe/models-ps-small/0.1.1.1.0.0.searchglobal.0.ini/0.1.1.1.0.0.searchglobal.0_16.07.TLT.6.1.2_Small.final.json,/gpfs/projects/HeinzGroup/asoubki/FlexFringe/data/MLRegTest/Large/16.07.TLT.6.1.2_TestLA.txt,2025-12-29 23:18:17.854449
0.1.1.1.0.0.searchglobal.0,Small,16,7,TLT,6,1,2,TestSR,0.90084,0.8894826849080804,0.91542,0.9022649766405804,0.09916,/gpfs/projects/HeinzGroup/caffeine_underground/mlrt/FlexFringe/FlexFringe/models-ps-small/0.1.1.1.0.0.searchglobal.0.ini/0.1.1.1.0.0.searchglobal.0_16.07.TLT.6.1.2_Small.final.json,/gpfs/projects/HeinzGroup/asoubki/FlexFringe/data/MLRegTest/Large/16.07.TLT.6.1.2_TestSR.txt,2025-12-29 23:18:17.854449
0.1.1.1.0.0.searchglobal.0,Small,16,7,TLT,6,1,2,Dev,0.90097,0.8897680657892179,0.91534,0.9023729014067845,0.09903,/gpfs/projects/HeinzGroup/caffeine_underground/mlrt/FlexFringe/FlexFringe/models-ps-small/0.1.1.1.0.0.searchglobal.0.ini/0.1.1.1.0.0.searchglobal.0_16.07.TLT.6.1.2_Small.final.json,/gpfs/projects/HeinzGroup/asoubki/FlexFringe/data/MLRegTest/Large/16.07.TLT.6.1.2_Dev.txt,2025-12-29 23:18:17.854449
0.1.1.1.0.0.searchglobal.0,Small,16,7,TLT,6,1,2,Train,0.886,0.8697318007662835,0.908,0.8884540117416829,0.114,/gpfs/projects/HeinzGroup/caffeine_underground/mlrt/FlexFringe/FlexFringe/models-ps-small/0.1.1.1.0.0.searchglobal.0.ini/0.1.1.1.0.0.searchglobal.0_16.07.TLT.6.1.2_Small.final.json,/gpfs/projects/HeinzGroup/asoubki/FlexFringe/data/MLRegTest/Small/16.07.TLT.6.1.2_Train.txt,2025-12-29 23:18:17.854449
0.1.1.1.0.0.searchglobal.0,Small,16,7,TLT,6,1,3,TestSR,0.82853,0.8089255825324883,0.86026,0.8338034175607959,0.17147,/gpfs/projects/HeinzGroup/caffeine_underground/mlrt/FlexFringe/FlexFringe/models-ps-small/0.1.1.1.0.0.searchglobal.0.ini/0.1.1.1.0.0.searchglobal.0_16.07.TLT.6.1.3_Small.final.json,/gpfs/projects/HeinzGroup/asoubki/FlexFringe/data/MLRegTest/Large/16.07.TLT.6.1.3_TestSR.txt,2025-12-29 22:05:47.192343
0.1.1.1.0.0.searchglobal.0,Small,16,7,TLT,6,1,3,TestLA,0.5289,0.5415158306039188,0.37696,0.4444968516378558,0.4711,/gpfs/projects/HeinzGroup/caffeine_underground/mlrt/FlexFringe/FlexFringe/models-ps-small/0.1.1.1.0.0.searchglobal.0.ini/0.1.1.1.0.0.searchglobal.0_16.07.TLT.6.1.3_Small.final.json,/gpfs/projects/HeinzGroup/asoubki/FlexFringe/data/MLRegTest/Large/16.07.TLT.6.1.3_TestLA.txt,2025-12-29 22:05:47.192343
0.1.1.1.0.0.searchglobal.0,Small,16,7,TLT,6,1,3,TestLR,0.74655,0.720982342923725,0.8044,0.7604102661057806,0.25345,/gpfs/projects/HeinzGroup/caffeine_underground/mlrt/FlexFringe/FlexFringe/models-ps-small/0.1.1.1.0.0.searchglobal.0.ini/0.1.1.1.0.0.searchglobal.0_16.07.TLT.6.1.3_Small.final.json,/gpfs/projects/HeinzGroup/asoubki/FlexFringe/data/MLRegTest/Large/16.07.TLT.6.1.3_TestLR.txt,2025-12-29 22:05:47.192343
0.1.1.1.0.0.searchglobal.0,Small,16,7,TLT,6,1,3,TestSA,0.5381,0.5760054261091605,0.28874,0.38465842481082807,0.4619,/gpfs/projects/HeinzGroup/caffeine_underground/mlrt/FlexFringe/FlexFringe/models-ps-small/0.1.1.1.0.0.searchglobal.0.ini/0.1.1.1.0.0.searchglobal.0_16.07.TLT.6.1.3_Small.final.json,/gpfs/projects/HeinzGroup/asoubki/FlexFringe/data/MLRegTest/Large/16.07.TLT.6.1.3_TestSA.txt,2025-12-29 22:05:47.192343
0.1.1.1.0.0.searchglobal.0,Small,16,7,TLT,6,1,3,Dev,0.82715,0.8059707076186379,0.86176,0.8329322160040982,0.17285,/gpfs/projects/HeinzGroup/caffeine_underground/mlrt/FlexFringe/FlexFringe/models-ps-small/0.1.1.1.0.0.searchglobal.0.ini/0.1.1.1.0.0.searchglobal.0_16.07.TLT.6.1.3_Small.final.json,/gpfs/projects/HeinzGroup/asoubki/FlexFringe/data/MLRegTest/Large/16.07.TLT.6.1.3_Dev.txt,2025-12-29 22:05:47.192343
0.1.1.1.0.0.searchglobal.0,Small,16,7,TLT,6,1,3,Train,0.811,0.7961904761904762,0.836,0.8156097560975609,0.189,/gpfs/projects/HeinzGroup/caffeine_underground/mlrt/FlexFringe/FlexFringe/models-ps-small/0.1.1.1.0.0.searchglobal.0.ini/0.1.1.1.0.0.searchglobal.0_16.07.TLT.6.1.3_Small.final.json,/gpfs/projects/HeinzGroup/asoubki/FlexFringe/data/MLRegTest/Small/16.07.TLT.6.1.3_Train.txt,2025-12-29 22:05:47.192343
0.1.1.1.0.0.searchglobal.0,Small,16,7,TLT,6,1,4,TestSR,0.80013,0.8442252551898154,0.73608,0.7864522677493456,0.19987,/gpfs/projects/HeinzGroup/caffeine_underground/mlrt/FlexFringe/FlexFringe/models-ps-small/0.1.1.1.0.0.searchglobal.0.ini/0.1.1.1.0.0.searchglobal.0_16.07.TLT.6.1.4_Small.final.json,/gpfs/projects/HeinzGroup/asoubki/FlexFringe/data/MLRegTest/Large/16.07.TLT.6.1.4_TestSR.txt,2025-12-29 22:38:06.246353
0.1.1.1.0.0.searchglobal.0,Small,16,7,TLT,6,1,4,TestLR,0.71922,0.7751669428126726,0.61756,0.6874457332413118,0.28078,/gpfs/projects/HeinzGroup/caffeine_underground/mlrt/FlexFringe/FlexFringe/models-ps-small/0.1.1.1.0.0.searchglobal.0.ini/0.1.1.1.0.0.searchglobal.0_16.07.TLT.6.1.4_Small.final.json,/gpfs/projects/HeinzGroup/asoubki/FlexFringe/data/MLRegTest/Large/16.07.TLT.6.1.4_TestLR.txt,2025-12-29 22:38:06.246353
0.1.1.1.0.0.searchglobal.0,Small,16,7,TLT,6,1,4,TestSA,0.53585,0.5256816195538491,0.73382,0.6125529019925374,0.46415,/gpfs/projects/HeinzGroup/caffeine_underground/mlrt/FlexFringe/FlexFringe/models-ps-small/0.1.1.1.0.0.searchglobal.0.ini/0.1.1.1.0.0.searchglobal.0_16.07.TLT.6.1.4_Small.final.json,/gpfs/projects/HeinzGroup/asoubki/FlexFringe/data/MLRegTest/Large/16.07.TLT.6.1.4_TestSA.txt,2025-12-29 22:38:06.246353
0.1.1.1.0.0.searchglobal.0,Small,16,7,TLT,6,1,4,TestLA,0.52518,0.5213984635257325,0.61354,0.563728913227241,0.47482,/gpfs/projects/HeinzGroup/caffeine_underground/mlrt/FlexFringe/FlexFringe/models-ps-small/0.1.1.1.0.0.searchglobal.0.ini/0.1.1.1.0.0.searchglobal.0_16.07.TLT.6.1.4_Small.final.json,/gpfs/projects/HeinzGroup/asoubki/FlexFringe/data/MLRegTest/Large/16.07.TLT.6.1.4_TestLA.txt,2025-12-29 22:38:06.246353
0.1.1.1.0.0.searchglobal.0,Small,16,7,TLT,6,1,4,Dev,0.80074,0.8452020202020202,0.73634,0.7870243693886276,0.19926,/gpfs/projects/HeinzGroup/caffeine_underground/mlrt/FlexFringe/FlexFringe/models-ps-small/0.1.1.1.0.0.searchglobal.0.ini/0.1.1.1.0.0.searchglobal.0_16.07.TLT.6.1.4_Small.final.json,/gpfs/projects/HeinzGroup/asoubki/FlexFringe/data/MLRegTest/Large/16.07.TLT.6.1.4_Dev.txt,2025-12-29 22:38:06.246353
0.1.1.1.0.0.searchglobal.0,Small,16,7,TLT,6,1,4,Train,0.769,0.7982261640798226,0.72,0.7570977917981072,0.231,/gpfs/projects/HeinzGroup/caffeine_underground/mlrt/FlexFringe/FlexFringe/models-ps-small/0.1.1.1.0.0.searchglobal.0.ini/0.1.1.1.0.0.searchglobal.0_16.07.TLT.6.1.4_Small.final.json,/gpfs/projects/HeinzGroup/asoubki/FlexFringe/data/MLRegTest/Small/16.07.TLT.6.1.4_Train.txt,2025-12-29 22:38:06.246353
0.1.1.1.0.0.searchglobal.0,Small,16,7,TLT,6,1,5,TestSR,0.50849,0.8160833953834699,0.02192,0.04269325906160528,0.49151,/gpfs/projects/HeinzGroup/caffeine_underground/mlrt/FlexFringe/FlexFringe/models-ps-small/0.1.1.1.0.0.searchglobal.0.ini/0.1.1.1.0.0.searchglobal.0_16.07.TLT.6.1.5_Small.final.json,/gpfs/projects/HeinzGroup/asoubki/FlexFringe/data/MLRegTest/Large/16.07.TLT.6.1.5_TestSR.txt,2025-12-29 22:16:09.449352
0.1.1.1.0.0.searchglobal.0,Small,16,7,TLT,6,1,5,TestLR,0.49987,0.487378640776699,0.00502,0.00993764228446996,0.50013,/gpfs/projects/HeinzGroup/caffeine_underground/mlrt/FlexFringe/FlexFringe/models-ps-small/0.1.1.1.0.0.searchglobal.0.ini/0.1.1.1.0.0.searchglobal.0_16.07.TLT.6.1.5_Small.final.json,/gpfs/projects/HeinzGroup/asoubki/FlexFringe/data/MLRegTest/Large/16.07.TLT.6.1.5_TestLR.txt,2025-12-29 22:16:09.449352
0.1.1.1.0.0.searchglobal.0,Small,16,7,TLT,6,1,5,TestLA,0.50005,0.5051975051975052,0.00486,0.009627384560527722,0.49995,/gpfs/projects/HeinzGroup/caffeine_underground/mlrt/FlexFringe/FlexFringe/models-ps-small/0.1.1.1.0.0.searchglobal.0.ini/0.1.1.1.0.0.searchglobal.0_16.07.TLT.6.1.5_Small.final.json,/gpfs/projects/HeinzGroup/asoubki/FlexFringe/data/MLRegTest/Large/16.07.TLT.6.1.5_TestLA.txt,2025-12-29 22:16:09.449352
0.1.1.1.0.0.searchglobal.0,Small,16,7,TLT,6,1,5,TestSA,0.50379,0.5680919870643191,0.03162,0.05990565144080481,0.49621,/gpfs/projects/HeinzGroup/caffeine_underground/mlrt/FlexFringe/FlexFringe/models-ps-small/0.1.1.1.0.0.searchglobal.0.ini/0.1.1.1.0.0.searchglobal.0_16.07.TLT.6.1.5_Small.final.json,/gpfs/projects/HeinzGroup/asoubki/FlexFringe/data/MLRegTest/Large/16.07.TLT.6.1.5_TestSA.txt,2025-12-29 22:16:09.449352
0.1.1.1.0.0.searchglobal.0,Small,16,7,TLT,6,1,5,Dev,0.50879,0.8277404921700223,0.0222,0.04324029528057498,0.49121,/gpfs/projects/HeinzGroup/caffeine_underground/mlrt/FlexFringe/FlexFringe/models-ps-small/0.1.1.1.0.0.searchglobal.0.ini/0.1.1.1.0.0.searchglobal.0_16.07.TLT.6.1.5_Small.final.json,/gpfs/projects/HeinzGroup/asoubki/FlexFringe/data/MLRegTest/Large/16.07.TLT.6.1.5_Dev.txt,2025-12-29 22:16:09.449352
0.1.1.1.0.0.searchglobal.0,Small,16,7,TLT,6,1,5,Train,0.513,0.9333333333333333,0.028,0.05436893203883495,0.487,/gpfs/projects/HeinzGroup/caffeine_underground/mlrt/FlexFringe/FlexFringe/models-ps-small/0.1.1.1.0.0.searchglobal.0.ini/0.1.1.1.0.0.searchglobal.0_16.07.TLT.6.1.5_Small.final.json,/gpfs/projects/HeinzGroup/asoubki/FlexFringe/data/MLRegTest/Small/16.07.TLT.6.1.5_Train.txt,2025-12-29 22:16:09.449352
0.1.1.1.0.0.searchglobal.0,Small,16,7,TLT,6,1,6,TestLR,0.49961,0.4917825537294564,0.02334,0.04456494758749738,0.50039,/gpfs/projects/HeinzGroup/caffeine_underground/mlrt/FlexFringe/FlexFringe/models-ps-small/0.1.1.1.0.0.searchglobal.0.ini/0.1.1.1.0.0.searchglobal.0_16.07.TLT.6.1.6_Small.final.json,/gpfs/projects/HeinzGroup/asoubki/FlexFringe/data/MLRegTest/Large/16.07.TLT.6.1.6_TestLR.txt,2025-12-29 23:02:04.159405
0.1.1.1.0.0.searchglobal.0,Small,16,7,TLT,6,1,6,TestLA,0.5001,0.5020973154362416,0.02394,0.04570097739767868,0.4999,/gpfs/projects/HeinzGroup/caffeine_underground/mlrt/FlexFringe/FlexFringe/models-ps-small/0.1.1.1.0.0.searchglobal.0.ini/0.1.1.1.0.0.searchglobal.0_16.07.TLT.6.1.6_Small.final.json,/gpfs/projects/HeinzGroup/asoubki/FlexFringe/data/MLRegTest/Large/16.07.TLT.6.1.6_TestLA.txt,2025-12-29 23:02:04.159405
0.1.1.1.0.0.searchglobal.0,Small,16,7,TLT,6,1,6,TestSR,0.5104,0.6536643026004728,0.04424,0.08287127229132324,0.4896,/gpfs/projects/HeinzGroup/caffeine_underground/mlrt/FlexFringe/FlexFringe/models-ps-small/0.1.1.1.0.0.searchglobal.0.ini/0.1.1.1.0.0.searchglobal.0_16.07.TLT.6.1.6_Small.final.json,/gpfs/projects/HeinzGroup/asoubki/FlexFringe/data/MLRegTest/Large/16.07.TLT.6.1.6_TestSR.txt,2025-12-29 23:02:04.159405
0.1.1.1.0.0.searchglobal.0,Small,16,7,TLT,6,1,6,TestSA,0.50393,0.5367358384744813,0.05742,0.10374171168404127,0.49607,/gpfs/projects/HeinzGroup/caffeine_underground/mlrt/FlexFringe/FlexFringe/models-ps-small/0.1.1.1.0.0.searchglobal.0.ini/0.1.1.1.0.0.searchglobal.0_16.07.TLT.6.1.6_Small.final.json,/gpfs/projects/HeinzGroup/asoubki/FlexFringe/data/MLRegTest/Large/16.07.TLT.6.1.6_TestSA.txt,2025-12-29 23:02:04.159405
0.1.1.1.0.0.searchglobal.0,Small,16,7,TLT,6,1,6,Dev,0.51215,0.6713681241184767,0.0476,0.08889718928004482,0.48785,/gpfs/projects/HeinzGroup/caffeine_underground/mlrt/FlexFringe/FlexFringe/models-ps-small/0.1.1.1.0.0.searchglobal.0.ini/0.1.1.1.0.0.searchglobal.0_16.07.TLT.6.1.6_Small.final.json,/gpfs/projects/HeinzGroup/asoubki/FlexFringe/data/MLRegTest/Large/16.07.TLT.6.1.6_Dev.txt,2025-12-29 23:02:04.159405
0.1.1.1.0.0.searchglobal.0,Small,16,7,TLT,6,1,6,Train,0.504,0.5555555555555556,0.04,0.07462686567164178,0.496,/gpfs/projects/HeinzGroup/caffeine_underground/mlrt/FlexFringe/FlexFringe/models-ps-small/0.1.1.1.0.0.searchglobal.0.ini/0.1.1.1.0.0.searchglobal.0_16.07.TLT.6.1.6_Small.final.json,/gpfs/projects/HeinzGroup/asoubki/FlexFringe/data/MLRegTest/Small/16.07.TLT.6.1.6_Train.txt,2025-12-29 23:02:04.159405
0.1.1.1.0.0.searchglobal.0,Small,16,7,TLT,6,1,7,TestLA,0.5001,0.5027870680044593,0.01804,0.03483028922268989,0.4999,/gpfs/projects/HeinzGroup/caffeine_underground/mlrt/FlexFringe/FlexFringe/models-ps-small/0.1.1.1.0.0.searchglobal.0.ini/0.1.1.1.0.0.searchglobal.0_16.07.TLT.6.1.7_Small.final.json,/gpfs/projects/HeinzGroup/asoubki/FlexFringe/data/MLRegTest/Large/16.07.TLT.6.1.7_TestLA.txt,2025-12-29 22:49:45.776535
0.1.1.1.0.0.searchglobal.0,Small,16,7,TLT,6,1,7,TestSR,0.5121,0.6908517350157729,0.0438,0.0823772804212902,0.4879,/gpfs/projects/HeinzGroup/caffeine_underground/mlrt/FlexFringe/FlexFringe/models-ps-small/0.1.1.1.0.0.searchglobal.0.ini/0.1.1.1.0.0.searchglobal.0_16.07.TLT.6.1.7_Small.final.json,/gpfs/projects/HeinzGroup/asoubki/FlexFringe/data/MLRegTest/Large/16.07.TLT.6.1.7_TestSR.txt,2025-12-29 22:49:45.776535
0.1.1.1.0.0.searchglobal.0,Small,16,7,TLT,6,1,7,TestSA,0.50417,0.5428924089693479,0.05278,0.09620677712764988,0.49583,/gpfs/projects/HeinzGroup/caffeine_underground/mlrt/FlexFringe/FlexFringe/models-ps-small/0.1.1.1.0.0.searchglobal.0.ini/0.1.1.1.0.0.searchglobal.0_16.07.TLT.6.1.7_Small.final.json,/gpfs/projects/HeinzGroup/asoubki/FlexFringe/data/MLRegTest/Large/16.07.TLT.6.1.7_TestSA.txt,2025-12-29 22:49:45.776535
0.1.1.1.0.0.searchglobal.0,Small,16,7,TLT,6,1,7,TestLR,0.49994,0.4983957219251337,0.01864,0.03593599383073067,0.50006,/gpfs/projects/HeinzGroup/caffeine_underground/mlrt/FlexFringe/FlexFringe/models-ps-small/0.1.1.1.0.0.searchglobal.0.ini/0.1.1.1.0.0.searchglobal.0_16.07.TLT.6.1.7_Small.final.json,/gpfs/projects/HeinzGroup/asoubki/FlexFringe/data/MLRegTest/Large/16.07.TLT.6.1.7_TestLR.txt,2025-12-29 22:49:45.776535
0.1.1.1.0.0.searchglobal.0,Small,16,7,TLT,6,1,7,Dev,0.51263,0.709452736318408,0.04278,0.08069414316702819,0.48737,/gpfs/projects/HeinzGroup/caffeine_underground/mlrt/FlexFringe/FlexFringe/models-ps-small/0.1.1.1.0.0.searchglobal.0.ini/0.1.1.1.0.0.searchglobal.0_16.07.TLT.6.1.7_Small.final.json,/gpfs/projects/HeinzGroup/asoubki/FlexFringe/data/MLRegTest/Large/16.07.TLT.6.1.7_Dev.txt,2025-12-29 22:49:45.776535
0.1.1.1.0.0.searchglobal.0,Small,16,7,TLT,6,1,7,Train,0.514,0.7333333333333333,0.044,0.0830188679245283,0.486,/gpfs/projects/HeinzGroup/caffeine_underground/mlrt/FlexFringe/FlexFringe/models-ps-small/0.1.1.1.0.0.searchglobal.0.ini/0.1.1.1.0.0.searchglobal.0_16.07.TLT.6.1.7_Small.final.json,/gpfs/projects/HeinzGroup/asoubki/FlexFringe/data/MLRegTest/Small/16.07.TLT.6.1.7_Train.txt,2025-12-29 22:49:45.776535
0.1.1.1.0.0.searchglobal.0,Small,16,7,TLT,6,1,8,TestSR,0.50942,0.659877800407332,0.03888,0.07343330940958713,0.49058,/gpfs/projects/HeinzGroup/caffeine_underground/mlrt/FlexFringe/FlexFringe/models-ps-small/0.1.1.1.0.0.searchglobal.0.ini/0.1.1.1.0.0.searchglobal.0_16.07.TLT.6.1.8_Small.final.json,/gpfs/projects/HeinzGroup/asoubki/FlexFringe/data/MLRegTest/Large/16.07.TLT.6.1.8_TestSR.txt,2025-12-29 23:30:16.685108
0.1.1.1.0.0.searchglobal.0,Small,16,7,TLT,6,1,8,TestSA,0.50308,0.5345136709995517,0.0477,0.08758400352539385,0.49692,/gpfs/projects/HeinzGroup/caffeine_underground/mlrt/FlexFringe/FlexFringe/models-ps-small/0.1.1.1.0.0.searchglobal.0.ini/0.1.1.1.0.0.searchglobal.0_16.07.TLT.6.1.8_Small.final.json,/gpfs/projects/HeinzGroup/asoubki/FlexFringe/data/MLRegTest/Large/16.07.TLT.6.1.8_TestSA.txt,2025-12-29 23:30:16.685108
0.1.1.1.0.0.searchglobal.0,Small,16,7,TLT,6,1,8,TestLR,0.4996,0.4897013388259526,0.01902,0.036617765969735476,0.5004,/gpfs/projects/HeinzGroup/caffeine_underground/mlrt/FlexFringe/FlexFringe/models-ps-small/0.1.1.1.0.0.searchglobal.0.ini/0.1.1.1.0.0.searchglobal.0_16.07.TLT.6.1.8_Small.final.json,/gpfs/projects/HeinzGroup/asoubki/FlexFringe/data/MLRegTest/Large/16.07.TLT.6.1.8_TestLR.txt,2025-12-29 23:30:16.685108
0.1.1.1.0.0.searchglobal.0,Small,16,7,TLT,6,1,8,TestLA,0.49989,0.49710678590215673,0.0189,0.03641548332402073,0.50011,/gpfs/projects/HeinzGroup/caffeine_underground/mlrt/FlexFringe/FlexFringe/models-ps-small/0.1.1.1.0.0.searchglobal.0.ini/0.1.1.1.0.0.searchglobal.0_16.07.TLT.6.1.8_Small.final.json,/gpfs/projects/HeinzGroup/asoubki/FlexFringe/data/MLRegTest/Large/16.07.TLT.6.1.8_TestLA.txt,2025-12-29 23:30:16.685108
0.1.1.1.0.0.searchglobal.0,Small,16,7,TLT,6,1,8,Dev,0.50905,0.6524082182553048,0.03874,0.0731371179369065,0.49095,/gpfs/projects/HeinzGroup/caffeine_underground/mlrt/FlexFringe/FlexFringe/models-ps-small/0.1.1.1.0.0.searchglobal.0.ini/0.1.1.1.0.0.searchglobal.0_16.07.TLT.6.1.8_Small.final.json,/gpfs/projects/HeinzGroup/asoubki/FlexFringe/data/MLRegTest/Large/16.07.TLT.6.1.8_Dev.txt,2025-12-29 23:30:16.685108
0.1.1.1.0.0.searchglobal.0,Small,16,7,TLT,6,1,8,Train,0.497,0.4444444444444444,0.024,0.04554079696394687,0.503,/gpfs/projects/HeinzGroup/caffeine_underground/mlrt/FlexFringe/FlexFringe/models-ps-small/0.1.1.1.0.0.searchglobal.0.ini/0.1.1.1.0.0.searchglobal.0_16.07.TLT.6.1.8_Small.final.json,/gpfs/projects/HeinzGroup/asoubki/FlexFringe/data/MLRegTest/Small/16.07.TLT.6.1.8_Train.txt,2025-12-29 23:30:16.685108
0.1.1.1.0.0.searchglobal.0,Small,16,7,TLT,6,1,9,TestSR,0.52106,0.8679245283018868,0.04968,0.09398055313836026,0.47894,/gpfs/projects/HeinzGroup/caffeine_underground/mlrt/FlexFringe/FlexFringe/models-ps-small/0.1.1.1.0.0.searchglobal.0.ini/0.1.1.1.0.0.searchglobal.0_16.07.TLT.6.1.9_Small.final.json,/gpfs/projects/HeinzGroup/asoubki/FlexFringe/data/MLRegTest/Large/16.07.TLT.6.1.9_TestSR.txt,2025-12-29 22:35:26.219751
0.1.1.1.0.0.searchglobal.0,Small,16,7,TLT,6,1,9,TestSA,0.50926,0.5855506282335551,0.06338,0.11437955677470583,0.49074,/gpfs/projects/HeinzGroup/caffeine_underground/mlrt/FlexFringe/FlexFringe/models-ps-small/0.1.1.1.0.0.searchglobal.0.ini/0.1.1.1.0.0.searchglobal.0_16.07.TLT.6.1.9_Small.final.json,/gpfs/projects/HeinzGroup/asoubki/FlexFringe/data/MLRegTest/Large/16.07.TLT.6.1.9_TestSA.txt,2025-12-29 22:35:26.219751
0.1.1.1.0.0.searchglobal.0,Small,16,7,TLT,6,1,9,TestLR,0.50036,0.524,0.00786,0.01548768472906404,0.49964,/gpfs/projects/HeinzGroup/caffeine_underground/mlrt/FlexFringe/FlexFringe/models-ps-small/0.1.1.1.0.0.searchglobal.0.ini/0.1.1.1.0.0.searchglobal.0_16.07.TLT.6.1.9_Small.final.json,/gpfs/projects/HeinzGroup/asoubki/FlexFringe/data/MLRegTest/Large/16.07.TLT.6.1.9_TestLR.txt,2025-12-29 22:35:26.219751
0.1.1.1.0.0.searchglobal.0,Small,16,7,TLT,6,1,9,TestLA,0.50034,0.5183982683982684,0.00958,0.018812347812426362,0.49966,/gpfs/projects/HeinzGroup/caffeine_underground/mlrt/FlexFringe/FlexFringe/models-ps-small/0.1.1.1.0.0.searchglobal.0.ini/0.1.1.1.0.0.searchglobal.0_16.07.TLT.6.1.9_Small.final.json,/gpfs/projects/HeinzGroup/asoubki/FlexFringe/data/MLRegTest/Large/16.07.TLT.6.1.9_TestLA.txt,2025-12-29 22:35:26.219751
0.1.1.1.0.0.searchglobal.0,Small,16,7,TLT,6,1,9,Dev,0.5217,0.8780487804878049,0.0504,0.09532816341970872,0.4783,/gpfs/projects/HeinzGroup/caffeine_underground/mlrt/FlexFringe/FlexFringe/models-ps-small/0.1.1.1.0.0.searchglobal.0.ini/0.1.1.1.0.0.searchglobal.0_16.07.TLT.6.1.9_Small.final.json,/gpfs/projects/HeinzGroup/asoubki/FlexFringe/data/MLRegTest/Large/16.07.TLT.6.1.9_Dev.txt,2025-12-29 22:35:26.219751
0.1.1.1.0.0.searchglobal.0,Small,16,7,TLT,6,1,9,Train,0.521,0.8888888888888888,0.048,0.09108159392789374,0.479,/gpfs/projects/HeinzGroup/caffeine_underground/mlrt/FlexFringe/FlexFringe/models-ps-small/0.1.1.1.0.0.searchglobal.0.ini/0.1.1.1.0.0.searchglobal.0_16.07.TLT.6.1.9_Small.final.json,/gpfs/projects/HeinzGroup/asoubki/FlexFringe/data/MLRegTest/Small/16.07.TLT.6.1.9_Train.txt,2025-12-29 22:35:26.219751
0.1.1.1.0.0.searchglobal.0,Small,16,7,TLTT,2,2,0,TestSR,0.75664,0.7742700807933998,0.7245,0.7485586758415473,0.24336,/gpfs/projects/HeinzGroup/caffeine_underground/mlrt/FlexFringe/FlexFringe/models-ps-small/0.1.1.1.0.0.searchglobal.0.ini/0.1.1.1.0.0.searchglobal.0_16.07.TLTT.2.2.0_Small.final.json,/gpfs/projects/HeinzGroup/asoubki/FlexFringe/data/MLRegTest/Large/16.07.TLTT.2.2.0_TestSR.txt,2025-12-29 23:36:15.826350
0.1.1.1.0.0.searchglobal.0,Small,16,7,TLTT,2,2,0,TestLA,0.54503,0.5378536962625464,0.63982,0.5844225833264827,0.45497,/gpfs/projects/HeinzGroup/caffeine_underground/mlrt/FlexFringe/FlexFringe/models-ps-small/0.1.1.1.0.0.searchglobal.0.ini/0.1.1.1.0.0.searchglobal.0_16.07.TLTT.2.2.0_Small.final.json,/gpfs/projects/HeinzGroup/asoubki/FlexFringe/data/MLRegTest/Large/16.07.TLTT.2.2.0_TestLA.txt,2025-12-29 23:36:15.826350
0.1.1.1.0.0.searchglobal.0,Small,16,7,TLTT,2,2,0,TestSA,0.5566,0.5426127808227429,0.72072,0.6191114318111535,0.4434,/gpfs/projects/HeinzGroup/caffeine_underground/mlrt/FlexFringe/FlexFringe/models-ps-small/0.1.1.1.0.0.searchglobal.0.ini/0.1.1.1.0.0.searchglobal.0_16.07.TLTT.2.2.0_Small.final.json,/gpfs/projects/HeinzGroup/asoubki/FlexFringe/data/MLRegTest/Large/16.07.TLTT.2.2.0_TestSA.txt,2025-12-29 23:36:15.826350
0.1.1.1.0.0.searchglobal.0,Small,16,7,TLTT,2,2,0,TestLR,0.68503,0.6980921996445625,0.65206,0.674291387030392,0.31497,/gpfs/projects/HeinzGroup/caffeine_underground/mlrt/FlexFringe/FlexFringe/models-ps-small/0.1.1.1.0.0.searchglobal.0.ini/0.1.1.1.0.0.searchglobal.0_16.07.TLTT.2.2.0_Small.final.json,/gpfs/projects/HeinzGroup/asoubki/FlexFringe/data/MLRegTest/Large/16.07.TLTT.2.2.0_TestLR.txt,2025-12-29 23:36:15.826350
0.1.1.1.0.0.searchglobal.0,Small,16,7,TLTT,2,2,0,Dev,0.75757,0.7750699502338794,0.72576,0.7496049329160599,0.24243,/gpfs/projects/HeinzGroup/caffeine_underground/mlrt/FlexFringe/FlexFringe/models-ps-small/0.1.1.1.0.0.searchglobal.0.ini/0.1.1.1.0.0.searchglobal.0_16.07.TLTT.2.2.0_Small.final.json,/gpfs/projects/HeinzGroup/asoubki/FlexFringe/data/MLRegTest/Large/16.07.TLTT.2.2.0_Dev.txt,2025-12-29 23:36:15.826350
0.1.1.1.0.0.searchglobal.0,Small,16,7,TLTT,2,2,0,Train,0.763,0.7803837953091685,0.732,0.7554179566563467,0.237,/gpfs/projects/HeinzGroup/caffeine_underground/mlrt/FlexFringe/FlexFringe/models-ps-small/0.1.1.1.0.0.searchglobal.0.ini/0.1.1.1.0.0.searchglobal.0_16.07.TLTT.2.2.0_Small.final.json,/gpfs/projects/HeinzGroup/asoubki/FlexFringe/data/MLRegTest/Small/16.07.TLTT.2.2.0_Train.txt,2025-12-29 23:36:15.826350
0.1.1.1.0.0.searchglobal.0,Small,16,7,TLTT,2,2,1,TestSA,0.51301,0.509566879917641,0.69296,0.5872791219966947,0.48699,/gpfs/projects/HeinzGroup/caffeine_underground/mlrt/FlexFringe/FlexFringe/models-ps-small/0.1.1.1.0.0.searchglobal.0.ini/0.1.1.1.0.0.searchglobal.0_16.07.TLTT.2.2.1_Small.final.json,/gpfs/projects/HeinzGroup/asoubki/FlexFringe/data/MLRegTest/Large/16.07.TLTT.2.2.1_TestSA.txt,2025-12-29 22:47:57.978219
0.1.1.1.0.0.searchglobal.0,Small,16,7,TLTT,2,2,1,TestLA,0.50787,0.5057305547060451,0.69454,0.5852848727953012,0.49213,/gpfs/projects/HeinzGroup/caffeine_underground/mlrt/FlexFringe/FlexFringe/models-ps-small/0.1.1.1.0.0.searchglobal.0.ini/0.1.1.1.0.0.searchglobal.0_16.07.TLTT.2.2.1_Small.final.json,/gpfs/projects/HeinzGroup/asoubki/FlexFringe/data/MLRegTest/Large/16.07.TLTT.2.2.1_TestLA.txt,2025-12-29 22:47:57.978219
0.1.1.1.0.0.searchglobal.0,Small,16,7,TLTT,2,2,1,TestSR,0.54231,0.5299023280139087,0.74978,0.6209512451655114,0.45769,/gpfs/projects/HeinzGroup/caffeine_underground/mlrt/FlexFringe/FlexFringe/models-ps-small/0.1.1.1.0.0.searchglobal.0.ini/0.1.1.1.0.0.searchglobal.0_16.07.TLTT.2.2.1_Small.final.json,/gpfs/projects/HeinzGroup/asoubki/FlexFringe/data/MLRegTest/Large/16.07.TLTT.2.2.1_TestSR.txt,2025-12-29 22:47:57.978219
0.1.1.1.0.0.searchglobal.0,Small,16,7,TLTT,2,2,1,TestLR,0.52483,0.517773546549083,0.72334,0.6035327197937439,0.47517,/gpfs/projects/HeinzGroup/caffeine_underground/mlrt/FlexFringe/FlexFringe/models-ps-small/0.1.1.1.0.0.searchglobal.0.ini/0.1.1.1.0.0.searchglobal.0_16.07.TLTT.2.2.1_Small.final.json,/gpfs/projects/HeinzGroup/asoubki/FlexFringe/data/MLRegTest/Large/16.07.TLTT.2.2.1_TestLR.txt,2025-12-29 22:47:57.978219
0.1.1.1.0.0.searchglobal.0,Small,16,7,TLTT,2,2,1,Dev,0.54338,0.5307729413767663,0.74822,0.6210119185950002,0.45662,/gpfs/projects/HeinzGroup/caffeine_underground/mlrt/FlexFringe/FlexFringe/models-ps-small/0.1.1.1.0.0.searchglobal.0.ini/0.1.1.1.0.0.searchglobal.0_16.07.TLTT.2.2.1_Small.final.json,/gpfs/projects/HeinzGroup/asoubki/FlexFringe/data/MLRegTest/Large/16.07.TLTT.2.2.1_Dev.txt,2025-12-29 22:47:57.978219
0.1.1.1.0.0.searchglobal.0,Small,16,7,TLTT,2,2,1,Train,0.55,0.5351123595505618,0.762,0.6287128712871287,0.45,/gpfs/projects/HeinzGroup/caffeine_underground/mlrt/FlexFringe/FlexFringe/models-ps-small/0.1.1.1.0.0.searchglobal.0.ini/0.1.1.1.0.0.searchglobal.0_16.07.TLTT.2.2.1_Small.final.json,/gpfs/projects/HeinzGroup/asoubki/FlexFringe/data/MLRegTest/Small/16.07.TLTT.2.2.1_Train.txt,2025-12-29 22:47:57.978219
0.1.1.1.0.0.searchglobal.0,Small,16,7,TLTT,2,2,2,TestLA,0.9519,0.996157224418094,0.9073,0.949654594934059,0.0481,/gpfs/projects/HeinzGroup/caffeine_underground/mlrt/FlexFringe/FlexFringe/models-ps-small/0.1.1.1.0.0.searchglobal.0.ini/0.1.1.1.0.0.searchglobal.0_16.07.TLTT.2.2.2_Small.final.json,/gpfs/projects/HeinzGroup/asoubki/FlexFringe/data/MLRegTest/Large/16.07.TLTT.2.2.2_TestLA.txt,2025-12-29 23:18:20.843327
0.1.1.1.0.0.searchglobal.0,Small,16,7,TLTT,2,2,2,TestLR,0.98702,0.9965740854031567,0.9774,0.9868939195056443,0.01298,/gpfs/projects/HeinzGroup/caffeine_underground/mlrt/FlexFringe/FlexFringe/models-ps-small/0.1.1.1.0.0.searchglobal.0.ini/0.1.1.1.0.0.searchglobal.0_16.07.TLTT.2.2.2_Small.final.json,/gpfs/projects/HeinzGroup/asoubki/FlexFringe/data/MLRegTest/Large/16.07.TLTT.2.2.2_TestLR.txt,2025-12-29 23:18:20.843327
0.1.1.1.0.0.searchglobal.0,Small,16,7,TLTT,2,2,2,TestSR,0.99625,0.998132942522736,0.99436,0.9962428990792598,0.00375,/gpfs/projects/HeinzGroup/caffeine_underground/mlrt/FlexFringe/FlexFringe/models-ps-small/0.1.1.1.0.0.searchglobal.0.ini/0.1.1.1.0.0.searchglobal.0_16.07.TLTT.2.2.2_Small.final.json,/gpfs/projects/HeinzGroup/asoubki/FlexFringe/data/MLRegTest/Large/16.07.TLTT.2.2.2_TestSR.txt,2025-12-29 23:18:20.843327
0.1.1.1.0.0.searchglobal.0,Small,16,7,TLTT,2,2,2,TestSA,0.97343,0.9981271437890616,0.94864,0.9727545861916921,0.02657,/gpfs/projects/HeinzGroup/caffeine_underground/mlrt/FlexFringe/FlexFringe/models-ps-small/0.1.1.1.0.0.searchglobal.0.ini/0.1.1.1.0.0.searchglobal.0_16.07.TLTT.2.2.2_Small.final.json,/gpfs/projects/HeinzGroup/asoubki/FlexFringe/data/MLRegTest/Large/16.07.TLTT.2.2.2_TestSA.txt,2025-12-29 23:18:20.843327
0.1.1.1.0.0.searchglobal.0,Small,16,7,TLTT,2,2,2,Dev,0.99603,0.9981121086140066,0.99394,0.9960216853223236,0.00397,/gpfs/projects/HeinzGroup/caffeine_underground/mlrt/FlexFringe/FlexFringe/models-ps-small/0.1.1.1.0.0.searchglobal.0.ini/0.1.1.1.0.0.searchglobal.0_16.07.TLTT.2.2.2_Small.final.json,/gpfs/projects/HeinzGroup/asoubki/FlexFringe/data/MLRegTest/Large/16.07.TLTT.2.2.2_Dev.txt,2025-12-29 23:18:20.843327
0.1.1.1.0.0.searchglobal.0,Small,16,7,TLTT,2,2,2,Train,0.993,0.997979797979798,0.988,0.992964824120603,0.007,/gpfs/projects/HeinzGroup/caffeine_underground/mlrt/FlexFringe/FlexFringe/models-ps-small/0.1.1.1.0.0.searchglobal.0.ini/0.1.1.1.0.0.searchglobal.0_16.07.TLTT.2.2.2_Small.final.json,/gpfs/projects/HeinzGroup/asoubki/FlexFringe/data/MLRegTest/Small/16.07.TLTT.2.2.2_Train.txt,2025-12-29 23:18:20.843327
0.1.1.1.0.0.searchglobal.0,Small,16,7,TLTT,2,2,3,TestLR,0.56588,0.5484198147875937,0.74618,0.6321952046089977,0.43412,/gpfs/projects/HeinzGroup/caffeine_underground/mlrt/FlexFringe/FlexFringe/models-ps-small/0.1.1.1.0.0.searchglobal.0.ini/0.1.1.1.0.0.searchglobal.0_16.07.TLTT.2.2.3_Small.final.json,/gpfs/projects/HeinzGroup/asoubki/FlexFringe/data/MLRegTest/Large/16.07.TLTT.2.2.3_TestLR.txt,2025-12-29 23:08:34.730112
0.1.1.1.0.0.searchglobal.0,Small,16,7,TLTT,2,2,3,TestSA,0.53514,0.5248247993670171,0.7429,0.6151056501291647,0.46486,/gpfs/projects/HeinzGroup/caffeine_underground/mlrt/FlexFringe/FlexFringe/models-ps-small/0.1.1.1.0.0.searchglobal.0.ini/0.1.1.1.0.0.searchglobal.0_16.07.TLTT.2.2.3_Small.final.json,/gpfs/projects/HeinzGroup/asoubki/FlexFringe/data/MLRegTest/Large/16.07.TLTT.2.2.3_TestSA.txt,2025-12-29 23:08:34.730112
0.1.1.1.0.0.searchglobal.0,Small,16,7,TLTT,2,2,3,TestLA,0.52808,0.5226167080125004,0.64886,0.5789360980745553,0.47192,/gpfs/projects/HeinzGroup/caffeine_underground/mlrt/FlexFringe/FlexFringe/models-ps-small/0.1.1.1.0.0.searchglobal.0.ini/0.1.1.1.0.0.searchglobal.0_16.07.TLTT.2.2.3_Small.final.json,/gpfs/projects/HeinzGroup/asoubki/FlexFringe/data/MLRegTest/Large/16.07.TLTT.2.2.3_TestLA.txt,2025-12-29 23:08:34.730112
0.1.1.1.0.0.searchglobal.0,Small,16,7,TLTT,2,2,3,TestSR,0.57524,0.5490623125277133,0.84202,0.6646931590331392,0.42476,/gpfs/projects/HeinzGroup/caffeine_underground/mlrt/FlexFringe/FlexFringe/models-ps-small/0.1.1.1.0.0.searchglobal.0.ini/0.1.1.1.0.0.searchglobal.0_16.07.TLTT.2.2.3_Small.final.json,/gpfs/projects/HeinzGroup/asoubki/FlexFringe/data/MLRegTest/Large/16.07.TLTT.2.2.3_TestSR.txt,2025-12-29 23:08:34.730112
0.1.1.1.0.0.searchglobal.0,Small,16,7,TLTT,2,2,3,Dev,0.57843,0.550954379490911,0.84804,0.66795315096762,0.42157,/gpfs/projects/HeinzGroup/caffeine_underground/mlrt/FlexFringe/FlexFringe/models-ps-small/0.1.1.1.0.0.searchglobal.0.ini/0.1.1.1.0.0.searchglobal.0_16.07.TLTT.2.2.3_Small.final.json,/gpfs/projects/HeinzGroup/asoubki/FlexFringe/data/MLRegTest/Large/16.07.TLTT.2.2.3_Dev.txt,2025-12-29 23:08:34.730112
0.1.1.1.0.0.searchglobal.0,Small,16,7,TLTT,2,2,3,Train,0.585,0.5549805950840879,0.858,0.6739984289080911,0.415,/gpfs/projects/HeinzGroup/caffeine_underground/mlrt/FlexFringe/FlexFringe/models-ps-small/0.1.1.1.0.0.searchglobal.0.ini/0.1.1.1.0.0.searchglobal.0_16.07.TLTT.2.2.3_Small.final.json,/gpfs/projects/HeinzGroup/asoubki/FlexFringe/data/MLRegTest/Small/16.07.TLTT.2.2.3_Train.txt,2025-12-29 23:08:34.730112
0.1.1.1.0.0.searchglobal.0,Small,16,7,TLTT,2,2,4,TestLA,0.58217,0.5682577129471184,0.68408,0.6208129520559755,0.41783,/gpfs/projects/HeinzGroup/caffeine_underground/mlrt/FlexFringe/FlexFringe/models-ps-small/0.1.1.1.0.0.searchglobal.0.ini/0.1.1.1.0.0.searchglobal.0_16.07.TLTT.2.2.4_Small.final.json,/gpfs/projects/HeinzGroup/asoubki/FlexFringe/data/MLRegTest/Large/16.07.TLTT.2.2.4_TestLA.txt,2025-12-29 23:36:30.544822
0.1.1.1.0.0.searchglobal.0,Small,16,7,TLTT,2,2,4,TestSA,0.61411,0.5871667557864182,0.76866,0.665765882811485,0.38589,/gpfs/projects/HeinzGroup/caffeine_underground/mlrt/FlexFringe/FlexFringe/models-ps-small/0.1.1.1.0.0.searchglobal.0.ini/0.1.1.1.0.0.searchglobal.0_16.07.TLTT.2.2.4_Small.final.json,/gpfs/projects/HeinzGroup/asoubki/FlexFringe/data/MLRegTest/Large/16.07.TLTT.2.2.4_TestSA.txt,2025-12-29 23:36:30.544822
0.1.1.1.0.0.searchglobal.0,Small,16,7,TLTT,2,2,4,TestSR,0.82647,0.8508543793659323,0.79172,0.8202227402227402,0.17353,/gpfs/projects/HeinzGroup/caffeine_underground/mlrt/FlexFringe/FlexFringe/models-ps-small/0.1.1.1.0.0.searchglobal.0.ini/0.1.1.1.0.0.searchglobal.0_16.07.TLTT.2.2.4_Small.final.json,/gpfs/projects/HeinzGroup/asoubki/FlexFringe/data/MLRegTest/Large/16.07.TLTT.2.2.4_TestSR.txt,2025-12-29 23:36:30.544822
0.1.1.1.0.0.searchglobal.0,Small,16,7,TLTT,2,2,4,TestLR,0.75365,0.7823164080760412,0.70288,0.7404738577583937,0.24635,/gpfs/projects/HeinzGroup/caffeine_underground/mlrt/FlexFringe/FlexFringe/models-ps-small/0.1.1.1.0.0.searchglobal.0.ini/0.1.1.1.0.0.searchglobal.0_16.07.TLTT.2.2.4_Small.final.json,/gpfs/projects/HeinzGroup/asoubki/FlexFringe/data/MLRegTest/Large/16.07.TLTT.2.2.4_TestLR.txt,2025-12-29 23:36:30.544822
0.1.1.1.0.0.searchglobal.0,Small,16,7,TLTT,2,2,4,Dev,0.8262,0.8496098773900369,0.79272,0.8201796134585937,0.1738,/gpfs/projects/HeinzGroup/caffeine_underground/mlrt/FlexFringe/FlexFringe/models-ps-small/0.1.1.1.0.0.searchglobal.0.ini/0.1.1.1.0.0.searchglobal.0_16.07.TLTT.2.2.4_Small.final.json,/gpfs/projects/HeinzGroup/asoubki/FlexFringe/data/MLRegTest/Large/16.07.TLTT.2.2.4_Dev.txt,2025-12-29 23:36:30.544822
0.1.1.1.0.0.searchglobal.0,Small,16,7,TLTT,2,2,4,Train,0.819,0.8400852878464818,0.788,0.8132094943240454,0.181,/gpfs/projects/HeinzGroup/caffeine_underground/mlrt/FlexFringe/FlexFringe/models-ps-small/0.1.1.1.0.0.searchglobal.0.ini/0.1.1.1.0.0.searchglobal.0_16.07.TLTT.2.2.4_Small.final.json,/gpfs/projects/HeinzGroup/asoubki/FlexFringe/data/MLRegTest/Small/16.07.TLTT.2.2.4_Train.txt,2025-12-29 23:36:30.544822
0.1.1.1.0.0.searchglobal.0,Small,16,7,TLTT,2,2,5,TestSR,0.58397,0.703346733181576,0.29044,0.4111144139170807,0.41603,/gpfs/projects/HeinzGroup/caffeine_underground/mlrt/FlexFringe/FlexFringe/models-ps-small/0.1.1.1.0.0.searchglobal.0.ini/0.1.1.1.0.0.searchglobal.0_16.07.TLTT.2.2.5_Small.final.json,/gpfs/projects/HeinzGroup/asoubki/FlexFringe/data/MLRegTest/Large/16.07.TLTT.2.2.5_TestSR.txt,2025-12-29 23:25:52.216211
0.1.1.1.0.0.searchglobal.0,Small,16,7,TLTT,2,2,5,TestSA,0.52016,0.5370234334827003,0.29242,0.3786548571724549,0.47984,/gpfs/projects/HeinzGroup/caffeine_underground/mlrt/FlexFringe/FlexFringe/models-ps-small/0.1.1.1.0.0.searchglobal.0.ini/0.1.1.1.0.0.searchglobal.0_16.07.TLTT.2.2.5_Small.final.json,/gpfs/projects/HeinzGroup/asoubki/FlexFringe/data/MLRegTest/Large/16.07.TLTT.2.2.5_TestSA.txt,2025-12-29 23:25:52.216211
0.1.1.1.0.0.searchglobal.0,Small,16,7,TLTT,2,2,5,TestLA,0.51167,0.5282936527178393,0.2179,0.30853971085906856,0.48833,/gpfs/projects/HeinzGroup/caffeine_underground/mlrt/FlexFringe/FlexFringe/models-ps-small/0.1.1.1.0.0.searchglobal.0.ini/0.1.1.1.0.0.searchglobal.0_16.07.TLTT.2.2.5_Small.final.json,/gpfs/projects/HeinzGroup/asoubki/FlexFringe/data/MLRegTest/Large/16.07.TLTT.2.2.5_TestLA.txt,2025-12-29 23:25:52.216211
0.1.1.1.0.0.searchglobal.0,Small,16,7,TLTT,2,2,5,TestLR,0.54951,0.6415299296781202,0.22442,0.33251840986205566,0.45049,/gpfs/projects/HeinzGroup/caffeine_underground/mlrt/FlexFringe/FlexFringe/models-ps-small/0.1.1.1.0.0.searchglobal.0.ini/0.1.1.1.0.0.searchglobal.0_16.07.TLTT.2.2.5_Small.final.json,/gpfs/projects/HeinzGroup/asoubki/FlexFringe/data/MLRegTest/Large/16.07.TLTT.2.2.5_TestLR.txt,2025-12-29 23:25:52.216211
0.1.1.1.0.0.searchglobal.0,Small,16,7,TLTT,2,2,5,Dev,0.58372,0.7004213348654601,0.29258,0.41274722794345853,0.41628,/gpfs/projects/HeinzGroup/caffeine_underground/mlrt/FlexFringe/FlexFringe/models-ps-small/0.1.1.1.0.0.searchglobal.0.ini/0.1.1.1.0.0.searchglobal.0_16.07.TLTT.2.2.5_Small.final.json,/gpfs/projects/HeinzGroup/asoubki/FlexFringe/data/MLRegTest/Large/16.07.TLTT.2.2.5_Dev.txt,2025-12-29 23:25:52.216211
0.1.1.1.0.0.searchglobal.0,Small,16,7,TLTT,2,2,5,Train,0.593,0.7183098591549296,0.306,0.42917251051893407,0.407,/gpfs/projects/HeinzGroup/caffeine_underground/mlrt/FlexFringe/FlexFringe/models-ps-small/0.1.1.1.0.0.searchglobal.0.ini/0.1.1.1.0.0.searchglobal.0_16.07.TLTT.2.2.5_Small.final.json,/gpfs/projects/HeinzGroup/asoubki/FlexFringe/data/MLRegTest/Small/16.07.TLTT.2.2.5_Train.txt,2025-12-29 23:25:52.216211
0.1.1.1.0.0.searchglobal.0,Small,16,7,TLTT,2,2,6,TestLA,0.50227,0.5078639229543408,0.1466,0.22752316359629382,0.49773,/gpfs/projects/HeinzGroup/caffeine_underground/mlrt/FlexFringe/FlexFringe/models-ps-small/0.1.1.1.0.0.searchglobal.0.ini/0.1.1.1.0.0.searchglobal.0_16.07.TLTT.2.2.6_Small.final.json,/gpfs/projects/HeinzGroup/asoubki/FlexFringe/data/MLRegTest/Large/16.07.TLTT.2.2.6_TestLA.txt,2025-12-29 22:42:15.885229
0.1.1.1.0.0.searchglobal.0,Small,16,7,TLTT,2,2,6,TestSR,0.5012,0.5041963911036509,0.14418,0.22423714578991571,0.4988,/gpfs/projects/HeinzGroup/caffeine_underground/mlrt/FlexFringe/FlexFringe/models-ps-small/0.1.1.1.0.0.searchglobal.0.ini/0.1.1.1.0.0.searchglobal.0_16.07.TLTT.2.2.6_Small.final.json,/gpfs/projects/HeinzGroup/asoubki/FlexFringe/data/MLRegTest/Large/16.07.TLTT.2.2.6_TestSR.txt,2025-12-29 22:42:15.885229
0.1.1.1.0.0.searchglobal.0,Small,16,7,TLTT,2,2,6,TestLR,0.49922,0.497227750924083,0.1399,0.21836174065055877,0.50078,/gpfs/projects/HeinzGroup/caffeine_underground/mlrt/FlexFringe/FlexFringe/models-ps-small/0.1.1.1.0.0.searchglobal.0.ini/0.1.1.1.0.0.searchglobal.0_16.07.TLTT.2.2.6_Small.final.json,/gpfs/projects/HeinzGroup/asoubki/FlexFringe/data/MLRegTest/Large/16.07.TLTT.2.2.6_TestLR.txt,2025-12-29 22:42:15.885229
0.1.1.1.0.0.searchglobal.0,Small,16,7,TLTT,2,2,6,TestSA,0.50184,0.5065026858919989,0.14332,0.2234208393090977,0.49816,/gpfs/projects/HeinzGroup/caffeine_underground/mlrt/FlexFringe/FlexFringe/models-ps-small/0.1.1.1.0.0.searchglobal.0.ini/0.1.1.1.0.0.searchglobal.0_16.07.TLTT.2.2.6_Small.final.json,/gpfs/projects/HeinzGroup/asoubki/FlexFringe/data/MLRegTest/Large/16.07.TLTT.2.2.6_TestSA.txt,2025-12-29 22:42:15.885229
0.1.1.1.0.0.searchglobal.0,Small,16,7,TLTT,2,2,6,Dev,0.50178,0.506310266591038,0.14282,0.22279420940970923,0.49822,/gpfs/projects/HeinzGroup/caffeine_underground/mlrt/FlexFringe/FlexFringe/models-ps-small/0.1.1.1.0.0.searchglobal.0.ini/0.1.1.1.0.0.searchglobal.0_16.07.TLTT.2.2.6_Small.final.json,/gpfs/projects/HeinzGroup/asoubki/FlexFringe/data/MLRegTest/Large/16.07.TLTT.2.2.6_Dev.txt,2025-12-29 22:42:15.885229
0.1.1.1.0.0.searchglobal.0,Small,16,7,TLTT,2,2,6,Train,0.499,0.4961832061068702,0.13,0.20602218700475436,0.501,/gpfs/projects/HeinzGroup/caffeine_underground/mlrt/FlexFringe/FlexFringe/models-ps-small/0.1.1.1.0.0.searchglobal.0.ini/0.1.1.1.0.0.searchglobal.0_16.07.TLTT.2.2.6_Small.final.json,/gpfs/projects/HeinzGroup/asoubki/FlexFringe/data/MLRegTest/Small/16.07.TLTT.2.2.6_Train.txt,2025-12-29 22:42:15.885229
0.1.1.1.0.0.searchglobal.0,Small,16,7,TLTT,2,2,7,TestSA,0.50769,0.5283659166359277,0.14324,0.22537959247895523,0.49231,/gpfs/projects/HeinzGroup/caffeine_underground/mlrt/FlexFringe/FlexFringe/models-ps-small/0.1.1.1.0.0.searchglobal.0.ini/0.1.1.1.0.0.searchglobal.0_16.07.TLTT.2.2.7_Small.final.json,/gpfs/projects/HeinzGroup/asoubki/FlexFringe/data/MLRegTest/Large/16.07.TLTT.2.2.7_TestSA.txt,2025-12-29 23:16:49.586157
0.1.1.1.0.0.searchglobal.0,Small,16,7,TLTT,2,2,7,TestLR,0.50063,0.5025214119907148,0.12556,0.2009185028723217,0.49937,/gpfs/projects/HeinzGroup/caffeine_underground/mlrt/FlexFringe/FlexFringe/models-ps-small/0.1.1.1.0.0.searchglobal.0.ini/0.1.1.1.0.0.searchglobal.0_16.07.TLTT.2.2.7_Small.final.json,/gpfs/projects/HeinzGroup/asoubki/FlexFringe/data/MLRegTest/Large/16.07.TLTT.2.2.7_TestLR.txt,2025-12-29 23:16:49.586157
0.1.1.1.0.0.searchglobal.0,Small,16,7,TLTT,2,2,7,TestSR,0.50148,0.5058433354390398,0.12812,0.20445550874505297,0.49852,/gpfs/projects/HeinzGroup/caffeine_underground/mlrt/FlexFringe/FlexFringe/models-ps-small/0.1.1.1.0.0.searchglobal.0.ini/0.1.1.1.0.0.searchglobal.0_16.07.TLTT.2.2.7_Small.final.json,/gpfs/projects/HeinzGroup/asoubki/FlexFringe/data/MLRegTest/Large/16.07.TLTT.2.2.7_TestSR.txt,2025-12-29 23:16:49.586157
0.1.1.1.0.0.searchglobal.0,Small,16,7,TLTT,2,2,7,TestLA,0.50566,0.5212974111980735,0.13854,0.218904057641259,0.49434,/gpfs/projects/HeinzGroup/caffeine_underground/mlrt/FlexFringe/FlexFringe/models-ps-small/0.1.1.1.0.0.searchglobal.0.ini/0.1.1.1.0.0.searchglobal.0_16.07.TLTT.2.2.7_Small.final.json,/gpfs/projects/HeinzGroup/asoubki/FlexFringe/data/MLRegTest/Large/16.07.TLTT.2.2.7_TestLA.txt,2025-12-29 23:16:49.586157
0.1.1.1.0.0.searchglobal.0,Small,16,7,TLTT,2,2,7,Dev,0.50019,0.5007418976962125,0.12824,0.2041875646843404,0.49981,/gpfs/projects/HeinzGroup/caffeine_underground/mlrt/FlexFringe/FlexFringe/models-ps-small/0.1.1.1.0.0.searchglobal.0.ini/0.1.1.1.0.0.searchglobal.0_16.07.TLTT.2.2.7_Small.final.json,/gpfs/projects/HeinzGroup/asoubki/FlexFringe/data/MLRegTest/Large/16.07.TLTT.2.2.7_Dev.txt,2025-12-29 23:16:49.586157
0.1.1.1.0.0.searchglobal.0,Small,16,7,TLTT,2,2,7,Train,0.507,0.528,0.132,0.2112,0.493,/gpfs/projects/HeinzGroup/caffeine_underground/mlrt/FlexFringe/FlexFringe/models-ps-small/0.1.1.1.0.0.searchglobal.0.ini/0.1.1.1.0.0.searchglobal.0_16.07.TLTT.2.2.7_Small.final.json,/gpfs/projects/HeinzGroup/asoubki/FlexFringe/data/MLRegTest/Small/16.07.TLTT.2.2.7_Train.txt,2025-12-29 23:16:49.586157
0.1.1.1.0.0.searchglobal.0,Small,16,7,TLTT,2,2,8,TestLR,0.49978,0.49930555555555556,0.15818,0.2402490886998785,0.50022,/gpfs/projects/HeinzGroup/caffeine_underground/mlrt/FlexFringe/FlexFringe/models-ps-small/0.1.1.1.0.0.searchglobal.0.ini/0.1.1.1.0.0.searchglobal.0_16.07.TLTT.2.2.8_Small.final.json,/gpfs/projects/HeinzGroup/asoubki/FlexFringe/data/MLRegTest/Large/16.07.TLTT.2.2.8_TestLR.txt,2025-12-29 22:33:06.857523
0.1.1.1.0.0.searchglobal.0,Small,16,7,TLTT,2,2,8,TestSR,0.50071,0.5022328448330083,0.1597,0.24234055144994612,0.49929,/gpfs/projects/HeinzGroup/caffeine_underground/mlrt/FlexFringe/FlexFringe/models-ps-small/0.1.1.1.0.0.searchglobal.0.ini/0.1.1.1.0.0.searchglobal.0_16.07.TLTT.2.2.8_Small.final.json,/gpfs/projects/HeinzGroup/asoubki/FlexFringe/data/MLRegTest/Large/16.07.TLTT.2.2.8_TestSR.txt,2025-12-29 22:33:06.857523
0.1.1.1.0.0.searchglobal.0,Small,16,7,TLTT,2,2,8,TestSA,0.50383,0.5117838902221402,0.16634,0.2510754554648232,0.49617,/gpfs/projects/HeinzGroup/caffeine_underground/mlrt/FlexFringe/FlexFringe/models-ps-small/0.1.1.1.0.0.searchglobal.0.ini/0.1.1.1.0.0.searchglobal.0_16.07.TLTT.2.2.8_Small.final.json,/gpfs/projects/HeinzGroup/asoubki/FlexFringe/data/MLRegTest/Large/16.07.TLTT.2.2.8_TestSA.txt,2025-12-29 22:33:06.857523
0.1.1.1.0.0.searchglobal.0,Small,16,7,TLTT,2,2,8,TestLA,0.50236,0.5073944103271086,0.16194,0.24551987628490857,0.49764,/gpfs/projects/HeinzGroup/caffeine_underground/mlrt/FlexFringe/FlexFringe/models-ps-small/0.1.1.1.0.0.searchglobal.0.ini/0.1.1.1.0.0.searchglobal.0_16.07.TLTT.2.2.8_Small.final.json,/gpfs/projects/HeinzGroup/asoubki/FlexFringe/data/MLRegTest/Large/16.07.TLTT.2.2.8_TestLA.txt,2025-12-29 22:33:06.857523
0.1.1.1.0.0.searchglobal.0,Small,16,7,TLTT,2,2,8,Dev,0.50088,0.502786573780874,0.15878,0.241343669250646,0.49912,/gpfs/projects/HeinzGroup/caffeine_underground/mlrt/FlexFringe/FlexFringe/models-ps-small/0.1.1.1.0.0.searchglobal.0.ini/0.1.1.1.0.0.searchglobal.0_16.07.TLTT.2.2.8_Small.final.json,/gpfs/projects/HeinzGroup/asoubki/FlexFringe/data/MLRegTest/Large/16.07.TLTT.2.2.8_Dev.txt,2025-12-29 22:33:06.857523
0.1.1.1.0.0.searchglobal.0,Small,16,7,TLTT,2,2,8,Train,0.509,0.5257142857142857,0.184,0.2725925925925926,0.491,/gpfs/projects/HeinzGroup/caffeine_underground/mlrt/FlexFringe/FlexFringe/models-ps-small/0.1.1.1.0.0.searchglobal.0.ini/0.1.1.1.0.0.searchglobal.0_16.07.TLTT.2.2.8_Small.final.json,/gpfs/projects/HeinzGroup/asoubki/FlexFringe/data/MLRegTest/Small/16.07.TLTT.2.2.8_Train.txt,2025-12-29 22:33:06.857523
0.1.1.1.0.0.searchglobal.0,Small,16,7,TLTT,2,2,9,TestSR,0.68232,0.899299167761717,0.41062,0.5638061238500618,0.31768,/gpfs/projects/HeinzGroup/caffeine_underground/mlrt/FlexFringe/FlexFringe/models-ps-small/0.1.1.1.0.0.searchglobal.0.ini/0.1.1.1.0.0.searchglobal.0_16.07.TLTT.2.2.9_Small.final.json,/gpfs/projects/HeinzGroup/asoubki/FlexFringe/data/MLRegTest/Large/16.07.TLTT.2.2.9_TestSR.txt,2025-12-29 22:46:59.779491
0.1.1.1.0.0.searchglobal.0,Small,16,7,TLTT,2,2,9,TestLR,0.63907,0.8234938357757619,0.35402,0.49516749423036577,0.36093,/gpfs/projects/HeinzGroup/caffeine_underground/mlrt/FlexFringe/FlexFringe/models-ps-small/0.1.1.1.0.0.searchglobal.0.ini/0.1.1.1.0.0.searchglobal.0_16.07.TLTT.2.2.9_Small.final.json,/gpfs/projects/HeinzGroup/asoubki/FlexFringe/data/MLRegTest/Large/16.07.TLTT.2.2.9_TestLR.txt,2025-12-29 22:46:59.779491
0.1.1.1.0.0.searchglobal.0,Small,16,7,TLTT,2,2,9,TestSA,0.54888,0.566816118978621,0.41466,0.4789438425466054,0.45112,/gpfs/projects/HeinzGroup/caffeine_underground/mlrt/FlexFringe/FlexFringe/models-ps-small/0.1.1.1.0.0.searchglobal.0.ini/0.1.1.1.0.0.searchglobal.0_16.07.TLTT.2.2.9_Small.final.json,/gpfs/projects/HeinzGroup/asoubki/FlexFringe/data/MLRegTest/Large/16.07.TLTT.2.2.9_TestSA.txt,2025-12-29 22:46:59.779491
0.1.1.1.0.0.searchglobal.0,Small,16,7,TLTT,2,2,9,TestLA,0.53103,0.5479198196250424,0.3548,0.43070274469815606,0.46897,/gpfs/projects/HeinzGroup/caffeine_underground/mlrt/FlexFringe/FlexFringe/models-ps-small/0.1.1.1.0.0.searchglobal.0.ini/0.1.1.1.0.0.searchglobal.0_16.07.TLTT.2.2.9_Small.final.json,/gpfs/projects/HeinzGroup/asoubki/FlexFringe/data/MLRegTest/Large/16.07.TLTT.2.2.9_TestLA.txt,2025-12-29 22:46:59.779491
0.1.1.1.0.0.searchglobal.0,Small,16,7,TLTT,2,2,9,Dev,0.67941,0.8921872950640494,0.40814,0.5600702592180917,0.32059,/gpfs/projects/HeinzGroup/caffeine_underground/mlrt/FlexFringe/FlexFringe/models-ps-small/0.1.1.1.0.0.searchglobal.0.ini/0.1.1.1.0.0.searchglobal.0_16.07.TLTT.2.2.9_Small.final.json,/gpfs/projects/HeinzGroup/asoubki/FlexFringe/data/MLRegTest/Large/16.07.TLTT.2.2.9_Dev.txt,2025-12-29 22:46:59.779491
0.1.1.1.0.0.searchglobal.0,Small,16,7,TLTT,2,2,9,Train,0.665,0.8699551569506726,0.388,0.5366528354080221,0.335,/gpfs/projects/HeinzGroup/caffeine_underground/mlrt/FlexFringe/FlexFringe/models-ps-small/0.1.1.1.0.0.searchglobal.0.ini/0.1.1.1.0.0.searchglobal.0_16.07.TLTT.2.2.9_Small.final.json,/gpfs/projects/HeinzGroup/asoubki/FlexFringe/data/MLRegTest/Small/16.07.TLTT.2.2.9_Train.txt,2025-12-29 22:46:59.779491
0.1.1.1.0.0.searchglobal.0,Small,16,7,TLTT,2,3,0,TestLR,0.8285,0.847560201447374,0.80108,0.8236648913199942,0.1715,/gpfs/projects/HeinzGroup/caffeine_underground/mlrt/FlexFringe/FlexFringe/models-ps-small/0.1.1.1.0.0.searchglobal.0.ini/0.1.1.1.0.0.searchglobal.0_16.07.TLTT.2.3.0_Small.final.json,/gpfs/projects/HeinzGroup/asoubki/FlexFringe/data/MLRegTest/Large/16.07.TLTT.2.3.0_TestLR.txt,2025-12-29 22:20:34.244041
0.1.1.1.0.0.searchglobal.0,Small,16,7,TLTT,2,3,0,TestSA,0.58941,0.5587458442292277,0.8504,0.6743907564691235,0.41059,/gpfs/projects/HeinzGroup/caffeine_underground/mlrt/FlexFringe/FlexFringe/models-ps-small/0.1.1.1.0.0.searchglobal.0.ini/0.1.1.1.0.0.searchglobal.0_16.07.TLTT.2.3.0_Small.final.json,/gpfs/projects/HeinzGroup/asoubki/FlexFringe/data/MLRegTest/Large/16.07.TLTT.2.3.0_TestSA.txt,2025-12-29 22:20:34.244041
0.1.1.1.0.0.searchglobal.0,Small,16,7,TLTT,2,3,0,TestLA,0.57535,0.5530701074784128,0.78526,0.64902348108537,0.42465,/gpfs/projects/HeinzGroup/caffeine_underground/mlrt/FlexFringe/FlexFringe/models-ps-small/0.1.1.1.0.0.searchglobal.0.ini/0.1.1.1.0.0.searchglobal.0_16.07.TLTT.2.3.0_Small.final.json,/gpfs/projects/HeinzGroup/asoubki/FlexFringe/data/MLRegTest/Large/16.07.TLTT.2.3.0_TestLA.txt,2025-12-29 22:20:34.244041
0.1.1.1.0.0.searchglobal.0,Small,16,7,TLTT,2,3,0,TestSR,0.88617,0.9082394232192317,0.85914,0.8830076980790774,0.11383,/gpfs/projects/HeinzGroup/caffeine_underground/mlrt/FlexFringe/FlexFringe/models-ps-small/0.1.1.1.0.0.searchglobal.0.ini/0.1.1.1.0.0.searchglobal.0_16.07.TLTT.2.3.0_Small.final.json,/gpfs/projects/HeinzGroup/asoubki/FlexFringe/data/MLRegTest/Large/16.07.TLTT.2.3.0_TestSR.txt,2025-12-29 22:20:34.244041
0.1.1.1.0.0.searchglobal.0,Small,16,7,TLTT,2,3,0,Dev,0.88642,0.9084087257969053,0.8595,0.8832778394376618,0.11358,/gpfs/projects/HeinzGroup/caffeine_underground/mlrt/FlexFringe/FlexFringe/models-ps-small/0.1.1.1.0.0.searchglobal.0.ini/0.1.1.1.0.0.searchglobal.0_16.07.TLTT.2.3.0_Small.final.json,/gpfs/projects/HeinzGroup/asoubki/FlexFringe/data/MLRegTest/Large/16.07.TLTT.2.3.0_Dev.txt,2025-12-29 22:20:34.244041
0.1.1.1.0.0.searchglobal.0,Small,16,7,TLTT,2,3,0,Train,0.907,0.917864476386037,0.894,0.9057750759878419,0.093,/gpfs/projects/HeinzGroup/caffeine_underground/mlrt/FlexFringe/FlexFringe/models-ps-small/0.1.1.1.0.0.searchglobal.0.ini/0.1.1.1.0.0.searchglobal.0_16.07.TLTT.2.3.0_Small.final.json,/gpfs/projects/HeinzGroup/asoubki/FlexFringe/data/MLRegTest/Small/16.07.TLTT.2.3.0_Train.txt,2025-12-29 22:20:34.244041
0.1.1.1.0.0.searchglobal.0,Small,16,7,TLTT,2,3,1,TestLR,0.54347,0.5298832716923543,0.7708,0.6280299511948702,0.45653,/gpfs/projects/HeinzGroup/caffeine_underground/mlrt/FlexFringe/FlexFringe/models-ps-small/0.1.1.1.0.0.searchglobal.0.ini/0.1.1.1.0.0.searchglobal.0_16.07.TLTT.2.3.1_Small.final.json,/gpfs/projects/HeinzGroup/asoubki/FlexFringe/data/MLRegTest/Large/16.07.TLTT.2.3.1_TestLR.txt,2025-12-29 22:15:28.544222
0.1.1.1.0.0.searchglobal.0,Small,16,7,TLTT,2,3,1,TestSA,0.51114,0.5083792159340494,0.67588,0.5802840118824802,0.48886,/gpfs/projects/HeinzGroup/caffeine_underground/mlrt/FlexFringe/FlexFringe/models-ps-small/0.1.1.1.0.0.searchglobal.0.ini/0.1.1.1.0.0.searchglobal.0_16.07.TLTT.2.3.1_Small.final.json,/gpfs/projects/HeinzGroup/asoubki/FlexFringe/data/MLRegTest/Large/16.07.TLTT.2.3.1_TestSA.txt,2025-12-29 22:15:28.544222
0.1.1.1.0.0.searchglobal.0,Small,16,7,TLTT,2,3,1,TestLA,0.50655,0.50468747763608,0.70522,0.588335405073957,0.49345,/gpfs/projects/HeinzGroup/caffeine_underground/mlrt/FlexFringe/FlexFringe/models-ps-small/0.1.1.1.0.0.searchglobal.0.ini/0.1.1.1.0.0.searchglobal.0_16.07.TLTT.2.3.1_Small.final.json,/gpfs/projects/HeinzGroup/asoubki/FlexFringe/data/MLRegTest/Large/16.07.TLTT.2.3.1_TestLA.txt,2025-12-29 22:15:28.544222
0.1.1.1.0.0.searchglobal.0,Small,16,7,TLTT,2,3,1,TestSR,0.57402,0.5512831171710454,0.7957,0.6513162202868181,0.42598,/gpfs/projects/HeinzGroup/caffeine_underground/mlrt/FlexFringe/FlexFringe/models-ps-small/0.1.1.1.0.0.searchglobal.0.ini/0.1.1.1.0.0.searchglobal.0_16.07.TLTT.2.3.1_Small.final.json,/gpfs/projects/HeinzGroup/asoubki/FlexFringe/data/MLRegTest/Large/16.07.TLTT.2.3.1_TestSR.txt,2025-12-29 22:15:28.544222
0.1.1.1.0.0.searchglobal.0,Small,16,7,TLTT,2,3,1,Dev,0.57414,0.5515075725996943,0.79384,0.6508485693203246,0.42586,/gpfs/projects/HeinzGroup/caffeine_underground/mlrt/FlexFringe/FlexFringe/models-ps-small/0.1.1.1.0.0.searchglobal.0.ini/0.1.1.1.0.0.searchglobal.0_16.07.TLTT.2.3.1_Small.final.json,/gpfs/projects/HeinzGroup/asoubki/FlexFringe/data/MLRegTest/Large/16.07.TLTT.2.3.1_Dev.txt,2025-12-29 22:15:28.544222
0.1.1.1.0.0.searchglobal.0,Small,16,7,TLTT,2,3,1,Train,0.549,0.53360768175583,0.778,0.6330349877949553,0.451,/gpfs/projects/HeinzGroup/caffeine_underground/mlrt/FlexFringe/FlexFringe/models-ps-small/0.1.1.1.0.0.searchglobal.0.ini/0.1.1.1.0.0.searchglobal.0_16.07.TLTT.2.3.1_Small.final.json,/gpfs/projects/HeinzGroup/asoubki/FlexFringe/data/MLRegTest/Small/16.07.TLTT.2.3.1_Train.txt,2025-12-29 22:15:28.544222
0.1.1.1.0.0.searchglobal.0,Small,16,7,TLTT,2,3,2,TestLA,0.94169,0.9657113936863415,0.9159,0.9401463750115479,0.05831,/gpfs/projects/HeinzGroup/caffeine_underground/mlrt/FlexFringe/FlexFringe/models-ps-small/0.1.1.1.0.0.searchglobal.0.ini/0.1.1.1.0.0.searchglobal.0_16.07.TLTT.2.3.2_Small.final.json,/gpfs/projects/HeinzGroup/asoubki/FlexFringe/data/MLRegTest/Large/16.07.TLTT.2.3.2_TestLA.txt,2025-12-29 22:45:04.916194
0.1.1.1.0.0.searchglobal.0,Small,16,7,TLTT,2,3,2,TestSA,0.96559,0.9795447522916881,0.95104,0.9650819422598813,0.03441,/gpfs/projects/HeinzGroup/caffeine_underground/mlrt/FlexFringe/FlexFringe/models-ps-small/0.1.1.1.0.0.searchglobal.0.ini/0.1.1.1.0.0.searchglobal.0_16.07.TLTT.2.3.2_Small.final.json,/gpfs/projects/HeinzGroup/asoubki/FlexFringe/data/MLRegTest/Large/16.07.TLTT.2.3.2_TestSA.txt,2025-12-29 22:45:04.916194
0.1.1.1.0.0.searchglobal.0,Small,16,7,TLTT,2,3,2,TestSR,0.98779,0.9808939803221799,0.99496,0.9878769224659194,0.01221,/gpfs/projects/HeinzGroup/caffeine_underground/mlrt/FlexFringe/FlexFringe/models-ps-small/0.1.1.1.0.0.searchglobal.0.ini/0.1.1.1.0.0.searchglobal.0_16.07.TLTT.2.3.2_Small.final.json,/gpfs/projects/HeinzGroup/asoubki/FlexFringe/data/MLRegTest/Large/16.07.TLTT.2.3.2_TestSR.txt,2025-12-29 22:45:04.916194
0.1.1.1.0.0.searchglobal.0,Small,16,7,TLTT,2,3,2,TestLR,0.97437,0.9654062751407884,0.984,0.9746144627239682,0.02563,/gpfs/projects/HeinzGroup/caffeine_underground/mlrt/FlexFringe/FlexFringe/models-ps-small/0.1.1.1.0.0.searchglobal.0.ini/0.1.1.1.0.0.searchglobal.0_16.07.TLTT.2.3.2_Small.final.json,/gpfs/projects/HeinzGroup/asoubki/FlexFringe/data/MLRegTest/Large/16.07.TLTT.2.3.2_TestLR.txt,2025-12-29 22:45:04.916194
0.1.1.1.0.0.searchglobal.0,Small,16,7,TLTT,2,3,2,Dev,0.98702,0.9796525370312008,0.9947,0.9871189266433789,0.01298,/gpfs/projects/HeinzGroup/caffeine_underground/mlrt/FlexFringe/FlexFringe/models-ps-small/0.1.1.1.0.0.searchglobal.0.ini/0.1.1.1.0.0.searchglobal.0_16.07.TLTT.2.3.2_Small.final.json,/gpfs/projects/HeinzGroup/asoubki/FlexFringe/data/MLRegTest/Large/16.07.TLTT.2.3.2_Dev.txt,2025-12-29 22:45:04.916194
0.1.1.1.0.0.searchglobal.0,Small,16,7,TLTT,2,3,2,Train,0.977,0.9760479041916168,0.978,0.977022977022977,0.023,/gpfs/projects/HeinzGroup/caffeine_underground/mlrt/FlexFringe/FlexFringe/models-ps-small/0.1.1.1.0.0.searchglobal.0.ini/0.1.1.1.0.0.searchglobal.0_16.07.TLTT.2.3.2_Small.final.json,/gpfs/projects/HeinzGroup/asoubki/FlexFringe/data/MLRegTest/Small/16.07.TLTT.2.3.2_Train.txt,2025-12-29 22:45:04.916194
0.1.1.1.0.0.searchglobal.0,Small,16,7,TLTT,2,3,3,TestLR,0.58707,0.5651926503841028,0.75486,0.6464004658371796,0.41293,/gpfs/projects/HeinzGroup/caffeine_underground/mlrt/FlexFringe/FlexFringe/models-ps-small/0.1.1.1.0.0.searchglobal.0.ini/0.1.1.1.0.0.searchglobal.0_16.07.TLTT.2.3.3_Small.final.json,/gpfs/projects/HeinzGroup/asoubki/FlexFringe/data/MLRegTest/Large/16.07.TLTT.2.3.3_TestLR.txt,2025-12-29 23:02:04.407790
0.1.1.1.0.0.searchglobal.0,Small,16,7,TLTT,2,3,3,TestSR,0.59128,0.5601444309735912,0.85012,0.6753201359982206,0.40872,/gpfs/projects/HeinzGroup/caffeine_underground/mlrt/FlexFringe/FlexFringe/models-ps-small/0.1.1.1.0.0.searchglobal.0.ini/0.1.1.1.0.0.searchglobal.0_16.07.TLTT.2.3.3_Small.final.json,/gpfs/projects/HeinzGroup/asoubki/FlexFringe/data/MLRegTest/Large/16.07.TLTT.2.3.3_TestSR.txt,2025-12-29 23:02:04.407790
0.1.1.1.0.0.searchglobal.0,Small,16,7,TLTT,2,3,3,TestLA,0.54035,0.5318022036917354,0.67474,0.5948042560318761,0.45965,/gpfs/projects/HeinzGroup/caffeine_underground/mlrt/FlexFringe/FlexFringe/models-ps-small/0.1.1.1.0.0.searchglobal.0.ini/0.1.1.1.0.0.searchglobal.0_16.07.TLTT.2.3.3_Small.final.json,/gpfs/projects/HeinzGroup/asoubki/FlexFringe/data/MLRegTest/Large/16.07.TLTT.2.3.3_TestLA.txt,2025-12-29 23:02:04.407790
0.1.1.1.0.0.searchglobal.0,Small,16,7,TLTT,2,3,3,TestSA,0.54463,0.5307237956244579,0.77094,0.6286664872666781,0.45537,/gpfs/projects/HeinzGroup/caffeine_underground/mlrt/FlexFringe/FlexFringe/models-ps-small/0.1.1.1.0.0.searchglobal.0.ini/0.1.1.1.0.0.searchglobal.0_16.07.TLTT.2.3.3_Small.final.json,/gpfs/projects/HeinzGroup/asoubki/FlexFringe/data/MLRegTest/Large/16.07.TLTT.2.3.3_TestSA.txt,2025-12-29 23:02:04.407790
0.1.1.1.0.0.searchglobal.0,Small,16,7,TLTT,2,3,3,Dev,0.59244,0.5611764083015671,0.84796,0.6753854976424111,0.40756,/gpfs/projects/HeinzGroup/caffeine_underground/mlrt/FlexFringe/FlexFringe/models-ps-small/0.1.1.1.0.0.searchglobal.0.ini/0.1.1.1.0.0.searchglobal.0_16.07.TLTT.2.3.3_Small.final.json,/gpfs/projects/HeinzGroup/asoubki/FlexFringe/data/MLRegTest/Large/16.07.TLTT.2.3.3_Dev.txt,2025-12-29 23:02:04.407790
0.1.1.1.0.0.searchglobal.0,Small,16,7,TLTT,2,3,3,Train,0.569,0.5448634590377113,0.838,0.6603624901497241,0.431,/gpfs/projects/HeinzGroup/caffeine_underground/mlrt/FlexFringe/FlexFringe/models-ps-small/0.1.1.1.0.0.searchglobal.0.ini/0.1.1.1.0.0.searchglobal.0_16.07.TLTT.2.3.3_Small.final.json,/gpfs/projects/HeinzGroup/asoubki/FlexFringe/data/MLRegTest/Small/16.07.TLTT.2.3.3_Train.txt,2025-12-29 23:02:04.407790
0.1.1.1.0.0.searchglobal.0,Small,16,7,TLTT,2,3,4,TestLA,0.53188,0.5215883850696137,0.77024,0.6219839142091153,0.46812,/gpfs/projects/HeinzGroup/caffeine_underground/mlrt/FlexFringe/FlexFringe/models-ps-small/0.1.1.1.0.0.searchglobal.0.ini/0.1.1.1.0.0.searchglobal.0_16.07.TLTT.2.3.4_Small.final.json,/gpfs/projects/HeinzGroup/asoubki/FlexFringe/data/MLRegTest/Large/16.07.TLTT.2.3.4_TestLA.txt,2025-12-29 22:47:58.926992
0.1.1.1.0.0.searchglobal.0,Small,16,7,TLTT,2,3,4,TestSA,0.53202,0.5191164179104477,0.86952,0.6501084112149532,0.46798,/gpfs/projects/HeinzGroup/caffeine_underground/mlrt/FlexFringe/FlexFringe/models-ps-small/0.1.1.1.0.0.searchglobal.0.ini/0.1.1.1.0.0.searchglobal.0_16.07.TLTT.2.3.4_Small.final.json,/gpfs/projects/HeinzGroup/asoubki/FlexFringe/data/MLRegTest/Large/16.07.TLTT.2.3.4_TestSA.txt,2025-12-29 22:47:58.926992
0.1.1.1.0.0.searchglobal.0,Small,16,7,TLTT,2,3,4,TestLR,0.80468,0.8162418002158931,0.7864,0.8010430672696899,0.19532,/gpfs/projects/HeinzGroup/caffeine_underground/mlrt/FlexFringe/FlexFringe/models-ps-small/0.1.1.1.0.0.searchglobal.0.ini/0.1.1.1.0.0.searchglobal.0_16.07.TLTT.2.3.4_Small.final.json,/gpfs/projects/HeinzGroup/asoubki/FlexFringe/data/MLRegTest/Large/16.07.TLTT.2.3.4_TestLR.txt,2025-12-29 22:47:58.926992
0.1.1.1.0.0.searchglobal.0,Small,16,7,TLTT,2,3,4,TestSR,0.87639,0.8769252338320415,0.87568,0.8763021745439262,0.12361,/gpfs/projects/HeinzGroup/caffeine_underground/mlrt/FlexFringe/FlexFringe/models-ps-small/0.1.1.1.0.0.searchglobal.0.ini/0.1.1.1.0.0.searchglobal.0_16.07.TLTT.2.3.4_Small.final.json,/gpfs/projects/HeinzGroup/asoubki/FlexFringe/data/MLRegTest/Large/16.07.TLTT.2.3.4_TestSR.txt,2025-12-29 22:47:58.926992
0.1.1.1.0.0.searchglobal.0,Small,16,7,TLTT,2,3,4,Dev,0.87684,0.8770058825883389,0.87662,0.8768128988377443,0.12316,/gpfs/projects/HeinzGroup/caffeine_underground/mlrt/FlexFringe/FlexFringe/models-ps-small/0.1.1.1.0.0.searchglobal.0.ini/0.1.1.1.0.0.searchglobal.0_16.07.TLTT.2.3.4_Small.final.json,/gpfs/projects/HeinzGroup/asoubki/FlexFringe/data/MLRegTest/Large/16.07.TLTT.2.3.4_Dev.txt,2025-12-29 22:47:58.926992
0.1.1.1.0.0.searchglobal.0,Small,16,7,TLTT,2,3,4,Train,0.887,0.9006211180124224,0.87,0.8850457782299085,0.113,/gpfs/projects/HeinzGroup/caffeine_underground/mlrt/FlexFringe/FlexFringe/models-ps-small/0.1.1.1.0.0.searchglobal.0.ini/0.1.1.1.0.0.searchglobal.0_16.07.TLTT.2.3.4_Small.final.json,/gpfs/projects/HeinzGroup/asoubki/FlexFringe/data/MLRegTest/Small/16.07.TLTT.2.3.4_Train.txt,2025-12-29 22:47:58.926992
0.1.1.1.0.0.searchglobal.0,Small,16,7,TLTT,2,3,5,TestLA,0.52066,0.5224770442578006,0.48024,0.5004689551678859,0.47934,/gpfs/projects/HeinzGroup/caffeine_underground/mlrt/FlexFringe/FlexFringe/models-ps-small/0.1.1.1.0.0.searchglobal.0.ini/0.1.1.1.0.0.searchglobal.0_16.07.TLTT.2.3.5_Small.final.json,/gpfs/projects/HeinzGroup/asoubki/FlexFringe/data/MLRegTest/Large/16.07.TLTT.2.3.5_TestLA.txt,2025-12-29 23:14:35.569992
0.1.1.1.0.0.searchglobal.0,Small,16,7,TLTT,2,3,5,TestSR,0.7816,0.8986184247777589,0.63482,0.744028503785659,0.2184,/gpfs/projects/HeinzGroup/caffeine_underground/mlrt/FlexFringe/FlexFringe/models-ps-small/0.1.1.1.0.0.searchglobal.0.ini/0.1.1.1.0.0.searchglobal.0_16.07.TLTT.2.3.5_Small.final.json,/gpfs/projects/HeinzGroup/asoubki/FlexFringe/data/MLRegTest/Large/16.07.TLTT.2.3.5_TestSR.txt,2025-12-29 23:14:35.569992
0.1.1.1.0.0.searchglobal.0,Small,16,7,TLTT,2,3,5,TestSA,0.52914,0.5239756458779002,0.63684,0.5749210074930036,0.47086,/gpfs/projects/HeinzGroup/caffeine_underground/mlrt/FlexFringe/FlexFringe/models-ps-small/0.1.1.1.0.0.searchglobal.0.ini/0.1.1.1.0.0.searchglobal.0_16.07.TLTT.2.3.5_Small.final.json,/gpfs/projects/HeinzGroup/asoubki/FlexFringe/data/MLRegTest/Large/16.07.TLTT.2.3.5_TestSA.txt,2025-12-29 23:14:35.569992
0.1.1.1.0.0.searchglobal.0,Small,16,7,TLTT,2,3,5,TestLR,0.68976,0.8245980157372562,0.48206,0.6084311498169885,0.31024,/gpfs/projects/HeinzGroup/caffeine_underground/mlrt/FlexFringe/FlexFringe/models-ps-small/0.1.1.1.0.0.searchglobal.0.ini/0.1.1.1.0.0.searchglobal.0_16.07.TLTT.2.3.5_Small.final.json,/gpfs/projects/HeinzGroup/asoubki/FlexFringe/data/MLRegTest/Large/16.07.TLTT.2.3.5_TestLR.txt,2025-12-29 23:14:35.569992
0.1.1.1.0.0.searchglobal.0,Small,16,7,TLTT,2,3,5,Dev,0.78186,0.9000283848992336,0.63416,0.744057256834448,0.21814,/gpfs/projects/HeinzGroup/caffeine_underground/mlrt/FlexFringe/FlexFringe/models-ps-small/0.1.1.1.0.0.searchglobal.0.ini/0.1.1.1.0.0.searchglobal.0_16.07.TLTT.2.3.5_Small.final.json,/gpfs/projects/HeinzGroup/asoubki/FlexFringe/data/MLRegTest/Large/16.07.TLTT.2.3.5_Dev.txt,2025-12-29 23:14:35.569992
0.1.1.1.0.0.searchglobal.0,Small,16,7,TLTT,2,3,5,Train,0.794,0.893048128342246,0.668,0.7643020594965675,0.206,/gpfs/projects/HeinzGroup/caffeine_underground/mlrt/FlexFringe/FlexFringe/models-ps-small/0.1.1.1.0.0.searchglobal.0.ini/0.1.1.1.0.0.searchglobal.0_16.07.TLTT.2.3.5_Small.final.json,/gpfs/projects/HeinzGroup/asoubki/FlexFringe/data/MLRegTest/Small/16.07.TLTT.2.3.5_Train.txt,2025-12-29 23:14:35.569992
0.1.1.1.0.0.searchglobal.0,Small,16,7,TLTT,2,3,6,TestLA,0.50058,0.501939021128644,0.15014,0.23114108011577067,0.49942,/gpfs/projects/HeinzGroup/caffeine_underground/mlrt/FlexFringe/FlexFringe/models-ps-small/0.1.1.1.0.0.searchglobal.0.ini/0.1.1.1.0.0.searchglobal.0_16.07.TLTT.2.3.6_Small.final.json,/gpfs/projects/HeinzGroup/asoubki/FlexFringe/data/MLRegTest/Large/16.07.TLTT.2.3.6_TestLA.txt,2025-12-29 22:40:48.853376
0.1.1.1.0.0.searchglobal.0,Small,16,7,TLTT,2,3,6,TestSA,0.50032,0.501023672424824,0.15662,0.2386408654578699,0.49968,/gpfs/projects/HeinzGroup/caffeine_underground/mlrt/FlexFringe/FlexFringe/models-ps-small/0.1.1.1.0.0.searchglobal.0.ini/0.1.1.1.0.0.searchglobal.0_16.07.TLTT.2.3.6_Small.final.json,/gpfs/projects/HeinzGroup/asoubki/FlexFringe/data/MLRegTest/Large/16.07.TLTT.2.3.6_TestSA.txt,2025-12-29 22:40:48.853376
0.1.1.1.0.0.searchglobal.0,Small,16,7,TLTT,2,3,6,TestLR,0.50217,0.5070605843691026,0.15584,0.23840775926690838,0.49783,/gpfs/projects/HeinzGroup/caffeine_underground/mlrt/FlexFringe/FlexFringe/models-ps-small/0.1.1.1.0.0.searchglobal.0.ini/0.1.1.1.0.0.searchglobal.0_16.07.TLTT.2.3.6_Small.final.json,/gpfs/projects/HeinzGroup/asoubki/FlexFringe/data/MLRegTest/Large/16.07.TLTT.2.3.6_TestLR.txt,2025-12-29 22:40:48.853376
0.1.1.1.0.0.searchglobal.0,Small,16,7,TLTT,2,3,6,TestSR,0.49756,0.4919022965617948,0.14822,0.2277994651584545,0.50244,/gpfs/projects/HeinzGroup/caffeine_underground/mlrt/FlexFringe/FlexFringe/models-ps-small/0.1.1.1.0.0.searchglobal.0.ini/0.1.1.1.0.0.searchglobal.0_16.07.TLTT.2.3.6_Small.final.json,/gpfs/projects/HeinzGroup/asoubki/FlexFringe/data/MLRegTest/Large/16.07.TLTT.2.3.6_TestSR.txt,2025-12-29 22:40:48.853376
0.1.1.1.0.0.searchglobal.0,Small,16,7,TLTT,2,3,6,Dev,0.49899,0.49672524479605734,0.1532,0.23417557053545499,0.50101,/gpfs/projects/HeinzGroup/caffeine_underground/mlrt/FlexFringe/FlexFringe/models-ps-small/0.1.1.1.0.0.searchglobal.0.ini/0.1.1.1.0.0.searchglobal.0_16.07.TLTT.2.3.6_Small.final.json,/gpfs/projects/HeinzGroup/asoubki/FlexFringe/data/MLRegTest/Large/16.07.TLTT.2.3.6_Dev.txt,2025-12-29 22:40:48.853376
0.1.1.1.0.0.searchglobal.0,Small,16,7,TLTT,2,3,6,Train,0.497,0.4896551724137931,0.142,0.22015503875968992,0.503,/gpfs/projects/HeinzGroup/caffeine_underground/mlrt/FlexFringe/FlexFringe/models-ps-small/0.1.1.1.0.0.searchglobal.0.ini/0.1.1.1.0.0.searchglobal.0_16.07.TLTT.2.3.6_Small.final.json,/gpfs/projects/HeinzGroup/asoubki/FlexFringe/data/MLRegTest/Small/16.07.TLTT.2.3.6_Train.txt,2025-12-29 22:40:48.853376
0.1.1.1.0.0.searchglobal.0,Small,16,7,TLTT,2,3,7,TestSA,0.51108,0.5422578184591914,0.14218,0.22528917762636666,0.48892,/gpfs/projects/HeinzGroup/caffeine_underground/mlrt/FlexFringe/FlexFringe/models-ps-small/0.1.1.1.0.0.searchglobal.0.ini/0.1.1.1.0.0.searchglobal.0_16.07.TLTT.2.3.7_Small.final.json,/gpfs/projects/HeinzGroup/asoubki/FlexFringe/data/MLRegTest/Large/16.07.TLTT.2.3.7_TestSA.txt,2025-12-29 23:16:20.749006
0.1.1.1.0.0.searchglobal.0,Small,16,7,TLTT,2,3,7,TestLR,0.50173,0.5068940782657209,0.1272,0.2033670679648904,0.49827,/gpfs/projects/HeinzGroup/caffeine_underground/mlrt/FlexFringe/FlexFringe/models-ps-small/0.1.1.1.0.0.searchglobal.0.ini/0.1.1.1.0.0.searchglobal.0_16.07.TLTT.2.3.7_Small.final.json,/gpfs/projects/HeinzGroup/asoubki/FlexFringe/data/MLRegTest/Large/16.07.TLTT.2.3.7_TestLR.txt,2025-12-29 23:16:20.749006
0.1.1.1.0.0.searchglobal.0,Small,16,7,TLTT,2,3,7,TestSR,0.50177,0.5070862358875811,0.12666,0.20269167373457728,0.49823,/gpfs/projects/HeinzGroup/caffeine_underground/mlrt/FlexFringe/FlexFringe/models-ps-small/0.1.1.1.0.0.searchglobal.0.ini/0.1.1.1.0.0.searchglobal.0_16.07.TLTT.2.3.7_Small.final.json,/gpfs/projects/HeinzGroup/asoubki/FlexFringe/data/MLRegTest/Large/16.07.TLTT.2.3.7_TestSR.txt,2025-12-29 23:16:20.749006
0.1.1.1.0.0.searchglobal.0,Small,16,7,TLTT,2,3,7,TestLA,0.50939,0.5359577238263,0.13996,0.2219579110963097,0.49061,/gpfs/projects/HeinzGroup/caffeine_underground/mlrt/FlexFringe/FlexFringe/models-ps-small/0.1.1.1.0.0.searchglobal.0.ini/0.1.1.1.0.0.searchglobal.0_16.07.TLTT.2.3.7_Small.final.json,/gpfs/projects/HeinzGroup/asoubki/FlexFringe/data/MLRegTest/Large/16.07.TLTT.2.3.7_TestLA.txt,2025-12-29 23:16:20.749006
0.1.1.1.0.0.searchglobal.0,Small,16,7,TLTT,2,3,7,Dev,0.5018,0.5071587655106586,0.12752,0.20379722559611327,0.4982,/gpfs/projects/HeinzGroup/caffeine_underground/mlrt/FlexFringe/FlexFringe/models-ps-small/0.1.1.1.0.0.searchglobal.0.ini/0.1.1.1.0.0.searchglobal.0_16.07.TLTT.2.3.7_Small.final.json,/gpfs/projects/HeinzGroup/asoubki/FlexFringe/data/MLRegTest/Large/16.07.TLTT.2.3.7_Dev.txt,2025-12-29 23:16:20.749006
0.1.1.1.0.0.searchglobal.0,Small,16,7,TLTT,2,3,7,Train,0.491,0.46218487394957986,0.11,0.1777059773828756,0.509,/gpfs/projects/HeinzGroup/caffeine_underground/mlrt/FlexFringe/FlexFringe/models-ps-small/0.1.1.1.0.0.searchglobal.0.ini/0.1.1.1.0.0.searchglobal.0_16.07.TLTT.2.3.7_Small.final.json,/gpfs/projects/HeinzGroup/asoubki/FlexFringe/data/MLRegTest/Small/16.07.TLTT.2.3.7_Train.txt,2025-12-29 23:16:20.749006
0.1.1.1.0.0.searchglobal.0,Small,16,7,TLTT,2,3,8,TestSR,0.49938,0.4978865557676575,0.14606,0.22586132244695986,0.50062,/gpfs/projects/HeinzGroup/caffeine_underground/mlrt/FlexFringe/FlexFringe/models-ps-small/0.1.1.1.0.0.searchglobal.0.ini/0.1.1.1.0.0.searchglobal.0_16.07.TLTT.2.3.8_Small.final.json,/gpfs/projects/HeinzGroup/asoubki/FlexFringe/data/MLRegTest/Large/16.07.TLTT.2.3.8_TestSR.txt,2025-12-29 22:39:22.976537
0.1.1.1.0.0.searchglobal.0,Small,16,7,TLTT,2,3,8,TestLR,0.50126,0.5043174342105263,0.14718,0.22786103542234332,0.49874,/gpfs/projects/HeinzGroup/caffeine_underground/mlrt/FlexFringe/FlexFringe/models-ps-small/0.1.1.1.0.0.searchglobal.0.ini/0.1.1.1.0.0.searchglobal.0_16.07.TLTT.2.3.8_Small.final.json,/gpfs/projects/HeinzGroup/asoubki/FlexFringe/data/MLRegTest/Large/16.07.TLTT.2.3.8_TestLR.txt,2025-12-29 22:39:22.976537
0.1.1.1.0.0.searchglobal.0,Small,16,7,TLTT,2,3,8,TestLA,0.50349,0.511933255829857,0.14972,0.23168221840521178,0.49651,/gpfs/projects/HeinzGroup/caffeine_underground/mlrt/FlexFringe/FlexFringe/models-ps-small/0.1.1.1.0.0.searchglobal.0.ini/0.1.1.1.0.0.searchglobal.0_16.07.TLTT.2.3.8_Small.final.json,/gpfs/projects/HeinzGroup/asoubki/FlexFringe/data/MLRegTest/Large/16.07.TLTT.2.3.8_TestLA.txt,2025-12-29 22:39:22.976537
0.1.1.1.0.0.searchglobal.0,Small,16,7,TLTT,2,3,8,TestSA,0.50495,0.5166857682195105,0.15328,0.23642280937177054,0.49505,/gpfs/projects/HeinzGroup/caffeine_underground/mlrt/FlexFringe/FlexFringe/models-ps-small/0.1.1.1.0.0.searchglobal.0.ini/0.1.1.1.0.0.searchglobal.0_16.07.TLTT.2.3.8_Small.final.json,/gpfs/projects/HeinzGroup/asoubki/FlexFringe/data/MLRegTest/Large/16.07.TLTT.2.3.8_TestSA.txt,2025-12-29 22:39:22.976537
0.1.1.1.0.0.searchglobal.0,Small,16,7,TLTT,2,3,8,Dev,0.50013,0.5004441407584558,0.14648,0.2266264407828576,0.49987,/gpfs/projects/HeinzGroup/caffeine_underground/mlrt/FlexFringe/FlexFringe/models-ps-small/0.1.1.1.0.0.searchglobal.0.ini/0.1.1.1.0.0.searchglobal.0_16.07.TLTT.2.3.8_Small.final.json,/gpfs/projects/HeinzGroup/asoubki/FlexFringe/data/MLRegTest/Large/16.07.TLTT.2.3.8_Dev.txt,2025-12-29 22:39:22.976537
0.1.1.1.0.0.searchglobal.0,Small,16,7,TLTT,2,3,8,Train,0.503,0.512,0.128,0.2048,0.497,/gpfs/projects/HeinzGroup/caffeine_underground/mlrt/FlexFringe/FlexFringe/models-ps-small/0.1.1.1.0.0.searchglobal.0.ini/0.1.1.1.0.0.searchglobal.0_16.07.TLTT.2.3.8_Small.final.json,/gpfs/projects/HeinzGroup/asoubki/FlexFringe/data/MLRegTest/Small/16.07.TLTT.2.3.8_Train.txt,2025-12-29 22:39:22.976537
0.1.1.1.0.0.searchglobal.0,Small,16,7,TLTT,2,3,9,TestLR,0.78386,0.8675229167745611,0.67004,0.7560992123496355,0.21614,/gpfs/projects/HeinzGroup/caffeine_underground/mlrt/FlexFringe/FlexFringe/models-ps-small/0.1.1.1.0.0.searchglobal.0.ini/0.1.1.1.0.0.searchglobal.0_16.07.TLTT.2.3.9_Small.final.json,/gpfs/projects/HeinzGroup/asoubki/FlexFringe/data/MLRegTest/Large/16.07.TLTT.2.3.9_TestLR.txt,2025-12-29 22:47:34.123660
0.1.1.1.0.0.searchglobal.0,Small,16,7,TLTT,2,3,9,TestSR,0.82722,0.9245199792423456,0.71262,0.8048565620058731,0.17278,/gpfs/projects/HeinzGroup/caffeine_underground/mlrt/FlexFringe/FlexFringe/models-ps-small/0.1.1.1.0.0.searchglobal.0.ini/0.1.1.1.0.0.searchglobal.0_16.07.TLTT.2.3.9_Small.final.json,/gpfs/projects/HeinzGroup/asoubki/FlexFringe/data/MLRegTest/Large/16.07.TLTT.2.3.9_TestSR.txt,2025-12-29 22:47:34.123660
0.1.1.1.0.0.searchglobal.0,Small,16,7,TLTT,2,3,9,TestSA,0.5431,0.5320388926882935,0.71572,0.6103597073220651,0.4569,/gpfs/projects/HeinzGroup/caffeine_underground/mlrt/FlexFringe/FlexFringe/models-ps-small/0.1.1.1.0.0.searchglobal.0.ini/0.1.1.1.0.0.searchglobal.0_16.07.TLTT.2.3.9_Small.final.json,/gpfs/projects/HeinzGroup/asoubki/FlexFringe/data/MLRegTest/Large/16.07.TLTT.2.3.9_TestSA.txt,2025-12-29 22:47:34.123660
0.1.1.1.0.0.searchglobal.0,Small,16,7,TLTT,2,3,9,TestLA,0.53292,0.5258870156014092,0.66876,0.5887801098746303,0.46708,/gpfs/projects/HeinzGroup/caffeine_underground/mlrt/FlexFringe/FlexFringe/models-ps-small/0.1.1.1.0.0.searchglobal.0.ini/0.1.1.1.0.0.searchglobal.0_16.07.TLTT.2.3.9_Small.final.json,/gpfs/projects/HeinzGroup/asoubki/FlexFringe/data/MLRegTest/Large/16.07.TLTT.2.3.9_TestLA.txt,2025-12-29 22:47:34.123660
0.1.1.1.0.0.searchglobal.0,Small,16,7,TLTT,2,3,9,Dev,0.83023,0.9247986827548946,0.71892,0.8089660061438747,0.16977,/gpfs/projects/HeinzGroup/caffeine_underground/mlrt/FlexFringe/FlexFringe/models-ps-small/0.1.1.1.0.0.searchglobal.0.ini/0.1.1.1.0.0.searchglobal.0_16.07.TLTT.2.3.9_Small.final.json,/gpfs/projects/HeinzGroup/asoubki/FlexFringe/data/MLRegTest/Large/16.07.TLTT.2.3.9_Dev.txt,2025-12-29 22:47:34.123660
0.1.1.1.0.0.searchglobal.0,Small,16,7,TLTT,2,3,9,Train,0.823,0.9027431421446384,0.724,0.8035516093229744,0.177,/gpfs/projects/HeinzGroup/caffeine_underground/mlrt/FlexFringe/FlexFringe/models-ps-small/0.1.1.1.0.0.searchglobal.0.ini/0.1.1.1.0.0.searchglobal.0_16.07.TLTT.2.3.9_Small.final.json,/gpfs/projects/HeinzGroup/asoubki/FlexFringe/data/MLRegTest/Small/16.07.TLTT.2.3.9_Train.txt,2025-12-29 22:47:34.123660
0.1.1.1.0.0.searchglobal.0,Small,16,7,TLTT,2,5,0,TestSR,0.81876,0.9291792330891857,0.69012,0.7920033051781123,0.18124,/gpfs/projects/HeinzGroup/caffeine_underground/mlrt/FlexFringe/FlexFringe/models-ps-small/0.1.1.1.0.0.searchglobal.0.ini/0.1.1.1.0.0.searchglobal.0_16.07.TLTT.2.5.0_Small.final.json,/gpfs/projects/HeinzGroup/asoubki/FlexFringe/data/MLRegTest/Large/16.07.TLTT.2.5.0_TestSR.txt,2025-12-29 23:00:46.227240
0.1.1.1.0.0.searchglobal.0,Small,16,7,TLTT,2,5,0,TestSA,0.52019,0.514972191323693,0.69444,0.5913902490951671,0.47981,/gpfs/projects/HeinzGroup/caffeine_underground/mlrt/FlexFringe/FlexFringe/models-ps-small/0.1.1.1.0.0.searchglobal.0.ini/0.1.1.1.0.0.searchglobal.0_16.07.TLTT.2.5.0_Small.final.json,/gpfs/projects/HeinzGroup/asoubki/FlexFringe/data/MLRegTest/Large/16.07.TLTT.2.5.0_TestSA.txt,2025-12-29 23:00:46.227240
0.1.1.1.0.0.searchglobal.0,Small,16,7,TLTT,2,5,0,TestLA,0.5165,0.5167261373773416,0.50974,0.5132092948330715,0.4835,/gpfs/projects/HeinzGroup/caffeine_underground/mlrt/FlexFringe/FlexFringe/models-ps-small/0.1.1.1.0.0.searchglobal.0.ini/0.1.1.1.0.0.searchglobal.0_16.07.TLTT.2.5.0_Small.final.json,/gpfs/projects/HeinzGroup/asoubki/FlexFringe/data/MLRegTest/Large/16.07.TLTT.2.5.0_TestLA.txt,2025-12-29 23:00:46.227240
0.1.1.1.0.0.searchglobal.0,Small,16,7,TLTT,2,5,0,TestLR,0.72464,0.8910863509749304,0.51184,0.6502032520325203,0.27536,/gpfs/projects/HeinzGroup/caffeine_underground/mlrt/FlexFringe/FlexFringe/models-ps-small/0.1.1.1.0.0.searchglobal.0.ini/0.1.1.1.0.0.searchglobal.0_16.07.TLTT.2.5.0_Small.final.json,/gpfs/projects/HeinzGroup/asoubki/FlexFringe/data/MLRegTest/Large/16.07.TLTT.2.5.0_TestLR.txt,2025-12-29 23:00:46.227240
0.1.1.1.0.0.searchglobal.0,Small,16,7,TLTT,2,5,0,Dev,0.81918,0.930649252523072,0.68976,0.7922993866158193,0.18082,/gpfs/projects/HeinzGroup/caffeine_underground/mlrt/FlexFringe/FlexFringe/models-ps-small/0.1.1.1.0.0.searchglobal.0.ini/0.1.1.1.0.0.searchglobal.0_16.07.TLTT.2.5.0_Small.final.json,/gpfs/projects/HeinzGroup/asoubki/FlexFringe/data/MLRegTest/Large/16.07.TLTT.2.5.0_Dev.txt,2025-12-29 23:00:46.227240
0.1.1.1.0.0.searchglobal.0,Small,16,7,TLTT,2,5,0,Train,0.824,0.9402173913043478,0.692,0.7972350230414746,0.176,/gpfs/projects/HeinzGroup/caffeine_underground/mlrt/FlexFringe/FlexFringe/models-ps-small/0.1.1.1.0.0.searchglobal.0.ini/0.1.1.1.0.0.searchglobal.0_16.07.TLTT.2.5.0_Small.final.json,/gpfs/projects/HeinzGroup/asoubki/FlexFringe/data/MLRegTest/Small/16.07.TLTT.2.5.0_Train.txt,2025-12-29 23:00:46.227240
0.1.1.1.0.0.searchglobal.0,Small,16,7,TLTT,2,5,1,TestSR,0.56924,0.5459834236531719,0.82212,0.6561841517144499,0.43076,/gpfs/projects/HeinzGroup/caffeine_underground/mlrt/FlexFringe/FlexFringe/models-ps-small/0.1.1.1.0.0.searchglobal.0.ini/0.1.1.1.0.0.searchglobal.0_16.07.TLTT.2.5.1_Small.final.json,/gpfs/projects/HeinzGroup/asoubki/FlexFringe/data/MLRegTest/Large/16.07.TLTT.2.5.1_TestSR.txt,2025-12-29 22:05:48.071029
0.1.1.1.0.0.searchglobal.0,Small,16,7,TLTT,2,5,1,TestLA,0.50254,0.5017176088720584,0.74194,0.5986283685654349,0.49746,/gpfs/projects/HeinzGroup/caffeine_underground/mlrt/FlexFringe/FlexFringe/models-ps-small/0.1.1.1.0.0.searchglobal.0.ini/0.1.1.1.0.0.searchglobal.0_16.07.TLTT.2.5.1_Small.final.json,/gpfs/projects/HeinzGroup/asoubki/FlexFringe/data/MLRegTest/Large/16.07.TLTT.2.5.1_TestLA.txt,2025-12-29 22:05:48.071029
0.1.1.1.0.0.searchglobal.0,Small,16,7,TLTT,2,5,1,TestLR,0.54032,0.5261797781991013,0.81038,0.6380643434168465,0.45968,/gpfs/projects/HeinzGroup/caffeine_underground/mlrt/FlexFringe/FlexFringe/models-ps-small/0.1.1.1.0.0.searchglobal.0.ini/0.1.1.1.0.0.searchglobal.0_16.07.TLTT.2.5.1_Small.final.json,/gpfs/projects/HeinzGroup/asoubki/FlexFringe/data/MLRegTest/Large/16.07.TLTT.2.5.1_TestLR.txt,2025-12-29 22:05:48.071029
0.1.1.1.0.0.searchglobal.0,Small,16,7,TLTT,2,5,1,TestSA,0.50823,0.5059516061381814,0.69964,0.5872369713196969,0.49177,/gpfs/projects/HeinzGroup/caffeine_underground/mlrt/FlexFringe/FlexFringe/models-ps-small/0.1.1.1.0.0.searchglobal.0.ini/0.1.1.1.0.0.searchglobal.0_16.07.TLTT.2.5.1_Small.final.json,/gpfs/projects/HeinzGroup/asoubki/FlexFringe/data/MLRegTest/Large/16.07.TLTT.2.5.1_TestSA.txt,2025-12-29 22:05:48.071029
0.1.1.1.0.0.searchglobal.0,Small,16,7,TLTT,2,5,1,Dev,0.57094,0.5471199319836335,0.8237,0.6575082218461636,0.42906,/gpfs/projects/HeinzGroup/caffeine_underground/mlrt/FlexFringe/FlexFringe/models-ps-small/0.1.1.1.0.0.searchglobal.0.ini/0.1.1.1.0.0.searchglobal.0_16.07.TLTT.2.5.1_Small.final.json,/gpfs/projects/HeinzGroup/asoubki/FlexFringe/data/MLRegTest/Large/16.07.TLTT.2.5.1_Dev.txt,2025-12-29 22:05:48.071029
0.1.1.1.0.0.searchglobal.0,Small,16,7,TLTT,2,5,1,Train,0.572,0.5471204188481675,0.836,0.6613924050632911,0.428,/gpfs/projects/HeinzGroup/caffeine_underground/mlrt/FlexFringe/FlexFringe/models-ps-small/0.1.1.1.0.0.searchglobal.0.ini/0.1.1.1.0.0.searchglobal.0_16.07.TLTT.2.5.1_Small.final.json,/gpfs/projects/HeinzGroup/asoubki/FlexFringe/data/MLRegTest/Small/16.07.TLTT.2.5.1_Train.txt,2025-12-29 22:05:48.071029
0.1.1.1.0.0.searchglobal.0,Small,16,7,TLTT,2,5,2,TestLA,0.99998,1.0,0.99996,0.999979999599992,2e-05,/gpfs/projects/HeinzGroup/caffeine_underground/mlrt/FlexFringe/FlexFringe/models-ps-small/0.1.1.1.0.0.searchglobal.0.ini/0.1.1.1.0.0.searchglobal.0_16.07.TLTT.2.5.2_Small.final.json,/gpfs/projects/HeinzGroup/asoubki/FlexFringe/data/MLRegTest/Large/16.07.TLTT.2.5.2_TestLA.txt,2025-12-29 22:35:24.538145
0.1.1.1.0.0.searchglobal.0,Small,16,7,TLTT,2,5,2,TestSR,1.0,1.0,1.0,1.0,0.0,/gpfs/projects/HeinzGroup/caffeine_underground/mlrt/FlexFringe/FlexFringe/models-ps-small/0.1.1.1.0.0.searchglobal.0.ini/0.1.1.1.0.0.searchglobal.0_16.07.TLTT.2.5.2_Small.final.json,/gpfs/projects/HeinzGroup/asoubki/FlexFringe/data/MLRegTest/Large/16.07.TLTT.2.5.2_TestSR.txt,2025-12-29 22:35:24.538145
0.1.1.1.0.0.searchglobal.0,Small,16,7,TLTT,2,5,2,TestLR,1.0,1.0,1.0,1.0,0.0,/gpfs/projects/HeinzGroup/caffeine_underground/mlrt/FlexFringe/FlexFringe/models-ps-small/0.1.1.1.0.0.searchglobal.0.ini/0.1.1.1.0.0.searchglobal.0_16.07.TLTT.2.5.2_Small.final.json,/gpfs/projects/HeinzGroup/asoubki/FlexFringe/data/MLRegTest/Large/16.07.TLTT.2.5.2_TestLR.txt,2025-12-29 22:35:24.538145
0.1.1.1.0.0.searchglobal.0,Small,16,7,TLTT,2,5,2,TestSA,1.0,1.0,1.0,1.0,0.0,/gpfs/projects/HeinzGroup/caffeine_underground/mlrt/FlexFringe/FlexFringe/models-ps-small/0.1.1.1.0.0.searchglobal.0.ini/0.1.1.1.0.0.searchglobal.0_16.07.TLTT.2.5.2_Small.final.json,/gpfs/projects/HeinzGroup/asoubki/FlexFringe/data/MLRegTest/Large/16.07.TLTT.2.5.2_TestSA.txt,2025-12-29 22:35:24.538145
0.1.1.1.0.0.searchglobal.0,Small,16,7,TLTT,2,5,2,Dev,1.0,1.0,1.0,1.0,0.0,/gpfs/projects/HeinzGroup/caffeine_underground/mlrt/FlexFringe/FlexFringe/models-ps-small/0.1.1.1.0.0.searchglobal.0.ini/0.1.1.1.0.0.searchglobal.0_16.07.TLTT.2.5.2_Small.final.json,/gpfs/projects/HeinzGroup/asoubki/FlexFringe/data/MLRegTest/Large/16.07.TLTT.2.5.2_Dev.txt,2025-12-29 22:35:24.538145
0.1.1.1.0.0.searchglobal.0,Small,16,7,TLTT,2,5,2,Train,1.0,1.0,1.0,1.0,0.0,/gpfs/projects/HeinzGroup/caffeine_underground/mlrt/FlexFringe/FlexFringe/models-ps-small/0.1.1.1.0.0.searchglobal.0.ini/0.1.1.1.0.0.searchglobal.0_16.07.TLTT.2.5.2_Small.final.json,/gpfs/projects/HeinzGroup/asoubki/FlexFringe/data/MLRegTest/Small/16.07.TLTT.2.5.2_Train.txt,2025-12-29 22:35:24.538145
0.1.1.1.0.0.searchglobal.0,Small,16,7,TLTT,2,5,3,TestSR,0.59315,0.5614648630814912,0.8509,0.6765255416418207,0.40685,/gpfs/projects/HeinzGroup/caffeine_underground/mlrt/FlexFringe/FlexFringe/models-ps-small/0.1.1.1.0.0.searchglobal.0.ini/0.1.1.1.0.0.searchglobal.0_16.07.TLTT.2.5.3_Small.final.json,/gpfs/projects/HeinzGroup/asoubki/FlexFringe/data/MLRegTest/Large/16.07.TLTT.2.5.3_TestSR.txt,2025-12-29 22:52:32.115863
0.1.1.1.0.0.searchglobal.0,Small,16,7,TLTT,2,5,3,TestSA,0.54546,0.5311694366737973,0.7747,0.6302268068074582,0.45454,/gpfs/projects/HeinzGroup/caffeine_underground/mlrt/FlexFringe/FlexFringe/models-ps-small/0.1.1.1.0.0.searchglobal.0.ini/0.1.1.1.0.0.searchglobal.0_16.07.TLTT.2.5.3_Small.final.json,/gpfs/projects/HeinzGroup/asoubki/FlexFringe/data/MLRegTest/Large/16.07.TLTT.2.5.3_TestSA.txt,2025-12-29 22:52:32.115863
0.1.1.1.0.0.searchglobal.0,Small,16,7,TLTT,2,5,3,TestLR,0.59203,0.5687129481685009,0.7617,0.6512093154479468,0.40797,/gpfs/projects/HeinzGroup/caffeine_underground/mlrt/FlexFringe/FlexFringe/models-ps-small/0.1.1.1.0.0.searchglobal.0.ini/0.1.1.1.0.0.searchglobal.0_16.07.TLTT.2.5.3_Small.final.json,/gpfs/projects/HeinzGroup/asoubki/FlexFringe/data/MLRegTest/Large/16.07.TLTT.2.5.3_TestLR.txt,2025-12-29 22:52:32.115863
0.1.1.1.0.0.searchglobal.0,Small,16,7,TLTT,2,5,3,TestLA,0.54154,0.5321427466031137,0.68772,0.600010469559755,0.45846,/gpfs/projects/HeinzGroup/caffeine_underground/mlrt/FlexFringe/FlexFringe/models-ps-small/0.1.1.1.0.0.searchglobal.0.ini/0.1.1.1.0.0.searchglobal.0_16.07.TLTT.2.5.3_Small.final.json,/gpfs/projects/HeinzGroup/asoubki/FlexFringe/data/MLRegTest/Large/16.07.TLTT.2.5.3_TestLA.txt,2025-12-29 22:52:32.115863
0.1.1.1.0.0.searchglobal.0,Small,16,7,TLTT,2,5,3,Dev,0.5894,0.5589709762532982,0.8474,0.6736089030206678,0.4106,/gpfs/projects/HeinzGroup/caffeine_underground/mlrt/FlexFringe/FlexFringe/models-ps-small/0.1.1.1.0.0.searchglobal.0.ini/0.1.1.1.0.0.searchglobal.0_16.07.TLTT.2.5.3_Small.final.json,/gpfs/projects/HeinzGroup/asoubki/FlexFringe/data/MLRegTest/Large/16.07.TLTT.2.5.3_Dev.txt,2025-12-29 22:52:32.115863
0.1.1.1.0.0.searchglobal.0,Small,16,7,TLTT,2,5,3,Train,0.59,0.5584415584415584,0.86,0.6771653543307087,0.41,/gpfs/projects/HeinzGroup/caffeine_underground/mlrt/FlexFringe/FlexFringe/models-ps-small/0.1.1.1.0.0.searchglobal.0.ini/0.1.1.1.0.0.searchglobal.0_16.07.TLTT.2.5.3_Small.final.json,/gpfs/projects/HeinzGroup/asoubki/FlexFringe/data/MLRegTest/Small/16.07.TLTT.2.5.3_Train.txt,2025-12-29 22:52:32.115863
0.1.1.1.0.0.searchglobal.0,Small,16,7,TLTT,2,5,4,TestSR,0.91033,0.9239209041882761,0.8943,0.9088691728406354,0.08967,/gpfs/projects/HeinzGroup/caffeine_underground/mlrt/FlexFringe/FlexFringe/models-ps-small/0.1.1.1.0.0.searchglobal.0.ini/0.1.1.1.0.0.searchglobal.0_16.07.TLTT.2.5.4_Small.final.json,/gpfs/projects/HeinzGroup/asoubki/FlexFringe/data/MLRegTest/Large/16.07.TLTT.2.5.4_TestSR.txt,2025-12-29 22:30:49.664201
0.1.1.1.0.0.searchglobal.0,Small,16,7,TLTT,2,5,4,TestLA,0.52363,0.5174915244200334,0.6991,0.5947408270734259,0.47637,/gpfs/projects/HeinzGroup/caffeine_underground/mlrt/FlexFringe/FlexFringe/models-ps-small/0.1.1.1.0.0.searchglobal.0.ini/0.1.1.1.0.0.searchglobal.0_16.07.TLTT.2.5.4_Small.final.json,/gpfs/projects/HeinzGroup/asoubki/FlexFringe/data/MLRegTest/Large/16.07.TLTT.2.5.4_TestLA.txt,2025-12-29 22:30:49.664201
0.1.1.1.0.0.searchglobal.0,Small,16,7,TLTT,2,5,4,TestLR,0.80583,0.8837361037918141,0.70432,0.783892975993055,0.19417,/gpfs/projects/HeinzGroup/caffeine_underground/mlrt/FlexFringe/FlexFringe/models-ps-small/0.1.1.1.0.0.searchglobal.0.ini/0.1.1.1.0.0.searchglobal.0_16.07.TLTT.2.5.4_Small.final.json,/gpfs/projects/HeinzGroup/asoubki/FlexFringe/data/MLRegTest/Large/16.07.TLTT.2.5.4_TestLR.txt,2025-12-29 22:30:49.664201
0.1.1.1.0.0.searchglobal.0,Small,16,7,TLTT,2,5,4,TestSA,0.52121,0.5121830735120108,0.89168,0.65063810225689,0.47879,/gpfs/projects/HeinzGroup/caffeine_underground/mlrt/FlexFringe/FlexFringe/models-ps-small/0.1.1.1.0.0.searchglobal.0.ini/0.1.1.1.0.0.searchglobal.0_16.07.TLTT.2.5.4_Small.final.json,/gpfs/projects/HeinzGroup/asoubki/FlexFringe/data/MLRegTest/Large/16.07.TLTT.2.5.4_TestSA.txt,2025-12-29 22:30:49.664201
0.1.1.1.0.0.searchglobal.0,Small,16,7,TLTT,2,5,4,Dev,0.91013,0.9229801365483385,0.89494,0.908743818604604,0.08987,/gpfs/projects/HeinzGroup/caffeine_underground/mlrt/FlexFringe/FlexFringe/models-ps-small/0.1.1.1.0.0.searchglobal.0.ini/0.1.1.1.0.0.searchglobal.0_16.07.TLTT.2.5.4_Small.final.json,/gpfs/projects/HeinzGroup/asoubki/FlexFringe/data/MLRegTest/Large/16.07.TLTT.2.5.4_Dev.txt,2025-12-29 22:30:49.664201
0.1.1.1.0.0.searchglobal.0,Small,16,7,TLTT,2,5,4,Train,0.904,0.9279661016949152,0.876,0.9012345679012346,0.096,/gpfs/projects/HeinzGroup/caffeine_underground/mlrt/FlexFringe/FlexFringe/models-ps-small/0.1.1.1.0.0.searchglobal.0.ini/0.1.1.1.0.0.searchglobal.0_16.07.TLTT.2.5.4_Small.final.json,/gpfs/projects/HeinzGroup/asoubki/FlexFringe/data/MLRegTest/Small/16.07.TLTT.2.5.4_Train.txt,2025-12-29 22:30:49.664201
0.1.1.1.0.0.searchglobal.0,Small,16,7,TLTT,2,5,5,TestLA,0.51467,0.5169921467787894,0.44634,0.4790752090332414,0.48533,/gpfs/projects/HeinzGroup/caffeine_underground/mlrt/FlexFringe/FlexFringe/models-ps-small/0.1.1.1.0.0.searchglobal.0.ini/0.1.1.1.0.0.searchglobal.0_16.07.TLTT.2.5.5_Small.final.json,/gpfs/projects/HeinzGroup/asoubki/FlexFringe/data/MLRegTest/Large/16.07.TLTT.2.5.5_TestLA.txt,2025-12-29 23:29:28.934477
0.1.1.1.0.0.searchglobal.0,Small,16,7,TLTT,2,5,5,TestLR,0.66803,0.8022448465661762,0.446,0.5732868876691903,0.33197,/gpfs/projects/HeinzGroup/caffeine_underground/mlrt/FlexFringe/FlexFringe/models-ps-small/0.1.1.1.0.0.searchglobal.0.ini/0.1.1.1.0.0.searchglobal.0_16.07.TLTT.2.5.5_Small.final.json,/gpfs/projects/HeinzGroup/asoubki/FlexFringe/data/MLRegTest/Large/16.07.TLTT.2.5.5_TestLR.txt,2025-12-29 23:29:28.934477
0.1.1.1.0.0.searchglobal.0,Small,16,7,TLTT,2,5,5,TestSR,0.73213,0.8670968150045861,0.5483,0.671796316943774,0.26787,/gpfs/projects/HeinzGroup/caffeine_underground/mlrt/FlexFringe/FlexFringe/models-ps-small/0.1.1.1.0.0.searchglobal.0.ini/0.1.1.1.0.0.searchglobal.0_16.07.TLTT.2.5.5_Small.final.json,/gpfs/projects/HeinzGroup/asoubki/FlexFringe/data/MLRegTest/Large/16.07.TLTT.2.5.5_TestSR.txt,2025-12-29 23:29:28.934477
0.1.1.1.0.0.searchglobal.0,Small,16,7,TLTT,2,5,5,TestSA,0.51883,0.5176903853741944,0.55104,0.5338448571511611,0.48117,/gpfs/projects/HeinzGroup/caffeine_underground/mlrt/FlexFringe/FlexFringe/models-ps-small/0.1.1.1.0.0.searchglobal.0.ini/0.1.1.1.0.0.searchglobal.0_16.07.TLTT.2.5.5_Small.final.json,/gpfs/projects/HeinzGroup/asoubki/FlexFringe/data/MLRegTest/Large/16.07.TLTT.2.5.5_TestSA.txt,2025-12-29 23:29:28.934477
0.1.1.1.0.0.searchglobal.0,Small,16,7,TLTT,2,5,5,Dev,0.73252,0.8693607828186555,0.54728,0.6717070057440228,0.26748,/gpfs/projects/HeinzGroup/caffeine_underground/mlrt/FlexFringe/FlexFringe/models-ps-small/0.1.1.1.0.0.searchglobal.0.ini/0.1.1.1.0.0.searchglobal.0_16.07.TLTT.2.5.5_Small.final.json,/gpfs/projects/HeinzGroup/asoubki/FlexFringe/data/MLRegTest/Large/16.07.TLTT.2.5.5_Dev.txt,2025-12-29 23:29:28.934477
0.1.1.1.0.0.searchglobal.0,Small,16,7,TLTT,2,5,5,Train,0.726,0.8487654320987654,0.55,0.6674757281553398,0.274,/gpfs/projects/HeinzGroup/caffeine_underground/mlrt/FlexFringe/FlexFringe/models-ps-small/0.1.1.1.0.0.searchglobal.0.ini/0.1.1.1.0.0.searchglobal.0_16.07.TLTT.2.5.5_Small.final.json,/gpfs/projects/HeinzGroup/asoubki/FlexFringe/data/MLRegTest/Small/16.07.TLTT.2.5.5_Train.txt,2025-12-29 23:29:28.934477
0.1.1.1.0.0.searchglobal.0,Small,16,7,TLTT,2,5,6,TestLR,0.50129,0.5045045045045045,0.14448,0.22463035805904943,0.49871,/gpfs/projects/HeinzGroup/caffeine_underground/mlrt/FlexFringe/FlexFringe/models-ps-small/0.1.1.1.0.0.searchglobal.0.ini/0.1.1.1.0.0.searchglobal.0_16.07.TLTT.2.5.6_Small.final.json,/gpfs/projects/HeinzGroup/asoubki/FlexFringe/data/MLRegTest/Large/16.07.TLTT.2.5.6_TestLR.txt,2025-12-29 22:31:58.327494
0.1.1.1.0.0.searchglobal.0,Small,16,7,TLTT,2,5,6,TestLA,0.50002,0.5000693673695893,0.14418,0.2238263785394933,0.49998,/gpfs/projects/HeinzGroup/caffeine_underground/mlrt/FlexFringe/FlexFringe/models-ps-small/0.1.1.1.0.0.searchglobal.0.ini/0.1.1.1.0.0.searchglobal.0_16.07.TLTT.2.5.6_Small.final.json,/gpfs/projects/HeinzGroup/asoubki/FlexFringe/data/MLRegTest/Large/16.07.TLTT.2.5.6_TestLA.txt,2025-12-29 22:31:58.327494
0.1.1.1.0.0.searchglobal.0,Small,16,7,TLTT,2,5,6,TestSA,0.5,0.5,0.14532,0.22519060311163452,0.5,/gpfs/projects/HeinzGroup/caffeine_underground/mlrt/FlexFringe/FlexFringe/models-ps-small/0.1.1.1.0.0.searchglobal.0.ini/0.1.1.1.0.0.searchglobal.0_16.07.TLTT.2.5.6_Small.final.json,/gpfs/projects/HeinzGroup/asoubki/FlexFringe/data/MLRegTest/Large/16.07.TLTT.2.5.6_TestSA.txt,2025-12-29 22:31:58.327494
0.1.1.1.0.0.searchglobal.0,Small,16,7,TLTT,2,5,6,TestSR,0.49963,0.4986961730918317,0.14152,0.2204739129757435,0.50037,/gpfs/projects/HeinzGroup/caffeine_underground/mlrt/FlexFringe/FlexFringe/models-ps-small/0.1.1.1.0.0.searchglobal.0.ini/0.1.1.1.0.0.searchglobal.0_16.07.TLTT.2.5.6_Small.final.json,/gpfs/projects/HeinzGroup/asoubki/FlexFringe/data/MLRegTest/Large/16.07.TLTT.2.5.6_TestSR.txt,2025-12-29 22:31:58.327494
0.1.1.1.0.0.searchglobal.0,Small,16,7,TLTT,2,5,6,Dev,0.49945,0.49808987983607694,0.14342,0.2227122381477398,0.50055,/gpfs/projects/HeinzGroup/caffeine_underground/mlrt/FlexFringe/FlexFringe/models-ps-small/0.1.1.1.0.0.searchglobal.0.ini/0.1.1.1.0.0.searchglobal.0_16.07.TLTT.2.5.6_Small.final.json,/gpfs/projects/HeinzGroup/asoubki/FlexFringe/data/MLRegTest/Large/16.07.TLTT.2.5.6_Dev.txt,2025-12-29 22:31:58.327494
0.1.1.1.0.0.searchglobal.0,Small,16,7,TLTT,2,5,6,Train,0.503,0.5103448275862069,0.148,0.22945736434108527,0.497,/gpfs/projects/HeinzGroup/caffeine_underground/mlrt/FlexFringe/FlexFringe/models-ps-small/0.1.1.1.0.0.searchglobal.0.ini/0.1.1.1.0.0.searchglobal.0_16.07.TLTT.2.5.6_Small.final.json,/gpfs/projects/HeinzGroup/asoubki/FlexFringe/data/MLRegTest/Small/16.07.TLTT.2.5.6_Train.txt,2025-12-29 22:31:58.327494
0.1.1.1.0.0.searchglobal.0,Small,16,7,TLTT,2,5,7,TestSA,0.51103,0.5410067663023274,0.14552,0.2293495563365853,0.48897,/gpfs/projects/HeinzGroup/caffeine_underground/mlrt/FlexFringe/FlexFringe/models-ps-small/0.1.1.1.0.0.searchglobal.0.ini/0.1.1.1.0.0.searchglobal.0_16.07.TLTT.2.5.7_Small.final.json,/gpfs/projects/HeinzGroup/asoubki/FlexFringe/data/MLRegTest/Large/16.07.TLTT.2.5.7_TestSA.txt,2025-12-29 22:46:59.830866
0.1.1.1.0.0.searchglobal.0,Small,16,7,TLTT,2,5,7,TestSR,0.50371,0.5148888353800466,0.1283,0.20541475207736276,0.49629,/gpfs/projects/HeinzGroup/caffeine_underground/mlrt/FlexFringe/FlexFringe/models-ps-small/0.1.1.1.0.0.searchglobal.0.ini/0.1.1.1.0.0.searchglobal.0_16.07.TLTT.2.5.7_Small.final.json,/gpfs/projects/HeinzGroup/asoubki/FlexFringe/data/MLRegTest/Large/16.07.TLTT.2.5.7_TestSR.txt,2025-12-29 22:46:59.830866
0.1.1.1.0.0.searchglobal.0,Small,16,7,TLTT,2,5,7,TestLA,0.5092,0.5353574173712529,0.1393,0.22107601967941595,0.4908,/gpfs/projects/HeinzGroup/caffeine_underground/mlrt/FlexFringe/FlexFringe/models-ps-small/0.1.1.1.0.0.searchglobal.0.ini/0.1.1.1.0.0.searchglobal.0_16.07.TLTT.2.5.7_Small.final.json,/gpfs/projects/HeinzGroup/asoubki/FlexFringe/data/MLRegTest/Large/16.07.TLTT.2.5.7_TestLA.txt,2025-12-29 22:46:59.830866
0.1.1.1.0.0.searchglobal.0,Small,16,7,TLTT,2,5,7,TestLR,0.50398,0.5161552200032473,0.12716,0.20405019416540968,0.49602,/gpfs/projects/HeinzGroup/caffeine_underground/mlrt/FlexFringe/FlexFringe/models-ps-small/0.1.1.1.0.0.searchglobal.0.ini/0.1.1.1.0.0.searchglobal.0_16.07.TLTT.2.5.7_Small.final.json,/gpfs/projects/HeinzGroup/asoubki/FlexFringe/data/MLRegTest/Large/16.07.TLTT.2.5.7_TestLR.txt,2025-12-29 22:46:59.830866
0.1.1.1.0.0.searchglobal.0,Small,16,7,TLTT,2,5,7,Dev,0.50063,0.5025566106647188,0.12384,0.19871311435952568,0.49937,/gpfs/projects/HeinzGroup/caffeine_underground/mlrt/FlexFringe/FlexFringe/models-ps-small/0.1.1.1.0.0.searchglobal.0.ini/0.1.1.1.0.0.searchglobal.0_16.07.TLTT.2.5.7_Small.final.json,/gpfs/projects/HeinzGroup/asoubki/FlexFringe/data/MLRegTest/Large/16.07.TLTT.2.5.7_Dev.txt,2025-12-29 22:46:59.830866
0.1.1.1.0.0.searchglobal.0,Small,16,7,TLTT,2,5,7,Train,0.495,0.48120300751879697,0.128,0.20221169036334913,0.505,/gpfs/projects/HeinzGroup/caffeine_underground/mlrt/FlexFringe/FlexFringe/models-ps-small/0.1.1.1.0.0.searchglobal.0.ini/0.1.1.1.0.0.searchglobal.0_16.07.TLTT.2.5.7_Small.final.json,/gpfs/projects/HeinzGroup/asoubki/FlexFringe/data/MLRegTest/Small/16.07.TLTT.2.5.7_Train.txt,2025-12-29 22:46:59.830866
0.1.1.1.0.0.searchglobal.0,Small,16,7,TLTT,2,5,8,TestLR,0.50145,0.5051067126857787,0.14342,0.22340607816564637,0.49855,/gpfs/projects/HeinzGroup/caffeine_underground/mlrt/FlexFringe/FlexFringe/models-ps-small/0.1.1.1.0.0.searchglobal.0.ini/0.1.1.1.0.0.searchglobal.0_16.07.TLTT.2.5.8_Small.final.json,/gpfs/projects/HeinzGroup/asoubki/FlexFringe/data/MLRegTest/Large/16.07.TLTT.2.5.8_TestLR.txt,2025-12-29 23:14:26.970553
0.1.1.1.0.0.searchglobal.0,Small,16,7,TLTT,2,5,8,TestSA,0.5043,0.514784761380828,0.14972,0.23197297883548698,0.4957,/gpfs/projects/HeinzGroup/caffeine_underground/mlrt/FlexFringe/FlexFringe/models-ps-small/0.1.1.1.0.0.searchglobal.0.ini/0.1.1.1.0.0.searchglobal.0_16.07.TLTT.2.5.8_Small.final.json,/gpfs/projects/HeinzGroup/asoubki/FlexFringe/data/MLRegTest/Large/16.07.TLTT.2.5.8_TestSA.txt,2025-12-29 23:14:26.970553
0.1.1.1.0.0.searchglobal.0,Small,16,7,TLTT,2,5,8,TestLA,0.50323,0.5109202785854351,0.15112,0.23324947136087917,0.49677,/gpfs/projects/HeinzGroup/caffeine_underground/mlrt/FlexFringe/FlexFringe/models-ps-small/0.1.1.1.0.0.searchglobal.0.ini/0.1.1.1.0.0.searchglobal.0_16.07.TLTT.2.5.8_Small.final.json,/gpfs/projects/HeinzGroup/asoubki/FlexFringe/data/MLRegTest/Large/16.07.TLTT.2.5.8_TestLA.txt,2025-12-29 23:14:26.970553
0.1.1.1.0.0.searchglobal.0,Small,16,7,TLTT,2,5,8,TestSR,0.5,0.5,0.1457,0.2256465851014403,0.5,/gpfs/projects/HeinzGroup/caffeine_underground/mlrt/FlexFringe/FlexFringe/models-ps-small/0.1.1.1.0.0.searchglobal.0.ini/0.1.1.1.0.0.searchglobal.0_16.07.TLTT.2.5.8_Small.final.json,/gpfs/projects/HeinzGroup/asoubki/FlexFringe/data/MLRegTest/Large/16.07.TLTT.2.5.8_TestSR.txt,2025-12-29 23:14:26.970553
0.1.1.1.0.0.searchglobal.0,Small,16,7,TLTT,2,5,8,Dev,0.50123,0.5042907974604061,0.14456,0.22470582749133416,0.49877,/gpfs/projects/HeinzGroup/caffeine_underground/mlrt/FlexFringe/FlexFringe/models-ps-small/0.1.1.1.0.0.searchglobal.0.ini/0.1.1.1.0.0.searchglobal.0_16.07.TLTT.2.5.8_Small.final.json,/gpfs/projects/HeinzGroup/asoubki/FlexFringe/data/MLRegTest/Large/16.07.TLTT.2.5.8_Dev.txt,2025-12-29 23:14:26.970553
0.1.1.1.0.0.searchglobal.0,Small,16,7,TLTT,2,5,8,Train,0.507,0.5244755244755245,0.15,0.2332814930015552,0.493,/gpfs/projects/HeinzGroup/caffeine_underground/mlrt/FlexFringe/FlexFringe/models-ps-small/0.1.1.1.0.0.searchglobal.0.ini/0.1.1.1.0.0.searchglobal.0_16.07.TLTT.2.5.8_Small.final.json,/gpfs/projects/HeinzGroup/asoubki/FlexFringe/data/MLRegTest/Small/16.07.TLTT.2.5.8_Train.txt,2025-12-29 23:14:26.970553
0.1.1.1.0.0.searchglobal.0,Small,16,7,TLTT,2,5,9,TestLR,0.62848,0.7903371599023773,0.34974,0.4849014225106064,0.37152,/gpfs/projects/HeinzGroup/caffeine_underground/mlrt/FlexFringe/FlexFringe/models-ps-small/0.1.1.1.0.0.searchglobal.0.ini/0.1.1.1.0.0.searchglobal.0_16.07.TLTT.2.5.9_Small.final.json,/gpfs/projects/HeinzGroup/asoubki/FlexFringe/data/MLRegTest/Large/16.07.TLTT.2.5.9_TestLR.txt,2025-12-29 22:44:34.677713
0.1.1.1.0.0.searchglobal.0,Small,16,7,TLTT,2,5,9,TestSR,0.69273,0.8589414087235073,0.4612,0.6001535518627923,0.30727,/gpfs/projects/HeinzGroup/caffeine_underground/mlrt/FlexFringe/FlexFringe/models-ps-small/0.1.1.1.0.0.searchglobal.0.ini/0.1.1.1.0.0.searchglobal.0_16.07.TLTT.2.5.9_Small.final.json,/gpfs/projects/HeinzGroup/asoubki/FlexFringe/data/MLRegTest/Large/16.07.TLTT.2.5.9_TestSR.txt,2025-12-29 22:44:34.677713
0.1.1.1.0.0.searchglobal.0,Small,16,7,TLTT,2,5,9,TestSA,0.51314,0.5143293347873501,0.47164,0.4920605112154408,0.48686,/gpfs/projects/HeinzGroup/caffeine_underground/mlrt/FlexFringe/FlexFringe/models-ps-small/0.1.1.1.0.0.searchglobal.0.ini/0.1.1.1.0.0.searchglobal.0_16.07.TLTT.2.5.9_Small.final.json,/gpfs/projects/HeinzGroup/asoubki/FlexFringe/data/MLRegTest/Large/16.07.TLTT.2.5.9_TestSA.txt,2025-12-29 22:44:34.677713
0.1.1.1.0.0.searchglobal.0,Small,16,7,TLTT,2,5,9,TestLA,0.50937,0.513783871252464,0.34926,0.415840169546012,0.49063,/gpfs/projects/HeinzGroup/caffeine_underground/mlrt/FlexFringe/FlexFringe/models-ps-small/0.1.1.1.0.0.searchglobal.0.ini/0.1.1.1.0.0.searchglobal.0_16.07.TLTT.2.5.9_Small.final.json,/gpfs/projects/HeinzGroup/asoubki/FlexFringe/data/MLRegTest/Large/16.07.TLTT.2.5.9_TestLA.txt,2025-12-29 22:44:34.677713
0.1.1.1.0.0.searchglobal.0,Small,16,7,TLTT,2,5,9,Dev,0.69232,0.8538155861358452,0.4641,0.6013371686231828,0.30768,/gpfs/projects/HeinzGroup/caffeine_underground/mlrt/FlexFringe/FlexFringe/models-ps-small/0.1.1.1.0.0.searchglobal.0.ini/0.1.1.1.0.0.searchglobal.0_16.07.TLTT.2.5.9_Small.final.json,/gpfs/projects/HeinzGroup/asoubki/FlexFringe/data/MLRegTest/Large/16.07.TLTT.2.5.9_Dev.txt,2025-12-29 22:44:34.677713
0.1.1.1.0.0.searchglobal.0,Small,16,7,TLTT,2,5,9,Train,0.69,0.8544776119402985,0.458,0.5963541666666666,0.31,/gpfs/projects/HeinzGroup/caffeine_underground/mlrt/FlexFringe/FlexFringe/models-ps-small/0.1.1.1.0.0.searchglobal.0.ini/0.1.1.1.0.0.searchglobal.0_16.07.TLTT.2.5.9_Small.final.json,/gpfs/projects/HeinzGroup/asoubki/FlexFringe/data/MLRegTest/Small/16.07.TLTT.2.5.9_Train.txt,2025-12-29 22:44:34.677713
0.1.1.1.0.0.searchglobal.0,Small,16,7,TLTT,4,2,0,TestSA,0.56768,0.5435106848046906,0.84542,0.6616526053813765,0.43232,/gpfs/projects/HeinzGroup/caffeine_underground/mlrt/FlexFringe/FlexFringe/models-ps-small/0.1.1.1.0.0.searchglobal.0.ini/0.1.1.1.0.0.searchglobal.0_16.07.TLTT.4.2.0_Small.final.json,/gpfs/projects/HeinzGroup/asoubki/FlexFringe/data/MLRegTest/Large/16.07.TLTT.4.2.0_TestSA.txt,2025-12-29 22:03:13.936037
0.1.1.1.0.0.searchglobal.0,Small,16,7,TLTT,4,2,0,TestLR,0.81559,0.8595483856267232,0.75446,0.8035830306645222,0.18441,/gpfs/projects/HeinzGroup/caffeine_underground/mlrt/FlexFringe/FlexFringe/models-ps-small/0.1.1.1.0.0.searchglobal.0.ini/0.1.1.1.0.0.searchglobal.0_16.07.TLTT.4.2.0_Small.final.json,/gpfs/projects/HeinzGroup/asoubki/FlexFringe/data/MLRegTest/Large/16.07.TLTT.4.2.0_TestLR.txt,2025-12-29 22:03:13.936037
0.1.1.1.0.0.searchglobal.0,Small,16,7,TLTT,4,2,0,TestSR,0.8831,0.9106285371291374,0.84958,0.8790456088072179,0.1169,/gpfs/projects/HeinzGroup/caffeine_underground/mlrt/FlexFringe/FlexFringe/models-ps-small/0.1.1.1.0.0.searchglobal.0.ini/0.1.1.1.0.0.searchglobal.0_16.07.TLTT.4.2.0_Small.final.json,/gpfs/projects/HeinzGroup/asoubki/FlexFringe/data/MLRegTest/Large/16.07.TLTT.4.2.0_TestSR.txt,2025-12-29 22:03:13.936037
0.1.1.1.0.0.searchglobal.0,Small,16,7,TLTT,4,2,0,TestLA,0.55644,0.540747372068846,0.749,0.6280606426511035,0.44356,/gpfs/projects/HeinzGroup/caffeine_underground/mlrt/FlexFringe/FlexFringe/models-ps-small/0.1.1.1.0.0.searchglobal.0.ini/0.1.1.1.0.0.searchglobal.0_16.07.TLTT.4.2.0_Small.final.json,/gpfs/projects/HeinzGroup/asoubki/FlexFringe/data/MLRegTest/Large/16.07.TLTT.4.2.0_TestLA.txt,2025-12-29 22:03:13.936037
0.1.1.1.0.0.searchglobal.0,Small,16,7,TLTT,4,2,0,Dev,0.88534,0.9120402053036784,0.85294,0.8815006200909467,0.11466,/gpfs/projects/HeinzGroup/caffeine_underground/mlrt/FlexFringe/FlexFringe/models-ps-small/0.1.1.1.0.0.searchglobal.0.ini/0.1.1.1.0.0.searchglobal.0_16.07.TLTT.4.2.0_Small.final.json,/gpfs/projects/HeinzGroup/asoubki/FlexFringe/data/MLRegTest/Large/16.07.TLTT.4.2.0_Dev.txt,2025-12-29 22:03:13.936037
0.1.1.1.0.0.searchglobal.0,Small,16,7,TLTT,4,2,0,Train,0.895,0.9175475687103594,0.868,0.8920863309352518,0.105,/gpfs/projects/HeinzGroup/caffeine_underground/mlrt/FlexFringe/FlexFringe/models-ps-small/0.1.1.1.0.0.searchglobal.0.ini/0.1.1.1.0.0.searchglobal.0_16.07.TLTT.4.2.0_Small.final.json,/gpfs/projects/HeinzGroup/asoubki/FlexFringe/data/MLRegTest/Small/16.07.TLTT.4.2.0_Train.txt,2025-12-29 22:03:13.936037
0.1.1.1.0.0.searchglobal.0,Small,16,7,TLTT,4,2,1,TestSR,0.70437,0.6528274232385625,0.873,0.7470285719175445,0.29563,/gpfs/projects/HeinzGroup/caffeine_underground/mlrt/FlexFringe/FlexFringe/models-ps-small/0.1.1.1.0.0.searchglobal.0.ini/0.1.1.1.0.0.searchglobal.0_16.07.TLTT.4.2.1_Small.final.json,/gpfs/projects/HeinzGroup/asoubki/FlexFringe/data/MLRegTest/Large/16.07.TLTT.4.2.1_TestSR.txt,2025-12-29 22:24:36.856038
0.1.1.1.0.0.searchglobal.0,Small,16,7,TLTT,4,2,1,TestSA,0.52859,0.5282962845662028,0.53378,0.5310239855151763,0.47141,/gpfs/projects/HeinzGroup/caffeine_underground/mlrt/FlexFringe/FlexFringe/models-ps-small/0.1.1.1.0.0.searchglobal.0.ini/0.1.1.1.0.0.searchglobal.0_16.07.TLTT.4.2.1_Small.final.json,/gpfs/projects/HeinzGroup/asoubki/FlexFringe/data/MLRegTest/Large/16.07.TLTT.4.2.1_TestSA.txt,2025-12-29 22:24:36.856038
0.1.1.1.0.0.searchglobal.0,Small,16,7,TLTT,4,2,1,TestLR,0.63177,0.5912496710662992,0.8538,0.6986735186533882,0.36823,/gpfs/projects/HeinzGroup/caffeine_underground/mlrt/FlexFringe/FlexFringe/models-ps-small/0.1.1.1.0.0.searchglobal.0.ini/0.1.1.1.0.0.searchglobal.0_16.07.TLTT.4.2.1_Small.final.json,/gpfs/projects/HeinzGroup/asoubki/FlexFringe/data/MLRegTest/Large/16.07.TLTT.4.2.1_TestLR.txt,2025-12-29 22:24:36.856038
0.1.1.1.0.0.searchglobal.0,Small,16,7,TLTT,4,2,1,TestLA,0.52162,0.517498704998705,0.63938,0.5720190380761523,0.47838,/gpfs/projects/HeinzGroup/caffeine_underground/mlrt/FlexFringe/FlexFringe/models-ps-small/0.1.1.1.0.0.searchglobal.0.ini/0.1.1.1.0.0.searchglobal.0_16.07.TLTT.4.2.1_Small.final.json,/gpfs/projects/HeinzGroup/asoubki/FlexFringe/data/MLRegTest/Large/16.07.TLTT.4.2.1_TestLA.txt,2025-12-29 22:24:36.856038
0.1.1.1.0.0.searchglobal.0,Small,16,7,TLTT,4,2,1,Dev,0.70121,0.6496853193673655,0.87332,0.745083652558207,0.29879,/gpfs/projects/HeinzGroup/caffeine_underground/mlrt/FlexFringe/FlexFringe/models-ps-small/0.1.1.1.0.0.searchglobal.0.ini/0.1.1.1.0.0.searchglobal.0_16.07.TLTT.4.2.1_Small.final.json,/gpfs/projects/HeinzGroup/asoubki/FlexFringe/data/MLRegTest/Large/16.07.TLTT.4.2.1_Dev.txt,2025-12-29 22:24:36.856038
0.1.1.1.0.0.searchglobal.0,Small,16,7,TLTT,4,2,1,Train,0.679,0.6337817638266069,0.848,0.7254063301967494,0.321,/gpfs/projects/HeinzGroup/caffeine_underground/mlrt/FlexFringe/FlexFringe/models-ps-small/0.1.1.1.0.0.searchglobal.0.ini/0.1.1.1.0.0.searchglobal.0_16.07.TLTT.4.2.1_Small.final.json,/gpfs/projects/HeinzGroup/asoubki/FlexFringe/data/MLRegTest/Small/16.07.TLTT.4.2.1_Train.txt,2025-12-29 22:24:36.856038
0.1.1.1.0.0.searchglobal.0,Small,16,7,TLTT,4,2,2,TestLR,0.86645,0.8880159251180619,0.83866,0.8626325588093108,0.13355,/gpfs/projects/HeinzGroup/caffeine_underground/mlrt/FlexFringe/FlexFringe/models-ps-small/0.1.1.1.0.0.searchglobal.0.ini/0.1.1.1.0.0.searchglobal.0_16.07.TLTT.4.2.2_Small.final.json,/gpfs/projects/HeinzGroup/asoubki/FlexFringe/data/MLRegTest/Large/16.07.TLTT.4.2.2_TestLR.txt,2025-12-29 23:25:23.748650
0.1.1.1.0.0.searchglobal.0,Small,16,7,TLTT,4,2,2,TestSA,0.59905,0.7718017671917019,0.28126,0.41227774438955744,0.40095,/gpfs/projects/HeinzGroup/caffeine_underground/mlrt/FlexFringe/FlexFringe/models-ps-small/0.1.1.1.0.0.searchglobal.0.ini/0.1.1.1.0.0.searchglobal.0_16.07.TLTT.4.2.2_Small.final.json,/gpfs/projects/HeinzGroup/asoubki/FlexFringe/data/MLRegTest/Large/16.07.TLTT.4.2.2_TestSA.txt,2025-12-29 23:25:23.748650
0.1.1.1.0.0.searchglobal.0,Small,16,7,TLTT,4,2,2,TestSR,0.91106,0.91720120168886,0.9037,0.9104005480335268,0.08894,/gpfs/projects/HeinzGroup/caffeine_underground/mlrt/FlexFringe/FlexFringe/models-ps-small/0.1.1.1.0.0.searchglobal.0.ini/0.1.1.1.0.0.searchglobal.0_16.07.TLTT.4.2.2_Small.final.json,/gpfs/projects/HeinzGroup/asoubki/FlexFringe/data/MLRegTest/Large/16.07.TLTT.4.2.2_TestSR.txt,2025-12-29 23:25:23.748650
0.1.1.1.0.0.searchglobal.0,Small,16,7,TLTT,4,2,2,TestLA,0.58255,0.7172940247433535,0.2725,0.394956156243206,0.41745,/gpfs/projects/HeinzGroup/caffeine_underground/mlrt/FlexFringe/FlexFringe/models-ps-small/0.1.1.1.0.0.searchglobal.0.ini/0.1.1.1.0.0.searchglobal.0_16.07.TLTT.4.2.2_Small.final.json,/gpfs/projects/HeinzGroup/asoubki/FlexFringe/data/MLRegTest/Large/16.07.TLTT.4.2.2_TestLA.txt,2025-12-29 23:25:23.748650
0.1.1.1.0.0.searchglobal.0,Small,16,7,TLTT,4,2,2,Dev,0.91184,0.9184855505426167,0.9039,0.9111344071931133,0.08816,/gpfs/projects/HeinzGroup/caffeine_underground/mlrt/FlexFringe/FlexFringe/models-ps-small/0.1.1.1.0.0.searchglobal.0.ini/0.1.1.1.0.0.searchglobal.0_16.07.TLTT.4.2.2_Small.final.json,/gpfs/projects/HeinzGroup/asoubki/FlexFringe/data/MLRegTest/Large/16.07.TLTT.4.2.2_Dev.txt,2025-12-29 23:25:23.748650
0.1.1.1.0.0.searchglobal.0,Small,16,7,TLTT,4,2,2,Train,0.934,0.9322709163346613,0.936,0.9341317365269461,0.066,/gpfs/projects/HeinzGroup/caffeine_underground/mlrt/FlexFringe/FlexFringe/models-ps-small/0.1.1.1.0.0.searchglobal.0.ini/0.1.1.1.0.0.searchglobal.0_16.07.TLTT.4.2.2_Small.final.json,/gpfs/projects/HeinzGroup/asoubki/FlexFringe/data/MLRegTest/Small/16.07.TLTT.4.2.2_Train.txt,2025-12-29 23:25:23.748650
0.1.1.1.0.0.searchglobal.0,Small,16,7,TLTT,4,2,3,TestSR,0.90577,0.8649995502383737,0.96162,0.9107543685182554,0.09423,/gpfs/projects/HeinzGroup/caffeine_underground/mlrt/FlexFringe/FlexFringe/models-ps-small/0.1.1.1.0.0.searchglobal.0.ini/0.1.1.1.0.0.searchglobal.0_16.07.TLTT.4.2.3_Small.final.json,/gpfs/projects/HeinzGroup/asoubki/FlexFringe/data/MLRegTest/Large/16.07.TLTT.4.2.3_TestSR.txt,2025-12-29 23:19:21.314726
0.1.1.1.0.0.searchglobal.0,Small,16,7,TLTT,4,2,3,TestSA,0.75369,0.8244200618941661,0.64468,0.7235546975835868,0.24631,/gpfs/projects/HeinzGroup/caffeine_underground/mlrt/FlexFringe/FlexFringe/models-ps-small/0.1.1.1.0.0.searchglobal.0.ini/0.1.1.1.0.0.searchglobal.0_16.07.TLTT.4.2.3_Small.final.json,/gpfs/projects/HeinzGroup/asoubki/FlexFringe/data/MLRegTest/Large/16.07.TLTT.4.2.3_TestSA.txt,2025-12-29 23:19:21.314726
0.1.1.1.0.0.searchglobal.0,Small,16,7,TLTT,4,2,3,TestLR,0.87632,0.8388316646258014,0.93164,0.8828033203199029,0.12368,/gpfs/projects/HeinzGroup/caffeine_underground/mlrt/FlexFringe/FlexFringe/models-ps-small/0.1.1.1.0.0.searchglobal.0.ini/0.1.1.1.0.0.searchglobal.0_16.07.TLTT.4.2.3_Small.final.json,/gpfs/projects/HeinzGroup/asoubki/FlexFringe/data/MLRegTest/Large/16.07.TLTT.4.2.3_TestLR.txt,2025-12-29 23:19:21.314726
0.1.1.1.0.0.searchglobal.0,Small,16,7,TLTT,4,2,3,TestLA,0.73134,0.791301500956986,0.62842,0.7005172336915325,0.26866,/gpfs/projects/HeinzGroup/caffeine_underground/mlrt/FlexFringe/FlexFringe/models-ps-small/0.1.1.1.0.0.searchglobal.0.ini/0.1.1.1.0.0.searchglobal.0_16.07.TLTT.4.2.3_Small.final.json,/gpfs/projects/HeinzGroup/asoubki/FlexFringe/data/MLRegTest/Large/16.07.TLTT.4.2.3_TestLA.txt,2025-12-29 23:19:21.314726
0.1.1.1.0.0.searchglobal.0,Small,16,7,TLTT,4,2,3,Dev,0.9053,0.8659131125636489,0.95912,0.9101364559412424,0.0947,/gpfs/projects/HeinzGroup/caffeine_underground/mlrt/FlexFringe/FlexFringe/models-ps-small/0.1.1.1.0.0.searchglobal.0.ini/0.1.1.1.0.0.searchglobal.0_16.07.TLTT.4.2.3_Small.final.json,/gpfs/projects/HeinzGroup/asoubki/FlexFringe/data/MLRegTest/Large/16.07.TLTT.4.2.3_Dev.txt,2025-12-29 23:19:21.314726
0.1.1.1.0.0.searchglobal.0,Small,16,7,TLTT,4,2,3,Train,0.908,0.8629893238434164,0.97,0.9133709981167608,0.092,/gpfs/projects/HeinzGroup/caffeine_underground/mlrt/FlexFringe/FlexFringe/models-ps-small/0.1.1.1.0.0.searchglobal.0.ini/0.1.1.1.0.0.searchglobal.0_16.07.TLTT.4.2.3_Small.final.json,/gpfs/projects/HeinzGroup/asoubki/FlexFringe/data/MLRegTest/Small/16.07.TLTT.4.2.3_Train.txt,2025-12-29 23:19:21.314726
0.1.1.1.0.0.searchglobal.0,Small,16,7,TLTT,4,2,4,TestSR,0.88023,0.9096864562008404,0.84428,0.8757637052020123,0.11977,/gpfs/projects/HeinzGroup/caffeine_underground/mlrt/FlexFringe/FlexFringe/models-ps-small/0.1.1.1.0.0.searchglobal.0.ini/0.1.1.1.0.0.searchglobal.0_16.07.TLTT.4.2.4_Small.final.json,/gpfs/projects/HeinzGroup/asoubki/FlexFringe/data/MLRegTest/Large/16.07.TLTT.4.2.4_TestSR.txt,2025-12-29 22:32:17.527734
0.1.1.1.0.0.searchglobal.0,Small,16,7,TLTT,4,2,4,TestLR,0.82253,0.8522223435623021,0.78038,0.8147204677141515,0.17747,/gpfs/projects/HeinzGroup/caffeine_underground/mlrt/FlexFringe/FlexFringe/models-ps-small/0.1.1.1.0.0.searchglobal.0.ini/0.1.1.1.0.0.searchglobal.0_16.07.TLTT.4.2.4_Small.final.json,/gpfs/projects/HeinzGroup/asoubki/FlexFringe/data/MLRegTest/Large/16.07.TLTT.4.2.4_TestLR.txt,2025-12-29 22:32:17.527734
0.1.1.1.0.0.searchglobal.0,Small,16,7,TLTT,4,2,4,TestSA,0.56553,0.5422605151487792,0.84084,0.6593220471885267,0.43447,/gpfs/projects/HeinzGroup/caffeine_underground/mlrt/FlexFringe/FlexFringe/models-ps-small/0.1.1.1.0.0.searchglobal.0.ini/0.1.1.1.0.0.searchglobal.0_16.07.TLTT.4.2.4_Small.final.json,/gpfs/projects/HeinzGroup/asoubki/FlexFringe/data/MLRegTest/Large/16.07.TLTT.4.2.4_TestSA.txt,2025-12-29 22:32:17.527734
0.1.1.1.0.0.searchglobal.0,Small,16,7,TLTT,4,2,4,TestLA,0.55326,0.5368795701307334,0.77534,0.6344429169939775,0.44674,/gpfs/projects/HeinzGroup/caffeine_underground/mlrt/FlexFringe/FlexFringe/models-ps-small/0.1.1.1.0.0.searchglobal.0.ini/0.1.1.1.0.0.searchglobal.0_16.07.TLTT.4.2.4_Small.final.json,/gpfs/projects/HeinzGroup/asoubki/FlexFringe/data/MLRegTest/Large/16.07.TLTT.4.2.4_TestLA.txt,2025-12-29 22:32:17.527734
0.1.1.1.0.0.searchglobal.0,Small,16,7,TLTT,4,2,4,Dev,0.87862,0.907398639924249,0.8433,0.8741758925239458,0.12138,/gpfs/projects/HeinzGroup/caffeine_underground/mlrt/FlexFringe/FlexFringe/models-ps-small/0.1.1.1.0.0.searchglobal.0.ini/0.1.1.1.0.0.searchglobal.0_16.07.TLTT.4.2.4_Small.final.json,/gpfs/projects/HeinzGroup/asoubki/FlexFringe/data/MLRegTest/Large/16.07.TLTT.4.2.4_Dev.txt,2025-12-29 22:32:17.527734
0.1.1.1.0.0.searchglobal.0,Small,16,7,TLTT,4,2,4,Train,0.88,0.9166666666666666,0.836,0.8744769874476988,0.12,/gpfs/projects/HeinzGroup/caffeine_underground/mlrt/FlexFringe/FlexFringe/models-ps-small/0.1.1.1.0.0.searchglobal.0.ini/0.1.1.1.0.0.searchglobal.0_16.07.TLTT.4.2.4_Small.final.json,/gpfs/projects/HeinzGroup/asoubki/FlexFringe/data/MLRegTest/Small/16.07.TLTT.4.2.4_Train.txt,2025-12-29 22:32:17.527734
0.1.1.1.0.0.searchglobal.0,Small,16,7,TLTT,4,2,5,TestSA,0.5069,0.5484822934232715,0.07806,0.1366692345402339,0.4931,/gpfs/projects/HeinzGroup/caffeine_underground/mlrt/FlexFringe/FlexFringe/models-ps-small/0.1.1.1.0.0.searchglobal.0.ini/0.1.1.1.0.0.searchglobal.0_16.07.TLTT.4.2.5_Small.final.json,/gpfs/projects/HeinzGroup/asoubki/FlexFringe/data/MLRegTest/Large/16.07.TLTT.4.2.5_TestSA.txt,2025-12-29 22:13:27.332207
0.1.1.1.0.0.searchglobal.0,Small,16,7,TLTT,4,2,5,TestLR,0.50332,0.5979929161747344,0.02026,0.03919216930398112,0.49668,/gpfs/projects/HeinzGroup/caffeine_underground/mlrt/FlexFringe/FlexFringe/models-ps-small/0.1.1.1.0.0.searchglobal.0.ini/0.1.1.1.0.0.searchglobal.0_16.07.TLTT.4.2.5_Small.final.json,/gpfs/projects/HeinzGroup/asoubki/FlexFringe/data/MLRegTest/Large/16.07.TLTT.4.2.5_TestLR.txt,2025-12-29 22:13:27.332207
0.1.1.1.0.0.searchglobal.0,Small,16,7,TLTT,4,2,5,TestSR,0.52367,0.8131780894416513,0.06146,0.11428252663679131,0.47633,/gpfs/projects/HeinzGroup/caffeine_underground/mlrt/FlexFringe/FlexFringe/models-ps-small/0.1.1.1.0.0.searchglobal.0.ini/0.1.1.1.0.0.searchglobal.0_16.07.TLTT.4.2.5_Small.final.json,/gpfs/projects/HeinzGroup/asoubki/FlexFringe/data/MLRegTest/Large/16.07.TLTT.4.2.5_TestSR.txt,2025-12-29 22:13:27.332207
0.1.1.1.0.0.searchglobal.0,Small,16,7,TLTT,4,2,5,TestLA,0.50123,0.5277903298689561,0.02336,0.044739815754697106,0.49877,/gpfs/projects/HeinzGroup/caffeine_underground/mlrt/FlexFringe/FlexFringe/models-ps-small/0.1.1.1.0.0.searchglobal.0.ini/0.1.1.1.0.0.searchglobal.0_16.07.TLTT.4.2.5_Small.final.json,/gpfs/projects/HeinzGroup/asoubki/FlexFringe/data/MLRegTest/Large/16.07.TLTT.4.2.5_TestLA.txt,2025-12-29 22:13:27.332207
0.1.1.1.0.0.searchglobal.0,Small,16,7,TLTT,4,2,5,Dev,0.5237,0.8121707060063225,0.06166,0.11461818722581604,0.4763,/gpfs/projects/HeinzGroup/caffeine_underground/mlrt/FlexFringe/FlexFringe/models-ps-small/0.1.1.1.0.0.searchglobal.0.ini/0.1.1.1.0.0.searchglobal.0_16.07.TLTT.4.2.5_Small.final.json,/gpfs/projects/HeinzGroup/asoubki/FlexFringe/data/MLRegTest/Large/16.07.TLTT.4.2.5_Dev.txt,2025-12-29 22:13:27.332207
0.1.1.1.0.0.searchglobal.0,Small,16,7,TLTT,4,2,5,Train,0.518,0.6875,0.066,0.12043795620437957,0.482,/gpfs/projects/HeinzGroup/caffeine_underground/mlrt/FlexFringe/FlexFringe/models-ps-small/0.1.1.1.0.0.searchglobal.0.ini/0.1.1.1.0.0.searchglobal.0_16.07.TLTT.4.2.5_Small.final.json,/gpfs/projects/HeinzGroup/asoubki/FlexFringe/data/MLRegTest/Small/16.07.TLTT.4.2.5_Train.txt,2025-12-29 22:13:27.332207
0.1.1.1.0.0.searchglobal.0,Small,16,7,TLTT,4,2,6,TestLR,0.49989,0.4779116465863454,0.00238,0.004736412664928655,0.50011,/gpfs/projects/HeinzGroup/caffeine_underground/mlrt/FlexFringe/FlexFringe/models-ps-small/0.1.1.1.0.0.searchglobal.0.ini/0.1.1.1.0.0.searchglobal.0_16.07.TLTT.4.2.6_Small.final.json,/gpfs/projects/HeinzGroup/asoubki/FlexFringe/data/MLRegTest/Large/16.07.TLTT.4.2.6_TestLR.txt,2025-12-29 22:54:16.384278
0.1.1.1.0.0.searchglobal.0,Small,16,7,TLTT,4,2,6,TestLA,0.49982,0.46511627906976744,0.0024,0.004775359146802499,0.50018,/gpfs/projects/HeinzGroup/caffeine_underground/mlrt/FlexFringe/FlexFringe/models-ps-small/0.1.1.1.0.0.searchglobal.0.ini/0.1.1.1.0.0.searchglobal.0_16.07.TLTT.4.2.6_Small.final.json,/gpfs/projects/HeinzGroup/asoubki/FlexFringe/data/MLRegTest/Large/16.07.TLTT.4.2.6_TestLA.txt,2025-12-29 22:54:16.384278
0.1.1.1.0.0.searchglobal.0,Small,16,7,TLTT,4,2,6,TestSR,0.50097,0.6321525885558583,0.00464,0.009212381122560407,0.49903,/gpfs/projects/HeinzGroup/caffeine_underground/mlrt/FlexFringe/FlexFringe/models-ps-small/0.1.1.1.0.0.searchglobal.0.ini/0.1.1.1.0.0.searchglobal.0_16.07.TLTT.4.2.6_Small.final.json,/gpfs/projects/HeinzGroup/asoubki/FlexFringe/data/MLRegTest/Large/16.07.TLTT.4.2.6_TestSR.txt,2025-12-29 22:54:16.384278
0.1.1.1.0.0.searchglobal.0,Small,16,7,TLTT,4,2,6,TestSA,0.50111,0.6029684601113172,0.0065,0.012861354597439601,0.49889,/gpfs/projects/HeinzGroup/caffeine_underground/mlrt/FlexFringe/FlexFringe/models-ps-small/0.1.1.1.0.0.searchglobal.0.ini/0.1.1.1.0.0.searchglobal.0_16.07.TLTT.4.2.6_Small.final.json,/gpfs/projects/HeinzGroup/asoubki/FlexFringe/data/MLRegTest/Large/16.07.TLTT.4.2.6_TestSA.txt,2025-12-29 22:54:16.384278
0.1.1.1.0.0.searchglobal.0,Small,16,7,TLTT,4,2,6,Dev,0.50091,0.6194225721784777,0.00472,0.009368611182787161,0.49909,/gpfs/projects/HeinzGroup/caffeine_underground/mlrt/FlexFringe/FlexFringe/models-ps-small/0.1.1.1.0.0.searchglobal.0.ini/0.1.1.1.0.0.searchglobal.0_16.07.TLTT.4.2.6_Small.final.json,/gpfs/projects/HeinzGroup/asoubki/FlexFringe/data/MLRegTest/Large/16.07.TLTT.4.2.6_Dev.txt,2025-12-29 22:54:16.384278
0.1.1.1.0.0.searchglobal.0,Small,16,7,TLTT,4,2,6,Train,0.501,0.6666666666666666,0.004,0.007952286282306162,0.499,/gpfs/projects/HeinzGroup/caffeine_underground/mlrt/FlexFringe/FlexFringe/models-ps-small/0.1.1.1.0.0.searchglobal.0.ini/0.1.1.1.0.0.searchglobal.0_16.07.TLTT.4.2.6_Small.final.json,/gpfs/projects/HeinzGroup/asoubki/FlexFringe/data/MLRegTest/Small/16.07.TLTT.4.2.6_Train.txt,2025-12-29 22:54:16.384278
0.1.1.1.0.0.searchglobal.0,Small,16,7,TLTT,4,2,7,TestLR,0.49996,0.491869918699187,0.00242,0.00481630378537595,0.50004,/gpfs/projects/HeinzGroup/caffeine_underground/mlrt/FlexFringe/FlexFringe/models-ps-small/0.1.1.1.0.0.searchglobal.0.ini/0.1.1.1.0.0.searchglobal.0_16.07.TLTT.4.2.7_Small.final.json,/gpfs/projects/HeinzGroup/asoubki/FlexFringe/data/MLRegTest/Large/16.07.TLTT.4.2.7_TestLR.txt,2025-12-29 22:06:12.328770
0.1.1.1.0.0.searchglobal.0,Small,16,7,TLTT,4,2,7,TestSA,0.50148,0.6712962962962963,0.0058,0.011500634517766497,0.49852,/gpfs/projects/HeinzGroup/caffeine_underground/mlrt/FlexFringe/FlexFringe/models-ps-small/0.1.1.1.0.0.searchglobal.0.ini/0.1.1.1.0.0.searchglobal.0_16.07.TLTT.4.2.7_Small.final.json,/gpfs/projects/HeinzGroup/asoubki/FlexFringe/data/MLRegTest/Large/16.07.TLTT.4.2.7_TestSA.txt,2025-12-29 22:06:12.328770
0.1.1.1.0.0.searchglobal.0,Small,16,7,TLTT,4,2,7,TestSR,0.50095,0.6409495548961425,0.00432,0.008582156266762024,0.49905,/gpfs/projects/HeinzGroup/caffeine_underground/mlrt/FlexFringe/FlexFringe/models-ps-small/0.1.1.1.0.0.searchglobal.0.ini/0.1.1.1.0.0.searchglobal.0_16.07.TLTT.4.2.7_Small.final.json,/gpfs/projects/HeinzGroup/asoubki/FlexFringe/data/MLRegTest/Large/16.07.TLTT.4.2.7_TestSR.txt,2025-12-29 22:06:12.328770
0.1.1.1.0.0.searchglobal.0,Small,16,7,TLTT,4,2,7,TestLA,0.50026,0.5454545454545454,0.00312,0.006204510201646581,0.49974,/gpfs/projects/HeinzGroup/caffeine_underground/mlrt/FlexFringe/FlexFringe/models-ps-small/0.1.1.1.0.0.searchglobal.0.ini/0.1.1.1.0.0.searchglobal.0_16.07.TLTT.4.2.7_Small.final.json,/gpfs/projects/HeinzGroup/asoubki/FlexFringe/data/MLRegTest/Large/16.07.TLTT.4.2.7_TestLA.txt,2025-12-29 22:06:12.328770
0.1.1.1.0.0.searchglobal.0,Small,16,7,TLTT,4,2,7,Dev,0.50087,0.6225352112676056,0.00442,0.008777678482772316,0.49913,/gpfs/projects/HeinzGroup/caffeine_underground/mlrt/FlexFringe/FlexFringe/models-ps-small/0.1.1.1.0.0.searchglobal.0.ini/0.1.1.1.0.0.searchglobal.0_16.07.TLTT.4.2.7_Small.final.json,/gpfs/projects/HeinzGroup/asoubki/FlexFringe/data/MLRegTest/Large/16.07.TLTT.4.2.7_Dev.txt,2025-12-29 22:06:12.328770
0.1.1.1.0.0.searchglobal.0,Small,16,7,TLTT,4,2,7,Train,0.497,0.2,0.002,0.0039603960396039604,0.503,/gpfs/projects/HeinzGroup/caffeine_underground/mlrt/FlexFringe/FlexFringe/models-ps-small/0.1.1.1.0.0.searchglobal.0.ini/0.1.1.1.0.0.searchglobal.0_16.07.TLTT.4.2.7_Small.final.json,/gpfs/projects/HeinzGroup/asoubki/FlexFringe/data/MLRegTest/Small/16.07.TLTT.4.2.7_Train.txt,2025-12-29 22:06:12.328770
0.1.1.1.0.0.searchglobal.0,Small,16,7,TLTT,4,2,8,TestSR,0.50129,0.6649616368286445,0.0052,0.010319303050147844,0.49871,/gpfs/projects/HeinzGroup/caffeine_underground/mlrt/FlexFringe/FlexFringe/models-ps-small/0.1.1.1.0.0.searchglobal.0.ini/0.1.1.1.0.0.searchglobal.0_16.07.TLTT.4.2.8_Small.final.json,/gpfs/projects/HeinzGroup/asoubki/FlexFringe/data/MLRegTest/Large/16.07.TLTT.4.2.8_TestSR.txt,2025-12-29 22:51:33.276593
0.1.1.1.0.0.searchglobal.0,Small,16,7,TLTT,4,2,8,TestLR,0.49969,0.44363636363636366,0.00244,0.004853306812531079,0.50031,/gpfs/projects/HeinzGroup/caffeine_underground/mlrt/FlexFringe/FlexFringe/models-ps-small/0.1.1.1.0.0.searchglobal.0.ini/0.1.1.1.0.0.searchglobal.0_16.07.TLTT.4.2.8_Small.final.json,/gpfs/projects/HeinzGroup/asoubki/FlexFringe/data/MLRegTest/Large/16.07.TLTT.4.2.8_TestLR.txt,2025-12-29 22:51:33.276593
0.1.1.1.0.0.searchglobal.0,Small,16,7,TLTT,4,2,8,TestLA,0.49986,0.4734848484848485,0.0025,0.0049737386598758555,0.50014,/gpfs/projects/HeinzGroup/caffeine_underground/mlrt/FlexFringe/FlexFringe/models-ps-small/0.1.1.1.0.0.searchglobal.0.ini/0.1.1.1.0.0.searchglobal.0_16.07.TLTT.4.2.8_Small.final.json,/gpfs/projects/HeinzGroup/asoubki/FlexFringe/data/MLRegTest/Large/16.07.TLTT.4.2.8_TestLA.txt,2025-12-29 22:51:33.276593
0.1.1.1.0.0.searchglobal.0,Small,16,7,TLTT,4,2,8,TestSA,0.50144,0.6121495327102804,0.00786,0.015520714031831286,0.49856,/gpfs/projects/HeinzGroup/caffeine_underground/mlrt/FlexFringe/FlexFringe/models-ps-small/0.1.1.1.0.0.searchglobal.0.ini/0.1.1.1.0.0.searchglobal.0_16.07.TLTT.4.2.8_Small.final.json,/gpfs/projects/HeinzGroup/asoubki/FlexFringe/data/MLRegTest/Large/16.07.TLTT.4.2.8_TestSA.txt,2025-12-29 22:51:33.276593
0.1.1.1.0.0.searchglobal.0,Small,16,7,TLTT,4,2,8,Dev,0.50098,0.6276041666666666,0.00482,0.009566529056843442,0.49902,/gpfs/projects/HeinzGroup/caffeine_underground/mlrt/FlexFringe/FlexFringe/models-ps-small/0.1.1.1.0.0.searchglobal.0.ini/0.1.1.1.0.0.searchglobal.0_16.07.TLTT.4.2.8_Small.final.json,/gpfs/projects/HeinzGroup/asoubki/FlexFringe/data/MLRegTest/Large/16.07.TLTT.4.2.8_Dev.txt,2025-12-29 22:51:33.276593
0.1.1.1.0.0.searchglobal.0,Small,16,7,TLTT,4,2,8,Train,0.499,0.3333333333333333,0.002,0.003976143141153081,0.501,/gpfs/projects/HeinzGroup/caffeine_underground/mlrt/FlexFringe/FlexFringe/models-ps-small/0.1.1.1.0.0.searchglobal.0.ini/0.1.1.1.0.0.searchglobal.0_16.07.TLTT.4.2.8_Small.final.json,/gpfs/projects/HeinzGroup/asoubki/FlexFringe/data/MLRegTest/Small/16.07.TLTT.4.2.8_Train.txt,2025-12-29 22:51:33.276593
0.1.1.1.0.0.searchglobal.0,Small,16,7,TLTT,4,2,9,TestSR,0.52157,0.9940448923499771,0.0434,0.0831688480922906,0.47843,/gpfs/projects/HeinzGroup/caffeine_underground/mlrt/FlexFringe/FlexFringe/models-ps-small/0.1.1.1.0.0.searchglobal.0.ini/0.1.1.1.0.0.searchglobal.0_16.07.TLTT.4.2.9_Small.final.json,/gpfs/projects/HeinzGroup/asoubki/FlexFringe/data/MLRegTest/Large/16.07.TLTT.4.2.9_TestSR.txt,2025-12-29 23:04:30.202660
0.1.1.1.0.0.searchglobal.0,Small,16,7,TLTT,4,2,9,TestLA,0.50166,0.6317460317460317,0.00796,0.015721904009480547,0.49834,/gpfs/projects/HeinzGroup/caffeine_underground/mlrt/FlexFringe/FlexFringe/models-ps-small/0.1.1.1.0.0.searchglobal.0.ini/0.1.1.1.0.0.searchglobal.0_16.07.TLTT.4.2.9_Small.final.json,/gpfs/projects/HeinzGroup/asoubki/FlexFringe/data/MLRegTest/Large/16.07.TLTT.4.2.9_TestLA.txt,2025-12-29 23:04:30.202660
0.1.1.1.0.0.searchglobal.0,Small,16,7,TLTT,4,2,9,TestSA,0.5121,0.6419521351478179,0.05472,0.10084405292838451,0.4879,/gpfs/projects/HeinzGroup/caffeine_underground/mlrt/FlexFringe/FlexFringe/models-ps-small/0.1.1.1.0.0.searchglobal.0.ini/0.1.1.1.0.0.searchglobal.0_16.07.TLTT.4.2.9_Small.final.json,/gpfs/projects/HeinzGroup/asoubki/FlexFringe/data/MLRegTest/Large/16.07.TLTT.4.2.9_TestSA.txt,2025-12-29 23:04:30.202660
0.1.1.1.0.0.searchglobal.0,Small,16,7,TLTT,4,2,9,TestLR,0.50258,0.967391304347826,0.00534,0.010621370037393588,0.49742,/gpfs/projects/HeinzGroup/caffeine_underground/mlrt/FlexFringe/FlexFringe/models-ps-small/0.1.1.1.0.0.searchglobal.0.ini/0.1.1.1.0.0.searchglobal.0_16.07.TLTT.4.2.9_Small.final.json,/gpfs/projects/HeinzGroup/asoubki/FlexFringe/data/MLRegTest/Large/16.07.TLTT.4.2.9_TestLR.txt,2025-12-29 23:04:30.202660
0.1.1.1.0.0.searchglobal.0,Small,16,7,TLTT,4,2,9,Dev,0.52103,0.9943582510578279,0.0423,0.0811479655456865,0.47897,/gpfs/projects/HeinzGroup/caffeine_underground/mlrt/FlexFringe/FlexFringe/models-ps-small/0.1.1.1.0.0.searchglobal.0.ini/0.1.1.1.0.0.searchglobal.0_16.07.TLTT.4.2.9_Small.final.json,/gpfs/projects/HeinzGroup/asoubki/FlexFringe/data/MLRegTest/Large/16.07.TLTT.4.2.9_Dev.txt,2025-12-29 23:04:30.202660
0.1.1.1.0.0.searchglobal.0,Small,16,7,TLTT,4,2,9,Train,0.519,1.0,0.038,0.07321772639691715,0.481,/gpfs/projects/HeinzGroup/caffeine_underground/mlrt/FlexFringe/FlexFringe/models-ps-small/0.1.1.1.0.0.searchglobal.0.ini/0.1.1.1.0.0.searchglobal.0_16.07.TLTT.4.2.9_Small.final.json,/gpfs/projects/HeinzGroup/asoubki/FlexFringe/data/MLRegTest/Small/16.07.TLTT.4.2.9_Train.txt,2025-12-29 23:04:30.202660
0.1.1.1.0.0.searchglobal.0,Small,16,7,TLTT,4,3,0,TestLR,0.85438,0.8908028231142479,0.80778,0.8472624292007552,0.14562,/gpfs/projects/HeinzGroup/caffeine_underground/mlrt/FlexFringe/FlexFringe/models-ps-small/0.1.1.1.0.0.searchglobal.0.ini/0.1.1.1.0.0.searchglobal.0_16.07.TLTT.4.3.0_Small.final.json,/gpfs/projects/HeinzGroup/asoubki/FlexFringe/data/MLRegTest/Large/16.07.TLTT.4.3.0_TestLR.txt,2025-12-29 23:03:01.175850
0.1.1.1.0.0.searchglobal.0,Small,16,7,TLTT,4,3,0,TestSR,0.91028,0.9300088039240347,0.88734,0.9081735000921131,0.08972,/gpfs/projects/HeinzGroup/caffeine_underground/mlrt/FlexFringe/FlexFringe/models-ps-small/0.1.1.1.0.0.searchglobal.0.ini/0.1.1.1.0.0.searchglobal.0_16.07.TLTT.4.3.0_Small.final.json,/gpfs/projects/HeinzGroup/asoubki/FlexFringe/data/MLRegTest/Large/16.07.TLTT.4.3.0_TestSR.txt,2025-12-29 23:03:01.175850
0.1.1.1.0.0.searchglobal.0,Small,16,7,TLTT,4,3,0,TestLA,0.53957,0.52598263884329,0.80104,0.635005192354951,0.46043,/gpfs/projects/HeinzGroup/caffeine_underground/mlrt/FlexFringe/FlexFringe/models-ps-small/0.1.1.1.0.0.searchglobal.0.ini/0.1.1.1.0.0.searchglobal.0_16.07.TLTT.4.3.0_Small.final.json,/gpfs/projects/HeinzGroup/asoubki/FlexFringe/data/MLRegTest/Large/16.07.TLTT.4.3.0_TestLA.txt,2025-12-29 23:03:01.175850
0.1.1.1.0.0.searchglobal.0,Small,16,7,TLTT,4,3,0,TestSA,0.54868,0.5294117647058824,0.87624,0.6600379643857904,0.45132,/gpfs/projects/HeinzGroup/caffeine_underground/mlrt/FlexFringe/FlexFringe/models-ps-small/0.1.1.1.0.0.searchglobal.0.ini/0.1.1.1.0.0.searchglobal.0_16.07.TLTT.4.3.0_Small.final.json,/gpfs/projects/HeinzGroup/asoubki/FlexFringe/data/MLRegTest/Large/16.07.TLTT.4.3.0_TestSA.txt,2025-12-29 23:03:01.175850
0.1.1.1.0.0.searchglobal.0,Small,16,7,TLTT,4,3,0,Dev,0.91123,0.9339059235655348,0.8851,0.9088482035589965,0.08877,/gpfs/projects/HeinzGroup/caffeine_underground/mlrt/FlexFringe/FlexFringe/models-ps-small/0.1.1.1.0.0.searchglobal.0.ini/0.1.1.1.0.0.searchglobal.0_16.07.TLTT.4.3.0_Small.final.json,/gpfs/projects/HeinzGroup/asoubki/FlexFringe/data/MLRegTest/Large/16.07.TLTT.4.3.0_Dev.txt,2025-12-29 23:03:01.175850
0.1.1.1.0.0.searchglobal.0,Small,16,7,TLTT,4,3,0,Train,0.925,0.9436325678496869,0.904,0.923391215526047,0.075,/gpfs/projects/HeinzGroup/caffeine_underground/mlrt/FlexFringe/FlexFringe/models-ps-small/0.1.1.1.0.0.searchglobal.0.ini/0.1.1.1.0.0.searchglobal.0_16.07.TLTT.4.3.0_Small.final.json,/gpfs/projects/HeinzGroup/asoubki/FlexFringe/data/MLRegTest/Small/16.07.TLTT.4.3.0_Train.txt,2025-12-29 23:03:01.175850
0.1.1.1.0.0.searchglobal.0,Small,16,7,TLTT,4,3,1,TestSR,0.88005,0.8447540775413197,0.93124,0.8858912280367964,0.11995,/gpfs/projects/HeinzGroup/caffeine_underground/mlrt/FlexFringe/FlexFringe/models-ps-small/0.1.1.1.0.0.searchglobal.0.ini/0.1.1.1.0.0.searchglobal.0_16.07.TLTT.4.3.1_Small.final.json,/gpfs/projects/HeinzGroup/asoubki/FlexFringe/data/MLRegTest/Large/16.07.TLTT.4.3.1_TestSR.txt,2025-12-29 22:46:36.185784
0.1.1.1.0.0.searchglobal.0,Small,16,7,TLTT,4,3,1,TestLR,0.75949,0.7020981635227963,0.90148,0.789393952661582,0.24051,/gpfs/projects/HeinzGroup/caffeine_underground/mlrt/FlexFringe/FlexFringe/models-ps-small/0.1.1.1.0.0.searchglobal.0.ini/0.1.1.1.0.0.searchglobal.0_16.07.TLTT.4.3.1_Small.final.json,/gpfs/projects/HeinzGroup/asoubki/FlexFringe/data/MLRegTest/Large/16.07.TLTT.4.3.1_TestLR.txt,2025-12-29 22:46:36.185784
0.1.1.1.0.0.searchglobal.0,Small,16,7,TLTT,4,3,1,TestLA,0.53399,0.5403135896766847,0.45556,0.4943303275931291,0.46601,/gpfs/projects/HeinzGroup/caffeine_underground/mlrt/FlexFringe/FlexFringe/models-ps-small/0.1.1.1.0.0.searchglobal.0.ini/0.1.1.1.0.0.searchglobal.0_16.07.TLTT.4.3.1_Small.final.json,/gpfs/projects/HeinzGroup/asoubki/FlexFringe/data/MLRegTest/Large/16.07.TLTT.4.3.1_TestLA.txt,2025-12-29 22:46:36.185784
0.1.1.1.0.0.searchglobal.0,Small,16,7,TLTT,4,3,1,TestSA,0.54004,0.5889619623178102,0.26508,0.3656074147633234,0.45996,/gpfs/projects/HeinzGroup/caffeine_underground/mlrt/FlexFringe/FlexFringe/models-ps-small/0.1.1.1.0.0.searchglobal.0.ini/0.1.1.1.0.0.searchglobal.0_16.07.TLTT.4.3.1_Small.final.json,/gpfs/projects/HeinzGroup/asoubki/FlexFringe/data/MLRegTest/Large/16.07.TLTT.4.3.1_TestSA.txt,2025-12-29 22:46:36.185784
0.1.1.1.0.0.searchglobal.0,Small,16,7,TLTT,4,3,1,Dev,0.87897,0.8428413758164613,0.93166,0.8850278809526071,0.12103,/gpfs/projects/HeinzGroup/caffeine_underground/mlrt/FlexFringe/FlexFringe/models-ps-small/0.1.1.1.0.0.searchglobal.0.ini/0.1.1.1.0.0.searchglobal.0_16.07.TLTT.4.3.1_Small.final.json,/gpfs/projects/HeinzGroup/asoubki/FlexFringe/data/MLRegTest/Large/16.07.TLTT.4.3.1_Dev.txt,2025-12-29 22:46:36.185784
0.1.1.1.0.0.searchglobal.0,Small,16,7,TLTT,4,3,1,Train,0.897,0.8642201834862385,0.942,0.9014354066985646,0.103,/gpfs/projects/HeinzGroup/caffeine_underground/mlrt/FlexFringe/FlexFringe/models-ps-small/0.1.1.1.0.0.searchglobal.0.ini/0.1.1.1.0.0.searchglobal.0_16.07.TLTT.4.3.1_Small.final.json,/gpfs/projects/HeinzGroup/asoubki/FlexFringe/data/MLRegTest/Small/16.07.TLTT.4.3.1_Train.txt,2025-12-29 22:46:36.185784
0.1.1.1.0.0.searchglobal.0,Small,16,7,TLTT,4,3,2,TestSR,0.92453,0.9171137180923186,0.93342,0.9251950163050481,0.07547,/gpfs/projects/HeinzGroup/caffeine_underground/mlrt/FlexFringe/FlexFringe/models-ps-small/0.1.1.1.0.0.searchglobal.0.ini/0.1.1.1.0.0.searchglobal.0_16.07.TLTT.4.3.2_Small.final.json,/gpfs/projects/HeinzGroup/asoubki/FlexFringe/data/MLRegTest/Large/16.07.TLTT.4.3.2_TestSR.txt,2025-12-29 22:56:30.929057
0.1.1.1.0.0.searchglobal.0,Small,16,7,TLTT,4,3,2,TestSA,0.61553,0.7694137400307821,0.32994,0.4618356405985359,0.38447,/gpfs/projects/HeinzGroup/caffeine_underground/mlrt/FlexFringe/FlexFringe/models-ps-small/0.1.1.1.0.0.searchglobal.0.ini/0.1.1.1.0.0.searchglobal.0_16.07.TLTT.4.3.2_Small.final.json,/gpfs/projects/HeinzGroup/asoubki/FlexFringe/data/MLRegTest/Large/16.07.TLTT.4.3.2_TestSA.txt,2025-12-29 22:56:30.929057
0.1.1.1.0.0.searchglobal.0,Small,16,7,TLTT,4,3,2,TestLA,0.60559,0.7438455498591289,0.3221,0.4495401320288621,0.39441,/gpfs/projects/HeinzGroup/caffeine_underground/mlrt/FlexFringe/FlexFringe/models-ps-small/0.1.1.1.0.0.searchglobal.0.ini/0.1.1.1.0.0.searchglobal.0_16.07.TLTT.4.3.2_Small.final.json,/gpfs/projects/HeinzGroup/asoubki/FlexFringe/data/MLRegTest/Large/16.07.TLTT.4.3.2_TestLA.txt,2025-12-29 22:56:30.929057
0.1.1.1.0.0.searchglobal.0,Small,16,7,TLTT,4,3,2,TestLR,0.89448,0.9000811359026369,0.88748,0.8937361530715004,0.10552,/gpfs/projects/HeinzGroup/caffeine_underground/mlrt/FlexFringe/FlexFringe/models-ps-small/0.1.1.1.0.0.searchglobal.0.ini/0.1.1.1.0.0.searchglobal.0_16.07.TLTT.4.3.2_Small.final.json,/gpfs/projects/HeinzGroup/asoubki/FlexFringe/data/MLRegTest/Large/16.07.TLTT.4.3.2_TestLR.txt,2025-12-29 22:56:30.929057
0.1.1.1.0.0.searchglobal.0,Small,16,7,TLTT,4,3,2,Dev,0.92463,0.9162957589066881,0.93464,0.9253769764655796,0.07537,/gpfs/projects/HeinzGroup/caffeine_underground/mlrt/FlexFringe/FlexFringe/models-ps-small/0.1.1.1.0.0.searchglobal.0.ini/0.1.1.1.0.0.searchglobal.0_16.07.TLTT.4.3.2_Small.final.json,/gpfs/projects/HeinzGroup/asoubki/FlexFringe/data/MLRegTest/Large/16.07.TLTT.4.3.2_Dev.txt,2025-12-29 22:56:30.929057
0.1.1.1.0.0.searchglobal.0,Small,16,7,TLTT,4,3,2,Train,0.93,0.9215686274509803,0.94,0.9306930693069307,0.07,/gpfs/projects/HeinzGroup/caffeine_underground/mlrt/FlexFringe/FlexFringe/models-ps-small/0.1.1.1.0.0.searchglobal.0.ini/0.1.1.1.0.0.searchglobal.0_16.07.TLTT.4.3.2_Small.final.json,/gpfs/projects/HeinzGroup/asoubki/FlexFringe/data/MLRegTest/Small/16.07.TLTT.4.3.2_Train.txt,2025-12-29 22:56:30.929057
0.1.1.1.0.0.searchglobal.0,Small,16,7,TLTT,4,3,3,TestLA,0.7941,0.8402832415420929,0.72624,0.7791104340549703,0.2059,/gpfs/projects/HeinzGroup/caffeine_underground/mlrt/FlexFringe/FlexFringe/models-ps-small/0.1.1.1.0.0.searchglobal.0.ini/0.1.1.1.0.0.searchglobal.0_16.07.TLTT.4.3.3_Small.final.json,/gpfs/projects/HeinzGroup/asoubki/FlexFringe/data/MLRegTest/Large/16.07.TLTT.4.3.3_TestLA.txt,2025-12-29 22:51:12.796555
0.1.1.1.0.0.searchglobal.0,Small,16,7,TLTT,4,3,3,TestSR,0.92104,0.8760628795998571,0.98084,0.9254953764861295,0.07896,/gpfs/projects/HeinzGroup/caffeine_underground/mlrt/FlexFringe/FlexFringe/models-ps-small/0.1.1.1.0.0.searchglobal.0.ini/0.1.1.1.0.0.searchglobal.0_16.07.TLTT.4.3.3_Small.final.json,/gpfs/projects/HeinzGroup/asoubki/FlexFringe/data/MLRegTest/Large/16.07.TLTT.4.3.3_TestSR.txt,2025-12-29 22:51:12.796555
0.1.1.1.0.0.searchglobal.0,Small,16,7,TLTT,4,3,3,TestLR,0.90778,0.8640242813783253,0.96788,0.9130082067729459,0.09222,/gpfs/projects/HeinzGroup/caffeine_underground/mlrt/FlexFringe/FlexFringe/models-ps-small/0.1.1.1.0.0.searchglobal.0.ini/0.1.1.1.0.0.searchglobal.0_16.07.TLTT.4.3.3_Small.final.json,/gpfs/projects/HeinzGroup/asoubki/FlexFringe/data/MLRegTest/Large/16.07.TLTT.4.3.3_TestLR.txt,2025-12-29 22:51:12.796555
0.1.1.1.0.0.searchglobal.0,Small,16,7,TLTT,4,3,3,TestSA,0.80376,0.8560577644411103,0.73032,0.7882058366430669,0.19624,/gpfs/projects/HeinzGroup/caffeine_underground/mlrt/FlexFringe/FlexFringe/models-ps-small/0.1.1.1.0.0.searchglobal.0.ini/0.1.1.1.0.0.searchglobal.0_16.07.TLTT.4.3.3_Small.final.json,/gpfs/projects/HeinzGroup/asoubki/FlexFringe/data/MLRegTest/Large/16.07.TLTT.4.3.3_TestSA.txt,2025-12-29 22:51:12.796555
0.1.1.1.0.0.searchglobal.0,Small,16,7,TLTT,4,3,3,Dev,0.92081,0.875274225480229,0.98148,0.9253396438100446,0.07919,/gpfs/projects/HeinzGroup/caffeine_underground/mlrt/FlexFringe/FlexFringe/models-ps-small/0.1.1.1.0.0.searchglobal.0.ini/0.1.1.1.0.0.searchglobal.0_16.07.TLTT.4.3.3_Small.final.json,/gpfs/projects/HeinzGroup/asoubki/FlexFringe/data/MLRegTest/Large/16.07.TLTT.4.3.3_Dev.txt,2025-12-29 22:51:12.796555
0.1.1.1.0.0.searchglobal.0,Small,16,7,TLTT,4,3,3,Train,0.928,0.8862815884476535,0.982,0.9316888045540797,0.072,/gpfs/projects/HeinzGroup/caffeine_underground/mlrt/FlexFringe/FlexFringe/models-ps-small/0.1.1.1.0.0.searchglobal.0.ini/0.1.1.1.0.0.searchglobal.0_16.07.TLTT.4.3.3_Small.final.json,/gpfs/projects/HeinzGroup/asoubki/FlexFringe/data/MLRegTest/Small/16.07.TLTT.4.3.3_Train.txt,2025-12-29 22:51:12.796555
0.1.1.1.0.0.searchglobal.0,Small,16,7,TLTT,4,3,4,TestSR,0.86019,0.8908396449575728,0.82098,0.8544843306029414,0.13981,/gpfs/projects/HeinzGroup/caffeine_underground/mlrt/FlexFringe/FlexFringe/models-ps-small/0.1.1.1.0.0.searchglobal.0.ini/0.1.1.1.0.0.searchglobal.0_16.07.TLTT.4.3.4_Small.final.json,/gpfs/projects/HeinzGroup/asoubki/FlexFringe/data/MLRegTest/Large/16.07.TLTT.4.3.4_TestSR.txt,2025-12-29 22:27:00.669955
0.1.1.1.0.0.searchglobal.0,Small,16,7,TLTT,4,3,4,TestLA,0.52326,0.5169622542442098,0.7089,0.5979049289835026,0.47674,/gpfs/projects/HeinzGroup/caffeine_underground/mlrt/FlexFringe/FlexFringe/models-ps-small/0.1.1.1.0.0.searchglobal.0.ini/0.1.1.1.0.0.searchglobal.0_16.07.TLTT.4.3.4_Small.final.json,/gpfs/projects/HeinzGroup/asoubki/FlexFringe/data/MLRegTest/Large/16.07.TLTT.4.3.4_TestLA.txt,2025-12-29 22:27:00.669955
0.1.1.1.0.0.searchglobal.0,Small,16,7,TLTT,4,3,4,TestSA,0.53258,0.5207690542366831,0.81692,0.6360621019356245,0.46742,/gpfs/projects/HeinzGroup/caffeine_underground/mlrt/FlexFringe/FlexFringe/models-ps-small/0.1.1.1.0.0.searchglobal.0.ini/0.1.1.1.0.0.searchglobal.0_16.07.TLTT.4.3.4_Small.final.json,/gpfs/projects/HeinzGroup/asoubki/FlexFringe/data/MLRegTest/Large/16.07.TLTT.4.3.4_TestSA.txt,2025-12-29 22:27:00.669955
0.1.1.1.0.0.searchglobal.0,Small,16,7,TLTT,4,3,4,TestLR,0.78374,0.8317820392890551,0.71134,0.766860715825787,0.21626,/gpfs/projects/HeinzGroup/caffeine_underground/mlrt/FlexFringe/FlexFringe/models-ps-small/0.1.1.1.0.0.searchglobal.0.ini/0.1.1.1.0.0.searchglobal.0_16.07.TLTT.4.3.4_Small.final.json,/gpfs/projects/HeinzGroup/asoubki/FlexFringe/data/MLRegTest/Large/16.07.TLTT.4.3.4_TestLR.txt,2025-12-29 22:27:00.669955
0.1.1.1.0.0.searchglobal.0,Small,16,7,TLTT,4,3,4,Dev,0.86112,0.8931028476878864,0.82044,0.8552307884751699,0.13888,/gpfs/projects/HeinzGroup/caffeine_underground/mlrt/FlexFringe/FlexFringe/models-ps-small/0.1.1.1.0.0.searchglobal.0.ini/0.1.1.1.0.0.searchglobal.0_16.07.TLTT.4.3.4_Small.final.json,/gpfs/projects/HeinzGroup/asoubki/FlexFringe/data/MLRegTest/Large/16.07.TLTT.4.3.4_Dev.txt,2025-12-29 22:27:00.669955
0.1.1.1.0.0.searchglobal.0,Small,16,7,TLTT,4,3,4,Train,0.87,0.8886554621848739,0.846,0.8668032786885246,0.13,/gpfs/projects/HeinzGroup/caffeine_underground/mlrt/FlexFringe/FlexFringe/models-ps-small/0.1.1.1.0.0.searchglobal.0.ini/0.1.1.1.0.0.searchglobal.0_16.07.TLTT.4.3.4_Small.final.json,/gpfs/projects/HeinzGroup/asoubki/FlexFringe/data/MLRegTest/Small/16.07.TLTT.4.3.4_Train.txt,2025-12-29 22:27:00.669955
0.1.1.1.0.0.searchglobal.0,Small,16,7,TLTT,4,3,5,TestLR,0.78659,0.9468891314517387,0.60724,0.739950039602754,0.21341,/gpfs/projects/HeinzGroup/caffeine_underground/mlrt/FlexFringe/FlexFringe/models-ps-small/0.1.1.1.0.0.searchglobal.0.ini/0.1.1.1.0.0.searchglobal.0_16.07.TLTT.4.3.5_Small.final.json,/gpfs/projects/HeinzGroup/asoubki/FlexFringe/data/MLRegTest/Large/16.07.TLTT.4.3.5_TestLR.txt,2025-12-29 23:28:33.988605
0.1.1.1.0.0.searchglobal.0,Small,16,7,TLTT,4,3,5,TestLA,0.51402,0.5117314322053754,0.61156,0.5572097600087468,0.48598,/gpfs/projects/HeinzGroup/caffeine_underground/mlrt/FlexFringe/FlexFringe/models-ps-small/0.1.1.1.0.0.searchglobal.0.ini/0.1.1.1.0.0.searchglobal.0_16.07.TLTT.4.3.5_Small.final.json,/gpfs/projects/HeinzGroup/asoubki/FlexFringe/data/MLRegTest/Large/16.07.TLTT.4.3.5_TestLA.txt,2025-12-29 23:28:33.988605
0.1.1.1.0.0.searchglobal.0,Small,16,7,TLTT,4,3,5,TestSA,0.51126,0.5069329852473955,0.82332,0.6275017910766276,0.48874,/gpfs/projects/HeinzGroup/caffeine_underground/mlrt/FlexFringe/FlexFringe/models-ps-small/0.1.1.1.0.0.searchglobal.0.ini/0.1.1.1.0.0.searchglobal.0_16.07.TLTT.4.3.5_Small.final.json,/gpfs/projects/HeinzGroup/asoubki/FlexFringe/data/MLRegTest/Large/16.07.TLTT.4.3.5_TestSA.txt,2025-12-29 23:28:33.988605
0.1.1.1.0.0.searchglobal.0,Small,16,7,TLTT,4,3,5,TestSR,0.89511,0.9673756180652487,0.8178,0.8863215164356393,0.10489,/gpfs/projects/HeinzGroup/caffeine_underground/mlrt/FlexFringe/FlexFringe/models-ps-small/0.1.1.1.0.0.searchglobal.0.ini/0.1.1.1.0.0.searchglobal.0_16.07.TLTT.4.3.5_Small.final.json,/gpfs/projects/HeinzGroup/asoubki/FlexFringe/data/MLRegTest/Large/16.07.TLTT.4.3.5_TestSR.txt,2025-12-29 23:28:33.988605
0.1.1.1.0.0.searchglobal.0,Small,16,7,TLTT,4,3,5,Dev,0.89468,0.9651173753181861,0.81896,0.8860518457610248,0.10532,/gpfs/projects/HeinzGroup/caffeine_underground/mlrt/FlexFringe/FlexFringe/models-ps-small/0.1.1.1.0.0.searchglobal.0.ini/0.1.1.1.0.0.searchglobal.0_16.07.TLTT.4.3.5_Small.final.json,/gpfs/projects/HeinzGroup/asoubki/FlexFringe/data/MLRegTest/Large/16.07.TLTT.4.3.5_Dev.txt,2025-12-29 23:28:33.988605
0.1.1.1.0.0.searchglobal.0,Small,16,7,TLTT,4,3,5,Train,0.886,0.957345971563981,0.808,0.8763557483731019,0.114,/gpfs/projects/HeinzGroup/caffeine_underground/mlrt/FlexFringe/FlexFringe/models-ps-small/0.1.1.1.0.0.searchglobal.0.ini/0.1.1.1.0.0.searchglobal.0_16.07.TLTT.4.3.5_Small.final.json,/gpfs/projects/HeinzGroup/asoubki/FlexFringe/data/MLRegTest/Small/16.07.TLTT.4.3.5_Train.txt,2025-12-29 23:28:33.988605
0.1.1.1.0.0.searchglobal.0,Small,16,7,TLTT,4,3,6,TestLA,0.5,0.5,0.00274,0.0054501332696821414,0.5,/gpfs/projects/HeinzGroup/caffeine_underground/mlrt/FlexFringe/FlexFringe/models-ps-small/0.1.1.1.0.0.searchglobal.0.ini/0.1.1.1.0.0.searchglobal.0_16.07.TLTT.4.3.6_Small.final.json,/gpfs/projects/HeinzGroup/asoubki/FlexFringe/data/MLRegTest/Large/16.07.TLTT.4.3.6_TestLA.txt,2025-12-29 23:08:59.304129
0.1.1.1.0.0.searchglobal.0,Small,16,7,TLTT,4,3,6,TestSR,0.50158,0.6908212560386473,0.00572,0.011346054667354307,0.49842,/gpfs/projects/HeinzGroup/caffeine_underground/mlrt/FlexFringe/FlexFringe/models-ps-small/0.1.1.1.0.0.searchglobal.0.ini/0.1.1.1.0.0.searchglobal.0_16.07.TLTT.4.3.6_Small.final.json,/gpfs/projects/HeinzGroup/asoubki/FlexFringe/data/MLRegTest/Large/16.07.TLTT.4.3.6_TestSR.txt,2025-12-29 23:08:59.304129
0.1.1.1.0.0.searchglobal.0,Small,16,7,TLTT,4,3,6,TestSA,0.50148,0.6185897435897436,0.00772,0.015249683944374209,0.49852,/gpfs/projects/HeinzGroup/caffeine_underground/mlrt/FlexFringe/FlexFringe/models-ps-small/0.1.1.1.0.0.searchglobal.0.ini/0.1.1.1.0.0.searchglobal.0_16.07.TLTT.4.3.6_Small.final.json,/gpfs/projects/HeinzGroup/asoubki/FlexFringe/data/MLRegTest/Large/16.07.TLTT.4.3.6_TestSA.txt,2025-12-29 23:08:59.304129
0.1.1.1.0.0.searchglobal.0,Small,16,7,TLTT,4,3,6,TestLR,0.4998,0.4691358024691358,0.00304,0.006040855257928622,0.5002,/gpfs/projects/HeinzGroup/caffeine_underground/mlrt/FlexFringe/FlexFringe/models-ps-small/0.1.1.1.0.0.searchglobal.0.ini/0.1.1.1.0.0.searchglobal.0_16.07.TLTT.4.3.6_Small.final.json,/gpfs/projects/HeinzGroup/asoubki/FlexFringe/data/MLRegTest/Large/16.07.TLTT.4.3.6_TestLR.txt,2025-12-29 23:08:59.304129
0.1.1.1.0.0.searchglobal.0,Small,16,7,TLTT,4,3,6,Dev,0.50129,0.655421686746988,0.00544,0.010790439353367053,0.49871,/gpfs/projects/HeinzGroup/caffeine_underground/mlrt/FlexFringe/FlexFringe/models-ps-small/0.1.1.1.0.0.searchglobal.0.ini/0.1.1.1.0.0.searchglobal.0_16.07.TLTT.4.3.6_Small.final.json,/gpfs/projects/HeinzGroup/asoubki/FlexFringe/data/MLRegTest/Large/16.07.TLTT.4.3.6_Dev.txt,2025-12-29 23:08:59.304129
0.1.1.1.0.0.searchglobal.0,Small,16,7,TLTT,4,3,6,Train,0.499,0.42857142857142855,0.006,0.011834319526627219,0.501,/gpfs/projects/HeinzGroup/caffeine_underground/mlrt/FlexFringe/FlexFringe/models-ps-small/0.1.1.1.0.0.searchglobal.0.ini/0.1.1.1.0.0.searchglobal.0_16.07.TLTT.4.3.6_Small.final.json,/gpfs/projects/HeinzGroup/asoubki/FlexFringe/data/MLRegTest/Small/16.07.TLTT.4.3.6_Train.txt,2025-12-29 23:08:59.304129
0.1.1.1.0.0.searchglobal.0,Small,16,7,TLTT,4,3,7,TestLR,0.49994,0.4879032258064516,0.00242,0.004816112084063047,0.50006,/gpfs/projects/HeinzGroup/caffeine_underground/mlrt/FlexFringe/FlexFringe/models-ps-small/0.1.1.1.0.0.searchglobal.0.ini/0.1.1.1.0.0.searchglobal.0_16.07.TLTT.4.3.7_Small.final.json,/gpfs/projects/HeinzGroup/asoubki/FlexFringe/data/MLRegTest/Large/16.07.TLTT.4.3.7_TestLR.txt,2025-12-29 23:11:46.530101
0.1.1.1.0.0.searchglobal.0,Small,16,7,TLTT,4,3,7,TestLA,0.50026,0.5485074626865671,0.00294,0.00584865122941036,0.49974,/gpfs/projects/HeinzGroup/caffeine_underground/mlrt/FlexFringe/FlexFringe/models-ps-small/0.1.1.1.0.0.searchglobal.0.ini/0.1.1.1.0.0.searchglobal.0_16.07.TLTT.4.3.7_Small.final.json,/gpfs/projects/HeinzGroup/asoubki/FlexFringe/data/MLRegTest/Large/16.07.TLTT.4.3.7_TestLA.txt,2025-12-29 23:11:46.530101
0.1.1.1.0.0.searchglobal.0,Small,16,7,TLTT,4,3,7,TestSA,0.50158,0.6820276497695853,0.00592,0.011738113177618274,0.49842,/gpfs/projects/HeinzGroup/caffeine_underground/mlrt/FlexFringe/FlexFringe/models-ps-small/0.1.1.1.0.0.searchglobal.0.ini/0.1.1.1.0.0.searchglobal.0_16.07.TLTT.4.3.7_Small.final.json,/gpfs/projects/HeinzGroup/asoubki/FlexFringe/data/MLRegTest/Large/16.07.TLTT.4.3.7_TestSA.txt,2025-12-29 23:11:46.530101
0.1.1.1.0.0.searchglobal.0,Small,16,7,TLTT,4,3,7,TestSR,0.50082,0.628125,0.00402,0.007988871224165342,0.49918,/gpfs/projects/HeinzGroup/caffeine_underground/mlrt/FlexFringe/FlexFringe/models-ps-small/0.1.1.1.0.0.searchglobal.0.ini/0.1.1.1.0.0.searchglobal.0_16.07.TLTT.4.3.7_Small.final.json,/gpfs/projects/HeinzGroup/asoubki/FlexFringe/data/MLRegTest/Large/16.07.TLTT.4.3.7_TestSR.txt,2025-12-29 23:11:46.530101
0.1.1.1.0.0.searchglobal.0,Small,16,7,TLTT,4,3,7,Dev,0.50068,0.60625,0.00388,0.007710651828298887,0.49932,/gpfs/projects/HeinzGroup/caffeine_underground/mlrt/FlexFringe/FlexFringe/models-ps-small/0.1.1.1.0.0.searchglobal.0.ini/0.1.1.1.0.0.searchglobal.0_16.07.TLTT.4.3.7_Small.final.json,/gpfs/projects/HeinzGroup/asoubki/FlexFringe/data/MLRegTest/Large/16.07.TLTT.4.3.7_Dev.txt,2025-12-29 23:11:46.530101
0.1.1.1.0.0.searchglobal.0,Small,16,7,TLTT,4,3,7,Train,0.502,0.6666666666666666,0.008,0.015810276679841896,0.498,/gpfs/projects/HeinzGroup/caffeine_underground/mlrt/FlexFringe/FlexFringe/models-ps-small/0.1.1.1.0.0.searchglobal.0.ini/0.1.1.1.0.0.searchglobal.0_16.07.TLTT.4.3.7_Small.final.json,/gpfs/projects/HeinzGroup/asoubki/FlexFringe/data/MLRegTest/Small/16.07.TLTT.4.3.7_Train.txt,2025-12-29 23:11:46.530101
0.1.1.1.0.0.searchglobal.0,Small,16,7,TLTT,4,3,8,TestLR,0.49968,0.4444444444444444,0.00256,0.005090677696468342,0.50032,/gpfs/projects/HeinzGroup/caffeine_underground/mlrt/FlexFringe/FlexFringe/models-ps-small/0.1.1.1.0.0.searchglobal.0.ini/0.1.1.1.0.0.searchglobal.0_16.07.TLTT.4.3.8_Small.final.json,/gpfs/projects/HeinzGroup/asoubki/FlexFringe/data/MLRegTest/Large/16.07.TLTT.4.3.8_TestLR.txt,2025-12-29 22:37:29.031280
0.1.1.1.0.0.searchglobal.0,Small,16,7,TLTT,4,3,8,TestLA,0.49978,0.456,0.00228,0.004537313432835821,0.50022,/gpfs/projects/HeinzGroup/caffeine_underground/mlrt/FlexFringe/FlexFringe/models-ps-small/0.1.1.1.0.0.searchglobal.0.ini/0.1.1.1.0.0.searchglobal.0_16.07.TLTT.4.3.8_Small.final.json,/gpfs/projects/HeinzGroup/asoubki/FlexFringe/data/MLRegTest/Large/16.07.TLTT.4.3.8_TestLA.txt,2025-12-29 22:37:29.031280
0.1.1.1.0.0.searchglobal.0,Small,16,7,TLTT,4,3,8,TestSR,0.50112,0.6414141414141414,0.00508,0.010080165092467655,0.49888,/gpfs/projects/HeinzGroup/caffeine_underground/mlrt/FlexFringe/FlexFringe/models-ps-small/0.1.1.1.0.0.searchglobal.0.ini/0.1.1.1.0.0.searchglobal.0_16.07.TLTT.4.3.8_Small.final.json,/gpfs/projects/HeinzGroup/asoubki/FlexFringe/data/MLRegTest/Large/16.07.TLTT.4.3.8_TestSR.txt,2025-12-29 22:37:29.031280
0.1.1.1.0.0.searchglobal.0,Small,16,7,TLTT,4,3,8,TestSA,0.50125,0.6043405676126878,0.00724,0.014308583173580506,0.49875,/gpfs/projects/HeinzGroup/caffeine_underground/mlrt/FlexFringe/FlexFringe/models-ps-small/0.1.1.1.0.0.searchglobal.0.ini/0.1.1.1.0.0.searchglobal.0_16.07.TLTT.4.3.8_Small.final.json,/gpfs/projects/HeinzGroup/asoubki/FlexFringe/data/MLRegTest/Large/16.07.TLTT.4.3.8_TestSA.txt,2025-12-29 22:37:29.031280
0.1.1.1.0.0.searchglobal.0,Small,16,7,TLTT,4,3,8,Dev,0.50095,0.6273458445040214,0.00468,0.009290691441843845,0.49905,/gpfs/projects/HeinzGroup/caffeine_underground/mlrt/FlexFringe/FlexFringe/models-ps-small/0.1.1.1.0.0.searchglobal.0.ini/0.1.1.1.0.0.searchglobal.0_16.07.TLTT.4.3.8_Small.final.json,/gpfs/projects/HeinzGroup/asoubki/FlexFringe/data/MLRegTest/Large/16.07.TLTT.4.3.8_Dev.txt,2025-12-29 22:37:29.031280
0.1.1.1.0.0.searchglobal.0,Small,16,7,TLTT,4,3,8,Train,0.498,0.25,0.002,0.003968253968253968,0.502,/gpfs/projects/HeinzGroup/caffeine_underground/mlrt/FlexFringe/FlexFringe/models-ps-small/0.1.1.1.0.0.searchglobal.0.ini/0.1.1.1.0.0.searchglobal.0_16.07.TLTT.4.3.8_Small.final.json,/gpfs/projects/HeinzGroup/asoubki/FlexFringe/data/MLRegTest/Small/16.07.TLTT.4.3.8_Train.txt,2025-12-29 22:37:29.031280
0.1.1.1.0.0.searchglobal.0,Small,16,7,TLTT,4,3,9,TestSR,0.52483,0.7633085896076353,0.07198,0.1315544183496299,0.47517,/gpfs/projects/HeinzGroup/caffeine_underground/mlrt/FlexFringe/FlexFringe/models-ps-small/0.1.1.1.0.0.searchglobal.0.ini/0.1.1.1.0.0.searchglobal.0_16.07.TLTT.4.3.9_Small.final.json,/gpfs/projects/HeinzGroup/asoubki/FlexFringe/data/MLRegTest/Large/16.07.TLTT.4.3.9_TestSR.txt,2025-12-29 23:35:17.367051
0.1.1.1.0.0.searchglobal.0,Small,16,7,TLTT,4,3,9,TestLA,0.50087,0.5149844987943507,0.0299,0.056518533920571615,0.49913,/gpfs/projects/HeinzGroup/caffeine_underground/mlrt/FlexFringe/FlexFringe/models-ps-small/0.1.1.1.0.0.searchglobal.0.ini/0.1.1.1.0.0.searchglobal.0_16.07.TLTT.4.3.9_Small.final.json,/gpfs/projects/HeinzGroup/asoubki/FlexFringe/data/MLRegTest/Large/16.07.TLTT.4.3.9_TestLA.txt,2025-12-29 23:35:17.367051
0.1.1.1.0.0.searchglobal.0,Small,16,7,TLTT,4,3,9,TestSA,0.50809,0.5521733522507416,0.08562,0.14825203885512442,0.49191,/gpfs/projects/HeinzGroup/caffeine_underground/mlrt/FlexFringe/FlexFringe/models-ps-small/0.1.1.1.0.0.searchglobal.0.ini/0.1.1.1.0.0.searchglobal.0_16.07.TLTT.4.3.9_Small.final.json,/gpfs/projects/HeinzGroup/asoubki/FlexFringe/data/MLRegTest/Large/16.07.TLTT.4.3.9_TestSA.txt,2025-12-29 23:35:17.367051
0.1.1.1.0.0.searchglobal.0,Small,16,7,TLTT,4,3,9,TestLR,0.50356,0.5727718724448079,0.02802,0.05342638142089006,0.49644,/gpfs/projects/HeinzGroup/caffeine_underground/mlrt/FlexFringe/FlexFringe/models-ps-small/0.1.1.1.0.0.searchglobal.0.ini/0.1.1.1.0.0.searchglobal.0_16.07.TLTT.4.3.9_Small.final.json,/gpfs/projects/HeinzGroup/asoubki/FlexFringe/data/MLRegTest/Large/16.07.TLTT.4.3.9_TestLR.txt,2025-12-29 23:35:17.367051
0.1.1.1.0.0.searchglobal.0,Small,16,7,TLTT,4,3,9,Dev,0.52543,0.772561629153269,0.07208,0.13185767858776182,0.47457,/gpfs/projects/HeinzGroup/caffeine_underground/mlrt/FlexFringe/FlexFringe/models-ps-small/0.1.1.1.0.0.searchglobal.0.ini/0.1.1.1.0.0.searchglobal.0_16.07.TLTT.4.3.9_Small.final.json,/gpfs/projects/HeinzGroup/asoubki/FlexFringe/data/MLRegTest/Large/16.07.TLTT.4.3.9_Dev.txt,2025-12-29 23:35:17.367051
0.1.1.1.0.0.searchglobal.0,Small,16,7,TLTT,4,3,9,Train,0.521,0.723404255319149,0.068,0.12431444241316271,0.479,/gpfs/projects/HeinzGroup/caffeine_underground/mlrt/FlexFringe/FlexFringe/models-ps-small/0.1.1.1.0.0.searchglobal.0.ini/0.1.1.1.0.0.searchglobal.0_16.07.TLTT.4.3.9_Small.final.json,/gpfs/projects/HeinzGroup/asoubki/FlexFringe/data/MLRegTest/Small/16.07.TLTT.4.3.9_Train.txt,2025-12-29 23:35:17.367051
0.1.1.1.0.0.searchglobal.0,Small,16,7,TLTT,6,2,0,TestLR,0.9211,0.9783053157655611,0.8613,0.916081684747926,0.0789,/gpfs/projects/HeinzGroup/caffeine_underground/mlrt/FlexFringe/FlexFringe/models-ps-small/0.1.1.1.0.0.searchglobal.0.ini/0.1.1.1.0.0.searchglobal.0_16.07.TLTT.6.2.0_Small.final.json,/gpfs/projects/HeinzGroup/asoubki/FlexFringe/data/MLRegTest/Large/16.07.TLTT.6.2.0_TestLR.txt,2025-12-29 22:17:40.316147
0.1.1.1.0.0.searchglobal.0,Small,16,7,TLTT,6,2,0,TestLA,0.51847,0.5110230487353633,0.85626,0.6400556141098379,0.48153,/gpfs/projects/HeinzGroup/caffeine_underground/mlrt/FlexFringe/FlexFringe/models-ps-small/0.1.1.1.0.0.searchglobal.0.ini/0.1.1.1.0.0.searchglobal.0_16.07.TLTT.6.2.0_Small.final.json,/gpfs/projects/HeinzGroup/asoubki/FlexFringe/data/MLRegTest/Large/16.07.TLTT.6.2.0_TestLA.txt,2025-12-29 22:17:40.316147
0.1.1.1.0.0.searchglobal.0,Small,16,7,TLTT,6,2,0,TestSR,0.97882,0.9867639882888745,0.97066,0.9786457493144055,0.02118,/gpfs/projects/HeinzGroup/caffeine_underground/mlrt/FlexFringe/FlexFringe/models-ps-small/0.1.1.1.0.0.searchglobal.0.ini/0.1.1.1.0.0.searchglobal.0_16.07.TLTT.6.2.0_Small.final.json,/gpfs/projects/HeinzGroup/asoubki/FlexFringe/data/MLRegTest/Large/16.07.TLTT.6.2.0_TestSR.txt,2025-12-29 22:17:40.316147
0.1.1.1.0.0.searchglobal.0,Small,16,7,TLTT,6,2,0,TestSA,0.50889,0.5046289064533933,0.96916,0.66368548282167,0.49111,/gpfs/projects/HeinzGroup/caffeine_underground/mlrt/FlexFringe/FlexFringe/models-ps-small/0.1.1.1.0.0.searchglobal.0.ini/0.1.1.1.0.0.searchglobal.0_16.07.TLTT.6.2.0_Small.final.json,/gpfs/projects/HeinzGroup/asoubki/FlexFringe/data/MLRegTest/Large/16.07.TLTT.6.2.0_TestSA.txt,2025-12-29 22:17:40.316147
0.1.1.1.0.0.searchglobal.0,Small,16,7,TLTT,6,2,0,Dev,0.97887,0.986983139097362,0.97054,0.9786925085966097,0.02113,/gpfs/projects/HeinzGroup/caffeine_underground/mlrt/FlexFringe/FlexFringe/models-ps-small/0.1.1.1.0.0.searchglobal.0.ini/0.1.1.1.0.0.searchglobal.0_16.07.TLTT.6.2.0_Small.final.json,/gpfs/projects/HeinzGroup/asoubki/FlexFringe/data/MLRegTest/Large/16.07.TLTT.6.2.0_Dev.txt,2025-12-29 22:17:40.316147
0.1.1.1.0.0.searchglobal.0,Small,16,7,TLTT,6,2,0,Train,0.968,0.975609756097561,0.96,0.967741935483871,0.032,/gpfs/projects/HeinzGroup/caffeine_underground/mlrt/FlexFringe/FlexFringe/models-ps-small/0.1.1.1.0.0.searchglobal.0.ini/0.1.1.1.0.0.searchglobal.0_16.07.TLTT.6.2.0_Small.final.json,/gpfs/projects/HeinzGroup/asoubki/FlexFringe/data/MLRegTest/Small/16.07.TLTT.6.2.0_Train.txt,2025-12-29 22:17:40.316147
0.1.1.1.0.0.searchglobal.0,Small,16,7,TLTT,6,2,1,TestSR,0.77131,0.701158117947121,0.94568,0.805265802089631,0.22869,/gpfs/projects/HeinzGroup/caffeine_underground/mlrt/FlexFringe/FlexFringe/models-ps-small/0.1.1.1.0.0.searchglobal.0.ini/0.1.1.1.0.0.searchglobal.0_16.07.TLTT.6.2.1_Small.final.json,/gpfs/projects/HeinzGroup/asoubki/FlexFringe/data/MLRegTest/Large/16.07.TLTT.6.2.1_TestSR.txt,2025-12-29 22:50:30.972357
0.1.1.1.0.0.searchglobal.0,Small,16,7,TLTT,6,2,1,TestLA,0.51959,0.5146305396645208,0.68908,0.5892141018734662,0.48041,/gpfs/projects/HeinzGroup/caffeine_underground/mlrt/FlexFringe/FlexFringe/models-ps-small/0.1.1.1.0.0.searchglobal.0.ini/0.1.1.1.0.0.searchglobal.0_16.07.TLTT.6.2.1_Small.final.json,/gpfs/projects/HeinzGroup/asoubki/FlexFringe/data/MLRegTest/Large/16.07.TLTT.6.2.1_TestLA.txt,2025-12-29 22:50:30.972357
0.1.1.1.0.0.searchglobal.0,Small,16,7,TLTT,6,2,1,TestLR,0.64841,0.5935172465941599,0.9419,0.7281849879009501,0.35159,/gpfs/projects/HeinzGroup/caffeine_underground/mlrt/FlexFringe/FlexFringe/models-ps-small/0.1.1.1.0.0.searchglobal.0.ini/0.1.1.1.0.0.searchglobal.0_16.07.TLTT.6.2.1_Small.final.json,/gpfs/projects/HeinzGroup/asoubki/FlexFringe/data/MLRegTest/Large/16.07.TLTT.6.2.1_TestLR.txt,2025-12-29 22:50:30.972357
0.1.1.1.0.0.searchglobal.0,Small,16,7,TLTT,6,2,1,TestSA,0.53145,0.5353458158196408,0.47634,0.5041221729513489,0.46855,/gpfs/projects/HeinzGroup/caffeine_underground/mlrt/FlexFringe/FlexFringe/models-ps-small/0.1.1.1.0.0.searchglobal.0.ini/0.1.1.1.0.0.searchglobal.0_16.07.TLTT.6.2.1_Small.final.json,/gpfs/projects/HeinzGroup/asoubki/FlexFringe/data/MLRegTest/Large/16.07.TLTT.6.2.1_TestSA.txt,2025-12-29 22:50:30.972357
0.1.1.1.0.0.searchglobal.0,Small,16,7,TLTT,6,2,1,Dev,0.77437,0.7039592036990232,0.94698,0.8075830838897843,0.22563,/gpfs/projects/HeinzGroup/caffeine_underground/mlrt/FlexFringe/FlexFringe/models-ps-small/0.1.1.1.0.0.searchglobal.0.ini/0.1.1.1.0.0.searchglobal.0_16.07.TLTT.6.2.1_Small.final.json,/gpfs/projects/HeinzGroup/asoubki/FlexFringe/data/MLRegTest/Large/16.07.TLTT.6.2.1_Dev.txt,2025-12-29 22:50:30.972357
0.1.1.1.0.0.searchglobal.0,Small,16,7,TLTT,6,2,1,Train,0.79,0.7223926380368099,0.942,0.8177083333333334,0.21,/gpfs/projects/HeinzGroup/caffeine_underground/mlrt/FlexFringe/FlexFringe/models-ps-small/0.1.1.1.0.0.searchglobal.0.ini/0.1.1.1.0.0.searchglobal.0_16.07.TLTT.6.2.1_Small.final.json,/gpfs/projects/HeinzGroup/asoubki/FlexFringe/data/MLRegTest/Small/16.07.TLTT.6.2.1_Train.txt,2025-12-29 22:50:30.972357
0.1.1.1.0.0.searchglobal.0,Small,16,7,TLTT,6,2,2,TestSA,0.5325,0.6122082585278277,0.17732,0.2749914704878881,0.4675,/gpfs/projects/HeinzGroup/caffeine_underground/mlrt/FlexFringe/FlexFringe/models-ps-small/0.1.1.1.0.0.searchglobal.0.ini/0.1.1.1.0.0.searchglobal.0_16.07.TLTT.6.2.2_Small.final.json,/gpfs/projects/HeinzGroup/asoubki/FlexFringe/data/MLRegTest/Large/16.07.TLTT.6.2.2_TestSA.txt,2025-12-29 22:20:31.641569
0.1.1.1.0.0.searchglobal.0,Small,16,7,TLTT,6,2,2,TestLR,0.84582,0.8304728412522457,0.86904,0.8493188170676883,0.15418,/gpfs/projects/HeinzGroup/caffeine_underground/mlrt/FlexFringe/FlexFringe/models-ps-small/0.1.1.1.0.0.searchglobal.0.ini/0.1.1.1.0.0.searchglobal.0_16.07.TLTT.6.2.2_Small.final.json,/gpfs/projects/HeinzGroup/asoubki/FlexFringe/data/MLRegTest/Large/16.07.TLTT.6.2.2_TestLR.txt,2025-12-29 22:20:31.641569
0.1.1.1.0.0.searchglobal.0,Small,16,7,TLTT,6,2,2,TestLA,0.52634,0.563256484149856,0.23454,0.3311776334368822,0.47366,/gpfs/projects/HeinzGroup/caffeine_underground/mlrt/FlexFringe/FlexFringe/models-ps-small/0.1.1.1.0.0.searchglobal.0.ini/0.1.1.1.0.0.searchglobal.0_16.07.TLTT.6.2.2_Small.final.json,/gpfs/projects/HeinzGroup/asoubki/FlexFringe/data/MLRegTest/Large/16.07.TLTT.6.2.2_TestLA.txt,2025-12-29 22:20:31.641569
0.1.1.1.0.0.searchglobal.0,Small,16,7,TLTT,6,2,2,TestSR,0.90342,0.8938571484359745,0.91556,0.9045784180054143,0.09658,/gpfs/projects/HeinzGroup/caffeine_underground/mlrt/FlexFringe/FlexFringe/models-ps-small/0.1.1.1.0.0.searchglobal.0.ini/0.1.1.1.0.0.searchglobal.0_16.07.TLTT.6.2.2_Small.final.json,/gpfs/projects/HeinzGroup/asoubki/FlexFringe/data/MLRegTest/Large/16.07.TLTT.6.2.2_TestSR.txt,2025-12-29 22:20:31.641569
0.1.1.1.0.0.searchglobal.0,Small,16,7,TLTT,6,2,2,Dev,0.90286,0.8910958372165269,0.9179,0.9042993379571248,0.09714,/gpfs/projects/HeinzGroup/caffeine_underground/mlrt/FlexFringe/FlexFringe/models-ps-small/0.1.1.1.0.0.searchglobal.0.ini/0.1.1.1.0.0.searchglobal.0_16.07.TLTT.6.2.2_Small.final.json,/gpfs/projects/HeinzGroup/asoubki/FlexFringe/data/MLRegTest/Large/16.07.TLTT.6.2.2_Dev.txt,2025-12-29 22:20:31.641569
0.1.1.1.0.0.searchglobal.0,Small,16,7,TLTT,6,2,2,Train,0.899,0.8858800773694391,0.916,0.9006882989183874,0.101,/gpfs/projects/HeinzGroup/caffeine_underground/mlrt/FlexFringe/FlexFringe/models-ps-small/0.1.1.1.0.0.searchglobal.0.ini/0.1.1.1.0.0.searchglobal.0_16.07.TLTT.6.2.2_Small.final.json,/gpfs/projects/HeinzGroup/asoubki/FlexFringe/data/MLRegTest/Small/16.07.TLTT.6.2.2_Train.txt,2025-12-29 22:20:31.641569
0.1.1.1.0.0.searchglobal.0,Small,16,7,TLTT,6,2,3,TestLR,0.72301,0.6877599474632495,0.81688,0.74677978187536,0.27699,/gpfs/projects/HeinzGroup/caffeine_underground/mlrt/FlexFringe/FlexFringe/models-ps-small/0.1.1.1.0.0.searchglobal.0.ini/0.1.1.1.0.0.searchglobal.0_16.07.TLTT.6.2.3_Small.final.json,/gpfs/projects/HeinzGroup/asoubki/FlexFringe/data/MLRegTest/Large/16.07.TLTT.6.2.3_TestLR.txt,2025-12-29 22:46:08.195514
0.1.1.1.0.0.searchglobal.0,Small,16,7,TLTT,6,2,3,TestLA,0.54438,0.5528408820307663,0.46432,0.5047285692545166,0.45562,/gpfs/projects/HeinzGroup/caffeine_underground/mlrt/FlexFringe/FlexFringe/models-ps-small/0.1.1.1.0.0.searchglobal.0.ini/0.1.1.1.0.0.searchglobal.0_16.07.TLTT.6.2.3_Small.final.json,/gpfs/projects/HeinzGroup/asoubki/FlexFringe/data/MLRegTest/Large/16.07.TLTT.6.2.3_TestLA.txt,2025-12-29 22:46:08.195514
0.1.1.1.0.0.searchglobal.0,Small,16,7,TLTT,6,2,3,TestSR,0.79092,0.7500085937231447,0.87274,0.8067330979275665,0.20908,/gpfs/projects/HeinzGroup/caffeine_underground/mlrt/FlexFringe/FlexFringe/models-ps-small/0.1.1.1.0.0.searchglobal.0.ini/0.1.1.1.0.0.searchglobal.0_16.07.TLTT.6.2.3_Small.final.json,/gpfs/projects/HeinzGroup/asoubki/FlexFringe/data/MLRegTest/Large/16.07.TLTT.6.2.3_TestSR.txt,2025-12-29 22:46:08.195514
0.1.1.1.0.0.searchglobal.0,Small,16,7,TLTT,6,2,3,TestSA,0.55993,0.5835634010987478,0.41852,0.4874503546512305,0.44007,/gpfs/projects/HeinzGroup/caffeine_underground/mlrt/FlexFringe/FlexFringe/models-ps-small/0.1.1.1.0.0.searchglobal.0.ini/0.1.1.1.0.0.searchglobal.0_16.07.TLTT.6.2.3_Small.final.json,/gpfs/projects/HeinzGroup/asoubki/FlexFringe/data/MLRegTest/Large/16.07.TLTT.6.2.3_TestSA.txt,2025-12-29 22:46:08.195514
0.1.1.1.0.0.searchglobal.0,Small,16,7,TLTT,6,2,3,Dev,0.78933,0.7473455639714809,0.8742,0.8058108344778637,0.21067,/gpfs/projects/HeinzGroup/caffeine_underground/mlrt/FlexFringe/FlexFringe/models-ps-small/0.1.1.1.0.0.searchglobal.0.ini/0.1.1.1.0.0.searchglobal.0_16.07.TLTT.6.2.3_Small.final.json,/gpfs/projects/HeinzGroup/asoubki/FlexFringe/data/MLRegTest/Large/16.07.TLTT.6.2.3_Dev.txt,2025-12-29 22:46:08.195514
0.1.1.1.0.0.searchglobal.0,Small,16,7,TLTT,6,2,3,Train,0.811,0.7694974003466204,0.888,0.8245125348189415,0.189,/gpfs/projects/HeinzGroup/caffeine_underground/mlrt/FlexFringe/FlexFringe/models-ps-small/0.1.1.1.0.0.searchglobal.0.ini/0.1.1.1.0.0.searchglobal.0_16.07.TLTT.6.2.3_Small.final.json,/gpfs/projects/HeinzGroup/asoubki/FlexFringe/data/MLRegTest/Small/16.07.TLTT.6.2.3_Train.txt,2025-12-29 22:46:08.195514
0.1.1.1.0.0.searchglobal.0,Small,16,7,TLTT,6,2,4,TestLA,0.51686,0.5155932077984536,0.55748,0.5357190905421768,0.48314,/gpfs/projects/HeinzGroup/caffeine_underground/mlrt/FlexFringe/FlexFringe/models-ps-small/0.1.1.1.0.0.searchglobal.0.ini/0.1.1.1.0.0.searchglobal.0_16.07.TLTT.6.2.4_Small.final.json,/gpfs/projects/HeinzGroup/asoubki/FlexFringe/data/MLRegTest/Large/16.07.TLTT.6.2.4_TestLA.txt,2025-12-29 22:39:44.057977
0.1.1.1.0.0.searchglobal.0,Small,16,7,TLTT,6,2,4,TestSR,0.81301,0.8830555351592139,0.72158,0.7941930726306173,0.18699,/gpfs/projects/HeinzGroup/caffeine_underground/mlrt/FlexFringe/FlexFringe/models-ps-small/0.1.1.1.0.0.searchglobal.0.ini/0.1.1.1.0.0.searchglobal.0_16.07.TLTT.6.2.4_Small.final.json,/gpfs/projects/HeinzGroup/asoubki/FlexFringe/data/MLRegTest/Large/16.07.TLTT.6.2.4_TestSR.txt,2025-12-29 22:39:44.057977
0.1.1.1.0.0.searchglobal.0,Small,16,7,TLTT,6,2,4,TestSA,0.52428,0.5175880853036625,0.71452,0.6003159026750907,0.47572,/gpfs/projects/HeinzGroup/caffeine_underground/mlrt/FlexFringe/FlexFringe/models-ps-small/0.1.1.1.0.0.searchglobal.0.ini/0.1.1.1.0.0.searchglobal.0_16.07.TLTT.6.2.4_Small.final.json,/gpfs/projects/HeinzGroup/asoubki/FlexFringe/data/MLRegTest/Large/16.07.TLTT.6.2.4_TestSA.txt,2025-12-29 22:39:44.057977
0.1.1.1.0.0.searchglobal.0,Small,16,7,TLTT,6,2,4,TestLR,0.72239,0.8242309374544394,0.56534,0.6706684856753069,0.27761,/gpfs/projects/HeinzGroup/caffeine_underground/mlrt/FlexFringe/FlexFringe/models-ps-small/0.1.1.1.0.0.searchglobal.0.ini/0.1.1.1.0.0.searchglobal.0_16.07.TLTT.6.2.4_Small.final.json,/gpfs/projects/HeinzGroup/asoubki/FlexFringe/data/MLRegTest/Large/16.07.TLTT.6.2.4_TestLR.txt,2025-12-29 22:39:44.057977
0.1.1.1.0.0.searchglobal.0,Small,16,7,TLTT,6,2,4,Dev,0.81243,0.8841509897946637,0.71908,0.793117520542657,0.18757,/gpfs/projects/HeinzGroup/caffeine_underground/mlrt/FlexFringe/FlexFringe/models-ps-small/0.1.1.1.0.0.searchglobal.0.ini/0.1.1.1.0.0.searchglobal.0_16.07.TLTT.6.2.4_Small.final.json,/gpfs/projects/HeinzGroup/asoubki/FlexFringe/data/MLRegTest/Large/16.07.TLTT.6.2.4_Dev.txt,2025-12-29 22:39:44.057977
0.1.1.1.0.0.searchglobal.0,Small,16,7,TLTT,6,2,4,Train,0.806,0.8768472906403941,0.712,0.7858719646799117,0.194,/gpfs/projects/HeinzGroup/caffeine_underground/mlrt/FlexFringe/FlexFringe/models-ps-small/0.1.1.1.0.0.searchglobal.0.ini/0.1.1.1.0.0.searchglobal.0_16.07.TLTT.6.2.4_Small.final.json,/gpfs/projects/HeinzGroup/asoubki/FlexFringe/data/MLRegTest/Small/16.07.TLTT.6.2.4_Train.txt,2025-12-29 22:39:44.057977
0.1.1.1.0.0.searchglobal.0,Small,16,7,TLTT,6,2,5,TestSA,0.51522,0.5854288280197575,0.1043,0.1770557479459496,0.48478,/gpfs/projects/HeinzGroup/caffeine_underground/mlrt/FlexFringe/FlexFringe/models-ps-small/0.1.1.1.0.0.searchglobal.0.ini/0.1.1.1.0.0.searchglobal.0_16.07.TLTT.6.2.5_Small.final.json,/gpfs/projects/HeinzGroup/asoubki/FlexFringe/data/MLRegTest/Large/16.07.TLTT.6.2.5_TestSA.txt,2025-12-29 22:16:32.610134
0.1.1.1.0.0.searchglobal.0,Small,16,7,TLTT,6,2,5,TestLR,0.50039,0.518913676042677,0.0107,0.020967647116458623,0.49961,/gpfs/projects/HeinzGroup/caffeine_underground/mlrt/FlexFringe/FlexFringe/models-ps-small/0.1.1.1.0.0.searchglobal.0.ini/0.1.1.1.0.0.searchglobal.0_16.07.TLTT.6.2.5_Small.final.json,/gpfs/projects/HeinzGroup/asoubki/FlexFringe/data/MLRegTest/Large/16.07.TLTT.6.2.5_TestLR.txt,2025-12-29 22:16:32.610134
0.1.1.1.0.0.searchglobal.0,Small,16,7,TLTT,6,2,5,TestLA,0.50054,0.5238095238095238,0.01188,0.023233073884303984,0.49946,/gpfs/projects/HeinzGroup/caffeine_underground/mlrt/FlexFringe/FlexFringe/models-ps-small/0.1.1.1.0.0.searchglobal.0.ini/0.1.1.1.0.0.searchglobal.0_16.07.TLTT.6.2.5_Small.final.json,/gpfs/projects/HeinzGroup/asoubki/FlexFringe/data/MLRegTest/Large/16.07.TLTT.6.2.5_TestLA.txt,2025-12-29 22:16:32.610134
0.1.1.1.0.0.searchglobal.0,Small,16,7,TLTT,6,2,5,TestSR,0.53955,0.9160530191458026,0.08708,0.1590415137070115,0.46045,/gpfs/projects/HeinzGroup/caffeine_underground/mlrt/FlexFringe/FlexFringe/models-ps-small/0.1.1.1.0.0.searchglobal.0.ini/0.1.1.1.0.0.searchglobal.0_16.07.TLTT.6.2.5_Small.final.json,/gpfs/projects/HeinzGroup/asoubki/FlexFringe/data/MLRegTest/Large/16.07.TLTT.6.2.5_TestSR.txt,2025-12-29 22:16:32.610134
0.1.1.1.0.0.searchglobal.0,Small,16,7,TLTT,6,2,5,Dev,0.5375,0.8960709759188846,0.08484,0.15500420214126504,0.4625,/gpfs/projects/HeinzGroup/caffeine_underground/mlrt/FlexFringe/FlexFringe/models-ps-small/0.1.1.1.0.0.searchglobal.0.ini/0.1.1.1.0.0.searchglobal.0_16.07.TLTT.6.2.5_Small.final.json,/gpfs/projects/HeinzGroup/asoubki/FlexFringe/data/MLRegTest/Large/16.07.TLTT.6.2.5_Dev.txt,2025-12-29 22:16:32.610134
0.1.1.1.0.0.searchglobal.0,Small,16,7,TLTT,6,2,5,Train,0.542,0.8888888888888888,0.096,0.17328519855595667,0.458,/gpfs/projects/HeinzGroup/caffeine_underground/mlrt/FlexFringe/FlexFringe/models-ps-small/0.1.1.1.0.0.searchglobal.0.ini/0.1.1.1.0.0.searchglobal.0_16.07.TLTT.6.2.5_Small.final.json,/gpfs/projects/HeinzGroup/asoubki/FlexFringe/data/MLRegTest/Small/16.07.TLTT.6.2.5_Train.txt,2025-12-29 22:16:32.610134
0.1.1.1.0.0.searchglobal.0,Small,16,7,TLTT,6,2,6,TestLR,0.49942,0.4834096109839817,0.0169,0.03265826698616372,0.50058,/gpfs/projects/HeinzGroup/caffeine_underground/mlrt/FlexFringe/FlexFringe/models-ps-small/0.1.1.1.0.0.searchglobal.0.ini/0.1.1.1.0.0.searchglobal.0_16.07.TLTT.6.2.6_Small.final.json,/gpfs/projects/HeinzGroup/asoubki/FlexFringe/data/MLRegTest/Large/16.07.TLTT.6.2.6_TestLR.txt,2025-12-29 22:21:46.293736
0.1.1.1.0.0.searchglobal.0,Small,16,7,TLTT,6,2,6,TestSA,0.50405,0.5438027255029202,0.05028,0.09204913681050107,0.49595,/gpfs/projects/HeinzGroup/caffeine_underground/mlrt/FlexFringe/FlexFringe/models-ps-small/0.1.1.1.0.0.searchglobal.0.ini/0.1.1.1.0.0.searchglobal.0_16.07.TLTT.6.2.6_Small.final.json,/gpfs/projects/HeinzGroup/asoubki/FlexFringe/data/MLRegTest/Large/16.07.TLTT.6.2.6_TestSA.txt,2025-12-29 22:21:46.293736
0.1.1.1.0.0.searchglobal.0,Small,16,7,TLTT,6,2,6,TestLA,0.5001,0.5026427061310782,0.01902,0.036653048639482,0.4999,/gpfs/projects/HeinzGroup/caffeine_underground/mlrt/FlexFringe/FlexFringe/models-ps-small/0.1.1.1.0.0.searchglobal.0.ini/0.1.1.1.0.0.searchglobal.0_16.07.TLTT.6.2.6_Small.final.json,/gpfs/projects/HeinzGroup/asoubki/FlexFringe/data/MLRegTest/Large/16.07.TLTT.6.2.6_TestLA.txt,2025-12-29 22:21:46.293736
0.1.1.1.0.0.searchglobal.0,Small,16,7,TLTT,6,2,6,TestSR,0.51048,0.6824512534818942,0.0392,0.0741413224390982,0.48952,/gpfs/projects/HeinzGroup/caffeine_underground/mlrt/FlexFringe/FlexFringe/models-ps-small/0.1.1.1.0.0.searchglobal.0.ini/0.1.1.1.0.0.searchglobal.0_16.07.TLTT.6.2.6_Small.final.json,/gpfs/projects/HeinzGroup/asoubki/FlexFringe/data/MLRegTest/Large/16.07.TLTT.6.2.6_TestSR.txt,2025-12-29 22:21:46.293736
0.1.1.1.0.0.searchglobal.0,Small,16,7,TLTT,6,2,6,Dev,0.51118,0.6902654867256637,0.04056,0.07661793040915789,0.48882,/gpfs/projects/HeinzGroup/caffeine_underground/mlrt/FlexFringe/FlexFringe/models-ps-small/0.1.1.1.0.0.searchglobal.0.ini/0.1.1.1.0.0.searchglobal.0_16.07.TLTT.6.2.6_Small.final.json,/gpfs/projects/HeinzGroup/asoubki/FlexFringe/data/MLRegTest/Large/16.07.TLTT.6.2.6_Dev.txt,2025-12-29 22:21:46.293736
0.1.1.1.0.0.searchglobal.0,Small,16,7,TLTT,6,2,6,Train,0.511,0.6666666666666666,0.044,0.0825515947467167,0.489,/gpfs/projects/HeinzGroup/caffeine_underground/mlrt/FlexFringe/FlexFringe/models-ps-small/0.1.1.1.0.0.searchglobal.0.ini/0.1.1.1.0.0.searchglobal.0_16.07.TLTT.6.2.6_Small.final.json,/gpfs/projects/HeinzGroup/asoubki/FlexFringe/data/MLRegTest/Small/16.07.TLTT.6.2.6_Train.txt,2025-12-29 22:21:46.293736
0.1.1.1.0.0.searchglobal.0,Small,16,7,TLTT,6,2,7,TestSA,0.5019,0.5172978878368536,0.05682,0.10239313774958553,0.4981,/gpfs/projects/HeinzGroup/caffeine_underground/mlrt/FlexFringe/FlexFringe/models-ps-small/0.1.1.1.0.0.searchglobal.0.ini/0.1.1.1.0.0.searchglobal.0_16.07.TLTT.6.2.7_Small.final.json,/gpfs/projects/HeinzGroup/asoubki/FlexFringe/data/MLRegTest/Large/16.07.TLTT.6.2.7_TestSA.txt,2025-12-29 22:11:34.525134
0.1.1.1.0.0.searchglobal.0,Small,16,7,TLTT,6,2,7,TestLA,0.50011,0.5017782088587133,0.03104,0.05846345092573409,0.49989,/gpfs/projects/HeinzGroup/caffeine_underground/mlrt/FlexFringe/FlexFringe/models-ps-small/0.1.1.1.0.0.searchglobal.0.ini/0.1.1.1.0.0.searchglobal.0_16.07.TLTT.6.2.7_Small.final.json,/gpfs/projects/HeinzGroup/asoubki/FlexFringe/data/MLRegTest/Large/16.07.TLTT.6.2.7_TestLA.txt,2025-12-29 22:11:34.525134
0.1.1.1.0.0.searchglobal.0,Small,16,7,TLTT,6,2,7,TestSR,0.51032,0.6271562345983243,0.0509,0.09415812645676866,0.48968,/gpfs/projects/HeinzGroup/caffeine_underground/mlrt/FlexFringe/FlexFringe/models-ps-small/0.1.1.1.0.0.searchglobal.0.ini/0.1.1.1.0.0.searchglobal.0_16.07.TLTT.6.2.7_Small.final.json,/gpfs/projects/HeinzGroup/asoubki/FlexFringe/data/MLRegTest/Large/16.07.TLTT.6.2.7_TestSR.txt,2025-12-29 22:11:34.525134
0.1.1.1.0.0.searchglobal.0,Small,16,7,TLTT,6,2,7,TestLR,0.50068,0.5111548556430446,0.03116,0.05873925501432665,0.49932,/gpfs/projects/HeinzGroup/caffeine_underground/mlrt/FlexFringe/FlexFringe/models-ps-small/0.1.1.1.0.0.searchglobal.0.ini/0.1.1.1.0.0.searchglobal.0_16.07.TLTT.6.2.7_Small.final.json,/gpfs/projects/HeinzGroup/asoubki/FlexFringe/data/MLRegTest/Large/16.07.TLTT.6.2.7_TestLR.txt,2025-12-29 22:11:34.525134
0.1.1.1.0.0.searchglobal.0,Small,16,7,TLTT,6,2,7,Dev,0.50971,0.6210421341311394,0.04982,0.09224046953398382,0.49029,/gpfs/projects/HeinzGroup/caffeine_underground/mlrt/FlexFringe/FlexFringe/models-ps-small/0.1.1.1.0.0.searchglobal.0.ini/0.1.1.1.0.0.searchglobal.0_16.07.TLTT.6.2.7_Small.final.json,/gpfs/projects/HeinzGroup/asoubki/FlexFringe/data/MLRegTest/Large/16.07.TLTT.6.2.7_Dev.txt,2025-12-29 22:11:34.525134
0.1.1.1.0.0.searchglobal.0,Small,16,7,TLTT,6,2,7,Train,0.503,0.5365853658536586,0.044,0.08133086876155268,0.497,/gpfs/projects/HeinzGroup/caffeine_underground/mlrt/FlexFringe/FlexFringe/models-ps-small/0.1.1.1.0.0.searchglobal.0.ini/0.1.1.1.0.0.searchglobal.0_16.07.TLTT.6.2.7_Small.final.json,/gpfs/projects/HeinzGroup/asoubki/FlexFringe/data/MLRegTest/Small/16.07.TLTT.6.2.7_Train.txt,2025-12-29 22:11:34.525134
0.1.1.1.0.0.searchglobal.0,Small,16,7,TLTT,6,2,8,TestLA,0.49994,0.49746621621621623,0.01178,0.0230150046889653,0.50006,/gpfs/projects/HeinzGroup/caffeine_underground/mlrt/FlexFringe/FlexFringe/models-ps-small/0.1.1.1.0.0.searchglobal.0.ini/0.1.1.1.0.0.searchglobal.0_16.07.TLTT.6.2.8_Small.final.json,/gpfs/projects/HeinzGroup/asoubki/FlexFringe/data/MLRegTest/Large/16.07.TLTT.6.2.8_TestLA.txt,2025-12-29 22:47:19.014819
0.1.1.1.0.0.searchglobal.0,Small,16,7,TLTT,6,2,8,TestSR,0.50816,0.6904761904761905,0.02958,0.05672969966629588,0.49184,/gpfs/projects/HeinzGroup/caffeine_underground/mlrt/FlexFringe/FlexFringe/models-ps-small/0.1.1.1.0.0.searchglobal.0.ini/0.1.1.1.0.0.searchglobal.0_16.07.TLTT.6.2.8_Small.final.json,/gpfs/projects/HeinzGroup/asoubki/FlexFringe/data/MLRegTest/Large/16.07.TLTT.6.2.8_TestSR.txt,2025-12-29 22:47:19.014819
0.1.1.1.0.0.searchglobal.0,Small,16,7,TLTT,6,2,8,TestSA,0.50328,0.548984468339307,0.03676,0.0689060508360201,0.49672,/gpfs/projects/HeinzGroup/caffeine_underground/mlrt/FlexFringe/FlexFringe/models-ps-small/0.1.1.1.0.0.searchglobal.0.ini/0.1.1.1.0.0.searchglobal.0_16.07.TLTT.6.2.8_Small.final.json,/gpfs/projects/HeinzGroup/asoubki/FlexFringe/data/MLRegTest/Large/16.07.TLTT.6.2.8_TestSA.txt,2025-12-29 22:47:19.014819
0.1.1.1.0.0.searchglobal.0,Small,16,7,TLTT,6,2,8,TestLR,0.49957,0.48267526188557613,0.01198,0.023379715462227512,0.50043,/gpfs/projects/HeinzGroup/caffeine_underground/mlrt/FlexFringe/FlexFringe/models-ps-small/0.1.1.1.0.0.searchglobal.0.ini/0.1.1.1.0.0.searchglobal.0_16.07.TLTT.6.2.8_Small.final.json,/gpfs/projects/HeinzGroup/asoubki/FlexFringe/data/MLRegTest/Large/16.07.TLTT.6.2.8_TestLR.txt,2025-12-29 22:47:19.014819
0.1.1.1.0.0.searchglobal.0,Small,16,7,TLTT,6,2,8,Dev,0.50838,0.6980151228733459,0.02954,0.05668124952030087,0.49162,/gpfs/projects/HeinzGroup/caffeine_underground/mlrt/FlexFringe/FlexFringe/models-ps-small/0.1.1.1.0.0.searchglobal.0.ini/0.1.1.1.0.0.searchglobal.0_16.07.TLTT.6.2.8_Small.final.json,/gpfs/projects/HeinzGroup/asoubki/FlexFringe/data/MLRegTest/Large/16.07.TLTT.6.2.8_Dev.txt,2025-12-29 22:47:19.014819
0.1.1.1.0.0.searchglobal.0,Small,16,7,TLTT,6,2,8,Train,0.507,0.7333333333333333,0.022,0.04271844660194175,0.493,/gpfs/projects/HeinzGroup/caffeine_underground/mlrt/FlexFringe/FlexFringe/models-ps-small/0.1.1.1.0.0.searchglobal.0.ini/0.1.1.1.0.0.searchglobal.0_16.07.TLTT.6.2.8_Small.final.json,/gpfs/projects/HeinzGroup/asoubki/FlexFringe/data/MLRegTest/Small/16.07.TLTT.6.2.8_Train.txt,2025-12-29 22:47:19.014819
0.1.1.1.0.0.searchglobal.0,Small,16,7,TLTT,6,2,9,TestLR,0.50022,0.5064858490566038,0.01718,0.03323274528009904,0.49978,/gpfs/projects/HeinzGroup/caffeine_underground/mlrt/FlexFringe/FlexFringe/models-ps-small/0.1.1.1.0.0.searchglobal.0.ini/0.1.1.1.0.0.searchglobal.0_16.07.TLTT.6.2.9_Small.final.json,/gpfs/projects/HeinzGroup/asoubki/FlexFringe/data/MLRegTest/Large/16.07.TLTT.6.2.9_TestLR.txt,2025-12-29 23:22:21.418783
0.1.1.1.0.0.searchglobal.0,Small,16,7,TLTT,6,2,9,TestSA,0.51369,0.5654335149603288,0.1183,0.1956633201567953,0.48631,/gpfs/projects/HeinzGroup/caffeine_underground/mlrt/FlexFringe/FlexFringe/models-ps-small/0.1.1.1.0.0.searchglobal.0.ini/0.1.1.1.0.0.searchglobal.0_16.07.TLTT.6.2.9_Small.final.json,/gpfs/projects/HeinzGroup/asoubki/FlexFringe/data/MLRegTest/Large/16.07.TLTT.6.2.9_TestSA.txt,2025-12-29 23:22:21.418783
0.1.1.1.0.0.searchglobal.0,Small,16,7,TLTT,6,2,9,TestLA,0.50051,0.5134281200631912,0.0195,0.03757297828474537,0.49949,/gpfs/projects/HeinzGroup/caffeine_underground/mlrt/FlexFringe/FlexFringe/models-ps-small/0.1.1.1.0.0.searchglobal.0.ini/0.1.1.1.0.0.searchglobal.0_16.07.TLTT.6.2.9_Small.final.json,/gpfs/projects/HeinzGroup/asoubki/FlexFringe/data/MLRegTest/Large/16.07.TLTT.6.2.9_TestLA.txt,2025-12-29 23:22:21.418783
0.1.1.1.0.0.searchglobal.0,Small,16,7,TLTT,6,2,9,TestSR,0.54018,0.8560794044665012,0.0966,0.1736098630530894,0.45982,/gpfs/projects/HeinzGroup/caffeine_underground/mlrt/FlexFringe/FlexFringe/models-ps-small/0.1.1.1.0.0.searchglobal.0.ini/0.1.1.1.0.0.searchglobal.0_16.07.TLTT.6.2.9_Small.final.json,/gpfs/projects/HeinzGroup/asoubki/FlexFringe/data/MLRegTest/Large/16.07.TLTT.6.2.9_TestSR.txt,2025-12-29 23:22:21.418783
0.1.1.1.0.0.searchglobal.0,Small,16,7,TLTT,6,2,9,Dev,0.5399,0.8535980148883374,0.09632,0.1731066460587326,0.4601,/gpfs/projects/HeinzGroup/caffeine_underground/mlrt/FlexFringe/FlexFringe/models-ps-small/0.1.1.1.0.0.searchglobal.0.ini/0.1.1.1.0.0.searchglobal.0_16.07.TLTT.6.2.9_Small.final.json,/gpfs/projects/HeinzGroup/asoubki/FlexFringe/data/MLRegTest/Large/16.07.TLTT.6.2.9_Dev.txt,2025-12-29 23:22:21.418783
0.1.1.1.0.0.searchglobal.0,Small,16,7,TLTT,6,2,9,Train,0.534,0.8035714285714286,0.09,0.1618705035971223,0.466,/gpfs/projects/HeinzGroup/caffeine_underground/mlrt/FlexFringe/FlexFringe/models-ps-small/0.1.1.1.0.0.searchglobal.0.ini/0.1.1.1.0.0.searchglobal.0_16.07.TLTT.6.2.9_Small.final.json,/gpfs/projects/HeinzGroup/asoubki/FlexFringe/data/MLRegTest/Small/16.07.TLTT.6.2.9_Train.txt,2025-12-29 23:22:21.418783
0.1.1.1.0.0.searchglobal.0,Small,16,7,TPLT,2,2,0,TestSA,0.63527,0.5915458642952857,0.87408,0.7055803553410127,0.36473,/gpfs/projects/HeinzGroup/caffeine_underground/mlrt/FlexFringe/FlexFringe/models-ps-small/0.1.1.1.0.0.searchglobal.0.ini/0.1.1.1.0.0.searchglobal.0_16.07.TPLT.2.2.0_Small.final.json,/gpfs/projects/HeinzGroup/asoubki/FlexFringe/data/MLRegTest/Large/16.07.TPLT.2.2.0_TestSA.txt,2025-12-29 22:14:04.933757
0.1.1.1.0.0.searchglobal.0,Small,16,7,TPLT,2,2,0,TestSR,0.665,0.6053155637254902,0.94836,0.7389664630345344,0.335,/gpfs/projects/HeinzGroup/caffeine_underground/mlrt/FlexFringe/FlexFringe/models-ps-small/0.1.1.1.0.0.searchglobal.0.ini/0.1.1.1.0.0.searchglobal.0_16.07.TPLT.2.2.0_Small.final.json,/gpfs/projects/HeinzGroup/asoubki/FlexFringe/data/MLRegTest/Large/16.07.TPLT.2.2.0_TestSR.txt,2025-12-29 22:14:04.933757
0.1.1.1.0.0.searchglobal.0,Small,16,7,TPLT,2,2,0,TestLA,0.70533,0.6637583143253633,0.83226,0.7385196951008492,0.29467,/gpfs/projects/HeinzGroup/caffeine_underground/mlrt/FlexFringe/FlexFringe/models-ps-small/0.1.1.1.0.0.searchglobal.0.ini/0.1.1.1.0.0.searchglobal.0_16.07.TPLT.2.2.0_Small.final.json,/gpfs/projects/HeinzGroup/asoubki/FlexFringe/data/MLRegTest/Large/16.07.TPLT.2.2.0_TestLA.txt,2025-12-29 22:14:04.933757
0.1.1.1.0.0.searchglobal.0,Small,16,7,TPLT,2,2,0,TestLR,0.73951,0.6779235443564562,0.91258,0.7779416403113198,0.26049,/gpfs/projects/HeinzGroup/caffeine_underground/mlrt/FlexFringe/FlexFringe/models-ps-small/0.1.1.1.0.0.searchglobal.0.ini/0.1.1.1.0.0.searchglobal.0_16.07.TPLT.2.2.0_Small.final.json,/gpfs/projects/HeinzGroup/asoubki/FlexFringe/data/MLRegTest/Large/16.07.TPLT.2.2.0_TestLR.txt,2025-12-29 22:14:04.933757
0.1.1.1.0.0.searchglobal.0,Small,16,7,TPLT,2,2,0,Dev,0.66647,0.6062063773589721,0.95018,0.7401827515560367,0.33353,/gpfs/projects/HeinzGroup/caffeine_underground/mlrt/FlexFringe/FlexFringe/models-ps-small/0.1.1.1.0.0.searchglobal.0.ini/0.1.1.1.0.0.searchglobal.0_16.07.TPLT.2.2.0_Small.final.json,/gpfs/projects/HeinzGroup/asoubki/FlexFringe/data/MLRegTest/Large/16.07.TPLT.2.2.0_Dev.txt,2025-12-29 22:14:04.933757
0.1.1.1.0.0.searchglobal.0,Small,16,7,TPLT,2,2,0,Train,0.643,0.5888198757763975,0.948,0.7264367816091954,0.357,/gpfs/projects/HeinzGroup/caffeine_underground/mlrt/FlexFringe/FlexFringe/models-ps-small/0.1.1.1.0.0.searchglobal.0.ini/0.1.1.1.0.0.searchglobal.0_16.07.TPLT.2.2.0_Small.final.json,/gpfs/projects/HeinzGroup/asoubki/FlexFringe/data/MLRegTest/Small/16.07.TPLT.2.2.0_Train.txt,2025-12-29 22:14:04.933757
0.1.1.1.0.0.searchglobal.0,Small,16,7,TPLT,2,2,1,TestSR,0.66538,0.6055392469687301,0.94888,0.7392910011686794,0.33462,/gpfs/projects/HeinzGroup/caffeine_underground/mlrt/FlexFringe/FlexFringe/models-ps-small/0.1.1.1.0.0.searchglobal.0.ini/0.1.1.1.0.0.searchglobal.0_16.07.TPLT.2.2.1_Small.final.json,/gpfs/projects/HeinzGroup/asoubki/FlexFringe/data/MLRegTest/Large/16.07.TPLT.2.2.1_TestSR.txt,2025-12-29 23:30:43.748005
0.1.1.1.0.0.searchglobal.0,Small,16,7,TPLT,2,2,1,TestLA,0.70685,0.665429709368352,0.83204,0.7394662234822563,0.29315,/gpfs/projects/HeinzGroup/caffeine_underground/mlrt/FlexFringe/FlexFringe/models-ps-small/0.1.1.1.0.0.searchglobal.0.ini/0.1.1.1.0.0.searchglobal.0_16.07.TPLT.2.2.1_Small.final.json,/gpfs/projects/HeinzGroup/asoubki/FlexFringe/data/MLRegTest/Large/16.07.TPLT.2.2.1_TestLA.txt,2025-12-29 23:30:43.748005
0.1.1.1.0.0.searchglobal.0,Small,16,7,TPLT,2,2,1,TestLR,0.74113,0.6788453265690594,0.91526,0.7795218587379592,0.25887,/gpfs/projects/HeinzGroup/caffeine_underground/mlrt/FlexFringe/FlexFringe/models-ps-small/0.1.1.1.0.0.searchglobal.0.ini/0.1.1.1.0.0.searchglobal.0_16.07.TPLT.2.2.1_Small.final.json,/gpfs/projects/HeinzGroup/asoubki/FlexFringe/data/MLRegTest/Large/16.07.TPLT.2.2.1_TestLR.txt,2025-12-29 23:30:43.748005
0.1.1.1.0.0.searchglobal.0,Small,16,7,TPLT,2,2,1,TestSA,0.63674,0.5927704958072132,0.87372,0.7063331662597617,0.36326,/gpfs/projects/HeinzGroup/caffeine_underground/mlrt/FlexFringe/FlexFringe/models-ps-small/0.1.1.1.0.0.searchglobal.0.ini/0.1.1.1.0.0.searchglobal.0_16.07.TPLT.2.2.1_Small.final.json,/gpfs/projects/HeinzGroup/asoubki/FlexFringe/data/MLRegTest/Large/16.07.TPLT.2.2.1_TestSA.txt,2025-12-29 23:30:43.748005
0.1.1.1.0.0.searchglobal.0,Small,16,7,TPLT,2,2,1,Dev,0.66686,0.6067016242486252,0.94876,0.7401201341758328,0.33314,/gpfs/projects/HeinzGroup/caffeine_underground/mlrt/FlexFringe/FlexFringe/models-ps-small/0.1.1.1.0.0.searchglobal.0.ini/0.1.1.1.0.0.searchglobal.0_16.07.TPLT.2.2.1_Small.final.json,/gpfs/projects/HeinzGroup/asoubki/FlexFringe/data/MLRegTest/Large/16.07.TPLT.2.2.1_Dev.txt,2025-12-29 23:30:43.748005
0.1.1.1.0.0.searchglobal.0,Small,16,7,TPLT,2,2,1,Train,0.654,0.595771144278607,0.958,0.7346625766871165,0.346,/gpfs/projects/HeinzGroup/caffeine_underground/mlrt/FlexFringe/FlexFringe/models-ps-small/0.1.1.1.0.0.searchglobal.0.ini/0.1.1.1.0.0.searchglobal.0_16.07.TPLT.2.2.1_Small.final.json,/gpfs/projects/HeinzGroup/asoubki/FlexFringe/data/MLRegTest/Small/16.07.TPLT.2.2.1_Train.txt,2025-12-29 23:30:43.748005
0.1.1.1.0.0.searchglobal.0,Small,16,7,TPLT,2,2,2,TestLA,0.51376,0.5260389069714632,0.27798,0.36374342466828924,0.48624,/gpfs/projects/HeinzGroup/caffeine_underground/mlrt/FlexFringe/FlexFringe/models-ps-small/0.1.1.1.0.0.searchglobal.0.ini/0.1.1.1.0.0.searchglobal.0_16.07.TPLT.2.2.2_Small.final.json,/gpfs/projects/HeinzGroup/asoubki/FlexFringe/data/MLRegTest/Large/16.07.TPLT.2.2.2_TestLA.txt,2025-12-29 22:24:05.377300
0.1.1.1.0.0.searchglobal.0,Small,16,7,TPLT,2,2,2,TestLR,0.54563,0.594750612566967,0.28642,0.38664128835432443,0.45437,/gpfs/projects/HeinzGroup/caffeine_underground/mlrt/FlexFringe/FlexFringe/models-ps-small/0.1.1.1.0.0.searchglobal.0.ini/0.1.1.1.0.0.searchglobal.0_16.07.TPLT.2.2.2_Small.final.json,/gpfs/projects/HeinzGroup/asoubki/FlexFringe/data/MLRegTest/Large/16.07.TPLT.2.2.2_TestLR.txt,2025-12-29 22:24:05.377300
0.1.1.1.0.0.searchglobal.0,Small,16,7,TPLT,2,2,2,TestSA,0.5159,0.5339685523842078,0.24994,0.34049915535938097,0.4841,/gpfs/projects/HeinzGroup/caffeine_underground/mlrt/FlexFringe/FlexFringe/models-ps-small/0.1.1.1.0.0.searchglobal.0.ini/0.1.1.1.0.0.searchglobal.0_16.07.TPLT.2.2.2_Small.final.json,/gpfs/projects/HeinzGroup/asoubki/FlexFringe/data/MLRegTest/Large/16.07.TPLT.2.2.2_TestSA.txt,2025-12-29 22:24:05.377300
0.1.1.1.0.0.searchglobal.0,Small,16,7,TPLT,2,2,2,TestSR,0.55414,0.6354583666933546,0.25398,0.3629115226337449,0.44586,/gpfs/projects/HeinzGroup/caffeine_underground/mlrt/FlexFringe/FlexFringe/models-ps-small/0.1.1.1.0.0.searchglobal.0.ini/0.1.1.1.0.0.searchglobal.0_16.07.TPLT.2.2.2_Small.final.json,/gpfs/projects/HeinzGroup/asoubki/FlexFringe/data/MLRegTest/Large/16.07.TPLT.2.2.2_TestSR.txt,2025-12-29 22:24:05.377300
0.1.1.1.0.0.searchglobal.0,Small,16,7,TPLT,2,2,2,Dev,0.55535,0.6354957160342717,0.2596,0.36861909833155837,0.44465,/gpfs/projects/HeinzGroup/caffeine_underground/mlrt/FlexFringe/FlexFringe/models-ps-small/0.1.1.1.0.0.searchglobal.0.ini/0.1.1.1.0.0.searchglobal.0_16.07.TPLT.2.2.2_Small.final.json,/gpfs/projects/HeinzGroup/asoubki/FlexFringe/data/MLRegTest/Large/16.07.TPLT.2.2.2_Dev.txt,2025-12-29 22:24:05.377300
0.1.1.1.0.0.searchglobal.0,Small,16,7,TPLT,2,2,2,Train,0.566,0.6542056074766355,0.28,0.39215686274509803,0.434,/gpfs/projects/HeinzGroup/caffeine_underground/mlrt/FlexFringe/FlexFringe/models-ps-small/0.1.1.1.0.0.searchglobal.0.ini/0.1.1.1.0.0.searchglobal.0_16.07.TPLT.2.2.2_Small.final.json,/gpfs/projects/HeinzGroup/asoubki/FlexFringe/data/MLRegTest/Small/16.07.TPLT.2.2.2_Train.txt,2025-12-29 22:24:05.377300
0.1.1.1.0.0.searchglobal.0,Small,16,7,TPLT,2,2,3,TestLR,0.5294,0.5384132957039824,0.41208,0.4668509539130829,0.4706,/gpfs/projects/HeinzGroup/caffeine_underground/mlrt/FlexFringe/FlexFringe/models-ps-small/0.1.1.1.0.0.searchglobal.0.ini/0.1.1.1.0.0.searchglobal.0_16.07.TPLT.2.2.3_Small.final.json,/gpfs/projects/HeinzGroup/asoubki/FlexFringe/data/MLRegTest/Large/16.07.TPLT.2.2.3_TestLR.txt,2025-12-29 22:47:46.014969
0.1.1.1.0.0.searchglobal.0,Small,16,7,TPLT,2,2,3,TestSR,0.55412,0.5660902696365768,0.46356,0.5097202674173118,0.44588,/gpfs/projects/HeinzGroup/caffeine_underground/mlrt/FlexFringe/FlexFringe/models-ps-small/0.1.1.1.0.0.searchglobal.0.ini/0.1.1.1.0.0.searchglobal.0_16.07.TPLT.2.2.3_Small.final.json,/gpfs/projects/HeinzGroup/asoubki/FlexFringe/data/MLRegTest/Large/16.07.TPLT.2.2.3_TestSR.txt,2025-12-29 22:47:46.014969
0.1.1.1.0.0.searchglobal.0,Small,16,7,TPLT,2,2,3,TestSA,0.53065,0.5376082848658863,0.43814,0.48280421822830005,0.46935,/gpfs/projects/HeinzGroup/caffeine_underground/mlrt/FlexFringe/FlexFringe/models-ps-small/0.1.1.1.0.0.searchglobal.0.ini/0.1.1.1.0.0.searchglobal.0_16.07.TPLT.2.2.3_Small.final.json,/gpfs/projects/HeinzGroup/asoubki/FlexFringe/data/MLRegTest/Large/16.07.TPLT.2.2.3_TestSA.txt,2025-12-29 22:47:46.014969
0.1.1.1.0.0.searchglobal.0,Small,16,7,TPLT,2,2,3,TestLA,0.5162,0.5214819922558744,0.39326,0.4483843750712608,0.4838,/gpfs/projects/HeinzGroup/caffeine_underground/mlrt/FlexFringe/FlexFringe/models-ps-small/0.1.1.1.0.0.searchglobal.0.ini/0.1.1.1.0.0.searchglobal.0_16.07.TPLT.2.2.3_Small.final.json,/gpfs/projects/HeinzGroup/asoubki/FlexFringe/data/MLRegTest/Large/16.07.TPLT.2.2.3_TestLA.txt,2025-12-29 22:47:46.014969
0.1.1.1.0.0.searchglobal.0,Small,16,7,TPLT,2,2,3,Dev,0.55154,0.5626245443499392,0.46304,0.5079978058145913,0.44846,/gpfs/projects/HeinzGroup/caffeine_underground/mlrt/FlexFringe/FlexFringe/models-ps-small/0.1.1.1.0.0.searchglobal.0.ini/0.1.1.1.0.0.searchglobal.0_16.07.TPLT.2.2.3_Small.final.json,/gpfs/projects/HeinzGroup/asoubki/FlexFringe/data/MLRegTest/Large/16.07.TPLT.2.2.3_Dev.txt,2025-12-29 22:47:46.014969
0.1.1.1.0.0.searchglobal.0,Small,16,7,TPLT,2,2,3,Train,0.571,0.5936675461741425,0.45,0.5119453924914675,0.429,/gpfs/projects/HeinzGroup/caffeine_underground/mlrt/FlexFringe/FlexFringe/models-ps-small/0.1.1.1.0.0.searchglobal.0.ini/0.1.1.1.0.0.searchglobal.0_16.07.TPLT.2.2.3_Small.final.json,/gpfs/projects/HeinzGroup/asoubki/FlexFringe/data/MLRegTest/Small/16.07.TPLT.2.2.3_Train.txt,2025-12-29 22:47:46.014969
0.1.1.1.0.0.searchglobal.0,Small,16,7,TPLT,2,2,4,TestLA,0.57739,0.5866959424640961,0.52372,0.5534221677427535,0.42261,/gpfs/projects/HeinzGroup/caffeine_underground/mlrt/FlexFringe/FlexFringe/models-ps-small/0.1.1.1.0.0.searchglobal.0.ini/0.1.1.1.0.0.searchglobal.0_16.07.TPLT.2.2.4_Small.final.json,/gpfs/projects/HeinzGroup/asoubki/FlexFringe/data/MLRegTest/Large/16.07.TPLT.2.2.4_TestLA.txt,2025-12-29 22:08:54.987532
0.1.1.1.0.0.searchglobal.0,Small,16,7,TPLT,2,2,4,TestSA,0.59406,0.6226784223706177,0.47742,0.540459155950009,0.40594,/gpfs/projects/HeinzGroup/caffeine_underground/mlrt/FlexFringe/FlexFringe/models-ps-small/0.1.1.1.0.0.searchglobal.0.ini/0.1.1.1.0.0.searchglobal.0_16.07.TPLT.2.2.4_Small.final.json,/gpfs/projects/HeinzGroup/asoubki/FlexFringe/data/MLRegTest/Large/16.07.TPLT.2.2.4_TestSA.txt,2025-12-29 22:08:54.987532
0.1.1.1.0.0.searchglobal.0,Small,16,7,TPLT,2,2,4,TestLR,0.70028,0.6779064809550881,0.76316,0.7180114406141803,0.29972,/gpfs/projects/HeinzGroup/caffeine_underground/mlrt/FlexFringe/FlexFringe/models-ps-small/0.1.1.1.0.0.searchglobal.0.ini/0.1.1.1.0.0.searchglobal.0_16.07.TPLT.2.2.4_Small.final.json,/gpfs/projects/HeinzGroup/asoubki/FlexFringe/data/MLRegTest/Large/16.07.TPLT.2.2.4_TestLR.txt,2025-12-29 22:08:54.987532
0.1.1.1.0.0.searchglobal.0,Small,16,7,TPLT,2,2,4,TestSR,0.76723,0.7444966971033322,0.81372,0.7775707364618869,0.23277,/gpfs/projects/HeinzGroup/caffeine_underground/mlrt/FlexFringe/FlexFringe/models-ps-small/0.1.1.1.0.0.searchglobal.0.ini/0.1.1.1.0.0.searchglobal.0_16.07.TPLT.2.2.4_Small.final.json,/gpfs/projects/HeinzGroup/asoubki/FlexFringe/data/MLRegTest/Large/16.07.TPLT.2.2.4_TestSR.txt,2025-12-29 22:08:54.987532
0.1.1.1.0.0.searchglobal.0,Small,16,7,TPLT,2,2,4,Dev,0.76597,0.7407621978817779,0.81832,0.7776120112129995,0.23403,/gpfs/projects/HeinzGroup/caffeine_underground/mlrt/FlexFringe/FlexFringe/models-ps-small/0.1.1.1.0.0.searchglobal.0.ini/0.1.1.1.0.0.searchglobal.0_16.07.TPLT.2.2.4_Small.final.json,/gpfs/projects/HeinzGroup/asoubki/FlexFringe/data/MLRegTest/Large/16.07.TPLT.2.2.4_Dev.txt,2025-12-29 22:08:54.987532
0.1.1.1.0.0.searchglobal.0,Small,16,7,TPLT,2,2,4,Train,0.757,0.7340619307832422,0.806,0.7683508102955195,0.243,/gpfs/projects/HeinzGroup/caffeine_underground/mlrt/FlexFringe/FlexFringe/models-ps-small/0.1.1.1.0.0.searchglobal.0.ini/0.1.1.1.0.0.searchglobal.0_16.07.TPLT.2.2.4_Small.final.json,/gpfs/projects/HeinzGroup/asoubki/FlexFringe/data/MLRegTest/Small/16.07.TPLT.2.2.4_Train.txt,2025-12-29 22:08:54.987532
0.1.1.1.0.0.searchglobal.0,Small,16,7,TPLT,2,2,5,TestSR,0.49897,0.49654107058902547,0.14786,0.22786604817457504,0.50103,/gpfs/projects/HeinzGroup/caffeine_underground/mlrt/FlexFringe/FlexFringe/models-ps-small/0.1.1.1.0.0.searchglobal.0.ini/0.1.1.1.0.0.searchglobal.0_16.07.TPLT.2.2.5_Small.final.json,/gpfs/projects/HeinzGroup/asoubki/FlexFringe/data/MLRegTest/Large/16.07.TPLT.2.2.5_TestSR.txt,2025-12-29 22:38:13.693373
0.1.1.1.0.0.searchglobal.0,Small,16,7,TPLT,2,2,5,TestLA,0.49994,0.49979819722857527,0.1486,0.2290876576326581,0.50006,/gpfs/projects/HeinzGroup/caffeine_underground/mlrt/FlexFringe/FlexFringe/models-ps-small/0.1.1.1.0.0.searchglobal.0.ini/0.1.1.1.0.0.searchglobal.0_16.07.TPLT.2.2.5_Small.final.json,/gpfs/projects/HeinzGroup/asoubki/FlexFringe/data/MLRegTest/Large/16.07.TPLT.2.2.5_TestLA.txt,2025-12-29 22:38:13.693373
0.1.1.1.0.0.searchglobal.0,Small,16,7,TPLT,2,2,5,TestSA,0.50006,0.5002040261153428,0.1471,0.22734297725024727,0.49994,/gpfs/projects/HeinzGroup/caffeine_underground/mlrt/FlexFringe/FlexFringe/models-ps-small/0.1.1.1.0.0.searchglobal.0.ini/0.1.1.1.0.0.searchglobal.0_16.07.TPLT.2.2.5_Small.final.json,/gpfs/projects/HeinzGroup/asoubki/FlexFringe/data/MLRegTest/Large/16.07.TPLT.2.2.5_TestSA.txt,2025-12-29 22:38:13.693373
0.1.1.1.0.0.searchglobal.0,Small,16,7,TPLT,2,2,5,TestLR,0.50126,0.5042276204536303,0.15028,0.2315491048041663,0.49874,/gpfs/projects/HeinzGroup/caffeine_underground/mlrt/FlexFringe/FlexFringe/models-ps-small/0.1.1.1.0.0.searchglobal.0.ini/0.1.1.1.0.0.searchglobal.0_16.07.TPLT.2.2.5_Small.final.json,/gpfs/projects/HeinzGroup/asoubki/FlexFringe/data/MLRegTest/Large/16.07.TPLT.2.2.5_TestLR.txt,2025-12-29 22:38:13.693373
0.1.1.1.0.0.searchglobal.0,Small,16,7,TPLT,2,2,5,Dev,0.50306,0.5103799185888738,0.15046,0.23240654927401916,0.49694,/gpfs/projects/HeinzGroup/caffeine_underground/mlrt/FlexFringe/FlexFringe/models-ps-small/0.1.1.1.0.0.searchglobal.0.ini/0.1.1.1.0.0.searchglobal.0_16.07.TPLT.2.2.5_Small.final.json,/gpfs/projects/HeinzGroup/asoubki/FlexFringe/data/MLRegTest/Large/16.07.TPLT.2.2.5_Dev.txt,2025-12-29 22:38:13.693373
0.1.1.1.0.0.searchglobal.0,Small,16,7,TPLT,2,2,5,Train,0.472,0.4041095890410959,0.118,0.1826625386996904,0.528,/gpfs/projects/HeinzGroup/caffeine_underground/mlrt/FlexFringe/FlexFringe/models-ps-small/0.1.1.1.0.0.searchglobal.0.ini/0.1.1.1.0.0.searchglobal.0_16.07.TPLT.2.2.5_Small.final.json,/gpfs/projects/HeinzGroup/asoubki/FlexFringe/data/MLRegTest/Small/16.07.TPLT.2.2.5_Train.txt,2025-12-29 22:38:13.693373
0.1.1.1.0.0.searchglobal.0,Small,16,7,TPLT,2,2,6,TestSA,0.50109,0.5036722592817195,0.1495,0.23056399500316158,0.49891,/gpfs/projects/HeinzGroup/caffeine_underground/mlrt/FlexFringe/FlexFringe/models-ps-small/0.1.1.1.0.0.searchglobal.0.ini/0.1.1.1.0.0.searchglobal.0_16.07.TPLT.2.2.6_Small.final.json,/gpfs/projects/HeinzGroup/asoubki/FlexFringe/data/MLRegTest/Large/16.07.TPLT.2.2.6_TestSA.txt,2025-12-29 23:37:08.952574
0.1.1.1.0.0.searchglobal.0,Small,16,7,TPLT,2,2,6,TestLA,0.50113,0.5038909166035397,0.14634,0.22680987585437298,0.49887,/gpfs/projects/HeinzGroup/caffeine_underground/mlrt/FlexFringe/FlexFringe/models-ps-small/0.1.1.1.0.0.searchglobal.0.ini/0.1.1.1.0.0.searchglobal.0_16.07.TPLT.2.2.6_Small.final.json,/gpfs/projects/HeinzGroup/asoubki/FlexFringe/data/MLRegTest/Large/16.07.TPLT.2.2.6_TestLA.txt,2025-12-29 23:37:08.952574
0.1.1.1.0.0.searchglobal.0,Small,16,7,TPLT,2,2,6,TestSR,0.50155,0.5052574452208127,0.14896,0.2300860351245733,0.49845,/gpfs/projects/HeinzGroup/caffeine_underground/mlrt/FlexFringe/FlexFringe/models-ps-small/0.1.1.1.0.0.searchglobal.0.ini/0.1.1.1.0.0.searchglobal.0_16.07.TPLT.2.2.6_Small.final.json,/gpfs/projects/HeinzGroup/asoubki/FlexFringe/data/MLRegTest/Large/16.07.TPLT.2.2.6_TestSR.txt,2025-12-29 23:37:08.952574
0.1.1.1.0.0.searchglobal.0,Small,16,7,TPLT,2,2,6,TestLR,0.50151,0.5051907872121004,0.14696,0.22768611046556667,0.49849,/gpfs/projects/HeinzGroup/caffeine_underground/mlrt/FlexFringe/FlexFringe/models-ps-small/0.1.1.1.0.0.searchglobal.0.ini/0.1.1.1.0.0.searchglobal.0_16.07.TPLT.2.2.6_Small.final.json,/gpfs/projects/HeinzGroup/asoubki/FlexFringe/data/MLRegTest/Large/16.07.TPLT.2.2.6_TestLR.txt,2025-12-29 23:37:08.952574
0.1.1.1.0.0.searchglobal.0,Small,16,7,TPLT,2,2,6,Dev,0.5034,0.5115222990375491,0.15094,0.23309756926213052,0.4966,/gpfs/projects/HeinzGroup/caffeine_underground/mlrt/FlexFringe/FlexFringe/models-ps-small/0.1.1.1.0.0.searchglobal.0.ini/0.1.1.1.0.0.searchglobal.0_16.07.TPLT.2.2.6_Small.final.json,/gpfs/projects/HeinzGroup/asoubki/FlexFringe/data/MLRegTest/Large/16.07.TPLT.2.2.6_Dev.txt,2025-12-29 23:37:08.952574
0.1.1.1.0.0.searchglobal.0,Small,16,7,TPLT,2,2,6,Train,0.506,0.5189873417721519,0.164,0.24924012158054712,0.494,/gpfs/projects/HeinzGroup/caffeine_underground/mlrt/FlexFringe/FlexFringe/models-ps-small/0.1.1.1.0.0.searchglobal.0.ini/0.1.1.1.0.0.searchglobal.0_16.07.TPLT.2.2.6_Small.final.json,/gpfs/projects/HeinzGroup/asoubki/FlexFringe/data/MLRegTest/Small/16.07.TPLT.2.2.6_Train.txt,2025-12-29 23:37:08.952574
0.1.1.1.0.0.searchglobal.0,Small,16,7,TPLT,2,2,7,TestSA,0.50009,0.5005449921278915,0.08266,0.1418885284171859,0.49991,/gpfs/projects/HeinzGroup/caffeine_underground/mlrt/FlexFringe/FlexFringe/models-ps-small/0.1.1.1.0.0.searchglobal.0.ini/0.1.1.1.0.0.searchglobal.0_16.07.TPLT.2.2.7_Small.final.json,/gpfs/projects/HeinzGroup/asoubki/FlexFringe/data/MLRegTest/Large/16.07.TPLT.2.2.7_TestSA.txt,2025-12-29 22:48:10.813998
0.1.1.1.0.0.searchglobal.0,Small,16,7,TPLT,2,2,7,TestLR,0.49858,0.491523400191022,0.08234,0.14105111689735508,0.50142,/gpfs/projects/HeinzGroup/caffeine_underground/mlrt/FlexFringe/FlexFringe/models-ps-small/0.1.1.1.0.0.searchglobal.0.ini/0.1.1.1.0.0.searchglobal.0_16.07.TPLT.2.2.7_Small.final.json,/gpfs/projects/HeinzGroup/asoubki/FlexFringe/data/MLRegTest/Large/16.07.TPLT.2.2.7_TestLR.txt,2025-12-29 22:48:10.813998
0.1.1.1.0.0.searchglobal.0,Small,16,7,TPLT,2,2,7,TestSR,0.4968,0.4808520823360459,0.08036,0.13770649119199396,0.5032,/gpfs/projects/HeinzGroup/caffeine_underground/mlrt/FlexFringe/FlexFringe/models-ps-small/0.1.1.1.0.0.searchglobal.0.ini/0.1.1.1.0.0.searchglobal.0_16.07.TPLT.2.2.7_Small.final.json,/gpfs/projects/HeinzGroup/asoubki/FlexFringe/data/MLRegTest/Large/16.07.TPLT.2.2.7_TestSR.txt,2025-12-29 22:48:10.813998
0.1.1.1.0.0.searchglobal.0,Small,16,7,TPLT,2,2,7,TestLA,0.49972,0.4983785035904563,0.08606,0.14677490875601187,0.50028,/gpfs/projects/HeinzGroup/caffeine_underground/mlrt/FlexFringe/FlexFringe/models-ps-small/0.1.1.1.0.0.searchglobal.0.ini/0.1.1.1.0.0.searchglobal.0_16.07.TPLT.2.2.7_Small.final.json,/gpfs/projects/HeinzGroup/asoubki/FlexFringe/data/MLRegTest/Large/16.07.TPLT.2.2.7_TestLA.txt,2025-12-29 22:48:10.813998
0.1.1.1.0.0.searchglobal.0,Small,16,7,TPLT,2,2,7,Dev,0.4949,0.47015449438202245,0.08034,0.13723011751844766,0.5051,/gpfs/projects/HeinzGroup/caffeine_underground/mlrt/FlexFringe/FlexFringe/models-ps-small/0.1.1.1.0.0.searchglobal.0.ini/0.1.1.1.0.0.searchglobal.0_16.07.TPLT.2.2.7_Small.final.json,/gpfs/projects/HeinzGroup/asoubki/FlexFringe/data/MLRegTest/Large/16.07.TPLT.2.2.7_Dev.txt,2025-12-29 22:48:10.813998
0.1.1.1.0.0.searchglobal.0,Small,16,7,TPLT,2,2,7,Train,0.492,0.45121951219512196,0.074,0.12714776632302405,0.508,/gpfs/projects/HeinzGroup/caffeine_underground/mlrt/FlexFringe/FlexFringe/models-ps-small/0.1.1.1.0.0.searchglobal.0.ini/0.1.1.1.0.0.searchglobal.0_16.07.TPLT.2.2.7_Small.final.json,/gpfs/projects/HeinzGroup/asoubki/FlexFringe/data/MLRegTest/Small/16.07.TPLT.2.2.7_Train.txt,2025-12-29 22:48:10.813998
0.1.1.1.0.0.searchglobal.0,Small,16,7,TPLT,2,2,8,TestLR,0.5152,0.5529542920847269,0.15872,0.2466434609646942,0.4848,/gpfs/projects/HeinzGroup/caffeine_underground/mlrt/FlexFringe/FlexFringe/models-ps-small/0.1.1.1.0.0.searchglobal.0.ini/0.1.1.1.0.0.searchglobal.0_16.07.TPLT.2.2.8_Small.final.json,/gpfs/projects/HeinzGroup/asoubki/FlexFringe/data/MLRegTest/Large/16.07.TPLT.2.2.8_TestLR.txt,2025-12-29 23:33:50.256308
0.1.1.1.0.0.searchglobal.0,Small,16,7,TPLT,2,2,8,TestLA,0.50264,0.5088900862068966,0.15112,0.23303725635331854,0.49736,/gpfs/projects/HeinzGroup/caffeine_underground/mlrt/FlexFringe/FlexFringe/models-ps-small/0.1.1.1.0.0.searchglobal.0.ini/0.1.1.1.0.0.searchglobal.0_16.07.TPLT.2.2.8_Small.final.json,/gpfs/projects/HeinzGroup/asoubki/FlexFringe/data/MLRegTest/Large/16.07.TPLT.2.2.8_TestLA.txt,2025-12-29 23:33:50.256308
0.1.1.1.0.0.searchglobal.0,Small,16,7,TPLT,2,2,8,TestSR,0.5251,0.5884301014656145,0.16702,0.260188185443669,0.4749,/gpfs/projects/HeinzGroup/caffeine_underground/mlrt/FlexFringe/FlexFringe/models-ps-small/0.1.1.1.0.0.searchglobal.0.ini/0.1.1.1.0.0.searchglobal.0_16.07.TPLT.2.2.8_Small.final.json,/gpfs/projects/HeinzGroup/asoubki/FlexFringe/data/MLRegTest/Large/16.07.TPLT.2.2.8_TestSR.txt,2025-12-29 23:33:50.256308
0.1.1.1.0.0.searchglobal.0,Small,16,7,TPLT,2,2,8,TestSA,0.5048,0.5146412884333821,0.16872,0.25412700325340404,0.4952,/gpfs/projects/HeinzGroup/caffeine_underground/mlrt/FlexFringe/FlexFringe/models-ps-small/0.1.1.1.0.0.searchglobal.0.ini/0.1.1.1.0.0.searchglobal.0_16.07.TPLT.2.2.8_Small.final.json,/gpfs/projects/HeinzGroup/asoubki/FlexFringe/data/MLRegTest/Large/16.07.TPLT.2.2.8_TestSA.txt,2025-12-29 23:33:50.256308
0.1.1.1.0.0.searchglobal.0,Small,16,7,TPLT,2,2,8,Dev,0.52574,0.5895989974937343,0.16938,0.26315953017214594,0.47426,/gpfs/projects/HeinzGroup/caffeine_underground/mlrt/FlexFringe/FlexFringe/models-ps-small/0.1.1.1.0.0.searchglobal.0.ini/0.1.1.1.0.0.searchglobal.0_16.07.TPLT.2.2.8_Small.final.json,/gpfs/projects/HeinzGroup/asoubki/FlexFringe/data/MLRegTest/Large/16.07.TPLT.2.2.8_Dev.txt,2025-12-29 23:33:50.256308
0.1.1.1.0.0.searchglobal.0,Small,16,7,TPLT,2,2,8,Train,0.52,0.5714285714285714,0.16,0.25,0.48,/gpfs/projects/HeinzGroup/caffeine_underground/mlrt/FlexFringe/FlexFringe/models-ps-small/0.1.1.1.0.0.searchglobal.0.ini/0.1.1.1.0.0.searchglobal.0_16.07.TPLT.2.2.8_Small.final.json,/gpfs/projects/HeinzGroup/asoubki/FlexFringe/data/MLRegTest/Small/16.07.TPLT.2.2.8_Train.txt,2025-12-29 23:33:50.256308
0.1.1.1.0.0.searchglobal.0,Small,16,7,TPLT,2,2,9,TestLR,0.49683,0.4883532956131971,0.13292,0.2089641402946124,0.50317,/gpfs/projects/HeinzGroup/caffeine_underground/mlrt/FlexFringe/FlexFringe/models-ps-small/0.1.1.1.0.0.searchglobal.0.ini/0.1.1.1.0.0.searchglobal.0_16.07.TPLT.2.2.9_Small.final.json,/gpfs/projects/HeinzGroup/asoubki/FlexFringe/data/MLRegTest/Large/16.07.TPLT.2.2.9_TestLR.txt,2025-12-29 23:06:53.067041
0.1.1.1.0.0.searchglobal.0,Small,16,7,TPLT,2,2,9,TestSR,0.49595,0.48538855617288407,0.13454,0.21068291078782944,0.50405,/gpfs/projects/HeinzGroup/caffeine_underground/mlrt/FlexFringe/FlexFringe/models-ps-small/0.1.1.1.0.0.searchglobal.0.ini/0.1.1.1.0.0.searchglobal.0_16.07.TPLT.2.2.9_Small.final.json,/gpfs/projects/HeinzGroup/asoubki/FlexFringe/data/MLRegTest/Large/16.07.TPLT.2.2.9_TestSR.txt,2025-12-29 23:06:53.067041
0.1.1.1.0.0.searchglobal.0,Small,16,7,TPLT,2,2,9,TestSA,0.49808,0.49343724364232977,0.14436,0.22337067524911802,0.50192,/gpfs/projects/HeinzGroup/caffeine_underground/mlrt/FlexFringe/FlexFringe/models-ps-small/0.1.1.1.0.0.searchglobal.0.ini/0.1.1.1.0.0.searchglobal.0_16.07.TPLT.2.2.9_Small.final.json,/gpfs/projects/HeinzGroup/asoubki/FlexFringe/data/MLRegTest/Large/16.07.TPLT.2.2.9_TestSA.txt,2025-12-29 23:06:53.067041
0.1.1.1.0.0.searchglobal.0,Small,16,7,TPLT,2,2,9,TestLA,0.49804,0.4933096668487165,0.14452,0.22354906570968938,0.50196,/gpfs/projects/HeinzGroup/caffeine_underground/mlrt/FlexFringe/FlexFringe/models-ps-small/0.1.1.1.0.0.searchglobal.0.ini/0.1.1.1.0.0.searchglobal.0_16.07.TPLT.2.2.9_Small.final.json,/gpfs/projects/HeinzGroup/asoubki/FlexFringe/data/MLRegTest/Large/16.07.TPLT.2.2.9_TestLA.txt,2025-12-29 23:06:53.067041
0.1.1.1.0.0.searchglobal.0,Small,16,7,TPLT,2,2,9,Dev,0.49726,0.49015521701638404,0.13642,0.21343638525564804,0.50274,/gpfs/projects/HeinzGroup/caffeine_underground/mlrt/FlexFringe/FlexFringe/models-ps-small/0.1.1.1.0.0.searchglobal.0.ini/0.1.1.1.0.0.searchglobal.0_16.07.TPLT.2.2.9_Small.final.json,/gpfs/projects/HeinzGroup/asoubki/FlexFringe/data/MLRegTest/Large/16.07.TPLT.2.2.9_Dev.txt,2025-12-29 23:06:53.067041
0.1.1.1.0.0.searchglobal.0,Small,16,7,TPLT,2,2,9,Train,0.478,0.4276315789473684,0.13,0.19938650306748465,0.522,/gpfs/projects/HeinzGroup/caffeine_underground/mlrt/FlexFringe/FlexFringe/models-ps-small/0.1.1.1.0.0.searchglobal.0.ini/0.1.1.1.0.0.searchglobal.0_16.07.TPLT.2.2.9_Small.final.json,/gpfs/projects/HeinzGroup/asoubki/FlexFringe/data/MLRegTest/Small/16.07.TPLT.2.2.9_Train.txt,2025-12-29 23:06:53.067041
0.1.1.1.0.0.searchglobal.0,Small,16,7,TPLT,4,2,0,TestSR,0.58245,0.5583089348099743,0.78946,0.6540625181232964,0.41755,/gpfs/projects/HeinzGroup/caffeine_underground/mlrt/FlexFringe/FlexFringe/models-ps-small/0.1.1.1.0.0.searchglobal.0.ini/0.1.1.1.0.0.searchglobal.0_16.07.TPLT.4.2.0_Small.final.json,/gpfs/projects/HeinzGroup/asoubki/FlexFringe/data/MLRegTest/Large/16.07.TPLT.4.2.0_TestSR.txt,2025-12-29 23:33:50.515789
0.1.1.1.0.0.searchglobal.0,Small,16,7,TPLT,4,2,0,TestSA,0.50184,0.5014954486345904,0.61704,0.5532998565279771,0.49816,/gpfs/projects/HeinzGroup/caffeine_underground/mlrt/FlexFringe/FlexFringe/models-ps-small/0.1.1.1.0.0.searchglobal.0.ini/0.1.1.1.0.0.searchglobal.0_16.07.TPLT.4.2.0_Small.final.json,/gpfs/projects/HeinzGroup/asoubki/FlexFringe/data/MLRegTest/Large/16.07.TPLT.4.2.0_TestSA.txt,2025-12-29 23:33:50.515789
0.1.1.1.0.0.searchglobal.0,Small,16,7,TPLT,4,2,0,TestLA,0.50289,0.502865983061941,0.50708,0.5049642000019916,0.49711,/gpfs/projects/HeinzGroup/caffeine_underground/mlrt/FlexFringe/FlexFringe/models-ps-small/0.1.1.1.0.0.searchglobal.0.ini/0.1.1.1.0.0.searchglobal.0_16.07.TPLT.4.2.0_Small.final.json,/gpfs/projects/HeinzGroup/asoubki/FlexFringe/data/MLRegTest/Large/16.07.TPLT.4.2.0_TestLA.txt,2025-12-29 23:33:50.515789
0.1.1.1.0.0.searchglobal.0,Small,16,7,TPLT,4,2,0,TestLR,0.5835,0.5709792587555254,0.6717,0.6172578570115788,0.4165,/gpfs/projects/HeinzGroup/caffeine_underground/mlrt/FlexFringe/FlexFringe/models-ps-small/0.1.1.1.0.0.searchglobal.0.ini/0.1.1.1.0.0.searchglobal.0_16.07.TPLT.4.2.0_Small.final.json,/gpfs/projects/HeinzGroup/asoubki/FlexFringe/data/MLRegTest/Large/16.07.TPLT.4.2.0_TestLR.txt,2025-12-29 23:33:50.515789
0.1.1.1.0.0.searchglobal.0,Small,16,7,TPLT,4,2,0,Dev,0.58616,0.5611653793730123,0.79048,0.6563703998937159,0.41384,/gpfs/projects/HeinzGroup/caffeine_underground/mlrt/FlexFringe/FlexFringe/models-ps-small/0.1.1.1.0.0.searchglobal.0.ini/0.1.1.1.0.0.searchglobal.0_16.07.TPLT.4.2.0_Small.final.json,/gpfs/projects/HeinzGroup/asoubki/FlexFringe/data/MLRegTest/Large/16.07.TPLT.4.2.0_Dev.txt,2025-12-29 23:33:50.515789
0.1.1.1.0.0.searchglobal.0,Small,16,7,TPLT,4,2,0,Train,0.599,0.5708154506437768,0.798,0.6655546288573811,0.401,/gpfs/projects/HeinzGroup/caffeine_underground/mlrt/FlexFringe/FlexFringe/models-ps-small/0.1.1.1.0.0.searchglobal.0.ini/0.1.1.1.0.0.searchglobal.0_16.07.TPLT.4.2.0_Small.final.json,/gpfs/projects/HeinzGroup/asoubki/FlexFringe/data/MLRegTest/Small/16.07.TPLT.4.2.0_Train.txt,2025-12-29 23:33:50.515789
0.1.1.1.0.0.searchglobal.0,Small,16,7,TPLT,4,2,1,TestSR,0.61017,0.5660230364484077,0.9445,0.7078458852008124,0.38983,/gpfs/projects/HeinzGroup/caffeine_underground/mlrt/FlexFringe/FlexFringe/models-ps-small/0.1.1.1.0.0.searchglobal.0.ini/0.1.1.1.0.0.searchglobal.0_16.07.TPLT.4.2.1_Small.final.json,/gpfs/projects/HeinzGroup/asoubki/FlexFringe/data/MLRegTest/Large/16.07.TPLT.4.2.1_TestSR.txt,2025-12-29 23:18:31.517745
0.1.1.1.0.0.searchglobal.0,Small,16,7,TPLT,4,2,1,TestLA,0.51455,0.5130317957904165,0.5728,0.5412709662178125,0.48545,/gpfs/projects/HeinzGroup/caffeine_underground/mlrt/FlexFringe/FlexFringe/models-ps-small/0.1.1.1.0.0.searchglobal.0.ini/0.1.1.1.0.0.searchglobal.0_16.07.TPLT.4.2.1_Small.final.json,/gpfs/projects/HeinzGroup/asoubki/FlexFringe/data/MLRegTest/Large/16.07.TPLT.4.2.1_TestLA.txt,2025-12-29 23:18:31.517745
0.1.1.1.0.0.searchglobal.0,Small,16,7,TPLT,4,2,1,TestLR,0.66308,0.6147771740660455,0.8735,0.7216503362469225,0.33692,/gpfs/projects/HeinzGroup/caffeine_underground/mlrt/FlexFringe/FlexFringe/models-ps-small/0.1.1.1.0.0.searchglobal.0.ini/0.1.1.1.0.0.searchglobal.0_16.07.TPLT.4.2.1_Small.final.json,/gpfs/projects/HeinzGroup/asoubki/FlexFringe/data/MLRegTest/Large/16.07.TPLT.4.2.1_TestLR.txt,2025-12-29 23:18:31.517745
0.1.1.1.0.0.searchglobal.0,Small,16,7,TPLT,4,2,1,TestSA,0.50736,0.5050877920641504,0.73066,0.597286029592087,0.49264,/gpfs/projects/HeinzGroup/caffeine_underground/mlrt/FlexFringe/FlexFringe/models-ps-small/0.1.1.1.0.0.searchglobal.0.ini/0.1.1.1.0.0.searchglobal.0_16.07.TPLT.4.2.1_Small.final.json,/gpfs/projects/HeinzGroup/asoubki/FlexFringe/data/MLRegTest/Large/16.07.TPLT.4.2.1_TestSA.txt,2025-12-29 23:18:31.517745
0.1.1.1.0.0.searchglobal.0,Small,16,7,TPLT,4,2,1,Dev,0.61053,0.5664682181730711,0.94198,0.707484321604266,0.38947,/gpfs/projects/HeinzGroup/caffeine_underground/mlrt/FlexFringe/FlexFringe/models-ps-small/0.1.1.1.0.0.searchglobal.0.ini/0.1.1.1.0.0.searchglobal.0_16.07.TPLT.4.2.1_Small.final.json,/gpfs/projects/HeinzGroup/asoubki/FlexFringe/data/MLRegTest/Large/16.07.TPLT.4.2.1_Dev.txt,2025-12-29 23:18:31.517745
0.1.1.1.0.0.searchglobal.0,Small,16,7,TPLT,4,2,1,Train,0.606,0.563855421686747,0.936,0.7037593984962406,0.394,/gpfs/projects/HeinzGroup/caffeine_underground/mlrt/FlexFringe/FlexFringe/models-ps-small/0.1.1.1.0.0.searchglobal.0.ini/0.1.1.1.0.0.searchglobal.0_16.07.TPLT.4.2.1_Small.final.json,/gpfs/projects/HeinzGroup/asoubki/FlexFringe/data/MLRegTest/Small/16.07.TPLT.4.2.1_Train.txt,2025-12-29 23:18:31.517745
0.1.1.1.0.0.searchglobal.0,Small,16,7,TPLT,4,2,2,TestSA,0.51381,0.5620451073771229,0.1251,0.204649184511443,0.48619,/gpfs/projects/HeinzGroup/caffeine_underground/mlrt/FlexFringe/FlexFringe/models-ps-small/0.1.1.1.0.0.searchglobal.0.ini/0.1.1.1.0.0.searchglobal.0_16.07.TPLT.4.2.2_Small.final.json,/gpfs/projects/HeinzGroup/asoubki/FlexFringe/data/MLRegTest/Large/16.07.TPLT.4.2.2_TestSA.txt,2025-12-29 22:18:22.656458
0.1.1.1.0.0.searchglobal.0,Small,16,7,TPLT,4,2,2,TestSR,0.54569,0.7860272943533242,0.12556,0.21653129149636988,0.45431,/gpfs/projects/HeinzGroup/caffeine_underground/mlrt/FlexFringe/FlexFringe/models-ps-small/0.1.1.1.0.0.searchglobal.0.ini/0.1.1.1.0.0.searchglobal.0_16.07.TPLT.4.2.2_Small.final.json,/gpfs/projects/HeinzGroup/asoubki/FlexFringe/data/MLRegTest/Large/16.07.TPLT.4.2.2_TestSR.txt,2025-12-29 22:18:22.656458
0.1.1.1.0.0.searchglobal.0,Small,16,7,TPLT,4,2,2,TestLA,0.52672,0.5675771370763784,0.22442,0.3216568725813387,0.47328,/gpfs/projects/HeinzGroup/caffeine_underground/mlrt/FlexFringe/FlexFringe/models-ps-small/0.1.1.1.0.0.searchglobal.0.ini/0.1.1.1.0.0.searchglobal.0_16.07.TPLT.4.2.2_Small.final.json,/gpfs/projects/HeinzGroup/asoubki/FlexFringe/data/MLRegTest/Large/16.07.TPLT.4.2.2_TestLA.txt,2025-12-29 22:18:22.656458
0.1.1.1.0.0.searchglobal.0,Small,16,7,TPLT,4,2,2,TestLR,0.57578,0.7595561035758323,0.22176,0.34329236199263136,0.42422,/gpfs/projects/HeinzGroup/caffeine_underground/mlrt/FlexFringe/FlexFringe/models-ps-small/0.1.1.1.0.0.searchglobal.0.ini/0.1.1.1.0.0.searchglobal.0_16.07.TPLT.4.2.2_Small.final.json,/gpfs/projects/HeinzGroup/asoubki/FlexFringe/data/MLRegTest/Large/16.07.TPLT.4.2.2_TestLR.txt,2025-12-29 22:18:22.656458
0.1.1.1.0.0.searchglobal.0,Small,16,7,TPLT,4,2,2,Dev,0.54715,0.7912291537986411,0.1281,0.22050090369222825,0.45285,/gpfs/projects/HeinzGroup/caffeine_underground/mlrt/FlexFringe/FlexFringe/models-ps-small/0.1.1.1.0.0.searchglobal.0.ini/0.1.1.1.0.0.searchglobal.0_16.07.TPLT.4.2.2_Small.final.json,/gpfs/projects/HeinzGroup/asoubki/FlexFringe/data/MLRegTest/Large/16.07.TPLT.4.2.2_Dev.txt,2025-12-29 22:18:22.656458
0.1.1.1.0.0.searchglobal.0,Small,16,7,TPLT,4,2,2,Train,0.555,0.8021978021978022,0.146,0.2470389170896785,0.445,/gpfs/projects/HeinzGroup/caffeine_underground/mlrt/FlexFringe/FlexFringe/models-ps-small/0.1.1.1.0.0.searchglobal.0.ini/0.1.1.1.0.0.searchglobal.0_16.07.TPLT.4.2.2_Small.final.json,/gpfs/projects/HeinzGroup/asoubki/FlexFringe/data/MLRegTest/Small/16.07.TPLT.4.2.2_Train.txt,2025-12-29 22:18:22.656458
0.1.1.1.0.0.searchglobal.0,Small,16,7,TPLT,4,2,3,TestSA,0.62975,0.7554033305775363,0.38376,0.5089587671251045,0.37025,/gpfs/projects/HeinzGroup/caffeine_underground/mlrt/FlexFringe/FlexFringe/models-ps-small/0.1.1.1.0.0.searchglobal.0.ini/0.1.1.1.0.0.searchglobal.0_16.07.TPLT.4.2.3_Small.final.json,/gpfs/projects/HeinzGroup/asoubki/FlexFringe/data/MLRegTest/Large/16.07.TPLT.4.2.3_TestSA.txt,2025-12-29 23:21:07.340269
0.1.1.1.0.0.searchglobal.0,Small,16,7,TPLT,4,2,3,TestLR,0.71992,0.8252099846208447,0.55804,0.6658235097599389,0.28008,/gpfs/projects/HeinzGroup/caffeine_underground/mlrt/FlexFringe/FlexFringe/models-ps-small/0.1.1.1.0.0.searchglobal.0.ini/0.1.1.1.0.0.searchglobal.0_16.07.TPLT.4.2.3_Small.final.json,/gpfs/projects/HeinzGroup/asoubki/FlexFringe/data/MLRegTest/Large/16.07.TPLT.4.2.3_TestLR.txt,2025-12-29 23:21:07.340269
0.1.1.1.0.0.searchglobal.0,Small,16,7,TPLT,4,2,3,TestLA,0.68994,0.7652793296089385,0.54794,0.6386247086247087,0.31006,/gpfs/projects/HeinzGroup/caffeine_underground/mlrt/FlexFringe/FlexFringe/models-ps-small/0.1.1.1.0.0.searchglobal.0.ini/0.1.1.1.0.0.searchglobal.0_16.07.TPLT.4.2.3_Small.final.json,/gpfs/projects/HeinzGroup/asoubki/FlexFringe/data/MLRegTest/Large/16.07.TPLT.4.2.3_TestLA.txt,2025-12-29 23:21:07.340269
0.1.1.1.0.0.searchglobal.0,Small,16,7,TPLT,4,2,3,TestSR,0.65721,0.8450463105219261,0.38502,0.5290116926120828,0.34279,/gpfs/projects/HeinzGroup/caffeine_underground/mlrt/FlexFringe/FlexFringe/models-ps-small/0.1.1.1.0.0.searchglobal.0.ini/0.1.1.1.0.0.searchglobal.0_16.07.TPLT.4.2.3_Small.final.json,/gpfs/projects/HeinzGroup/asoubki/FlexFringe/data/MLRegTest/Large/16.07.TPLT.4.2.3_TestSR.txt,2025-12-29 23:21:07.340269
0.1.1.1.0.0.searchglobal.0,Small,16,7,TPLT,4,2,3,Dev,0.65758,0.8475211714890614,0.3843,0.5288143989431968,0.34242,/gpfs/projects/HeinzGroup/caffeine_underground/mlrt/FlexFringe/FlexFringe/models-ps-small/0.1.1.1.0.0.searchglobal.0.ini/0.1.1.1.0.0.searchglobal.0_16.07.TPLT.4.2.3_Small.final.json,/gpfs/projects/HeinzGroup/asoubki/FlexFringe/data/MLRegTest/Large/16.07.TPLT.4.2.3_Dev.txt,2025-12-29 23:21:07.340269
0.1.1.1.0.0.searchglobal.0,Small,16,7,TPLT,4,2,3,Train,0.65,0.8073770491803278,0.394,0.5295698924731183,0.35,/gpfs/projects/HeinzGroup/caffeine_underground/mlrt/FlexFringe/FlexFringe/models-ps-small/0.1.1.1.0.0.searchglobal.0.ini/0.1.1.1.0.0.searchglobal.0_16.07.TPLT.4.2.3_Small.final.json,/gpfs/projects/HeinzGroup/asoubki/FlexFringe/data/MLRegTest/Small/16.07.TPLT.4.2.3_Train.txt,2025-12-29 23:21:07.340269
0.1.1.1.0.0.searchglobal.0,Small,16,7,TPLT,4,2,4,TestLR,0.68842,0.6553338829348723,0.79492,0.7184093990058744,0.31158,/gpfs/projects/HeinzGroup/caffeine_underground/mlrt/FlexFringe/FlexFringe/models-ps-small/0.1.1.1.0.0.searchglobal.0.ini/0.1.1.1.0.0.searchglobal.0_16.07.TPLT.4.2.4_Small.final.json,/gpfs/projects/HeinzGroup/asoubki/FlexFringe/data/MLRegTest/Large/16.07.TPLT.4.2.4_TestLR.txt,2025-12-29 22:43:17.261190
0.1.1.1.0.0.searchglobal.0,Small,16,7,TPLT,4,2,4,TestSR,0.76992,0.7410947157811998,0.8297,0.7828983373907792,0.23008,/gpfs/projects/HeinzGroup/caffeine_underground/mlrt/FlexFringe/FlexFringe/models-ps-small/0.1.1.1.0.0.searchglobal.0.ini/0.1.1.1.0.0.searchglobal.0_16.07.TPLT.4.2.4_Small.final.json,/gpfs/projects/HeinzGroup/asoubki/FlexFringe/data/MLRegTest/Large/16.07.TPLT.4.2.4_TestSR.txt,2025-12-29 22:43:17.261190
0.1.1.1.0.0.searchglobal.0,Small,16,7,TPLT,4,2,4,TestSA,0.54541,0.5645633690675917,0.39708,0.46623692275177003,0.45459,/gpfs/projects/HeinzGroup/caffeine_underground/mlrt/FlexFringe/FlexFringe/models-ps-small/0.1.1.1.0.0.searchglobal.0.ini/0.1.1.1.0.0.searchglobal.0_16.07.TPLT.4.2.4_Small.final.json,/gpfs/projects/HeinzGroup/asoubki/FlexFringe/data/MLRegTest/Large/16.07.TPLT.4.2.4_TestSA.txt,2025-12-29 22:43:17.261190
0.1.1.1.0.0.searchglobal.0,Small,16,7,TPLT,4,2,4,TestLA,0.53206,0.5348054542296334,0.49262,0.512846672774215,0.46794,/gpfs/projects/HeinzGroup/caffeine_underground/mlrt/FlexFringe/FlexFringe/models-ps-small/0.1.1.1.0.0.searchglobal.0.ini/0.1.1.1.0.0.searchglobal.0_16.07.TPLT.4.2.4_Small.final.json,/gpfs/projects/HeinzGroup/asoubki/FlexFringe/data/MLRegTest/Large/16.07.TPLT.4.2.4_TestLA.txt,2025-12-29 22:43:17.261190
0.1.1.1.0.0.searchglobal.0,Small,16,7,TPLT,4,2,4,Dev,0.76963,0.7393859758154732,0.8328,0.7833178137080617,0.23037,/gpfs/projects/HeinzGroup/caffeine_underground/mlrt/FlexFringe/FlexFringe/models-ps-small/0.1.1.1.0.0.searchglobal.0.ini/0.1.1.1.0.0.searchglobal.0_16.07.TPLT.4.2.4_Small.final.json,/gpfs/projects/HeinzGroup/asoubki/FlexFringe/data/MLRegTest/Large/16.07.TPLT.4.2.4_Dev.txt,2025-12-29 22:43:17.261190
0.1.1.1.0.0.searchglobal.0,Small,16,7,TPLT,4,2,4,Train,0.772,0.7394366197183099,0.84,0.7865168539325843,0.228,/gpfs/projects/HeinzGroup/caffeine_underground/mlrt/FlexFringe/FlexFringe/models-ps-small/0.1.1.1.0.0.searchglobal.0.ini/0.1.1.1.0.0.searchglobal.0_16.07.TPLT.4.2.4_Small.final.json,/gpfs/projects/HeinzGroup/asoubki/FlexFringe/data/MLRegTest/Small/16.07.TPLT.4.2.4_Train.txt,2025-12-29 22:43:17.261190
0.1.1.1.0.0.searchglobal.0,Small,16,7,TPLT,4,2,5,TestLA,0.49996,0.4998572855715713,0.1401,0.2188583747305277,0.50004,/gpfs/projects/HeinzGroup/caffeine_underground/mlrt/FlexFringe/FlexFringe/models-ps-small/0.1.1.1.0.0.searchglobal.0.ini/0.1.1.1.0.0.searchglobal.0_16.07.TPLT.4.2.5_Small.final.json,/gpfs/projects/HeinzGroup/asoubki/FlexFringe/data/MLRegTest/Large/16.07.TPLT.4.2.5_TestLA.txt,2025-12-29 23:34:05.630794
0.1.1.1.0.0.searchglobal.0,Small,16,7,TPLT,4,2,5,TestSA,0.49996,0.49986023759608667,0.14306,0.22245373969833618,0.50004,/gpfs/projects/HeinzGroup/caffeine_underground/mlrt/FlexFringe/FlexFringe/models-ps-small/0.1.1.1.0.0.searchglobal.0.ini/0.1.1.1.0.0.searchglobal.0_16.07.TPLT.4.2.5_Small.final.json,/gpfs/projects/HeinzGroup/asoubki/FlexFringe/data/MLRegTest/Large/16.07.TPLT.4.2.5_TestSA.txt,2025-12-29 23:34:05.630794
0.1.1.1.0.0.searchglobal.0,Small,16,7,TPLT,4,2,5,TestSR,0.50177,0.5061334811837273,0.14606,0.22669915721181455,0.49823,/gpfs/projects/HeinzGroup/caffeine_underground/mlrt/FlexFringe/FlexFringe/models-ps-small/0.1.1.1.0.0.searchglobal.0.ini/0.1.1.1.0.0.searchglobal.0_16.07.TPLT.4.2.5_Small.final.json,/gpfs/projects/HeinzGroup/asoubki/FlexFringe/data/MLRegTest/Large/16.07.TPLT.4.2.5_TestSR.txt,2025-12-29 23:34:05.630794
0.1.1.1.0.0.searchglobal.0,Small,16,7,TPLT,4,2,5,TestLR,0.50197,0.5068943795058445,0.14484,0.2253021606234542,0.49803,/gpfs/projects/HeinzGroup/caffeine_underground/mlrt/FlexFringe/FlexFringe/models-ps-small/0.1.1.1.0.0.searchglobal.0.ini/0.1.1.1.0.0.searchglobal.0_16.07.TPLT.4.2.5_Small.final.json,/gpfs/projects/HeinzGroup/asoubki/FlexFringe/data/MLRegTest/Large/16.07.TPLT.4.2.5_TestLR.txt,2025-12-29 23:34:05.630794
0.1.1.1.0.0.searchglobal.0,Small,16,7,TPLT,4,2,5,Dev,0.49961,0.4986419667107737,0.1432,0.22250190338569587,0.50039,/gpfs/projects/HeinzGroup/caffeine_underground/mlrt/FlexFringe/FlexFringe/models-ps-small/0.1.1.1.0.0.searchglobal.0.ini/0.1.1.1.0.0.searchglobal.0_16.07.TPLT.4.2.5_Small.final.json,/gpfs/projects/HeinzGroup/asoubki/FlexFringe/data/MLRegTest/Large/16.07.TPLT.4.2.5_Dev.txt,2025-12-29 23:34:05.630794
0.1.1.1.0.0.searchglobal.0,Small,16,7,TPLT,4,2,5,Train,0.496,0.4866666666666667,0.146,0.2246153846153846,0.504,/gpfs/projects/HeinzGroup/caffeine_underground/mlrt/FlexFringe/FlexFringe/models-ps-small/0.1.1.1.0.0.searchglobal.0.ini/0.1.1.1.0.0.searchglobal.0_16.07.TPLT.4.2.5_Small.final.json,/gpfs/projects/HeinzGroup/asoubki/FlexFringe/data/MLRegTest/Small/16.07.TPLT.4.2.5_Train.txt,2025-12-29 23:34:05.630794
0.1.1.1.0.0.searchglobal.0,Small,16,7,TPLT,4,2,6,TestLR,0.49861,0.4950403197031328,0.13874,0.21673722525112088,0.50139,/gpfs/projects/HeinzGroup/caffeine_underground/mlrt/FlexFringe/FlexFringe/models-ps-small/0.1.1.1.0.0.searchglobal.0.ini/0.1.1.1.0.0.searchglobal.0_16.07.TPLT.4.2.6_Small.final.json,/gpfs/projects/HeinzGroup/asoubki/FlexFringe/data/MLRegTest/Large/16.07.TPLT.4.2.6_TestLR.txt,2025-12-29 22:47:27.331898
0.1.1.1.0.0.searchglobal.0,Small,16,7,TPLT,4,2,6,TestSR,0.50029,0.5010200492437566,0.14244,0.2218173323989722,0.49971,/gpfs/projects/HeinzGroup/caffeine_underground/mlrt/FlexFringe/FlexFringe/models-ps-small/0.1.1.1.0.0.searchglobal.0.ini/0.1.1.1.0.0.searchglobal.0_16.07.TPLT.4.2.6_Small.final.json,/gpfs/projects/HeinzGroup/asoubki/FlexFringe/data/MLRegTest/Large/16.07.TPLT.4.2.6_TestSR.txt,2025-12-29 22:47:27.331898
0.1.1.1.0.0.searchglobal.0,Small,16,7,TPLT,4,2,6,TestSA,0.50011,0.5003917657952845,0.1405,0.2193975546151564,0.49989,/gpfs/projects/HeinzGroup/caffeine_underground/mlrt/FlexFringe/FlexFringe/models-ps-small/0.1.1.1.0.0.searchglobal.0.ini/0.1.1.1.0.0.searchglobal.0_16.07.TPLT.4.2.6_Small.final.json,/gpfs/projects/HeinzGroup/asoubki/FlexFringe/data/MLRegTest/Large/16.07.TPLT.4.2.6_TestSA.txt,2025-12-29 22:47:27.331898
0.1.1.1.0.0.searchglobal.0,Small,16,7,TPLT,4,2,6,TestLA,0.50018,0.5006486954014704,0.13892,0.2174906847856718,0.49982,/gpfs/projects/HeinzGroup/caffeine_underground/mlrt/FlexFringe/FlexFringe/models-ps-small/0.1.1.1.0.0.searchglobal.0.ini/0.1.1.1.0.0.searchglobal.0_16.07.TPLT.4.2.6_Small.final.json,/gpfs/projects/HeinzGroup/asoubki/FlexFringe/data/MLRegTest/Large/16.07.TPLT.4.2.6_TestLA.txt,2025-12-29 22:47:27.331898
0.1.1.1.0.0.searchglobal.0,Small,16,7,TPLT,4,2,6,Dev,0.49998,0.4999291383219955,0.1411,0.2200836036935363,0.50002,/gpfs/projects/HeinzGroup/caffeine_underground/mlrt/FlexFringe/FlexFringe/models-ps-small/0.1.1.1.0.0.searchglobal.0.ini/0.1.1.1.0.0.searchglobal.0_16.07.TPLT.4.2.6_Small.final.json,/gpfs/projects/HeinzGroup/asoubki/FlexFringe/data/MLRegTest/Large/16.07.TPLT.4.2.6_Dev.txt,2025-12-29 22:47:27.331898
0.1.1.1.0.0.searchglobal.0,Small,16,7,TPLT,4,2,6,Train,0.488,0.4589041095890411,0.134,0.20743034055727555,0.512,/gpfs/projects/HeinzGroup/caffeine_underground/mlrt/FlexFringe/FlexFringe/models-ps-small/0.1.1.1.0.0.searchglobal.0.ini/0.1.1.1.0.0.searchglobal.0_16.07.TPLT.4.2.6_Small.final.json,/gpfs/projects/HeinzGroup/asoubki/FlexFringe/data/MLRegTest/Small/16.07.TPLT.4.2.6_Train.txt,2025-12-29 22:47:27.331898
0.1.1.1.0.0.searchglobal.0,Small,16,7,TPLT,4,2,7,TestSR,0.69749,0.8813578959564361,0.45642,0.6013993385424216,0.30251,/gpfs/projects/HeinzGroup/caffeine_underground/mlrt/FlexFringe/FlexFringe/models-ps-small/0.1.1.1.0.0.searchglobal.0.ini/0.1.1.1.0.0.searchglobal.0_16.07.TPLT.4.2.7_Small.final.json,/gpfs/projects/HeinzGroup/asoubki/FlexFringe/data/MLRegTest/Large/16.07.TPLT.4.2.7_TestSR.txt,2025-12-29 23:23:11.989405
0.1.1.1.0.0.searchglobal.0,Small,16,7,TPLT,4,2,7,TestLA,0.57308,0.6039722285454131,0.42452,0.49859062294465845,0.42692,/gpfs/projects/HeinzGroup/caffeine_underground/mlrt/FlexFringe/FlexFringe/models-ps-small/0.1.1.1.0.0.searchglobal.0.ini/0.1.1.1.0.0.searchglobal.0_16.07.TPLT.4.2.7_Small.final.json,/gpfs/projects/HeinzGroup/asoubki/FlexFringe/data/MLRegTest/Large/16.07.TPLT.4.2.7_TestLA.txt,2025-12-29 23:23:11.989405
0.1.1.1.0.0.searchglobal.0,Small,16,7,TPLT,4,2,7,TestSA,0.58593,0.616692468562427,0.45412,0.5230652276575404,0.41407,/gpfs/projects/HeinzGroup/caffeine_underground/mlrt/FlexFringe/FlexFringe/models-ps-small/0.1.1.1.0.0.searchglobal.0.ini/0.1.1.1.0.0.searchglobal.0_16.07.TPLT.4.2.7_Small.final.json,/gpfs/projects/HeinzGroup/asoubki/FlexFringe/data/MLRegTest/Large/16.07.TPLT.4.2.7_TestSA.txt,2025-12-29 23:23:11.989405
0.1.1.1.0.0.searchglobal.0,Small,16,7,TPLT,4,2,7,TestLR,0.66597,0.8289791873141724,0.41822,0.5559587902957793,0.33403,/gpfs/projects/HeinzGroup/caffeine_underground/mlrt/FlexFringe/FlexFringe/models-ps-small/0.1.1.1.0.0.searchglobal.0.ini/0.1.1.1.0.0.searchglobal.0_16.07.TPLT.4.2.7_Small.final.json,/gpfs/projects/HeinzGroup/asoubki/FlexFringe/data/MLRegTest/Large/16.07.TPLT.4.2.7_TestLR.txt,2025-12-29 23:23:11.989405
0.1.1.1.0.0.searchglobal.0,Small,16,7,TPLT,4,2,7,Dev,0.69698,0.8788951296453028,0.45692,0.601257994052162,0.30302,/gpfs/projects/HeinzGroup/caffeine_underground/mlrt/FlexFringe/FlexFringe/models-ps-small/0.1.1.1.0.0.searchglobal.0.ini/0.1.1.1.0.0.searchglobal.0_16.07.TPLT.4.2.7_Small.final.json,/gpfs/projects/HeinzGroup/asoubki/FlexFringe/data/MLRegTest/Large/16.07.TPLT.4.2.7_Dev.txt,2025-12-29 23:23:11.989405
0.1.1.1.0.0.searchglobal.0,Small,16,7,TPLT,4,2,7,Train,0.678,0.8647540983606558,0.422,0.5672043010752689,0.322,/gpfs/projects/HeinzGroup/caffeine_underground/mlrt/FlexFringe/FlexFringe/models-ps-small/0.1.1.1.0.0.searchglobal.0.ini/0.1.1.1.0.0.searchglobal.0_16.07.TPLT.4.2.7_Small.final.json,/gpfs/projects/HeinzGroup/asoubki/FlexFringe/data/MLRegTest/Small/16.07.TPLT.4.2.7_Train.txt,2025-12-29 23:23:11.989405
0.1.1.1.0.0.searchglobal.0,Small,16,7,TPLT,4,2,8,TestLA,0.49622,0.4896822797248608,0.1794,0.2625955092362189,0.50378,/gpfs/projects/HeinzGroup/caffeine_underground/mlrt/FlexFringe/FlexFringe/models-ps-small/0.1.1.1.0.0.searchglobal.0.ini/0.1.1.1.0.0.searchglobal.0_16.07.TPLT.4.2.8_Small.final.json,/gpfs/projects/HeinzGroup/asoubki/FlexFringe/data/MLRegTest/Large/16.07.TPLT.4.2.8_TestLA.txt,2025-12-29 22:11:15.990755
0.1.1.1.0.0.searchglobal.0,Small,16,7,TPLT,4,2,8,TestSR,0.51404,0.5386649041639128,0.1956,0.28698867304419273,0.48596,/gpfs/projects/HeinzGroup/caffeine_underground/mlrt/FlexFringe/FlexFringe/models-ps-small/0.1.1.1.0.0.searchglobal.0.ini/0.1.1.1.0.0.searchglobal.0_16.07.TPLT.4.2.8_Small.final.json,/gpfs/projects/HeinzGroup/asoubki/FlexFringe/data/MLRegTest/Large/16.07.TPLT.4.2.8_TestSR.txt,2025-12-29 22:11:15.990755
0.1.1.1.0.0.searchglobal.0,Small,16,7,TPLT,4,2,8,TestSA,0.48985,0.4754700565517908,0.19674,0.27831770148113566,0.51015,/gpfs/projects/HeinzGroup/caffeine_underground/mlrt/FlexFringe/FlexFringe/models-ps-small/0.1.1.1.0.0.searchglobal.0.ini/0.1.1.1.0.0.searchglobal.0_16.07.TPLT.4.2.8_Small.final.json,/gpfs/projects/HeinzGroup/asoubki/FlexFringe/data/MLRegTest/Large/16.07.TPLT.4.2.8_TestSA.txt,2025-12-29 22:11:15.990755
0.1.1.1.0.0.searchglobal.0,Small,16,7,TPLT,4,2,8,TestLR,0.50567,0.5162884228669923,0.17972,0.26662710481418295,0.49433,/gpfs/projects/HeinzGroup/caffeine_underground/mlrt/FlexFringe/FlexFringe/models-ps-small/0.1.1.1.0.0.searchglobal.0.ini/0.1.1.1.0.0.searchglobal.0_16.07.TPLT.4.2.8_Small.final.json,/gpfs/projects/HeinzGroup/asoubki/FlexFringe/data/MLRegTest/Large/16.07.TPLT.4.2.8_TestLR.txt,2025-12-29 22:11:15.990755
0.1.1.1.0.0.searchglobal.0,Small,16,7,TPLT,4,2,8,Dev,0.51399,0.5382930968412986,0.19666,0.28807476525993525,0.48601,/gpfs/projects/HeinzGroup/caffeine_underground/mlrt/FlexFringe/FlexFringe/models-ps-small/0.1.1.1.0.0.searchglobal.0.ini/0.1.1.1.0.0.searchglobal.0_16.07.TPLT.4.2.8_Small.final.json,/gpfs/projects/HeinzGroup/asoubki/FlexFringe/data/MLRegTest/Large/16.07.TPLT.4.2.8_Dev.txt,2025-12-29 22:11:15.990755
0.1.1.1.0.0.searchglobal.0,Small,16,7,TPLT,4,2,8,Train,0.527,0.5828220858895705,0.19,0.2865761689291101,0.473,/gpfs/projects/HeinzGroup/caffeine_underground/mlrt/FlexFringe/FlexFringe/models-ps-small/0.1.1.1.0.0.searchglobal.0.ini/0.1.1.1.0.0.searchglobal.0_16.07.TPLT.4.2.8_Small.final.json,/gpfs/projects/HeinzGroup/asoubki/FlexFringe/data/MLRegTest/Small/16.07.TPLT.4.2.8_Train.txt,2025-12-29 22:11:15.990755
0.1.1.1.0.0.searchglobal.0,Small,16,7,TPLT,4,2,9,TestLR,0.5,0.5,0.1412,0.22021210230817218,0.5,/gpfs/projects/HeinzGroup/caffeine_underground/mlrt/FlexFringe/FlexFringe/models-ps-small/0.1.1.1.0.0.searchglobal.0.ini/0.1.1.1.0.0.searchglobal.0_16.07.TPLT.4.2.9_Small.final.json,/gpfs/projects/HeinzGroup/asoubki/FlexFringe/data/MLRegTest/Large/16.07.TPLT.4.2.9_TestLR.txt,2025-12-29 22:18:35.339941
0.1.1.1.0.0.searchglobal.0,Small,16,7,TPLT,4,2,9,TestSR,0.49822,0.4938056792873051,0.1419,0.22045115585384042,0.50178,/gpfs/projects/HeinzGroup/caffeine_underground/mlrt/FlexFringe/FlexFringe/models-ps-small/0.1.1.1.0.0.searchglobal.0.ini/0.1.1.1.0.0.searchglobal.0_16.07.TPLT.4.2.9_Small.final.json,/gpfs/projects/HeinzGroup/asoubki/FlexFringe/data/MLRegTest/Large/16.07.TPLT.4.2.9_TestSR.txt,2025-12-29 22:18:35.339941
0.1.1.1.0.0.searchglobal.0,Small,16,7,TPLT,4,2,9,TestLA,0.49984,0.49943977591036415,0.14264,0.22190416925948972,0.50016,/gpfs/projects/HeinzGroup/caffeine_underground/mlrt/FlexFringe/FlexFringe/models-ps-small/0.1.1.1.0.0.searchglobal.0.ini/0.1.1.1.0.0.searchglobal.0_16.07.TPLT.4.2.9_Small.final.json,/gpfs/projects/HeinzGroup/asoubki/FlexFringe/data/MLRegTest/Large/16.07.TPLT.4.2.9_TestLA.txt,2025-12-29 22:18:35.339941
0.1.1.1.0.0.searchglobal.0,Small,16,7,TPLT,4,2,9,TestSA,0.4999,0.49965108164689465,0.1432,0.22260220736825742,0.5001,/gpfs/projects/HeinzGroup/caffeine_underground/mlrt/FlexFringe/FlexFringe/models-ps-small/0.1.1.1.0.0.searchglobal.0.ini/0.1.1.1.0.0.searchglobal.0_16.07.TPLT.4.2.9_Small.final.json,/gpfs/projects/HeinzGroup/asoubki/FlexFringe/data/MLRegTest/Large/16.07.TPLT.4.2.9_TestSA.txt,2025-12-29 22:18:35.339941
0.1.1.1.0.0.searchglobal.0,Small,16,7,TPLT,4,2,9,Dev,0.49797,0.4928866774125727,0.14066,0.21886134839502716,0.50203,/gpfs/projects/HeinzGroup/caffeine_underground/mlrt/FlexFringe/FlexFringe/models-ps-small/0.1.1.1.0.0.searchglobal.0.ini/0.1.1.1.0.0.searchglobal.0_16.07.TPLT.4.2.9_Small.final.json,/gpfs/projects/HeinzGroup/asoubki/FlexFringe/data/MLRegTest/Large/16.07.TPLT.4.2.9_Dev.txt,2025-12-29 22:18:35.339941
0.1.1.1.0.0.searchglobal.0,Small,16,7,TPLT,4,2,9,Train,0.496,0.4873417721518987,0.154,0.23404255319148937,0.504,/gpfs/projects/HeinzGroup/caffeine_underground/mlrt/FlexFringe/FlexFringe/models-ps-small/0.1.1.1.0.0.searchglobal.0.ini/0.1.1.1.0.0.searchglobal.0_16.07.TPLT.4.2.9_Small.final.json,/gpfs/projects/HeinzGroup/asoubki/FlexFringe/data/MLRegTest/Small/16.07.TPLT.4.2.9_Train.txt,2025-12-29 22:18:35.339941
0.1.1.1.0.0.searchglobal.0,Small,16,7,TPLT,6,3,0,TestLA,0.51618,0.5399466719336362,0.2187,0.3113078631213346,0.48382,/gpfs/projects/HeinzGroup/caffeine_underground/mlrt/FlexFringe/FlexFringe/models-ps-small/0.1.1.1.0.0.searchglobal.0.ini/0.1.1.1.0.0.searchglobal.0_16.07.TPLT.6.3.0_Small.final.json,/gpfs/projects/HeinzGroup/asoubki/FlexFringe/data/MLRegTest/Large/16.07.TPLT.6.3.0_TestLA.txt,2025-12-29 23:16:34.355061
0.1.1.1.0.0.searchglobal.0,Small,16,7,TPLT,6,3,0,TestSA,0.52298,0.589458112737465,0.15142,0.24094583412895423,0.47702,/gpfs/projects/HeinzGroup/caffeine_underground/mlrt/FlexFringe/FlexFringe/models-ps-small/0.1.1.1.0.0.searchglobal.0.ini/0.1.1.1.0.0.searchglobal.0_16.07.TPLT.6.3.0_Small.final.json,/gpfs/projects/HeinzGroup/asoubki/FlexFringe/data/MLRegTest/Large/16.07.TPLT.6.3.0_TestSA.txt,2025-12-29 23:16:34.355061
0.1.1.1.0.0.searchglobal.0,Small,16,7,TPLT,6,3,0,TestSR,0.91817,0.9044744936451744,0.9351,0.919532317858653,0.08183,/gpfs/projects/HeinzGroup/caffeine_underground/mlrt/FlexFringe/FlexFringe/models-ps-small/0.1.1.1.0.0.searchglobal.0.ini/0.1.1.1.0.0.searchglobal.0_16.07.TPLT.6.3.0_Small.final.json,/gpfs/projects/HeinzGroup/asoubki/FlexFringe/data/MLRegTest/Large/16.07.TPLT.6.3.0_TestSR.txt,2025-12-29 23:16:34.355061
0.1.1.1.0.0.searchglobal.0,Small,16,7,TPLT,6,3,0,TestLR,0.85416,0.8301637021292464,0.8905,0.8592739834417277,0.14584,/gpfs/projects/HeinzGroup/caffeine_underground/mlrt/FlexFringe/FlexFringe/models-ps-small/0.1.1.1.0.0.searchglobal.0.ini/0.1.1.1.0.0.searchglobal.0_16.07.TPLT.6.3.0_Small.final.json,/gpfs/projects/HeinzGroup/asoubki/FlexFringe/data/MLRegTest/Large/16.07.TPLT.6.3.0_TestLR.txt,2025-12-29 23:16:34.355061
0.1.1.1.0.0.searchglobal.0,Small,16,7,TPLT,6,3,0,Dev,0.91598,0.9026600069694506,0.93252,0.9173470793082417,0.08402,/gpfs/projects/HeinzGroup/caffeine_underground/mlrt/FlexFringe/FlexFringe/models-ps-small/0.1.1.1.0.0.searchglobal.0.ini/0.1.1.1.0.0.searchglobal.0_16.07.TPLT.6.3.0_Small.final.json,/gpfs/projects/HeinzGroup/asoubki/FlexFringe/data/MLRegTest/Large/16.07.TPLT.6.3.0_Dev.txt,2025-12-29 23:16:34.355061
0.1.1.1.0.0.searchglobal.0,Small,16,7,TPLT,6,3,0,Train,0.915,0.8982725527831094,0.936,0.9167482859941234,0.085,/gpfs/projects/HeinzGroup/caffeine_underground/mlrt/FlexFringe/FlexFringe/models-ps-small/0.1.1.1.0.0.searchglobal.0.ini/0.1.1.1.0.0.searchglobal.0_16.07.TPLT.6.3.0_Small.final.json,/gpfs/projects/HeinzGroup/asoubki/FlexFringe/data/MLRegTest/Small/16.07.TPLT.6.3.0_Train.txt,2025-12-29 23:16:34.355061
0.1.1.1.0.0.searchglobal.0,Small,16,7,TPLT,6,3,1,TestSA,0.54329,0.6417578099417119,0.19598,0.300265056918292,0.45671,/gpfs/projects/HeinzGroup/caffeine_underground/mlrt/FlexFringe/FlexFringe/models-ps-small/0.1.1.1.0.0.searchglobal.0.ini/0.1.1.1.0.0.searchglobal.0_16.07.TPLT.6.3.1_Small.final.json,/gpfs/projects/HeinzGroup/asoubki/FlexFringe/data/MLRegTest/Large/16.07.TPLT.6.3.1_TestSA.txt,2025-12-29 23:36:43.304441
0.1.1.1.0.0.searchglobal.0,Small,16,7,TPLT,6,3,1,TestSR,0.93294,0.9022858204794648,0.97104,0.9354012137559002,0.06706,/gpfs/projects/HeinzGroup/caffeine_underground/mlrt/FlexFringe/FlexFringe/models-ps-small/0.1.1.1.0.0.searchglobal.0.ini/0.1.1.1.0.0.searchglobal.0_16.07.TPLT.6.3.1_Small.final.json,/gpfs/projects/HeinzGroup/asoubki/FlexFringe/data/MLRegTest/Large/16.07.TPLT.6.3.1_TestSR.txt,2025-12-29 23:36:43.304441
0.1.1.1.0.0.searchglobal.0,Small,16,7,TPLT,6,3,1,TestLA,0.53831,0.593874050477824,0.24236,0.34423691499183295,0.46169,/gpfs/projects/HeinzGroup/caffeine_underground/mlrt/FlexFringe/FlexFringe/models-ps-small/0.1.1.1.0.0.searchglobal.0.ini/0.1.1.1.0.0.searchglobal.0_16.07.TPLT.6.3.1_Small.final.json,/gpfs/projects/HeinzGroup/asoubki/FlexFringe/data/MLRegTest/Large/16.07.TPLT.6.3.1_TestLA.txt,2025-12-29 23:36:43.304441
0.1.1.1.0.0.searchglobal.0,Small,16,7,TPLT,6,3,1,TestLR,0.89467,0.8559497826439871,0.94906,0.9001033773082067,0.10533,/gpfs/projects/HeinzGroup/caffeine_underground/mlrt/FlexFringe/FlexFringe/models-ps-small/0.1.1.1.0.0.searchglobal.0.ini/0.1.1.1.0.0.searchglobal.0_16.07.TPLT.6.3.1_Small.final.json,/gpfs/projects/HeinzGroup/asoubki/FlexFringe/data/MLRegTest/Large/16.07.TPLT.6.3.1_TestLR.txt,2025-12-29 23:36:43.304441
0.1.1.1.0.0.searchglobal.0,Small,16,7,TPLT,6,3,1,Dev,0.93294,0.9031999701981821,0.96982,0.935325206388396,0.06706,/gpfs/projects/HeinzGroup/caffeine_underground/mlrt/FlexFringe/FlexFringe/models-ps-small/0.1.1.1.0.0.searchglobal.0.ini/0.1.1.1.0.0.searchglobal.0_16.07.TPLT.6.3.1_Small.final.json,/gpfs/projects/HeinzGroup/asoubki/FlexFringe/data/MLRegTest/Large/16.07.TPLT.6.3.1_Dev.txt,2025-12-29 23:36:43.304441
0.1.1.1.0.0.searchglobal.0,Small,16,7,TPLT,6,3,1,Train,0.931,0.9058380414312618,0.962,0.933074684772066,0.069,/gpfs/projects/HeinzGroup/caffeine_underground/mlrt/FlexFringe/FlexFringe/models-ps-small/0.1.1.1.0.0.searchglobal.0.ini/0.1.1.1.0.0.searchglobal.0_16.07.TPLT.6.3.1_Small.final.json,/gpfs/projects/HeinzGroup/asoubki/FlexFringe/data/MLRegTest/Small/16.07.TPLT.6.3.1_Train.txt,2025-12-29 23:36:43.304441
0.1.1.1.0.0.searchglobal.0,Small,16,7,TPLT,6,3,2,TestSA,0.51162,0.5175687934684003,0.34232,0.4120861923678825,0.48838,/gpfs/projects/HeinzGroup/caffeine_underground/mlrt/FlexFringe/FlexFringe/models-ps-small/0.1.1.1.0.0.searchglobal.0.ini/0.1.1.1.0.0.searchglobal.0_16.07.TPLT.6.3.2_Small.final.json,/gpfs/projects/HeinzGroup/asoubki/FlexFringe/data/MLRegTest/Large/16.07.TPLT.6.3.2_TestSA.txt,2025-12-29 22:28:13.376923
0.1.1.1.0.0.searchglobal.0,Small,16,7,TPLT,6,3,2,TestSR,0.63685,0.8314682943370634,0.34328,0.4859363277324009,0.36315,/gpfs/projects/HeinzGroup/caffeine_underground/mlrt/FlexFringe/FlexFringe/models-ps-small/0.1.1.1.0.0.searchglobal.0.ini/0.1.1.1.0.0.searchglobal.0_16.07.TPLT.6.3.2_Small.final.json,/gpfs/projects/HeinzGroup/asoubki/FlexFringe/data/MLRegTest/Large/16.07.TPLT.6.3.2_TestSR.txt,2025-12-29 22:28:13.376923
0.1.1.1.0.0.searchglobal.0,Small,16,7,TPLT,6,3,2,TestLA,0.50584,0.5136130536130536,0.22034,0.3083834849545136,0.49416,/gpfs/projects/HeinzGroup/caffeine_underground/mlrt/FlexFringe/FlexFringe/models-ps-small/0.1.1.1.0.0.searchglobal.0.ini/0.1.1.1.0.0.searchglobal.0_16.07.TPLT.6.3.2_Small.final.json,/gpfs/projects/HeinzGroup/asoubki/FlexFringe/data/MLRegTest/Large/16.07.TPLT.6.3.2_TestLA.txt,2025-12-29 22:28:13.376923
0.1.1.1.0.0.searchglobal.0,Small,16,7,TPLT,6,3,2,TestLR,0.5696,0.7329317269076305,0.219,0.33723437018786573,0.4304,/gpfs/projects/HeinzGroup/caffeine_underground/mlrt/FlexFringe/FlexFringe/models-ps-small/0.1.1.1.0.0.searchglobal.0.ini/0.1.1.1.0.0.searchglobal.0_16.07.TPLT.6.3.2_Small.final.json,/gpfs/projects/HeinzGroup/asoubki/FlexFringe/data/MLRegTest/Large/16.07.TPLT.6.3.2_TestLR.txt,2025-12-29 22:28:13.376923
0.1.1.1.0.0.searchglobal.0,Small,16,7,TPLT,6,3,2,Dev,0.63655,0.8318670101589462,0.34228,0.48500134612387175,0.36345,/gpfs/projects/HeinzGroup/caffeine_underground/mlrt/FlexFringe/FlexFringe/models-ps-small/0.1.1.1.0.0.searchglobal.0.ini/0.1.1.1.0.0.searchglobal.0_16.07.TPLT.6.3.2_Small.final.json,/gpfs/projects/HeinzGroup/asoubki/FlexFringe/data/MLRegTest/Large/16.07.TPLT.6.3.2_Dev.txt,2025-12-29 22:28:13.376923
0.1.1.1.0.0.searchglobal.0,Small,16,7,TPLT,6,3,2,Train,0.643,0.8421052631578947,0.352,0.49647390691114246,0.357,/gpfs/projects/HeinzGroup/caffeine_underground/mlrt/FlexFringe/FlexFringe/models-ps-small/0.1.1.1.0.0.searchglobal.0.ini/0.1.1.1.0.0.searchglobal.0_16.07.TPLT.6.3.2_Small.final.json,/gpfs/projects/HeinzGroup/asoubki/FlexFringe/data/MLRegTest/Small/16.07.TPLT.6.3.2_Train.txt,2025-12-29 22:28:13.376923
0.1.1.1.0.0.searchglobal.0,Small,16,7,TPLT,6,3,3,TestLA,0.51109,0.5139087465823864,0.40976,0.4559627004350874,0.48891,/gpfs/projects/HeinzGroup/caffeine_underground/mlrt/FlexFringe/FlexFringe/models-ps-small/0.1.1.1.0.0.searchglobal.0.ini/0.1.1.1.0.0.searchglobal.0_16.07.TPLT.6.3.3_Small.final.json,/gpfs/projects/HeinzGroup/asoubki/FlexFringe/data/MLRegTest/Large/16.07.TPLT.6.3.3_TestLA.txt,2025-12-29 22:48:37.695702
0.1.1.1.0.0.searchglobal.0,Small,16,7,TPLT,6,3,3,TestSR,0.59629,0.6290785275744658,0.46928,0.5375548402616296,0.40371,/gpfs/projects/HeinzGroup/caffeine_underground/mlrt/FlexFringe/FlexFringe/models-ps-small/0.1.1.1.0.0.searchglobal.0.ini/0.1.1.1.0.0.searchglobal.0_16.07.TPLT.6.3.3_Small.final.json,/gpfs/projects/HeinzGroup/asoubki/FlexFringe/data/MLRegTest/Large/16.07.TPLT.6.3.3_TestSR.txt,2025-12-29 22:48:37.695702
0.1.1.1.0.0.searchglobal.0,Small,16,7,TPLT,6,3,3,TestLR,0.56219,0.5873626836737561,0.41812,0.48849789118269016,0.43781,/gpfs/projects/HeinzGroup/caffeine_underground/mlrt/FlexFringe/FlexFringe/models-ps-small/0.1.1.1.0.0.searchglobal.0.ini/0.1.1.1.0.0.searchglobal.0_16.07.TPLT.6.3.3_Small.final.json,/gpfs/projects/HeinzGroup/asoubki/FlexFringe/data/MLRegTest/Large/16.07.TPLT.6.3.3_TestLR.txt,2025-12-29 22:48:37.695702
0.1.1.1.0.0.searchglobal.0,Small,16,7,TPLT,6,3,3,TestSA,0.51527,0.5170093791075367,0.46414,0.48915025240549287,0.48473,/gpfs/projects/HeinzGroup/caffeine_underground/mlrt/FlexFringe/FlexFringe/models-ps-small/0.1.1.1.0.0.searchglobal.0.ini/0.1.1.1.0.0.searchglobal.0_16.07.TPLT.6.3.3_Small.final.json,/gpfs/projects/HeinzGroup/asoubki/FlexFringe/data/MLRegTest/Large/16.07.TPLT.6.3.3_TestSA.txt,2025-12-29 22:48:37.695702
0.1.1.1.0.0.searchglobal.0,Small,16,7,TPLT,6,3,3,Dev,0.59965,0.6337476176415322,0.47218,0.5411619084730611,0.40035,/gpfs/projects/HeinzGroup/caffeine_underground/mlrt/FlexFringe/FlexFringe/models-ps-small/0.1.1.1.0.0.searchglobal.0.ini/0.1.1.1.0.0.searchglobal.0_16.07.TPLT.6.3.3_Small.final.json,/gpfs/projects/HeinzGroup/asoubki/FlexFringe/data/MLRegTest/Large/16.07.TPLT.6.3.3_Dev.txt,2025-12-29 22:48:37.695702
0.1.1.1.0.0.searchglobal.0,Small,16,7,TPLT,6,3,3,Train,0.594,0.6277173913043478,0.462,0.532258064516129,0.406,/gpfs/projects/HeinzGroup/caffeine_underground/mlrt/FlexFringe/FlexFringe/models-ps-small/0.1.1.1.0.0.searchglobal.0.ini/0.1.1.1.0.0.searchglobal.0_16.07.TPLT.6.3.3_Small.final.json,/gpfs/projects/HeinzGroup/asoubki/FlexFringe/data/MLRegTest/Small/16.07.TPLT.6.3.3_Train.txt,2025-12-29 22:48:37.695702
0.1.1.1.0.0.searchglobal.0,Small,16,7,TPLT,6,3,4,TestSR,0.76981,0.6977296378266669,0.95208,0.8052982821182979,0.23019,/gpfs/projects/HeinzGroup/caffeine_underground/mlrt/FlexFringe/FlexFringe/models-ps-small/0.1.1.1.0.0.searchglobal.0.ini/0.1.1.1.0.0.searchglobal.0_16.07.TPLT.6.3.4_Small.final.json,/gpfs/projects/HeinzGroup/asoubki/FlexFringe/data/MLRegTest/Large/16.07.TPLT.6.3.4_TestSR.txt,2025-12-29 22:57:44.299810
0.1.1.1.0.0.searchglobal.0,Small,16,7,TPLT,6,3,4,TestSA,0.52223,0.5251271617497457,0.46458,0.49300153870642544,0.47777,/gpfs/projects/HeinzGroup/caffeine_underground/mlrt/FlexFringe/FlexFringe/models-ps-small/0.1.1.1.0.0.searchglobal.0.ini/0.1.1.1.0.0.searchglobal.0_16.07.TPLT.6.3.4_Small.final.json,/gpfs/projects/HeinzGroup/asoubki/FlexFringe/data/MLRegTest/Large/16.07.TPLT.6.3.4_TestSA.txt,2025-12-29 22:57:44.299810
0.1.1.1.0.0.searchglobal.0,Small,16,7,TPLT,6,3,4,TestLR,0.67508,0.6135114107883818,0.94628,0.7443989930774072,0.32492,/gpfs/projects/HeinzGroup/caffeine_underground/mlrt/FlexFringe/FlexFringe/models-ps-small/0.1.1.1.0.0.searchglobal.0.ini/0.1.1.1.0.0.searchglobal.0_16.07.TPLT.6.3.4_Small.final.json,/gpfs/projects/HeinzGroup/asoubki/FlexFringe/data/MLRegTest/Large/16.07.TPLT.6.3.4_TestLR.txt,2025-12-29 22:57:44.299810
0.1.1.1.0.0.searchglobal.0,Small,16,7,TPLT,6,3,4,TestLA,0.51544,0.5125340953370567,0.63136,0.5657753243960141,0.48456,/gpfs/projects/HeinzGroup/caffeine_underground/mlrt/FlexFringe/FlexFringe/models-ps-small/0.1.1.1.0.0.searchglobal.0.ini/0.1.1.1.0.0.searchglobal.0_16.07.TPLT.6.3.4_Small.final.json,/gpfs/projects/HeinzGroup/asoubki/FlexFringe/data/MLRegTest/Large/16.07.TPLT.6.3.4_TestLA.txt,2025-12-29 22:57:44.299810
0.1.1.1.0.0.searchglobal.0,Small,16,7,TPLT,6,3,4,Dev,0.77185,0.6993883029440672,0.95356,0.8069323268822299,0.22815,/gpfs/projects/HeinzGroup/caffeine_underground/mlrt/FlexFringe/FlexFringe/models-ps-small/0.1.1.1.0.0.searchglobal.0.ini/0.1.1.1.0.0.searchglobal.0_16.07.TPLT.6.3.4_Small.final.json,/gpfs/projects/HeinzGroup/asoubki/FlexFringe/data/MLRegTest/Large/16.07.TPLT.6.3.4_Dev.txt,2025-12-29 22:57:44.299810
0.1.1.1.0.0.searchglobal.0,Small,16,7,TPLT,6,3,4,Train,0.789,0.7147102526002972,0.962,0.8201193520886616,0.211,/gpfs/projects/HeinzGroup/caffeine_underground/mlrt/FlexFringe/FlexFringe/models-ps-small/0.1.1.1.0.0.searchglobal.0.ini/0.1.1.1.0.0.searchglobal.0_16.07.TPLT.6.3.4_Small.final.json,/gpfs/projects/HeinzGroup/asoubki/FlexFringe/data/MLRegTest/Small/16.07.TPLT.6.3.4_Train.txt,2025-12-29 22:57:44.299810
0.1.1.1.0.0.searchglobal.0,Small,16,7,TPLT,6,3,5,TestLA,0.5,0.5,0.14342,0.22290261415560597,0.5,/gpfs/projects/HeinzGroup/caffeine_underground/mlrt/FlexFringe/FlexFringe/models-ps-small/0.1.1.1.0.0.searchglobal.0.ini/0.1.1.1.0.0.searchglobal.0_16.07.TPLT.6.3.5_Small.final.json,/gpfs/projects/HeinzGroup/asoubki/FlexFringe/data/MLRegTest/Large/16.07.TPLT.6.3.5_TestLA.txt,2025-12-29 23:03:37.697092
0.1.1.1.0.0.searchglobal.0,Small,16,7,TPLT,6,3,5,TestLR,0.50032,0.5011217049915873,0.14296,0.2224573633760737,0.49968,/gpfs/projects/HeinzGroup/caffeine_underground/mlrt/FlexFringe/FlexFringe/models-ps-small/0.1.1.1.0.0.searchglobal.0.ini/0.1.1.1.0.0.searchglobal.0_16.07.TPLT.6.3.5_Small.final.json,/gpfs/projects/HeinzGroup/asoubki/FlexFringe/data/MLRegTest/Large/16.07.TPLT.6.3.5_TestLR.txt,2025-12-29 23:03:37.697092
0.1.1.1.0.0.searchglobal.0,Small,16,7,TPLT,6,3,5,TestSR,0.4987,0.4954539096377116,0.14168,0.22034899996889484,0.5013,/gpfs/projects/HeinzGroup/caffeine_underground/mlrt/FlexFringe/FlexFringe/models-ps-small/0.1.1.1.0.0.searchglobal.0.ini/0.1.1.1.0.0.searchglobal.0_16.07.TPLT.6.3.5_Small.final.json,/gpfs/projects/HeinzGroup/asoubki/FlexFringe/data/MLRegTest/Large/16.07.TPLT.6.3.5_TestSR.txt,2025-12-29 23:03:37.697092
0.1.1.1.0.0.searchglobal.0,Small,16,7,TPLT,6,3,5,TestSA,0.5,0.5,0.14294,0.22232245621675428,0.5,/gpfs/projects/HeinzGroup/caffeine_underground/mlrt/FlexFringe/FlexFringe/models-ps-small/0.1.1.1.0.0.searchglobal.0.ini/0.1.1.1.0.0.searchglobal.0_16.07.TPLT.6.3.5_Small.final.json,/gpfs/projects/HeinzGroup/asoubki/FlexFringe/data/MLRegTest/Large/16.07.TPLT.6.3.5_TestSA.txt,2025-12-29 23:03:37.697092
0.1.1.1.0.0.searchglobal.0,Small,16,7,TPLT,6,3,5,Dev,0.50015,0.5005265005265005,0.1426,0.22196279866137442,0.49985,/gpfs/projects/HeinzGroup/caffeine_underground/mlrt/FlexFringe/FlexFringe/models-ps-small/0.1.1.1.0.0.searchglobal.0.ini/0.1.1.1.0.0.searchglobal.0_16.07.TPLT.6.3.5_Small.final.json,/gpfs/projects/HeinzGroup/asoubki/FlexFringe/data/MLRegTest/Large/16.07.TPLT.6.3.5_Dev.txt,2025-12-29 23:03:37.697092
0.1.1.1.0.0.searchglobal.0,Small,16,7,TPLT,6,3,5,Train,0.493,0.4755244755244755,0.136,0.2115085536547434,0.507,/gpfs/projects/HeinzGroup/caffeine_underground/mlrt/FlexFringe/FlexFringe/models-ps-small/0.1.1.1.0.0.searchglobal.0.ini/0.1.1.1.0.0.searchglobal.0_16.07.TPLT.6.3.5_Small.final.json,/gpfs/projects/HeinzGroup/asoubki/FlexFringe/data/MLRegTest/Small/16.07.TPLT.6.3.5_Train.txt,2025-12-29 23:03:37.697092
0.1.1.1.0.0.searchglobal.0,Small,16,7,TPLT,6,3,6,TestSA,0.50001,0.5000353182171364,0.14158,0.220677400751282,0.49999,/gpfs/projects/HeinzGroup/caffeine_underground/mlrt/FlexFringe/FlexFringe/models-ps-small/0.1.1.1.0.0.searchglobal.0.ini/0.1.1.1.0.0.searchglobal.0_16.07.TPLT.6.3.6_Small.final.json,/gpfs/projects/HeinzGroup/asoubki/FlexFringe/data/MLRegTest/Large/16.07.TPLT.6.3.6_TestSA.txt,2025-12-29 22:37:47.390862
0.1.1.1.0.0.searchglobal.0,Small,16,7,TPLT,6,3,6,TestSR,0.50064,0.5022253129346315,0.14444,0.22435538987263126,0.49936,/gpfs/projects/HeinzGroup/caffeine_underground/mlrt/FlexFringe/FlexFringe/models-ps-small/0.1.1.1.0.0.searchglobal.0.ini/0.1.1.1.0.0.searchglobal.0_16.07.TPLT.6.3.6_Small.final.json,/gpfs/projects/HeinzGroup/asoubki/FlexFringe/data/MLRegTest/Large/16.07.TPLT.6.3.6_TestSR.txt,2025-12-29 22:37:47.390862
0.1.1.1.0.0.searchglobal.0,Small,16,7,TPLT,6,3,6,TestLA,0.5,0.5,0.1466,0.22672440457779153,0.5,/gpfs/projects/HeinzGroup/caffeine_underground/mlrt/FlexFringe/FlexFringe/models-ps-small/0.1.1.1.0.0.searchglobal.0.ini/0.1.1.1.0.0.searchglobal.0_16.07.TPLT.6.3.6_Small.final.json,/gpfs/projects/HeinzGroup/asoubki/FlexFringe/data/MLRegTest/Large/16.07.TPLT.6.3.6_TestLA.txt,2025-12-29 22:37:47.390862
0.1.1.1.0.0.searchglobal.0,Small,16,7,TPLT,6,3,6,TestLR,0.49936,0.49776473875384186,0.14252,0.22159338267305181,0.50064,/gpfs/projects/HeinzGroup/caffeine_underground/mlrt/FlexFringe/FlexFringe/models-ps-small/0.1.1.1.0.0.searchglobal.0.ini/0.1.1.1.0.0.searchglobal.0_16.07.TPLT.6.3.6_Small.final.json,/gpfs/projects/HeinzGroup/asoubki/FlexFringe/data/MLRegTest/Large/16.07.TPLT.6.3.6_TestLR.txt,2025-12-29 22:37:47.390862
0.1.1.1.0.0.searchglobal.0,Small,16,7,TPLT,6,3,6,Dev,0.49887,0.4960028298549699,0.14022,0.2186325719186092,0.50113,/gpfs/projects/HeinzGroup/caffeine_underground/mlrt/FlexFringe/FlexFringe/models-ps-small/0.1.1.1.0.0.searchglobal.0.ini/0.1.1.1.0.0.searchglobal.0_16.07.TPLT.6.3.6_Small.final.json,/gpfs/projects/HeinzGroup/asoubki/FlexFringe/data/MLRegTest/Large/16.07.TPLT.6.3.6_Dev.txt,2025-12-29 22:37:47.390862
0.1.1.1.0.0.searchglobal.0,Small,16,7,TPLT,6,3,6,Train,0.511,0.5419847328244275,0.142,0.22503961965134706,0.489,/gpfs/projects/HeinzGroup/caffeine_underground/mlrt/FlexFringe/FlexFringe/models-ps-small/0.1.1.1.0.0.searchglobal.0.ini/0.1.1.1.0.0.searchglobal.0_16.07.TPLT.6.3.6_Small.final.json,/gpfs/projects/HeinzGroup/asoubki/FlexFringe/data/MLRegTest/Small/16.07.TPLT.6.3.6_Train.txt,2025-12-29 22:37:47.390862
0.1.1.1.0.0.searchglobal.0,Small,16,7,TPLT,6,3,7,TestSA,0.50212,0.5155243116578794,0.0704,0.12388259308791441,0.49788,/gpfs/projects/HeinzGroup/caffeine_underground/mlrt/FlexFringe/FlexFringe/models-ps-small/0.1.1.1.0.0.searchglobal.0.ini/0.1.1.1.0.0.searchglobal.0_16.07.TPLT.6.3.7_Small.final.json,/gpfs/projects/HeinzGroup/asoubki/FlexFringe/data/MLRegTest/Large/16.07.TPLT.6.3.7_TestSA.txt,2025-12-29 22:18:09.477100
0.1.1.1.0.0.searchglobal.0,Small,16,7,TPLT,6,3,7,TestLA,0.50008,0.5011428571428571,0.03508,0.06557009345794393,0.49992,/gpfs/projects/HeinzGroup/caffeine_underground/mlrt/FlexFringe/FlexFringe/models-ps-small/0.1.1.1.0.0.searchglobal.0.ini/0.1.1.1.0.0.searchglobal.0_16.07.TPLT.6.3.7_Small.final.json,/gpfs/projects/HeinzGroup/asoubki/FlexFringe/data/MLRegTest/Large/16.07.TPLT.6.3.7_TestLA.txt,2025-12-29 22:18:09.477100
0.1.1.1.0.0.searchglobal.0,Small,16,7,TPLT,6,3,7,TestSR,0.51244,0.622248427672956,0.06332,0.11494336334591926,0.48756,/gpfs/projects/HeinzGroup/caffeine_underground/mlrt/FlexFringe/FlexFringe/models-ps-small/0.1.1.1.0.0.searchglobal.0.ini/0.1.1.1.0.0.searchglobal.0_16.07.TPLT.6.3.7_Small.final.json,/gpfs/projects/HeinzGroup/asoubki/FlexFringe/data/MLRegTest/Large/16.07.TPLT.6.3.7_TestSR.txt,2025-12-29 22:18:09.477100
0.1.1.1.0.0.searchglobal.0,Small,16,7,TPLT,6,3,7,TestLR,0.49904,0.48735511064278186,0.037,0.0687783478325526,0.50096,/gpfs/projects/HeinzGroup/caffeine_underground/mlrt/FlexFringe/FlexFringe/models-ps-small/0.1.1.1.0.0.searchglobal.0.ini/0.1.1.1.0.0.searchglobal.0_16.07.TPLT.6.3.7_Small.final.json,/gpfs/projects/HeinzGroup/asoubki/FlexFringe/data/MLRegTest/Large/16.07.TPLT.6.3.7_TestLR.txt,2025-12-29 22:18:09.477100
0.1.1.1.0.0.searchglobal.0,Small,16,7,TPLT,6,3,7,Dev,0.51257,0.623404673080699,0.0635,0.115259651861398,0.48743,/gpfs/projects/HeinzGroup/caffeine_underground/mlrt/FlexFringe/FlexFringe/models-ps-small/0.1.1.1.0.0.searchglobal.0.ini/0.1.1.1.0.0.searchglobal.0_16.07.TPLT.6.3.7_Small.final.json,/gpfs/projects/HeinzGroup/asoubki/FlexFringe/data/MLRegTest/Large/16.07.TPLT.6.3.7_Dev.txt,2025-12-29 22:18:09.477100
0.1.1.1.0.0.searchglobal.0,Small,16,7,TPLT,6,3,7,Train,0.518,0.6875,0.066,0.12043795620437957,0.482,/gpfs/projects/HeinzGroup/caffeine_underground/mlrt/FlexFringe/FlexFringe/models-ps-small/0.1.1.1.0.0.searchglobal.0.ini/0.1.1.1.0.0.searchglobal.0_16.07.TPLT.6.3.7_Small.final.json,/gpfs/projects/HeinzGroup/asoubki/FlexFringe/data/MLRegTest/Small/16.07.TPLT.6.3.7_Train.txt,2025-12-29 22:18:09.477100
0.1.1.1.0.0.searchglobal.0,Small,16,7,TPLT,6,3,8,TestLA,0.50166,0.5044928006928656,0.1864,0.2722201127435231,0.49834,/gpfs/projects/HeinzGroup/caffeine_underground/mlrt/FlexFringe/FlexFringe/models-ps-small/0.1.1.1.0.0.searchglobal.0.ini/0.1.1.1.0.0.searchglobal.0_16.07.TPLT.6.3.8_Small.final.json,/gpfs/projects/HeinzGroup/asoubki/FlexFringe/data/MLRegTest/Large/16.07.TPLT.6.3.8_TestLA.txt,2025-12-29 22:28:49.803738
0.1.1.1.0.0.searchglobal.0,Small,16,7,TPLT,6,3,8,TestSA,0.50303,0.5070006007116122,0.21944,0.30630504878491366,0.49697,/gpfs/projects/HeinzGroup/caffeine_underground/mlrt/FlexFringe/FlexFringe/models-ps-small/0.1.1.1.0.0.searchglobal.0.ini/0.1.1.1.0.0.searchglobal.0_16.07.TPLT.6.3.8_Small.final.json,/gpfs/projects/HeinzGroup/asoubki/FlexFringe/data/MLRegTest/Large/16.07.TPLT.6.3.8_TestSA.txt,2025-12-29 22:28:49.803738
0.1.1.1.0.0.searchglobal.0,Small,16,7,TPLT,6,3,8,TestSR,0.57241,0.7381124630055903,0.22446,0.3442374051069703,0.42759,/gpfs/projects/HeinzGroup/caffeine_underground/mlrt/FlexFringe/FlexFringe/models-ps-small/0.1.1.1.0.0.searchglobal.0.ini/0.1.1.1.0.0.searchglobal.0_16.07.TPLT.6.3.8_Small.final.json,/gpfs/projects/HeinzGroup/asoubki/FlexFringe/data/MLRegTest/Large/16.07.TPLT.6.3.8_TestSR.txt,2025-12-29 22:28:49.803738
0.1.1.1.0.0.searchglobal.0,Small,16,7,TPLT,6,3,8,TestLR,0.54375,0.6499417369250805,0.18964,0.2936103670903714,0.45625,/gpfs/projects/HeinzGroup/caffeine_underground/mlrt/FlexFringe/FlexFringe/models-ps-small/0.1.1.1.0.0.searchglobal.0.ini/0.1.1.1.0.0.searchglobal.0_16.07.TPLT.6.3.8_Small.final.json,/gpfs/projects/HeinzGroup/asoubki/FlexFringe/data/MLRegTest/Large/16.07.TPLT.6.3.8_TestLR.txt,2025-12-29 22:28:49.803738
0.1.1.1.0.0.searchglobal.0,Small,16,7,TPLT,6,3,8,Dev,0.57411,0.7439273253900336,0.22602,0.34670429967326777,0.42589,/gpfs/projects/HeinzGroup/caffeine_underground/mlrt/FlexFringe/FlexFringe/models-ps-small/0.1.1.1.0.0.searchglobal.0.ini/0.1.1.1.0.0.searchglobal.0_16.07.TPLT.6.3.8_Small.final.json,/gpfs/projects/HeinzGroup/asoubki/FlexFringe/data/MLRegTest/Large/16.07.TPLT.6.3.8_Dev.txt,2025-12-29 22:28:49.803738
0.1.1.1.0.0.searchglobal.0,Small,16,7,TPLT,6,3,8,Train,0.577,0.7516339869281046,0.23,0.35222052067381315,0.423,/gpfs/projects/HeinzGroup/caffeine_underground/mlrt/FlexFringe/FlexFringe/models-ps-small/0.1.1.1.0.0.searchglobal.0.ini/0.1.1.1.0.0.searchglobal.0_16.07.TPLT.6.3.8_Small.final.json,/gpfs/projects/HeinzGroup/asoubki/FlexFringe/data/MLRegTest/Small/16.07.TPLT.6.3.8_Train.txt,2025-12-29 22:28:49.803738
0.1.1.1.0.0.searchglobal.0,Small,16,7,TPLT,6,3,9,TestSR,0.49897,0.4963719619584361,0.14092,0.21951865410078666,0.50103,/gpfs/projects/HeinzGroup/caffeine_underground/mlrt/FlexFringe/FlexFringe/models-ps-small/0.1.1.1.0.0.searchglobal.0.ini/0.1.1.1.0.0.searchglobal.0_16.07.TPLT.6.3.9_Small.final.json,/gpfs/projects/HeinzGroup/asoubki/FlexFringe/data/MLRegTest/Large/16.07.TPLT.6.3.9_TestSR.txt,2025-12-29 22:44:38.607603
0.1.1.1.0.0.searchglobal.0,Small,16,7,TPLT,6,3,9,TestLR,0.49895,0.49630307724808115,0.14096,0.21956044298375416,0.50105,/gpfs/projects/HeinzGroup/caffeine_underground/mlrt/FlexFringe/FlexFringe/models-ps-small/0.1.1.1.0.0.searchglobal.0.ini/0.1.1.1.0.0.searchglobal.0_16.07.TPLT.6.3.9_Small.final.json,/gpfs/projects/HeinzGroup/asoubki/FlexFringe/data/MLRegTest/Large/16.07.TPLT.6.3.9_TestLR.txt,2025-12-29 22:44:38.607603
0.1.1.1.0.0.searchglobal.0,Small,16,7,TPLT,6,3,9,TestSA,0.5,0.5,0.1464,0.2264851485148515,0.5,/gpfs/projects/HeinzGroup/caffeine_underground/mlrt/FlexFringe/FlexFringe/models-ps-small/0.1.1.1.0.0.searchglobal.0.ini/0.1.1.1.0.0.searchglobal.0_16.07.TPLT.6.3.9_Small.final.json,/gpfs/projects/HeinzGroup/asoubki/FlexFringe/data/MLRegTest/Large/16.07.TPLT.6.3.9_TestSA.txt,2025-12-29 22:44:38.607603
0.1.1.1.0.0.searchglobal.0,Small,16,7,TPLT,6,3,9,TestLA,0.5,0.5,0.14514,0.22497442415599714,0.5,/gpfs/projects/HeinzGroup/caffeine_underground/mlrt/FlexFringe/FlexFringe/models-ps-small/0.1.1.1.0.0.searchglobal.0.ini/0.1.1.1.0.0.searchglobal.0_16.07.TPLT.6.3.9_Small.final.json,/gpfs/projects/HeinzGroup/asoubki/FlexFringe/data/MLRegTest/Large/16.07.TPLT.6.3.9_TestLA.txt,2025-12-29 22:44:38.607603
0.1.1.1.0.0.searchglobal.0,Small,16,7,TPLT,6,3,9,Dev,0.5003,0.501043986636971,0.14398,0.2236825751926423,0.4997,/gpfs/projects/HeinzGroup/caffeine_underground/mlrt/FlexFringe/FlexFringe/models-ps-small/0.1.1.1.0.0.searchglobal.0.ini/0.1.1.1.0.0.searchglobal.0_16.07.TPLT.6.3.9_Small.final.json,/gpfs/projects/HeinzGroup/asoubki/FlexFringe/data/MLRegTest/Large/16.07.TPLT.6.3.9_Dev.txt,2025-12-29 22:44:38.607603
0.1.1.1.0.0.searchglobal.0,Small,16,7,TPLT,6,3,9,Train,0.497,0.4911242603550296,0.166,0.24813153961136025,0.503,/gpfs/projects/HeinzGroup/caffeine_underground/mlrt/FlexFringe/FlexFringe/models-ps-small/0.1.1.1.0.0.searchglobal.0.ini/0.1.1.1.0.0.searchglobal.0_16.07.TPLT.6.3.9_Small.final.json,/gpfs/projects/HeinzGroup/asoubki/FlexFringe/data/MLRegTest/Small/16.07.TPLT.6.3.9_Train.txt,2025-12-29 22:44:38.607603
0.1.1.1.0.0.searchglobal.0,Small,16,7,TSL,2,1,0,TestSR,0.86466,0.8660069054119158,0.86282,0.8644105153482408,0.13534,/gpfs/projects/HeinzGroup/caffeine_underground/mlrt/FlexFringe/FlexFringe/models-ps-small/0.1.1.1.0.0.searchglobal.0.ini/0.1.1.1.0.0.searchglobal.0_16.07.TSL.2.1.0_Small.final.json,/gpfs/projects/HeinzGroup/asoubki/FlexFringe/data/MLRegTest/Large/16.07.TSL.2.1.0_TestSR.txt,2025-12-29 22:43:25.465845
0.1.1.1.0.0.searchglobal.0,Small,16,7,TSL,2,1,0,TestLA,0.75783,0.7821699827084291,0.7147,0.7469144188865782,0.24217,/gpfs/projects/HeinzGroup/caffeine_underground/mlrt/FlexFringe/FlexFringe/models-ps-small/0.1.1.1.0.0.searchglobal.0.ini/0.1.1.1.0.0.searchglobal.0_16.07.TSL.2.1.0_Small.final.json,/gpfs/projects/HeinzGroup/asoubki/FlexFringe/data/MLRegTest/Large/16.07.TSL.2.1.0_TestLA.txt,2025-12-29 22:43:25.465845
0.1.1.1.0.0.searchglobal.0,Small,16,7,TSL,2,1,0,TestSA,0.80709,0.8292625394034268,0.77342,0.8003684041683483,0.19291,/gpfs/projects/HeinzGroup/caffeine_underground/mlrt/FlexFringe/FlexFringe/models-ps-small/0.1.1.1.0.0.searchglobal.0.ini/0.1.1.1.0.0.searchglobal.0_16.07.TSL.2.1.0_Small.final.json,/gpfs/projects/HeinzGroup/asoubki/FlexFringe/data/MLRegTest/Large/16.07.TSL.2.1.0_TestSA.txt,2025-12-29 22:43:25.465845
0.1.1.1.0.0.searchglobal.0,Small,16,7,TSL,2,1,0,TestLR,0.81548,0.8279145185431565,0.79652,0.81191388730327,0.18452,/gpfs/projects/HeinzGroup/caffeine_underground/mlrt/FlexFringe/FlexFringe/models-ps-small/0.1.1.1.0.0.searchglobal.0.ini/0.1.1.1.0.0.searchglobal.0_16.07.TSL.2.1.0_Small.final.json,/gpfs/projects/HeinzGroup/asoubki/FlexFringe/data/MLRegTest/Large/16.07.TSL.2.1.0_TestLR.txt,2025-12-29 22:43:25.465845
0.1.1.1.0.0.searchglobal.0,Small,16,7,TSL,2,1,0,Dev,0.86772,0.8699545253330114,0.8647,0.867319304298983,0.13228,/gpfs/projects/HeinzGroup/caffeine_underground/mlrt/FlexFringe/FlexFringe/models-ps-small/0.1.1.1.0.0.searchglobal.0.ini/0.1.1.1.0.0.searchglobal.0_16.07.TSL.2.1.0_Small.final.json,/gpfs/projects/HeinzGroup/asoubki/FlexFringe/data/MLRegTest/Large/16.07.TSL.2.1.0_Dev.txt,2025-12-29 22:43:25.465845
0.1.1.1.0.0.searchglobal.0,Small,16,7,TSL,2,1,0,Train,0.872,0.8690476190476191,0.876,0.8725099601593626,0.128,/gpfs/projects/HeinzGroup/caffeine_underground/mlrt/FlexFringe/FlexFringe/models-ps-small/0.1.1.1.0.0.searchglobal.0.ini/0.1.1.1.0.0.searchglobal.0_16.07.TSL.2.1.0_Small.final.json,/gpfs/projects/HeinzGroup/asoubki/FlexFringe/data/MLRegTest/Small/16.07.TSL.2.1.0_Train.txt,2025-12-29 22:43:25.465845
0.1.1.1.0.0.searchglobal.0,Small,16,7,TSL,2,1,1,TestLA,0.52619,0.528527547219136,0.48522,0.5059487190181746,0.47381,/gpfs/projects/HeinzGroup/caffeine_underground/mlrt/FlexFringe/FlexFringe/models-ps-small/0.1.1.1.0.0.searchglobal.0.ini/0.1.1.1.0.0.searchglobal.0_16.07.TSL.2.1.1_Small.final.json,/gpfs/projects/HeinzGroup/asoubki/FlexFringe/data/MLRegTest/Large/16.07.TSL.2.1.1_TestLA.txt,2025-12-29 22:08:26.757599
0.1.1.1.0.0.searchglobal.0,Small,16,7,TSL,2,1,1,TestSR,0.56641,0.5560128877717987,0.65922,0.6032338649902544,0.43359,/gpfs/projects/HeinzGroup/caffeine_underground/mlrt/FlexFringe/FlexFringe/models-ps-small/0.1.1.1.0.0.searchglobal.0.ini/0.1.1.1.0.0.searchglobal.0_16.07.TSL.2.1.1_Small.final.json,/gpfs/projects/HeinzGroup/asoubki/FlexFringe/data/MLRegTest/Large/16.07.TSL.2.1.1_TestSR.txt,2025-12-29 22:08:26.757599
0.1.1.1.0.0.searchglobal.0,Small,16,7,TSL,2,1,1,TestSA,0.53655,0.5315059046633911,0.6166,0.5708994953937317,0.46345,/gpfs/projects/HeinzGroup/caffeine_underground/mlrt/FlexFringe/FlexFringe/models-ps-small/0.1.1.1.0.0.searchglobal.0.ini/0.1.1.1.0.0.searchglobal.0_16.07.TSL.2.1.1_Small.final.json,/gpfs/projects/HeinzGroup/asoubki/FlexFringe/data/MLRegTest/Large/16.07.TSL.2.1.1_TestSA.txt,2025-12-29 22:08:26.757599
0.1.1.1.0.0.searchglobal.0,Small,16,7,TSL,2,1,1,TestLR,0.55559,0.559460904909616,0.52304,0.5406377590573156,0.44441,/gpfs/projects/HeinzGroup/caffeine_underground/mlrt/FlexFringe/FlexFringe/models-ps-small/0.1.1.1.0.0.searchglobal.0.ini/0.1.1.1.0.0.searchglobal.0_16.07.TSL.2.1.1_Small.final.json,/gpfs/projects/HeinzGroup/asoubki/FlexFringe/data/MLRegTest/Large/16.07.TSL.2.1.1_TestLR.txt,2025-12-29 22:08:26.757599
0.1.1.1.0.0.searchglobal.0,Small,16,7,TSL,2,1,1,Dev,0.56761,0.5567702822980167,0.66308,0.6052927054141145,0.43239,/gpfs/projects/HeinzGroup/caffeine_underground/mlrt/FlexFringe/FlexFringe/models-ps-small/0.1.1.1.0.0.searchglobal.0.ini/0.1.1.1.0.0.searchglobal.0_16.07.TSL.2.1.1_Small.final.json,/gpfs/projects/HeinzGroup/asoubki/FlexFringe/data/MLRegTest/Large/16.07.TSL.2.1.1_Dev.txt,2025-12-29 22:08:26.757599
0.1.1.1.0.0.searchglobal.0,Small,16,7,TSL,2,1,1,Train,0.584,0.57,0.684,0.6218181818181818,0.416,/gpfs/projects/HeinzGroup/caffeine_underground/mlrt/FlexFringe/FlexFringe/models-ps-small/0.1.1.1.0.0.searchglobal.0.ini/0.1.1.1.0.0.searchglobal.0_16.07.TSL.2.1.1_Small.final.json,/gpfs/projects/HeinzGroup/asoubki/FlexFringe/data/MLRegTest/Small/16.07.TSL.2.1.1_Train.txt,2025-12-29 22:08:26.757599
0.1.1.1.0.0.searchglobal.0,Small,16,7,TSL,2,1,2,TestLA,0.61423,0.61961507047268,0.59172,0.6053463462541816,0.38577,/gpfs/projects/HeinzGroup/caffeine_underground/mlrt/FlexFringe/FlexFringe/models-ps-small/0.1.1.1.0.0.searchglobal.0.ini/0.1.1.1.0.0.searchglobal.0_16.07.TSL.2.1.2_Small.final.json,/gpfs/projects/HeinzGroup/asoubki/FlexFringe/data/MLRegTest/Large/16.07.TSL.2.1.2_TestLA.txt,2025-12-29 23:33:51.209205
0.1.1.1.0.0.searchglobal.0,Small,16,7,TSL,2,1,2,TestSR,0.72472,0.7215387042075792,0.7319,0.7266824202228003,0.27528,/gpfs/projects/HeinzGroup/caffeine_underground/mlrt/FlexFringe/FlexFringe/models-ps-small/0.1.1.1.0.0.searchglobal.0.ini/0.1.1.1.0.0.searchglobal.0_16.07.TSL.2.1.2_Small.final.json,/gpfs/projects/HeinzGroup/asoubki/FlexFringe/data/MLRegTest/Large/16.07.TSL.2.1.2_TestSR.txt,2025-12-29 23:33:51.209205
0.1.1.1.0.0.searchglobal.0,Small,16,7,TSL,2,1,2,TestLR,0.65572,0.6589109315046127,0.64568,0.6522283728635501,0.34428,/gpfs/projects/HeinzGroup/caffeine_underground/mlrt/FlexFringe/FlexFringe/models-ps-small/0.1.1.1.0.0.searchglobal.0.ini/0.1.1.1.0.0.searchglobal.0_16.07.TSL.2.1.2_Small.final.json,/gpfs/projects/HeinzGroup/asoubki/FlexFringe/data/MLRegTest/Large/16.07.TSL.2.1.2_TestLR.txt,2025-12-29 23:33:51.209205
0.1.1.1.0.0.searchglobal.0,Small,16,7,TSL,2,1,2,TestSA,0.67879,0.6867024498235208,0.6576,0.6718362092745273,0.32121,/gpfs/projects/HeinzGroup/caffeine_underground/mlrt/FlexFringe/FlexFringe/models-ps-small/0.1.1.1.0.0.searchglobal.0.ini/0.1.1.1.0.0.searchglobal.0_16.07.TSL.2.1.2_Small.final.json,/gpfs/projects/HeinzGroup/asoubki/FlexFringe/data/MLRegTest/Large/16.07.TSL.2.1.2_TestSA.txt,2025-12-29 23:33:51.209205
0.1.1.1.0.0.searchglobal.0,Small,16,7,TSL,2,1,2,Dev,0.72492,0.7234719020745569,0.72816,0.7258083808460588,0.27508,/gpfs/projects/HeinzGroup/caffeine_underground/mlrt/FlexFringe/FlexFringe/models-ps-small/0.1.1.1.0.0.searchglobal.0.ini/0.1.1.1.0.0.searchglobal.0_16.07.TSL.2.1.2_Small.final.json,/gpfs/projects/HeinzGroup/asoubki/FlexFringe/data/MLRegTest/Large/16.07.TSL.2.1.2_Dev.txt,2025-12-29 23:33:51.209205
0.1.1.1.0.0.searchglobal.0,Small,16,7,TSL,2,1,2,Train,0.718,0.7080152671755725,0.742,0.724609375,0.282,/gpfs/projects/HeinzGroup/caffeine_underground/mlrt/FlexFringe/FlexFringe/models-ps-small/0.1.1.1.0.0.searchglobal.0.ini/0.1.1.1.0.0.searchglobal.0_16.07.TSL.2.1.2_Small.final.json,/gpfs/projects/HeinzGroup/asoubki/FlexFringe/data/MLRegTest/Small/16.07.TSL.2.1.2_Train.txt,2025-12-29 23:33:51.209205
0.1.1.1.0.0.searchglobal.0,Small,16,7,TSL,2,1,3,TestSR,0.57219,0.5693108281967088,0.59296,0.5808948146987079,0.42781,/gpfs/projects/HeinzGroup/caffeine_underground/mlrt/FlexFringe/FlexFringe/models-ps-small/0.1.1.1.0.0.searchglobal.0.ini/0.1.1.1.0.0.searchglobal.0_16.07.TSL.2.1.3_Small.final.json,/gpfs/projects/HeinzGroup/asoubki/FlexFringe/data/MLRegTest/Large/16.07.TSL.2.1.3_TestSR.txt,2025-12-29 22:03:14.067389
0.1.1.1.0.0.searchglobal.0,Small,16,7,TSL,2,1,3,TestLA,0.51994,0.5188468809073724,0.54894,0.533469387755102,0.48006,/gpfs/projects/HeinzGroup/caffeine_underground/mlrt/FlexFringe/FlexFringe/models-ps-small/0.1.1.1.0.0.searchglobal.0.ini/0.1.1.1.0.0.searchglobal.0_16.07.TSL.2.1.3_Small.final.json,/gpfs/projects/HeinzGroup/asoubki/FlexFringe/data/MLRegTest/Large/16.07.TSL.2.1.3_TestLA.txt,2025-12-29 22:03:14.067389
0.1.1.1.0.0.searchglobal.0,Small,16,7,TSL,2,1,3,TestLR,0.55058,0.5483982087495695,0.57312,0.5604866313298257,0.44942,/gpfs/projects/HeinzGroup/caffeine_underground/mlrt/FlexFringe/FlexFringe/models-ps-small/0.1.1.1.0.0.searchglobal.0.ini/0.1.1.1.0.0.searchglobal.0_16.07.TSL.2.1.3_Small.final.json,/gpfs/projects/HeinzGroup/asoubki/FlexFringe/data/MLRegTest/Large/16.07.TSL.2.1.3_TestLR.txt,2025-12-29 22:03:14.067389
0.1.1.1.0.0.searchglobal.0,Small,16,7,TSL,2,1,3,TestSA,0.53926,0.5378665123456791,0.55766,0.5475844461901022,0.46074,/gpfs/projects/HeinzGroup/caffeine_underground/mlrt/FlexFringe/FlexFringe/models-ps-small/0.1.1.1.0.0.searchglobal.0.ini/0.1.1.1.0.0.searchglobal.0_16.07.TSL.2.1.3_Small.final.json,/gpfs/projects/HeinzGroup/asoubki/FlexFringe/data/MLRegTest/Large/16.07.TSL.2.1.3_TestSA.txt,2025-12-29 22:03:14.067389
0.1.1.1.0.0.searchglobal.0,Small,16,7,TSL,2,1,3,Dev,0.57217,0.5688921132514939,0.59596,0.582111565848465,0.42783,/gpfs/projects/HeinzGroup/caffeine_underground/mlrt/FlexFringe/FlexFringe/models-ps-small/0.1.1.1.0.0.searchglobal.0.ini/0.1.1.1.0.0.searchglobal.0_16.07.TSL.2.1.3_Small.final.json,/gpfs/projects/HeinzGroup/asoubki/FlexFringe/data/MLRegTest/Large/16.07.TSL.2.1.3_Dev.txt,2025-12-29 22:03:14.067389
0.1.1.1.0.0.searchglobal.0,Small,16,7,TSL,2,1,3,Train,0.563,0.5611650485436893,0.578,0.5694581280788177,0.437,/gpfs/projects/HeinzGroup/caffeine_underground/mlrt/FlexFringe/FlexFringe/models-ps-small/0.1.1.1.0.0.searchglobal.0.ini/0.1.1.1.0.0.searchglobal.0_16.07.TSL.2.1.3_Small.final.json,/gpfs/projects/HeinzGroup/asoubki/FlexFringe/data/MLRegTest/Small/16.07.TSL.2.1.3_Train.txt,2025-12-29 22:03:14.067389
0.1.1.1.0.0.searchglobal.0,Small,16,7,TSL,2,1,4,TestSA,0.51169,0.5441098784997359,0.1442,0.22798058528718915,0.48831,/gpfs/projects/HeinzGroup/caffeine_underground/mlrt/FlexFringe/FlexFringe/models-ps-small/0.1.1.1.0.0.searchglobal.0.ini/0.1.1.1.0.0.searchglobal.0_16.07.TSL.2.1.4_Small.final.json,/gpfs/projects/HeinzGroup/asoubki/FlexFringe/data/MLRegTest/Large/16.07.TSL.2.1.4_TestSA.txt,2025-12-29 22:08:26.332763
0.1.1.1.0.0.searchglobal.0,Small,16,7,TSL,2,1,4,TestSR,0.50237,0.5094339622641509,0.12798,0.2045683412988923,0.49763,/gpfs/projects/HeinzGroup/caffeine_underground/mlrt/FlexFringe/FlexFringe/models-ps-small/0.1.1.1.0.0.searchglobal.0.ini/0.1.1.1.0.0.searchglobal.0_16.07.TSL.2.1.4_Small.final.json,/gpfs/projects/HeinzGroup/asoubki/FlexFringe/data/MLRegTest/Large/16.07.TSL.2.1.4_TestSR.txt,2025-12-29 22:08:26.332763
0.1.1.1.0.0.searchglobal.0,Small,16,7,TSL,2,1,4,TestLA,0.511,0.541914342325865,0.14222,0.22530971768955357,0.489,/gpfs/projects/HeinzGroup/caffeine_underground/mlrt/FlexFringe/FlexFringe/models-ps-small/0.1.1.1.0.0.searchglobal.0.ini/0.1.1.1.0.0.searchglobal.0_16.07.TSL.2.1.4_Small.final.json,/gpfs/projects/HeinzGroup/asoubki/FlexFringe/data/MLRegTest/Large/16.07.TSL.2.1.4_TestLA.txt,2025-12-29 22:08:26.332763
0.1.1.1.0.0.searchglobal.0,Small,16,7,TSL,2,1,4,TestLR,0.50322,0.5130533484676504,0.12656,0.20303526165495556,0.49678,/gpfs/projects/HeinzGroup/caffeine_underground/mlrt/FlexFringe/FlexFringe/models-ps-small/0.1.1.1.0.0.searchglobal.0.ini/0.1.1.1.0.0.searchglobal.0_16.07.TSL.2.1.4_Small.final.json,/gpfs/projects/HeinzGroup/asoubki/FlexFringe/data/MLRegTest/Large/16.07.TSL.2.1.4_TestLR.txt,2025-12-29 22:08:26.332763
0.1.1.1.0.0.searchglobal.0,Small,16,7,TSL,2,1,4,Dev,0.50396,0.515926640926641,0.12828,0.2054715530497181,0.49604,/gpfs/projects/HeinzGroup/caffeine_underground/mlrt/FlexFringe/FlexFringe/models-ps-small/0.1.1.1.0.0.searchglobal.0.ini/0.1.1.1.0.0.searchglobal.0_16.07.TSL.2.1.4_Small.final.json,/gpfs/projects/HeinzGroup/asoubki/FlexFringe/data/MLRegTest/Large/16.07.TSL.2.1.4_Dev.txt,2025-12-29 22:08:26.332763
0.1.1.1.0.0.searchglobal.0,Small,16,7,TSL,2,1,4,Train,0.497,0.48695652173913045,0.112,0.1821138211382114,0.503,/gpfs/projects/HeinzGroup/caffeine_underground/mlrt/FlexFringe/FlexFringe/models-ps-small/0.1.1.1.0.0.searchglobal.0.ini/0.1.1.1.0.0.searchglobal.0_16.07.TSL.2.1.4_Small.final.json,/gpfs/projects/HeinzGroup/asoubki/FlexFringe/data/MLRegTest/Small/16.07.TSL.2.1.4_Train.txt,2025-12-29 22:08:26.332763
0.1.1.1.0.0.searchglobal.0,Small,16,7,TSL,2,1,6,TestLA,0.50393,0.5145977267662135,0.13854,0.21830730684987631,0.49607,/gpfs/projects/HeinzGroup/caffeine_underground/mlrt/FlexFringe/FlexFringe/models-ps-small/0.1.1.1.0.0.searchglobal.0.ini/0.1.1.1.0.0.searchglobal.0_16.07.TSL.2.1.6_Small.final.json,/gpfs/projects/HeinzGroup/asoubki/FlexFringe/data/MLRegTest/Large/16.07.TSL.2.1.6_TestLA.txt,2025-12-29 22:53:41.461476
0.1.1.1.0.0.searchglobal.0,Small,16,7,TSL,2,1,6,TestSR,0.49972,0.4989569363731188,0.13394,0.2111885465611302,0.50028,/gpfs/projects/HeinzGroup/caffeine_underground/mlrt/FlexFringe/FlexFringe/models-ps-small/0.1.1.1.0.0.searchglobal.0.ini/0.1.1.1.0.0.searchglobal.0_16.07.TSL.2.1.6_Small.final.json,/gpfs/projects/HeinzGroup/asoubki/FlexFringe/data/MLRegTest/Large/16.07.TSL.2.1.6_TestSR.txt,2025-12-29 22:53:41.461476
0.1.1.1.0.0.searchglobal.0,Small,16,7,TSL,2,1,6,TestLR,0.49925,0.497164461247637,0.1315,0.20798734677738237,0.50075,/gpfs/projects/HeinzGroup/caffeine_underground/mlrt/FlexFringe/FlexFringe/models-ps-small/0.1.1.1.0.0.searchglobal.0.ini/0.1.1.1.0.0.searchglobal.0_16.07.TSL.2.1.6_Small.final.json,/gpfs/projects/HeinzGroup/asoubki/FlexFringe/data/MLRegTest/Large/16.07.TSL.2.1.6_TestLR.txt,2025-12-29 22:53:41.461476
0.1.1.1.0.0.searchglobal.0,Small,16,7,TSL,2,1,6,TestSA,0.50478,0.5174758701374671,0.14154,0.22228155034864,0.49522,/gpfs/projects/HeinzGroup/caffeine_underground/mlrt/FlexFringe/FlexFringe/models-ps-small/0.1.1.1.0.0.searchglobal.0.ini/0.1.1.1.0.0.searchglobal.0_16.07.TSL.2.1.6_Small.final.json,/gpfs/projects/HeinzGroup/asoubki/FlexFringe/data/MLRegTest/Large/16.07.TSL.2.1.6_TestSA.txt,2025-12-29 22:53:41.461476
0.1.1.1.0.0.searchglobal.0,Small,16,7,TSL,2,1,6,Dev,0.49671,0.48749144551745116,0.12822,0.20303716489050055,0.50329,/gpfs/projects/HeinzGroup/caffeine_underground/mlrt/FlexFringe/FlexFringe/models-ps-small/0.1.1.1.0.0.searchglobal.0.ini/0.1.1.1.0.0.searchglobal.0_16.07.TSL.2.1.6_Small.final.json,/gpfs/projects/HeinzGroup/asoubki/FlexFringe/data/MLRegTest/Large/16.07.TSL.2.1.6_Dev.txt,2025-12-29 22:53:41.461476
0.1.1.1.0.0.searchglobal.0,Small,16,7,TSL,2,1,6,Train,0.478,0.4276315789473684,0.13,0.19938650306748465,0.522,/gpfs/projects/HeinzGroup/caffeine_underground/mlrt/FlexFringe/FlexFringe/models-ps-small/0.1.1.1.0.0.searchglobal.0.ini/0.1.1.1.0.0.searchglobal.0_16.07.TSL.2.1.6_Small.final.json,/gpfs/projects/HeinzGroup/asoubki/FlexFringe/data/MLRegTest/Small/16.07.TSL.2.1.6_Train.txt,2025-12-29 22:53:41.461476
0.1.1.1.0.0.searchglobal.0,Small,16,7,TSL,2,1,7,TestSA,0.50576,0.5213586472856719,0.1406,0.22147312708714006,0.49424,/gpfs/projects/HeinzGroup/caffeine_underground/mlrt/FlexFringe/FlexFringe/models-ps-small/0.1.1.1.0.0.searchglobal.0.ini/0.1.1.1.0.0.searchglobal.0_16.07.TSL.2.1.7_Small.final.json,/gpfs/projects/HeinzGroup/asoubki/FlexFringe/data/MLRegTest/Large/16.07.TSL.2.1.7_TestSA.txt,2025-12-29 22:49:00.189109
0.1.1.1.0.0.searchglobal.0,Small,16,7,TSL,2,1,7,TestLR,0.50159,0.5059385971464854,0.13546,0.21370312524650165,0.49841,/gpfs/projects/HeinzGroup/caffeine_underground/mlrt/FlexFringe/FlexFringe/models-ps-small/0.1.1.1.0.0.searchglobal.0.ini/0.1.1.1.0.0.searchglobal.0_16.07.TSL.2.1.7_Small.final.json,/gpfs/projects/HeinzGroup/asoubki/FlexFringe/data/MLRegTest/Large/16.07.TSL.2.1.7_TestLR.txt,2025-12-29 22:49:00.189109
0.1.1.1.0.0.searchglobal.0,Small,16,7,TSL,2,1,7,TestSR,0.5015,0.505540780141844,0.13686,0.21540543943591034,0.4985,/gpfs/projects/HeinzGroup/caffeine_underground/mlrt/FlexFringe/FlexFringe/models-ps-small/0.1.1.1.0.0.searchglobal.0.ini/0.1.1.1.0.0.searchglobal.0_16.07.TSL.2.1.7_Small.final.json,/gpfs/projects/HeinzGroup/asoubki/FlexFringe/data/MLRegTest/Large/16.07.TSL.2.1.7_TestSR.txt,2025-12-29 22:49:00.189109
0.1.1.1.0.0.searchglobal.0,Small,16,7,TSL,2,1,7,TestLA,0.50433,0.5159202882564895,0.14032,0.22063239988050126,0.49567,/gpfs/projects/HeinzGroup/caffeine_underground/mlrt/FlexFringe/FlexFringe/models-ps-small/0.1.1.1.0.0.searchglobal.0.ini/0.1.1.1.0.0.searchglobal.0_16.07.TSL.2.1.7_Small.final.json,/gpfs/projects/HeinzGroup/asoubki/FlexFringe/data/MLRegTest/Large/16.07.TSL.2.1.7_TestLA.txt,2025-12-29 22:49:00.189109
0.1.1.1.0.0.searchglobal.0,Small,16,7,TSL,2,1,7,Dev,0.50267,0.5097895431546527,0.13904,0.21848924367899178,0.49733,/gpfs/projects/HeinzGroup/caffeine_underground/mlrt/FlexFringe/FlexFringe/models-ps-small/0.1.1.1.0.0.searchglobal.0.ini/0.1.1.1.0.0.searchglobal.0_16.07.TSL.2.1.7_Small.final.json,/gpfs/projects/HeinzGroup/asoubki/FlexFringe/data/MLRegTest/Large/16.07.TSL.2.1.7_Dev.txt,2025-12-29 22:49:00.189109
0.1.1.1.0.0.searchglobal.0,Small,16,7,TSL,2,1,7,Train,0.498,0.49324324324324326,0.146,0.22530864197530864,0.502,/gpfs/projects/HeinzGroup/caffeine_underground/mlrt/FlexFringe/FlexFringe/models-ps-small/0.1.1.1.0.0.searchglobal.0.ini/0.1.1.1.0.0.searchglobal.0_16.07.TSL.2.1.7_Small.final.json,/gpfs/projects/HeinzGroup/asoubki/FlexFringe/data/MLRegTest/Small/16.07.TSL.2.1.7_Train.txt,2025-12-29 22:49:00.189109
0.1.1.1.0.0.searchglobal.0,Small,16,7,TSL,2,1,8,TestSR,0.45541,0.4067193841261872,0.19442,0.2630816903695484,0.54459,/gpfs/projects/HeinzGroup/caffeine_underground/mlrt/FlexFringe/FlexFringe/models-ps-small/0.1.1.1.0.0.searchglobal.0.ini/0.1.1.1.0.0.searchglobal.0_16.07.TSL.2.1.8_Small.final.json,/gpfs/projects/HeinzGroup/asoubki/FlexFringe/data/MLRegTest/Large/16.07.TSL.2.1.8_TestSR.txt,2025-12-29 22:49:39.543872
0.1.1.1.0.0.searchglobal.0,Small,16,7,TSL,2,1,8,TestSA,0.46581,0.42720885671705344,0.20066,0.27306252976797984,0.53419,/gpfs/projects/HeinzGroup/caffeine_underground/mlrt/FlexFringe/FlexFringe/models-ps-small/0.1.1.1.0.0.searchglobal.0.ini/0.1.1.1.0.0.searchglobal.0_16.07.TSL.2.1.8_Small.final.json,/gpfs/projects/HeinzGroup/asoubki/FlexFringe/data/MLRegTest/Large/16.07.TSL.2.1.8_TestSA.txt,2025-12-29 22:49:39.543872
0.1.1.1.0.0.searchglobal.0,Small,16,7,TSL,2,1,8,TestLA,0.46608,0.42737860751905454,0.19962,0.2721323990511765,0.53392,/gpfs/projects/HeinzGroup/caffeine_underground/mlrt/FlexFringe/FlexFringe/models-ps-small/0.1.1.1.0.0.searchglobal.0.ini/0.1.1.1.0.0.searchglobal.0_16.07.TSL.2.1.8_Small.final.json,/gpfs/projects/HeinzGroup/asoubki/FlexFringe/data/MLRegTest/Large/16.07.TSL.2.1.8_TestLA.txt,2025-12-29 22:49:39.543872
0.1.1.1.0.0.searchglobal.0,Small,16,7,TSL,2,1,8,TestLR,0.45654,0.4080795262267343,0.19294,0.26200434546442153,0.54346,/gpfs/projects/HeinzGroup/caffeine_underground/mlrt/FlexFringe/FlexFringe/models-ps-small/0.1.1.1.0.0.searchglobal.0.ini/0.1.1.1.0.0.searchglobal.0_16.07.TSL.2.1.8_Small.final.json,/gpfs/projects/HeinzGroup/asoubki/FlexFringe/data/MLRegTest/Large/16.07.TSL.2.1.8_TestLR.txt,2025-12-29 22:49:39.543872
0.1.1.1.0.0.searchglobal.0,Small,16,7,TSL,2,1,8,Dev,0.45216,0.40150704109363416,0.19502,0.2625259133618717,0.54784,/gpfs/projects/HeinzGroup/caffeine_underground/mlrt/FlexFringe/FlexFringe/models-ps-small/0.1.1.1.0.0.searchglobal.0.ini/0.1.1.1.0.0.searchglobal.0_16.07.TSL.2.1.8_Small.final.json,/gpfs/projects/HeinzGroup/asoubki/FlexFringe/data/MLRegTest/Large/16.07.TSL.2.1.8_Dev.txt,2025-12-29 22:49:39.543872
0.1.1.1.0.0.searchglobal.0,Small,16,7,TSL,2,1,8,Train,0.456,0.4051724137931034,0.188,0.2568306010928962,0.544,/gpfs/projects/HeinzGroup/caffeine_underground/mlrt/FlexFringe/FlexFringe/models-ps-small/0.1.1.1.0.0.searchglobal.0.ini/0.1.1.1.0.0.searchglobal.0_16.07.TSL.2.1.8_Small.final.json,/gpfs/projects/HeinzGroup/asoubki/FlexFringe/data/MLRegTest/Small/16.07.TSL.2.1.8_Train.txt,2025-12-29 22:49:39.543872
0.1.1.1.0.0.searchglobal.0,Small,16,7,TSL,2,1,9,TestLA,0.47408,0.3567955801104972,0.06458,0.10936494496189669,0.52592,/gpfs/projects/HeinzGroup/caffeine_underground/mlrt/FlexFringe/FlexFringe/models-ps-small/0.1.1.1.0.0.searchglobal.0.ini/0.1.1.1.0.0.searchglobal.0_16.07.TSL.2.1.9_Small.final.json,/gpfs/projects/HeinzGroup/asoubki/FlexFringe/data/MLRegTest/Large/16.07.TSL.2.1.9_TestLA.txt,2025-12-29 22:10:29.145355
0.1.1.1.0.0.searchglobal.0,Small,16,7,TSL,2,1,9,TestSR,0.46009,0.269971181556196,0.04684,0.07982956966340009,0.53991,/gpfs/projects/HeinzGroup/caffeine_underground/mlrt/FlexFringe/FlexFringe/models-ps-small/0.1.1.1.0.0.searchglobal.0.ini/0.1.1.1.0.0.searchglobal.0_16.07.TSL.2.1.9_Small.final.json,/gpfs/projects/HeinzGroup/asoubki/FlexFringe/data/MLRegTest/Large/16.07.TSL.2.1.9_TestSR.txt,2025-12-29 22:10:29.145355
0.1.1.1.0.0.searchglobal.0,Small,16,7,TSL,2,1,9,TestLR,0.45515,0.2760858711932102,0.0553,0.09214363075897693,0.54485,/gpfs/projects/HeinzGroup/caffeine_underground/mlrt/FlexFringe/FlexFringe/models-ps-small/0.1.1.1.0.0.searchglobal.0.ini/0.1.1.1.0.0.searchglobal.0_16.07.TSL.2.1.9_Small.final.json,/gpfs/projects/HeinzGroup/asoubki/FlexFringe/data/MLRegTest/Large/16.07.TSL.2.1.9_TestLR.txt,2025-12-29 22:10:29.145355
0.1.1.1.0.0.searchglobal.0,Small,16,7,TSL,2,1,9,TestSA,0.47311,0.33665411250151867,0.05542,0.0951726743487146,0.52689,/gpfs/projects/HeinzGroup/caffeine_underground/mlrt/FlexFringe/FlexFringe/models-ps-small/0.1.1.1.0.0.searchglobal.0.ini/0.1.1.1.0.0.searchglobal.0_16.07.TSL.2.1.9_Small.final.json,/gpfs/projects/HeinzGroup/asoubki/FlexFringe/data/MLRegTest/Large/16.07.TSL.2.1.9_TestSA.txt,2025-12-29 22:10:29.145355
0.1.1.1.0.0.searchglobal.0,Small,16,7,TSL,2,1,9,Dev,0.45953,0.26722650408374554,0.04646,0.07915765082718552,0.54047,/gpfs/projects/HeinzGroup/caffeine_underground/mlrt/FlexFringe/FlexFringe/models-ps-small/0.1.1.1.0.0.searchglobal.0.ini/0.1.1.1.0.0.searchglobal.0_16.07.TSL.2.1.9_Small.final.json,/gpfs/projects/HeinzGroup/asoubki/FlexFringe/data/MLRegTest/Large/16.07.TSL.2.1.9_Dev.txt,2025-12-29 22:10:29.145355
0.1.1.1.0.0.searchglobal.0,Small,16,7,TSL,2,1,9,Train,0.45,0.2159090909090909,0.038,0.06462585034013606,0.55,/gpfs/projects/HeinzGroup/caffeine_underground/mlrt/FlexFringe/FlexFringe/models-ps-small/0.1.1.1.0.0.searchglobal.0.ini/0.1.1.1.0.0.searchglobal.0_16.07.TSL.2.1.9_Small.final.json,/gpfs/projects/HeinzGroup/asoubki/FlexFringe/data/MLRegTest/Small/16.07.TSL.2.1.9_Train.txt,2025-12-29 22:10:29.145355
0.1.1.1.0.0.searchglobal.0,Small,16,7,TSL,4,1,0,TestSA,0.61577,0.7495580944169002,0.34772,0.47505977184233894,0.38423,/gpfs/projects/HeinzGroup/caffeine_underground/mlrt/FlexFringe/FlexFringe/models-ps-small/0.1.1.1.0.0.searchglobal.0.ini/0.1.1.1.0.0.searchglobal.0_16.07.TSL.4.1.0_Small.final.json,/gpfs/projects/HeinzGroup/asoubki/FlexFringe/data/MLRegTest/Large/16.07.TSL.4.1.0_TestSA.txt,2025-12-29 22:43:39.637419
0.1.1.1.0.0.searchglobal.0,Small,16,7,TSL,4,1,0,TestSR,0.90681,0.8984973453754678,0.91724,0.9077719386795721,0.09319,/gpfs/projects/HeinzGroup/caffeine_underground/mlrt/FlexFringe/FlexFringe/models-ps-small/0.1.1.1.0.0.searchglobal.0.ini/0.1.1.1.0.0.searchglobal.0_16.07.TSL.4.1.0_Small.final.json,/gpfs/projects/HeinzGroup/asoubki/FlexFringe/data/MLRegTest/Large/16.07.TSL.4.1.0_TestSR.txt,2025-12-29 22:43:39.637419
0.1.1.1.0.0.searchglobal.0,Small,16,7,TSL,4,1,0,TestLR,0.86452,0.8643305481149802,0.86478,0.8645552156439326,0.13548,/gpfs/projects/HeinzGroup/caffeine_underground/mlrt/FlexFringe/FlexFringe/models-ps-small/0.1.1.1.0.0.searchglobal.0.ini/0.1.1.1.0.0.searchglobal.0_16.07.TSL.4.1.0_Small.final.json,/gpfs/projects/HeinzGroup/asoubki/FlexFringe/data/MLRegTest/Large/16.07.TSL.4.1.0_TestLR.txt,2025-12-29 22:43:39.637419
0.1.1.1.0.0.searchglobal.0,Small,16,7,TSL,4,1,0,TestLA,0.60015,0.7039133444639003,0.34572,0.463698914924152,0.39985,/gpfs/projects/HeinzGroup/caffeine_underground/mlrt/FlexFringe/FlexFringe/models-ps-small/0.1.1.1.0.0.searchglobal.0.ini/0.1.1.1.0.0.searchglobal.0_16.07.TSL.4.1.0_Small.final.json,/gpfs/projects/HeinzGroup/asoubki/FlexFringe/data/MLRegTest/Large/16.07.TSL.4.1.0_TestLA.txt,2025-12-29 22:43:39.637419
0.1.1.1.0.0.searchglobal.0,Small,16,7,TSL,4,1,0,Dev,0.90591,0.8960174832679662,0.9184,0.9070706871178975,0.09409,/gpfs/projects/HeinzGroup/caffeine_underground/mlrt/FlexFringe/FlexFringe/models-ps-small/0.1.1.1.0.0.searchglobal.0.ini/0.1.1.1.0.0.searchglobal.0_16.07.TSL.4.1.0_Small.final.json,/gpfs/projects/HeinzGroup/asoubki/FlexFringe/data/MLRegTest/Large/16.07.TSL.4.1.0_Dev.txt,2025-12-29 22:43:39.637419
0.1.1.1.0.0.searchglobal.0,Small,16,7,TSL,4,1,0,Train,0.914,0.9058823529411765,0.924,0.9148514851485149,0.086,/gpfs/projects/HeinzGroup/caffeine_underground/mlrt/FlexFringe/FlexFringe/models-ps-small/0.1.1.1.0.0.searchglobal.0.ini/0.1.1.1.0.0.searchglobal.0_16.07.TSL.4.1.0_Small.final.json,/gpfs/projects/HeinzGroup/asoubki/FlexFringe/data/MLRegTest/Small/16.07.TSL.4.1.0_Train.txt,2025-12-29 22:43:39.637419
0.1.1.1.0.0.searchglobal.0,Small,16,7,TSL,4,1,1,TestLR,0.52711,0.5218745461293914,0.64678,0.5776523439942126,0.47289,/gpfs/projects/HeinzGroup/caffeine_underground/mlrt/FlexFringe/FlexFringe/models-ps-small/0.1.1.1.0.0.searchglobal.0.ini/0.1.1.1.0.0.searchglobal.0_16.07.TSL.4.1.1_Small.final.json,/gpfs/projects/HeinzGroup/asoubki/FlexFringe/data/MLRegTest/Large/16.07.TSL.4.1.1_TestLR.txt,2025-12-29 23:08:03.953012
0.1.1.1.0.0.searchglobal.0,Small,16,7,TSL,4,1,1,TestLA,0.50802,0.5066305102681967,0.6128,0.5546805698872174,0.49198,/gpfs/projects/HeinzGroup/caffeine_underground/mlrt/FlexFringe/FlexFringe/models-ps-small/0.1.1.1.0.0.searchglobal.0.ini/0.1.1.1.0.0.searchglobal.0_16.07.TSL.4.1.1_Small.final.json,/gpfs/projects/HeinzGroup/asoubki/FlexFringe/data/MLRegTest/Large/16.07.TSL.4.1.1_TestLA.txt,2025-12-29 23:08:03.953012
0.1.1.1.0.0.searchglobal.0,Small,16,7,TSL,4,1,1,TestSA,0.5169,0.5145099251322206,0.59926,0.5536605196053069,0.4831,/gpfs/projects/HeinzGroup/caffeine_underground/mlrt/FlexFringe/FlexFringe/models-ps-small/0.1.1.1.0.0.searchglobal.0.ini/0.1.1.1.0.0.searchglobal.0_16.07.TSL.4.1.1_Small.final.json,/gpfs/projects/HeinzGroup/asoubki/FlexFringe/data/MLRegTest/Large/16.07.TSL.4.1.1_TestSA.txt,2025-12-29 23:08:03.953012
0.1.1.1.0.0.searchglobal.0,Small,16,7,TSL,4,1,1,TestSR,0.55603,0.5456813475304515,0.6693,0.6012018647767388,0.44397,/gpfs/projects/HeinzGroup/caffeine_underground/mlrt/FlexFringe/FlexFringe/models-ps-small/0.1.1.1.0.0.searchglobal.0.ini/0.1.1.1.0.0.searchglobal.0_16.07.TSL.4.1.1_Small.final.json,/gpfs/projects/HeinzGroup/asoubki/FlexFringe/data/MLRegTest/Large/16.07.TSL.4.1.1_TestSR.txt,2025-12-29 23:08:03.953012
0.1.1.1.0.0.searchglobal.0,Small,16,7,TSL,4,1,1,Dev,0.54966,0.5401584991104642,0.66796,0.5972994724134848,0.45034,/gpfs/projects/HeinzGroup/caffeine_underground/mlrt/FlexFringe/FlexFringe/models-ps-small/0.1.1.1.0.0.searchglobal.0.ini/0.1.1.1.0.0.searchglobal.0_16.07.TSL.4.1.1_Small.final.json,/gpfs/projects/HeinzGroup/asoubki/FlexFringe/data/MLRegTest/Large/16.07.TSL.4.1.1_Dev.txt,2025-12-29 23:08:03.953012
0.1.1.1.0.0.searchglobal.0,Small,16,7,TSL,4,1,1,Train,0.567,0.5541195476575121,0.686,0.613047363717605,0.433,/gpfs/projects/HeinzGroup/caffeine_underground/mlrt/FlexFringe/FlexFringe/models-ps-small/0.1.1.1.0.0.searchglobal.0.ini/0.1.1.1.0.0.searchglobal.0_16.07.TSL.4.1.1_Small.final.json,/gpfs/projects/HeinzGroup/asoubki/FlexFringe/data/MLRegTest/Small/16.07.TSL.4.1.1_Train.txt,2025-12-29 23:08:03.953012
0.1.1.1.0.0.searchglobal.0,Small,16,7,TSL,4,1,2,TestSA,0.623,0.6595165222804378,0.50854,0.574271066242067,0.377,/gpfs/projects/HeinzGroup/caffeine_underground/mlrt/FlexFringe/FlexFringe/models-ps-small/0.1.1.1.0.0.searchglobal.0.ini/0.1.1.1.0.0.searchglobal.0_16.07.TSL.4.1.2_Small.final.json,/gpfs/projects/HeinzGroup/asoubki/FlexFringe/data/MLRegTest/Large/16.07.TSL.4.1.2_TestSA.txt,2025-12-29 23:08:01.369119
0.1.1.1.0.0.searchglobal.0,Small,16,7,TSL,4,1,2,TestLA,0.58883,0.6032354786974409,0.51906,0.5579910344753448,0.41117,/gpfs/projects/HeinzGroup/caffeine_underground/mlrt/FlexFringe/FlexFringe/models-ps-small/0.1.1.1.0.0.searchglobal.0.ini/0.1.1.1.0.0.searchglobal.0_16.07.TSL.4.1.2_Small.final.json,/gpfs/projects/HeinzGroup/asoubki/FlexFringe/data/MLRegTest/Large/16.07.TSL.4.1.2_TestLA.txt,2025-12-29 23:08:01.369119
0.1.1.1.0.0.searchglobal.0,Small,16,7,TSL,4,1,2,TestSR,0.78379,0.7609659205855848,0.82752,0.7928487252450346,0.21621,/gpfs/projects/HeinzGroup/caffeine_underground/mlrt/FlexFringe/FlexFringe/models-ps-small/0.1.1.1.0.0.searchglobal.0.ini/0.1.1.1.0.0.searchglobal.0_16.07.TSL.4.1.2_Small.final.json,/gpfs/projects/HeinzGroup/asoubki/FlexFringe/data/MLRegTest/Large/16.07.TSL.4.1.2_TestSR.txt,2025-12-29 23:08:01.369119
0.1.1.1.0.0.searchglobal.0,Small,16,7,TSL,4,1,2,TestLR,0.70992,0.6919812701199883,0.75664,0.7228676245796393,0.29008,/gpfs/projects/HeinzGroup/caffeine_underground/mlrt/FlexFringe/FlexFringe/models-ps-small/0.1.1.1.0.0.searchglobal.0.ini/0.1.1.1.0.0.searchglobal.0_16.07.TSL.4.1.2_Small.final.json,/gpfs/projects/HeinzGroup/asoubki/FlexFringe/data/MLRegTest/Large/16.07.TSL.4.1.2_TestLR.txt,2025-12-29 23:08:01.369119
0.1.1.1.0.0.searchglobal.0,Small,16,7,TSL,4,1,2,Dev,0.78635,0.7636400464028579,0.82942,0.7951719443565628,0.21365,/gpfs/projects/HeinzGroup/caffeine_underground/mlrt/FlexFringe/FlexFringe/models-ps-small/0.1.1.1.0.0.searchglobal.0.ini/0.1.1.1.0.0.searchglobal.0_16.07.TSL.4.1.2_Small.final.json,/gpfs/projects/HeinzGroup/asoubki/FlexFringe/data/MLRegTest/Large/16.07.TSL.4.1.2_Dev.txt,2025-12-29 23:08:01.369119
0.1.1.1.0.0.searchglobal.0,Small,16,7,TSL,4,1,2,Train,0.802,0.7827715355805244,0.836,0.8085106382978723,0.198,/gpfs/projects/HeinzGroup/caffeine_underground/mlrt/FlexFringe/FlexFringe/models-ps-small/0.1.1.1.0.0.searchglobal.0.ini/0.1.1.1.0.0.searchglobal.0_16.07.TSL.4.1.2_Small.final.json,/gpfs/projects/HeinzGroup/asoubki/FlexFringe/data/MLRegTest/Small/16.07.TSL.4.1.2_Train.txt,2025-12-29 23:08:01.369119
0.1.1.1.0.0.searchglobal.0,Small,16,7,TSL,4,1,3,TestSR,0.60253,0.5838691206543968,0.71378,0.6423217097862767,0.39747,/gpfs/projects/HeinzGroup/caffeine_underground/mlrt/FlexFringe/FlexFringe/models-ps-small/0.1.1.1.0.0.searchglobal.0.ini/0.1.1.1.0.0.searchglobal.0_16.07.TSL.4.1.3_Small.final.json,/gpfs/projects/HeinzGroup/asoubki/FlexFringe/data/MLRegTest/Large/16.07.TSL.4.1.3_TestSR.txt,2025-12-29 22:54:45.707482
0.1.1.1.0.0.searchglobal.0,Small,16,7,TSL,4,1,3,TestSA,0.52711,0.5246638403173275,0.5767,0.5494526434131423,0.47289,/gpfs/projects/HeinzGroup/caffeine_underground/mlrt/FlexFringe/FlexFringe/models-ps-small/0.1.1.1.0.0.searchglobal.0.ini/0.1.1.1.0.0.searchglobal.0_16.07.TSL.4.1.3_Small.final.json,/gpfs/projects/HeinzGroup/asoubki/FlexFringe/data/MLRegTest/Large/16.07.TSL.4.1.3_TestSA.txt,2025-12-29 22:54:45.707482
0.1.1.1.0.0.searchglobal.0,Small,16,7,TSL,4,1,3,TestLR,0.55464,0.5437988970116712,0.6784,0.6036876201324126,0.44536,/gpfs/projects/HeinzGroup/caffeine_underground/mlrt/FlexFringe/FlexFringe/models-ps-small/0.1.1.1.0.0.searchglobal.0.ini/0.1.1.1.0.0.searchglobal.0_16.07.TSL.4.1.3_Small.final.json,/gpfs/projects/HeinzGroup/asoubki/FlexFringe/data/MLRegTest/Large/16.07.TSL.4.1.3_TestLR.txt,2025-12-29 22:54:45.707482
0.1.1.1.0.0.searchglobal.0,Small,16,7,TSL,4,1,3,TestLA,0.51667,0.514099636302123,0.60782,0.5570453191586858,0.48333,/gpfs/projects/HeinzGroup/caffeine_underground/mlrt/FlexFringe/FlexFringe/models-ps-small/0.1.1.1.0.0.searchglobal.0.ini/0.1.1.1.0.0.searchglobal.0_16.07.TSL.4.1.3_Small.final.json,/gpfs/projects/HeinzGroup/asoubki/FlexFringe/data/MLRegTest/Large/16.07.TSL.4.1.3_TestLA.txt,2025-12-29 22:54:45.707482
0.1.1.1.0.0.searchglobal.0,Small,16,7,TSL,4,1,3,Dev,0.60225,0.5835525993234078,0.71414,0.6422757646889531,0.39775,/gpfs/projects/HeinzGroup/caffeine_underground/mlrt/FlexFringe/FlexFringe/models-ps-small/0.1.1.1.0.0.searchglobal.0.ini/0.1.1.1.0.0.searchglobal.0_16.07.TSL.4.1.3_Small.final.json,/gpfs/projects/HeinzGroup/asoubki/FlexFringe/data/MLRegTest/Large/16.07.TSL.4.1.3_Dev.txt,2025-12-29 22:54:45.707482
0.1.1.1.0.0.searchglobal.0,Small,16,7,TSL,4,1,3,Train,0.596,0.5757097791798107,0.73,0.6437389770723104,0.404,/gpfs/projects/HeinzGroup/caffeine_underground/mlrt/FlexFringe/FlexFringe/models-ps-small/0.1.1.1.0.0.searchglobal.0.ini/0.1.1.1.0.0.searchglobal.0_16.07.TSL.4.1.3_Small.final.json,/gpfs/projects/HeinzGroup/asoubki/FlexFringe/data/MLRegTest/Small/16.07.TSL.4.1.3_Train.txt,2025-12-29 22:54:45.707482
0.1.1.1.0.0.searchglobal.0,Small,16,7,TSL,4,1,4,TestLR,0.50013,0.5274261603375527,0.0025,0.004976411808029938,0.49987,/gpfs/projects/HeinzGroup/caffeine_underground/mlrt/FlexFringe/FlexFringe/models-ps-small/0.1.1.1.0.0.searchglobal.0.ini/0.1.1.1.0.0.searchglobal.0_16.07.TSL.4.1.4_Small.final.json,/gpfs/projects/HeinzGroup/asoubki/FlexFringe/data/MLRegTest/Large/16.07.TSL.4.1.4_TestLR.txt,2025-12-29 22:31:05.323140
0.1.1.1.0.0.searchglobal.0,Small,16,7,TSL,4,1,4,TestLA,0.50021,0.5360824742268041,0.00312,0.006203893340756795,0.49979,/gpfs/projects/HeinzGroup/caffeine_underground/mlrt/FlexFringe/FlexFringe/models-ps-small/0.1.1.1.0.0.searchglobal.0.ini/0.1.1.1.0.0.searchglobal.0_16.07.TSL.4.1.4_Small.final.json,/gpfs/projects/HeinzGroup/asoubki/FlexFringe/data/MLRegTest/Large/16.07.TSL.4.1.4_TestLA.txt,2025-12-29 22:31:05.323140
0.1.1.1.0.0.searchglobal.0,Small,16,7,TSL,4,1,4,TestSA,0.50169,0.6756756756756757,0.0065,0.012876131613874527,0.49831,/gpfs/projects/HeinzGroup/caffeine_underground/mlrt/FlexFringe/FlexFringe/models-ps-small/0.1.1.1.0.0.searchglobal.0.ini/0.1.1.1.0.0.searchglobal.0_16.07.TSL.4.1.4_Small.final.json,/gpfs/projects/HeinzGroup/asoubki/FlexFringe/data/MLRegTest/Large/16.07.TSL.4.1.4_TestSA.txt,2025-12-29 22:31:05.323140
0.1.1.1.0.0.searchglobal.0,Small,16,7,TSL,4,1,4,TestSR,0.50098,0.6392045454545454,0.0045,0.008937082936129647,0.49902,/gpfs/projects/HeinzGroup/caffeine_underground/mlrt/FlexFringe/FlexFringe/models-ps-small/0.1.1.1.0.0.searchglobal.0.ini/0.1.1.1.0.0.searchglobal.0_16.07.TSL.4.1.4_Small.final.json,/gpfs/projects/HeinzGroup/asoubki/FlexFringe/data/MLRegTest/Large/16.07.TSL.4.1.4_TestSR.txt,2025-12-29 22:31:05.323140
0.1.1.1.0.0.searchglobal.0,Small,16,7,TSL,4,1,4,Dev,0.50068,0.60625,0.00388,0.007710651828298887,0.49932,/gpfs/projects/HeinzGroup/caffeine_underground/mlrt/FlexFringe/FlexFringe/models-ps-small/0.1.1.1.0.0.searchglobal.0.ini/0.1.1.1.0.0.searchglobal.0_16.07.TSL.4.1.4_Small.final.json,/gpfs/projects/HeinzGroup/asoubki/FlexFringe/data/MLRegTest/Large/16.07.TSL.4.1.4_Dev.txt,2025-12-29 22:31:05.323140
0.1.1.1.0.0.searchglobal.0,Small,16,7,TSL,4,1,4,Train,0.504,0.8333333333333334,0.01,0.019762845849802372,0.496,/gpfs/projects/HeinzGroup/caffeine_underground/mlrt/FlexFringe/FlexFringe/models-ps-small/0.1.1.1.0.0.searchglobal.0.ini/0.1.1.1.0.0.searchglobal.0_16.07.TSL.4.1.4_Small.final.json,/gpfs/projects/HeinzGroup/asoubki/FlexFringe/data/MLRegTest/Small/16.07.TSL.4.1.4_Train.txt,2025-12-29 22:31:05.323140
0.1.1.1.0.0.searchglobal.0,Small,16,7,TSL,4,1,5,TestSA,0.50136,0.6111111111111112,0.00748,0.01477910376985695,0.49864,/gpfs/projects/HeinzGroup/caffeine_underground/mlrt/FlexFringe/FlexFringe/models-ps-small/0.1.1.1.0.0.searchglobal.0.ini/0.1.1.1.0.0.searchglobal.0_16.07.TSL.4.1.5_Small.final.json,/gpfs/projects/HeinzGroup/asoubki/FlexFringe/data/MLRegTest/Large/16.07.TSL.4.1.5_TestSA.txt,2025-12-29 22:33:49.203323
0.1.1.1.0.0.searchglobal.0,Small,16,7,TSL,4,1,5,TestLA,0.49973,0.4444444444444444,0.00216,0.004299106343172183,0.50027,/gpfs/projects/HeinzGroup/caffeine_underground/mlrt/FlexFringe/FlexFringe/models-ps-small/0.1.1.1.0.0.searchglobal.0.ini/0.1.1.1.0.0.searchglobal.0_16.07.TSL.4.1.5_Small.final.json,/gpfs/projects/HeinzGroup/asoubki/FlexFringe/data/MLRegTest/Large/16.07.TSL.4.1.5_TestLA.txt,2025-12-29 22:33:49.203323
0.1.1.1.0.0.searchglobal.0,Small,16,7,TSL,4,1,5,TestSR,0.50091,0.6101694915254238,0.00504,0.009997421300061492,0.49909,/gpfs/projects/HeinzGroup/caffeine_underground/mlrt/FlexFringe/FlexFringe/models-ps-small/0.1.1.1.0.0.searchglobal.0.ini/0.1.1.1.0.0.searchglobal.0_16.07.TSL.4.1.5_Small.final.json,/gpfs/projects/HeinzGroup/asoubki/FlexFringe/data/MLRegTest/Large/16.07.TSL.4.1.5_TestSR.txt,2025-12-29 22:33:49.203323
0.1.1.1.0.0.searchglobal.0,Small,16,7,TSL,4,1,5,TestLR,0.49993,0.4859437751004016,0.00242,0.004816016239129137,0.50007,/gpfs/projects/HeinzGroup/caffeine_underground/mlrt/FlexFringe/FlexFringe/models-ps-small/0.1.1.1.0.0.searchglobal.0.ini/0.1.1.1.0.0.searchglobal.0_16.07.TSL.4.1.5_Small.final.json,/gpfs/projects/HeinzGroup/asoubki/FlexFringe/data/MLRegTest/Large/16.07.TSL.4.1.5_TestLR.txt,2025-12-29 22:33:49.203323
0.1.1.1.0.0.searchglobal.0,Small,16,7,TSL,4,1,5,Dev,0.50088,0.6105527638190955,0.00486,0.009643239811103614,0.49912,/gpfs/projects/HeinzGroup/caffeine_underground/mlrt/FlexFringe/FlexFringe/models-ps-small/0.1.1.1.0.0.searchglobal.0.ini/0.1.1.1.0.0.searchglobal.0_16.07.TSL.4.1.5_Small.final.json,/gpfs/projects/HeinzGroup/asoubki/FlexFringe/data/MLRegTest/Large/16.07.TSL.4.1.5_Dev.txt,2025-12-29 22:33:49.203323
0.1.1.1.0.0.searchglobal.0,Small,16,7,TSL,4,1,5,Train,0.5,0.5,0.002,0.00398406374501992,0.5,/gpfs/projects/HeinzGroup/caffeine_underground/mlrt/FlexFringe/FlexFringe/models-ps-small/0.1.1.1.0.0.searchglobal.0.ini/0.1.1.1.0.0.searchglobal.0_16.07.TSL.4.1.5_Small.final.json,/gpfs/projects/HeinzGroup/asoubki/FlexFringe/data/MLRegTest/Small/16.07.TSL.4.1.5_Train.txt,2025-12-29 22:33:49.203323
0.1.1.1.0.0.searchglobal.0,Small,16,7,TSL,4,1,6,TestLR,0.50017,0.5176715176715176,0.00498,0.009865097759553099,0.49983,/gpfs/projects/HeinzGroup/caffeine_underground/mlrt/FlexFringe/FlexFringe/models-ps-small/0.1.1.1.0.0.searchglobal.0.ini/0.1.1.1.0.0.searchglobal.0_16.07.TSL.4.1.6_Small.final.json,/gpfs/projects/HeinzGroup/asoubki/FlexFringe/data/MLRegTest/Large/16.07.TSL.4.1.6_TestLR.txt,2025-12-29 22:32:26.576774
0.1.1.1.0.0.searchglobal.0,Small,16,7,TSL,4,1,6,TestSR,0.5017,0.6299694189602446,0.00824,0.01626722470091207,0.4983,/gpfs/projects/HeinzGroup/caffeine_underground/mlrt/FlexFringe/FlexFringe/models-ps-small/0.1.1.1.0.0.searchglobal.0.ini/0.1.1.1.0.0.searchglobal.0_16.07.TSL.4.1.6_Small.final.json,/gpfs/projects/HeinzGroup/asoubki/FlexFringe/data/MLRegTest/Large/16.07.TSL.4.1.6_TestSR.txt,2025-12-29 22:32:26.576774
0.1.1.1.0.0.searchglobal.0,Small,16,7,TSL,4,1,6,TestSA,0.50121,0.5685164212910532,0.01004,0.01973154098618399,0.49879,/gpfs/projects/HeinzGroup/caffeine_underground/mlrt/FlexFringe/FlexFringe/models-ps-small/0.1.1.1.0.0.searchglobal.0.ini/0.1.1.1.0.0.searchglobal.0_16.07.TSL.4.1.6_Small.final.json,/gpfs/projects/HeinzGroup/asoubki/FlexFringe/data/MLRegTest/Large/16.07.TSL.4.1.6_TestSA.txt,2025-12-29 22:32:26.576774
0.1.1.1.0.0.searchglobal.0,Small,16,7,TSL,4,1,6,TestLA,0.50005,0.5052410901467506,0.00482,0.009548903460982229,0.49995,/gpfs/projects/HeinzGroup/caffeine_underground/mlrt/FlexFringe/FlexFringe/models-ps-small/0.1.1.1.0.0.searchglobal.0.ini/0.1.1.1.0.0.searchglobal.0_16.07.TSL.4.1.6_Small.final.json,/gpfs/projects/HeinzGroup/asoubki/FlexFringe/data/MLRegTest/Large/16.07.TSL.4.1.6_TestLA.txt,2025-12-29 22:32:26.576774
0.1.1.1.0.0.searchglobal.0,Small,16,7,TSL,4,1,6,Dev,0.50131,0.6089850249584027,0.00732,0.014466117270409676,0.49869,/gpfs/projects/HeinzGroup/caffeine_underground/mlrt/FlexFringe/FlexFringe/models-ps-small/0.1.1.1.0.0.searchglobal.0.ini/0.1.1.1.0.0.searchglobal.0_16.07.TSL.4.1.6_Small.final.json,/gpfs/projects/HeinzGroup/asoubki/FlexFringe/data/MLRegTest/Large/16.07.TSL.4.1.6_Dev.txt,2025-12-29 22:32:26.576774
0.1.1.1.0.0.searchglobal.0,Small,16,7,TSL,4,1,6,Train,0.501,0.5714285714285714,0.008,0.015779092702169626,0.499,/gpfs/projects/HeinzGroup/caffeine_underground/mlrt/FlexFringe/FlexFringe/models-ps-small/0.1.1.1.0.0.searchglobal.0.ini/0.1.1.1.0.0.searchglobal.0_16.07.TSL.4.1.6_Small.final.json,/gpfs/projects/HeinzGroup/asoubki/FlexFringe/data/MLRegTest/Small/16.07.TSL.4.1.6_Train.txt,2025-12-29 22:32:26.576774
0.1.1.1.0.0.searchglobal.0,Small,16,7,TSL,4,1,7,TestLR,0.50004,0.5084745762711864,0.0024,0.004777450433951748,0.49996,/gpfs/projects/HeinzGroup/caffeine_underground/mlrt/FlexFringe/FlexFringe/models-ps-small/0.1.1.1.0.0.searchglobal.0.ini/0.1.1.1.0.0.searchglobal.0_16.07.TSL.4.1.7_Small.final.json,/gpfs/projects/HeinzGroup/asoubki/FlexFringe/data/MLRegTest/Large/16.07.TSL.4.1.7_TestLR.txt,2025-12-29 23:07:19.733618
0.1.1.1.0.0.searchglobal.0,Small,16,7,TSL,4,1,7,TestSA,0.50169,0.6660117878192534,0.00678,0.013423350294007009,0.49831,/gpfs/projects/HeinzGroup/caffeine_underground/mlrt/FlexFringe/FlexFringe/models-ps-small/0.1.1.1.0.0.searchglobal.0.ini/0.1.1.1.0.0.searchglobal.0_16.07.TSL.4.1.7_Small.final.json,/gpfs/projects/HeinzGroup/asoubki/FlexFringe/data/MLRegTest/Large/16.07.TSL.4.1.7_TestSA.txt,2025-12-29 23:07:19.733618
0.1.1.1.0.0.searchglobal.0,Small,16,7,TSL,4,1,7,TestLA,0.50023,0.5382059800664452,0.00324,0.00644122383252818,0.49977,/gpfs/projects/HeinzGroup/caffeine_underground/mlrt/FlexFringe/FlexFringe/models-ps-small/0.1.1.1.0.0.searchglobal.0.ini/0.1.1.1.0.0.searchglobal.0_16.07.TSL.4.1.7_Small.final.json,/gpfs/projects/HeinzGroup/asoubki/FlexFringe/data/MLRegTest/Large/16.07.TSL.4.1.7_TestLA.txt,2025-12-29 23:07:19.733618
0.1.1.1.0.0.searchglobal.0,Small,16,7,TSL,4,1,7,TestSR,0.50064,0.5924855491329479,0.0041,0.008143645969888372,0.49936,/gpfs/projects/HeinzGroup/caffeine_underground/mlrt/FlexFringe/FlexFringe/models-ps-small/0.1.1.1.0.0.searchglobal.0.ini/0.1.1.1.0.0.searchglobal.0_16.07.TSL.4.1.7_Small.final.json,/gpfs/projects/HeinzGroup/asoubki/FlexFringe/data/MLRegTest/Large/16.07.TSL.4.1.7_TestSR.txt,2025-12-29 23:07:19.733618
0.1.1.1.0.0.searchglobal.0,Small,16,7,TSL,4,1,7,Dev,0.50081,0.6319218241042345,0.00388,0.00771264436360745,0.49919,/gpfs/projects/HeinzGroup/caffeine_underground/mlrt/FlexFringe/FlexFringe/models-ps-small/0.1.1.1.0.0.searchglobal.0.ini/0.1.1.1.0.0.searchglobal.0_16.07.TSL.4.1.7_Small.final.json,/gpfs/projects/HeinzGroup/asoubki/FlexFringe/data/MLRegTest/Large/16.07.TSL.4.1.7_Dev.txt,2025-12-29 23:07:19.733618
0.1.1.1.0.0.searchglobal.0,Small,16,7,TSL,4,1,7,Train,0.498,0.3333333333333333,0.004,0.007905138339920948,0.502,/gpfs/projects/HeinzGroup/caffeine_underground/mlrt/FlexFringe/FlexFringe/models-ps-small/0.1.1.1.0.0.searchglobal.0.ini/0.1.1.1.0.0.searchglobal.0_16.07.TSL.4.1.7_Small.final.json,/gpfs/projects/HeinzGroup/asoubki/FlexFringe/data/MLRegTest/Small/16.07.TSL.4.1.7_Train.txt,2025-12-29 23:07:19.733618
0.1.1.1.0.0.searchglobal.0,Small,16,7,TSL,4,1,8,TestLR,0.49878,0.0,0.0,0.0,0.50122,/gpfs/projects/HeinzGroup/caffeine_underground/mlrt/FlexFringe/FlexFringe/models-ps-small/0.1.1.1.0.0.searchglobal.0.ini/0.1.1.1.0.0.searchglobal.0_16.07.TSL.4.1.8_Small.final.json,/gpfs/projects/HeinzGroup/asoubki/FlexFringe/data/MLRegTest/Large/16.07.TSL.4.1.8_TestLR.txt,2025-12-29 23:24:18.894539
0.1.1.1.0.0.searchglobal.0,Small,16,7,TSL,4,1,8,TestSA,0.49821,0.0,0.0,0.0,0.50179,/gpfs/projects/HeinzGroup/caffeine_underground/mlrt/FlexFringe/FlexFringe/models-ps-small/0.1.1.1.0.0.searchglobal.0.ini/0.1.1.1.0.0.searchglobal.0_16.07.TSL.4.1.8_Small.final.json,/gpfs/projects/HeinzGroup/asoubki/FlexFringe/data/MLRegTest/Large/16.07.TSL.4.1.8_TestSA.txt,2025-12-29 23:24:18.894539
0.1.1.1.0.0.searchglobal.0,Small,16,7,TSL,4,1,8,TestLA,0.49861,0.0,0.0,0.0,0.50139,/gpfs/projects/HeinzGroup/caffeine_underground/mlrt/FlexFringe/FlexFringe/models-ps-small/0.1.1.1.0.0.searchglobal.0.ini/0.1.1.1.0.0.searchglobal.0_16.07.TSL.4.1.8_Small.final.json,/gpfs/projects/HeinzGroup/asoubki/FlexFringe/data/MLRegTest/Large/16.07.TSL.4.1.8_TestLA.txt,2025-12-29 23:24:18.894539
0.1.1.1.0.0.searchglobal.0,Small,16,7,TSL,4,1,8,TestSR,0.49832,0.0,0.0,0.0,0.50168,/gpfs/projects/HeinzGroup/caffeine_underground/mlrt/FlexFringe/FlexFringe/models-ps-small/0.1.1.1.0.0.searchglobal.0.ini/0.1.1.1.0.0.searchglobal.0_16.07.TSL.4.1.8_Small.final.json,/gpfs/projects/HeinzGroup/asoubki/FlexFringe/data/MLRegTest/Large/16.07.TSL.4.1.8_TestSR.txt,2025-12-29 23:24:18.894539
0.1.1.1.0.0.searchglobal.0,Small,16,7,TSL,4,1,8,Dev,0.49858,0.0,0.0,0.0,0.50142,/gpfs/projects/HeinzGroup/caffeine_underground/mlrt/FlexFringe/FlexFringe/models-ps-small/0.1.1.1.0.0.searchglobal.0.ini/0.1.1.1.0.0.searchglobal.0_16.07.TSL.4.1.8_Small.final.json,/gpfs/projects/HeinzGroup/asoubki/FlexFringe/data/MLRegTest/Large/16.07.TSL.4.1.8_Dev.txt,2025-12-29 23:24:18.894539
0.1.1.1.0.0.searchglobal.0,Small,16,7,TSL,4,1,8,Train,0.496,0.0,0.0,0.0,0.504,/gpfs/projects/HeinzGroup/caffeine_underground/mlrt/FlexFringe/FlexFringe/models-ps-small/0.1.1.1.0.0.searchglobal.0.ini/0.1.1.1.0.0.searchglobal.0_16.07.TSL.4.1.8_Small.final.json,/gpfs/projects/HeinzGroup/asoubki/FlexFringe/data/MLRegTest/Small/16.07.TSL.4.1.8_Train.txt,2025-12-29 23:24:18.894539
0.1.1.1.0.0.searchglobal.0,Small,16,7,TSL,4,1,9,TestSA,0.51515,0.5968546221710779,0.09336,0.16146382802096124,0.48485,/gpfs/projects/HeinzGroup/caffeine_underground/mlrt/FlexFringe/FlexFringe/models-ps-small/0.1.1.1.0.0.searchglobal.0.ini/0.1.1.1.0.0.searchglobal.0_16.07.TSL.4.1.9_Small.final.json,/gpfs/projects/HeinzGroup/asoubki/FlexFringe/data/MLRegTest/Large/16.07.TSL.4.1.9_TestSA.txt,2025-12-29 22:59:29.348492
0.1.1.1.0.0.searchglobal.0,Small,16,7,TSL,4,1,9,TestLR,0.50161,0.5212906638455435,0.03942,0.07329726111452,0.49839,/gpfs/projects/HeinzGroup/caffeine_underground/mlrt/FlexFringe/FlexFringe/models-ps-small/0.1.1.1.0.0.searchglobal.0.ini/0.1.1.1.0.0.searchglobal.0_16.07.TSL.4.1.9_Small.final.json,/gpfs/projects/HeinzGroup/asoubki/FlexFringe/data/MLRegTest/Large/16.07.TSL.4.1.9_TestLR.txt,2025-12-29 22:59:29.348492
0.1.1.1.0.0.searchglobal.0,Small,16,7,TSL,4,1,9,TestSR,0.5211,0.6759506337558372,0.08106,0.14476034002428745,0.4789,/gpfs/projects/HeinzGroup/caffeine_underground/mlrt/FlexFringe/FlexFringe/models-ps-small/0.1.1.1.0.0.searchglobal.0.ini/0.1.1.1.0.0.searchglobal.0_16.07.TSL.4.1.9_Small.final.json,/gpfs/projects/HeinzGroup/asoubki/FlexFringe/data/MLRegTest/Large/16.07.TSL.4.1.9_TestSR.txt,2025-12-29 22:59:29.348492
0.1.1.1.0.0.searchglobal.0,Small,16,7,TSL,4,1,9,TestLA,0.50347,0.5466774280333603,0.04064,0.07565575143809222,0.49653,/gpfs/projects/HeinzGroup/caffeine_underground/mlrt/FlexFringe/FlexFringe/models-ps-small/0.1.1.1.0.0.searchglobal.0.ini/0.1.1.1.0.0.searchglobal.0_16.07.TSL.4.1.9_Small.final.json,/gpfs/projects/HeinzGroup/asoubki/FlexFringe/data/MLRegTest/Large/16.07.TSL.4.1.9_TestLA.txt,2025-12-29 22:59:29.348492
0.1.1.1.0.0.searchglobal.0,Small,16,7,TSL,4,1,9,Dev,0.52114,0.6793349168646081,0.08008,0.1432711918989516,0.47886,/gpfs/projects/HeinzGroup/caffeine_underground/mlrt/FlexFringe/FlexFringe/models-ps-small/0.1.1.1.0.0.searchglobal.0.ini/0.1.1.1.0.0.searchglobal.0_16.07.TSL.4.1.9_Small.final.json,/gpfs/projects/HeinzGroup/asoubki/FlexFringe/data/MLRegTest/Large/16.07.TSL.4.1.9_Dev.txt,2025-12-29 22:59:29.348492
0.1.1.1.0.0.searchglobal.0,Small,16,7,TSL,4,1,9,Train,0.524,0.6935483870967742,0.086,0.15302491103202848,0.476,/gpfs/projects/HeinzGroup/caffeine_underground/mlrt/FlexFringe/FlexFringe/models-ps-small/0.1.1.1.0.0.searchglobal.0.ini/0.1.1.1.0.0.searchglobal.0_16.07.TSL.4.1.9_Small.final.json,/gpfs/projects/HeinzGroup/asoubki/FlexFringe/data/MLRegTest/Small/16.07.TSL.4.1.9_Train.txt,2025-12-29 22:59:29.348492
0.1.1.1.0.0.searchglobal.0,Small,16,7,TSL,6,1,0,TestLR,0.9496,0.9584947991025903,0.9399,0.9491063314147228,0.0504,/gpfs/projects/HeinzGroup/caffeine_underground/mlrt/FlexFringe/FlexFringe/models-ps-small/0.1.1.1.0.0.searchglobal.0.ini/0.1.1.1.0.0.searchglobal.0_16.07.TSL.6.1.0_Small.final.json,/gpfs/projects/HeinzGroup/asoubki/FlexFringe/data/MLRegTest/Large/16.07.TSL.6.1.0_TestLR.txt,2025-12-29 23:23:19.210843
0.1.1.1.0.0.searchglobal.0,Small,16,7,TSL,6,1,0,TestLA,0.55251,0.7780366408980197,0.14694,0.24719479164914288,0.44749,/gpfs/projects/HeinzGroup/caffeine_underground/mlrt/FlexFringe/FlexFringe/models-ps-small/0.1.1.1.0.0.searchglobal.0.ini/0.1.1.1.0.0.searchglobal.0_16.07.TSL.6.1.0_Small.final.json,/gpfs/projects/HeinzGroup/asoubki/FlexFringe/data/MLRegTest/Large/16.07.TSL.6.1.0_TestLA.txt,2025-12-29 23:23:19.210843
0.1.1.1.0.0.searchglobal.0,Small,16,7,TSL,6,1,0,TestSR,0.96589,0.9638583006431829,0.96808,0.9659645376625191,0.03411,/gpfs/projects/HeinzGroup/caffeine_underground/mlrt/FlexFringe/FlexFringe/models-ps-small/0.1.1.1.0.0.searchglobal.0.ini/0.1.1.1.0.0.searchglobal.0_16.07.TSL.6.1.0_Small.final.json,/gpfs/projects/HeinzGroup/asoubki/FlexFringe/data/MLRegTest/Large/16.07.TSL.6.1.0_TestSR.txt,2025-12-29 23:23:19.210843
0.1.1.1.0.0.searchglobal.0,Small,16,7,TSL,6,1,0,TestSA,0.55972,0.8018600889607764,0.15864,0.2648767782007614,0.44028,/gpfs/projects/HeinzGroup/caffeine_underground/mlrt/FlexFringe/FlexFringe/models-ps-small/0.1.1.1.0.0.searchglobal.0.ini/0.1.1.1.0.0.searchglobal.0_16.07.TSL.6.1.0_Small.final.json,/gpfs/projects/HeinzGroup/asoubki/FlexFringe/data/MLRegTest/Large/16.07.TSL.6.1.0_TestSA.txt,2025-12-29 23:23:19.210843
0.1.1.1.0.0.searchglobal.0,Small,16,7,TSL,6,1,0,Dev,0.96561,0.9629158298701557,0.96852,0.9657097845270264,0.03439,/gpfs/projects/HeinzGroup/caffeine_underground/mlrt/FlexFringe/FlexFringe/models-ps-small/0.1.1.1.0.0.searchglobal.0.ini/0.1.1.1.0.0.searchglobal.0_16.07.TSL.6.1.0_Small.final.json,/gpfs/projects/HeinzGroup/asoubki/FlexFringe/data/MLRegTest/Large/16.07.TSL.6.1.0_Dev.txt,2025-12-29 23:23:19.210843
0.1.1.1.0.0.searchglobal.0,Small,16,7,TSL,6,1,0,Train,0.969,0.9662027833001988,0.972,0.9690927218344965,0.031,/gpfs/projects/HeinzGroup/caffeine_underground/mlrt/FlexFringe/FlexFringe/models-ps-small/0.1.1.1.0.0.searchglobal.0.ini/0.1.1.1.0.0.searchglobal.0_16.07.TSL.6.1.0_Small.final.json,/gpfs/projects/HeinzGroup/asoubki/FlexFringe/data/MLRegTest/Small/16.07.TSL.6.1.0_Train.txt,2025-12-29 23:23:19.210843
0.1.1.1.0.0.searchglobal.0,Small,16,7,TSL,6,1,1,TestLA,0.55177,0.5724522070143029,0.40904,0.47714255718735055,0.44823,/gpfs/projects/HeinzGroup/caffeine_underground/mlrt/FlexFringe/FlexFringe/models-ps-small/0.1.1.1.0.0.searchglobal.0.ini/0.1.1.1.0.0.searchglobal.0_16.07.TSL.6.1.1_Small.final.json,/gpfs/projects/HeinzGroup/asoubki/FlexFringe/data/MLRegTest/Large/16.07.TSL.6.1.1_TestLA.txt,2025-12-29 22:56:58.665935
0.1.1.1.0.0.searchglobal.0,Small,16,7,TSL,6,1,1,TestSA,0.57434,0.6227137669197755,0.37724,0.4698468053306763,0.42566,/gpfs/projects/HeinzGroup/caffeine_underground/mlrt/FlexFringe/FlexFringe/models-ps-small/0.1.1.1.0.0.searchglobal.0.ini/0.1.1.1.0.0.searchglobal.0_16.07.TSL.6.1.1_Small.final.json,/gpfs/projects/HeinzGroup/asoubki/FlexFringe/data/MLRegTest/Large/16.07.TSL.6.1.1_TestSA.txt,2025-12-29 22:56:58.665935
0.1.1.1.0.0.searchglobal.0,Small,16,7,TSL,6,1,1,TestSR,0.79028,0.783565176617693,0.80212,0.7927340290955092,0.20972,/gpfs/projects/HeinzGroup/caffeine_underground/mlrt/FlexFringe/FlexFringe/models-ps-small/0.1.1.1.0.0.searchglobal.0.ini/0.1.1.1.0.0.searchglobal.0_16.07.TSL.6.1.1_Small.final.json,/gpfs/projects/HeinzGroup/asoubki/FlexFringe/data/MLRegTest/Large/16.07.TSL.6.1.1_TestSR.txt,2025-12-29 22:56:58.665935
0.1.1.1.0.0.searchglobal.0,Small,16,7,TSL,6,1,1,TestLR,0.71155,0.7049625050865193,0.72762,0.7161120788922023,0.28845,/gpfs/projects/HeinzGroup/caffeine_underground/mlrt/FlexFringe/FlexFringe/models-ps-small/0.1.1.1.0.0.searchglobal.0.ini/0.1.1.1.0.0.searchglobal.0_16.07.TSL.6.1.1_Small.final.json,/gpfs/projects/HeinzGroup/asoubki/FlexFringe/data/MLRegTest/Large/16.07.TSL.6.1.1_TestLR.txt,2025-12-29 22:56:58.665935
0.1.1.1.0.0.searchglobal.0,Small,16,7,TSL,6,1,1,Dev,0.79193,0.7842274364716191,0.80548,0.794711657047013,0.20807,/gpfs/projects/HeinzGroup/caffeine_underground/mlrt/FlexFringe/FlexFringe/models-ps-small/0.1.1.1.0.0.searchglobal.0.ini/0.1.1.1.0.0.searchglobal.0_16.07.TSL.6.1.1_Small.final.json,/gpfs/projects/HeinzGroup/asoubki/FlexFringe/data/MLRegTest/Large/16.07.TSL.6.1.1_Dev.txt,2025-12-29 22:56:58.665935
0.1.1.1.0.0.searchglobal.0,Small,16,7,TSL,6,1,1,Train,0.802,0.7984189723320159,0.808,0.8031809145129225,0.198,/gpfs/projects/HeinzGroup/caffeine_underground/mlrt/FlexFringe/FlexFringe/models-ps-small/0.1.1.1.0.0.searchglobal.0.ini/0.1.1.1.0.0.searchglobal.0_16.07.TSL.6.1.1_Small.final.json,/gpfs/projects/HeinzGroup/asoubki/FlexFringe/data/MLRegTest/Small/16.07.TSL.6.1.1_Train.txt,2025-12-29 22:56:58.665935
0.1.1.1.0.0.searchglobal.0,Small,16,7,TSL,6,1,2,TestLA,0.54419,0.5859025698845302,0.3014,0.39804017379590867,0.45581,/gpfs/projects/HeinzGroup/caffeine_underground/mlrt/FlexFringe/FlexFringe/models-ps-small/0.1.1.1.0.0.searchglobal.0.ini/0.1.1.1.0.0.searchglobal.0_16.07.TSL.6.1.2_Small.final.json,/gpfs/projects/HeinzGroup/asoubki/FlexFringe/data/MLRegTest/Large/16.07.TSL.6.1.2_TestLA.txt,2025-12-29 23:33:11.585470
0.1.1.1.0.0.searchglobal.0,Small,16,7,TSL,6,1,2,TestSA,0.5534,0.641614511509494,0.24194,0.351381183373515,0.4466,/gpfs/projects/HeinzGroup/caffeine_underground/mlrt/FlexFringe/FlexFringe/models-ps-small/0.1.1.1.0.0.searchglobal.0.ini/0.1.1.1.0.0.searchglobal.0_16.07.TSL.6.1.2_Small.final.json,/gpfs/projects/HeinzGroup/asoubki/FlexFringe/data/MLRegTest/Large/16.07.TSL.6.1.2_TestSA.txt,2025-12-29 23:33:11.585470
0.1.1.1.0.0.searchglobal.0,Small,16,7,TSL,6,1,2,TestLR,0.8012,0.7965150620200827,0.8091,0.8027582101398948,0.1988,/gpfs/projects/HeinzGroup/caffeine_underground/mlrt/FlexFringe/FlexFringe/models-ps-small/0.1.1.1.0.0.searchglobal.0.ini/0.1.1.1.0.0.searchglobal.0_16.07.TSL.6.1.2_Small.final.json,/gpfs/projects/HeinzGroup/asoubki/FlexFringe/data/MLRegTest/Large/16.07.TSL.6.1.2_TestLR.txt,2025-12-29 23:33:11.585470
0.1.1.1.0.0.searchglobal.0,Small,16,7,TSL,6,1,2,TestSR,0.87262,0.8729780589365791,0.87214,0.872558828237554,0.12738,/gpfs/projects/HeinzGroup/caffeine_underground/mlrt/FlexFringe/FlexFringe/models-ps-small/0.1.1.1.0.0.searchglobal.0.ini/0.1.1.1.0.0.searchglobal.0_16.07.TSL.6.1.2_Small.final.json,/gpfs/projects/HeinzGroup/asoubki/FlexFringe/data/MLRegTest/Large/16.07.TSL.6.1.2_TestSR.txt,2025-12-29 23:33:11.585470
0.1.1.1.0.0.searchglobal.0,Small,16,7,TSL,6,1,2,Dev,0.87138,0.8730512696882031,0.86914,0.8710912443874278,0.12862,/gpfs/projects/HeinzGroup/caffeine_underground/mlrt/FlexFringe/FlexFringe/models-ps-small/0.1.1.1.0.0.searchglobal.0.ini/0.1.1.1.0.0.searchglobal.0_16.07.TSL.6.1.2_Small.final.json,/gpfs/projects/HeinzGroup/asoubki/FlexFringe/data/MLRegTest/Large/16.07.TSL.6.1.2_Dev.txt,2025-12-29 23:33:11.585470
0.1.1.1.0.0.searchglobal.0,Small,16,7,TSL,6,1,2,Train,0.885,0.8842315369261478,0.886,0.8851148851148851,0.115,/gpfs/projects/HeinzGroup/caffeine_underground/mlrt/FlexFringe/FlexFringe/models-ps-small/0.1.1.1.0.0.searchglobal.0.ini/0.1.1.1.0.0.searchglobal.0_16.07.TSL.6.1.2_Small.final.json,/gpfs/projects/HeinzGroup/asoubki/FlexFringe/data/MLRegTest/Small/16.07.TSL.6.1.2_Train.txt,2025-12-29 23:33:11.585470
0.1.1.1.0.0.searchglobal.0,Small,16,7,TSL,6,1,3,TestSR,0.64707,0.6208721666091359,0.75544,0.6815774515730306,0.35293,/gpfs/projects/HeinzGroup/caffeine_underground/mlrt/FlexFringe/FlexFringe/models-ps-small/0.1.1.1.0.0.searchglobal.0.ini/0.1.1.1.0.0.searchglobal.0_16.07.TSL.6.1.3_Small.final.json,/gpfs/projects/HeinzGroup/asoubki/FlexFringe/data/MLRegTest/Large/16.07.TSL.6.1.3_TestSR.txt,2025-12-29 22:50:51.508710
0.1.1.1.0.0.searchglobal.0,Small,16,7,TSL,6,1,3,TestLR,0.58479,0.5661729127319837,0.72546,0.6359946347322187,0.41521,/gpfs/projects/HeinzGroup/caffeine_underground/mlrt/FlexFringe/FlexFringe/models-ps-small/0.1.1.1.0.0.searchglobal.0.ini/0.1.1.1.0.0.searchglobal.0_16.07.TSL.6.1.3_Small.final.json,/gpfs/projects/HeinzGroup/asoubki/FlexFringe/data/MLRegTest/Large/16.07.TSL.6.1.3_TestLR.txt,2025-12-29 22:50:51.508710
0.1.1.1.0.0.searchglobal.0,Small,16,7,TSL,6,1,3,TestSA,0.52586,0.5257662109919892,0.52768,0.5267213671118565,0.47414,/gpfs/projects/HeinzGroup/caffeine_underground/mlrt/FlexFringe/FlexFringe/models-ps-small/0.1.1.1.0.0.searchglobal.0.ini/0.1.1.1.0.0.searchglobal.0_16.07.TSL.6.1.3_Small.final.json,/gpfs/projects/HeinzGroup/asoubki/FlexFringe/data/MLRegTest/Large/16.07.TSL.6.1.3_TestSA.txt,2025-12-29 22:50:51.508710
0.1.1.1.0.0.searchglobal.0,Small,16,7,TSL,6,1,3,TestLA,0.51577,0.5136293709919969,0.5943,0.5510277878223137,0.48423,/gpfs/projects/HeinzGroup/caffeine_underground/mlrt/FlexFringe/FlexFringe/models-ps-small/0.1.1.1.0.0.searchglobal.0.ini/0.1.1.1.0.0.searchglobal.0_16.07.TSL.6.1.3_Small.final.json,/gpfs/projects/HeinzGroup/asoubki/FlexFringe/data/MLRegTest/Large/16.07.TSL.6.1.3_TestLA.txt,2025-12-29 22:50:51.508710
0.1.1.1.0.0.searchglobal.0,Small,16,7,TSL,6,1,3,Dev,0.64867,0.6211990282555884,0.762,0.6844331869257093,0.35133,/gpfs/projects/HeinzGroup/caffeine_underground/mlrt/FlexFringe/FlexFringe/models-ps-small/0.1.1.1.0.0.searchglobal.0.ini/0.1.1.1.0.0.searchglobal.0_16.07.TSL.6.1.3_Small.final.json,/gpfs/projects/HeinzGroup/asoubki/FlexFringe/data/MLRegTest/Large/16.07.TSL.6.1.3_Dev.txt,2025-12-29 22:50:51.508710
0.1.1.1.0.0.searchglobal.0,Small,16,7,TSL,6,1,3,Train,0.65,0.6213592233009708,0.768,0.6869409660107334,0.35,/gpfs/projects/HeinzGroup/caffeine_underground/mlrt/FlexFringe/FlexFringe/models-ps-small/0.1.1.1.0.0.searchglobal.0.ini/0.1.1.1.0.0.searchglobal.0_16.07.TSL.6.1.3_Small.final.json,/gpfs/projects/HeinzGroup/asoubki/FlexFringe/data/MLRegTest/Small/16.07.TSL.6.1.3_Train.txt,2025-12-29 22:50:51.508710
0.1.1.1.0.0.searchglobal.0,Small,16,7,TSL,6,1,4,TestLR,0.50036,0.523936170212766,0.00788,0.015526481715006306,0.49964,/gpfs/projects/HeinzGroup/caffeine_underground/mlrt/FlexFringe/FlexFringe/models-ps-small/0.1.1.1.0.0.searchglobal.0.ini/0.1.1.1.0.0.searchglobal.0_16.07.TSL.6.1.4_Small.final.json,/gpfs/projects/HeinzGroup/asoubki/FlexFringe/data/MLRegTest/Large/16.07.TSL.6.1.4_TestLR.txt,2025-12-29 22:55:34.023592
0.1.1.1.0.0.searchglobal.0,Small,16,7,TSL,6,1,4,TestSR,0.51083,0.7996679579413393,0.0289,0.05578396741753045,0.48917,/gpfs/projects/HeinzGroup/caffeine_underground/mlrt/FlexFringe/FlexFringe/models-ps-small/0.1.1.1.0.0.searchglobal.0.ini/0.1.1.1.0.0.searchglobal.0_16.07.TSL.6.1.4_Small.final.json,/gpfs/projects/HeinzGroup/asoubki/FlexFringe/data/MLRegTest/Large/16.07.TSL.6.1.4_TestSR.txt,2025-12-29 22:55:34.023592
0.1.1.1.0.0.searchglobal.0,Small,16,7,TSL,6,1,4,TestSA,0.50449,0.5601070950468541,0.04184,0.07786358983902485,0.49551,/gpfs/projects/HeinzGroup/caffeine_underground/mlrt/FlexFringe/FlexFringe/models-ps-small/0.1.1.1.0.0.searchglobal.0.ini/0.1.1.1.0.0.searchglobal.0_16.07.TSL.6.1.4_Small.final.json,/gpfs/projects/HeinzGroup/asoubki/FlexFringe/data/MLRegTest/Large/16.07.TSL.6.1.4_TestSA.txt,2025-12-29 22:55:34.023592
0.1.1.1.0.0.searchglobal.0,Small,16,7,TSL,6,1,4,TestLA,0.50007,0.504881450488145,0.00724,0.014275292308298992,0.49993,/gpfs/projects/HeinzGroup/caffeine_underground/mlrt/FlexFringe/FlexFringe/models-ps-small/0.1.1.1.0.0.searchglobal.0.ini/0.1.1.1.0.0.searchglobal.0_16.07.TSL.6.1.4_Small.final.json,/gpfs/projects/HeinzGroup/asoubki/FlexFringe/data/MLRegTest/Large/16.07.TSL.6.1.4_TestLA.txt,2025-12-29 22:55:34.023592
0.1.1.1.0.0.searchglobal.0,Small,16,7,TSL,6,1,4,Dev,0.51175,0.8055122204888195,0.03098,0.059665273578183076,0.48825,/gpfs/projects/HeinzGroup/caffeine_underground/mlrt/FlexFringe/FlexFringe/models-ps-small/0.1.1.1.0.0.searchglobal.0.ini/0.1.1.1.0.0.searchglobal.0_16.07.TSL.6.1.4_Small.final.json,/gpfs/projects/HeinzGroup/asoubki/FlexFringe/data/MLRegTest/Large/16.07.TSL.6.1.4_Dev.txt,2025-12-29 22:55:34.023592
0.1.1.1.0.0.searchglobal.0,Small,16,7,TSL,6,1,4,Train,0.512,0.9285714285714286,0.026,0.05058365758754864,0.488,/gpfs/projects/HeinzGroup/caffeine_underground/mlrt/FlexFringe/FlexFringe/models-ps-small/0.1.1.1.0.0.searchglobal.0.ini/0.1.1.1.0.0.searchglobal.0_16.07.TSL.6.1.4_Small.final.json,/gpfs/projects/HeinzGroup/asoubki/FlexFringe/data/MLRegTest/Small/16.07.TSL.6.1.4_Train.txt,2025-12-29 22:55:34.023592
0.1.1.1.0.0.searchglobal.0,Small,16,7,TSL,6,1,5,TestLA,0.50022,0.5050274223034735,0.0221,0.04234689967042232,0.49978,/gpfs/projects/HeinzGroup/caffeine_underground/mlrt/FlexFringe/FlexFringe/models-ps-small/0.1.1.1.0.0.searchglobal.0.ini/0.1.1.1.0.0.searchglobal.0_16.07.TSL.6.1.5_Small.final.json,/gpfs/projects/HeinzGroup/asoubki/FlexFringe/data/MLRegTest/Large/16.07.TSL.6.1.5_TestLA.txt,2025-12-29 23:20:14.276388
0.1.1.1.0.0.searchglobal.0,Small,16,7,TSL,6,1,5,TestSA,0.50471,0.541092305007852,0.06202,0.11128456334894403,0.49529,/gpfs/projects/HeinzGroup/caffeine_underground/mlrt/FlexFringe/FlexFringe/models-ps-small/0.1.1.1.0.0.searchglobal.0.ini/0.1.1.1.0.0.searchglobal.0_16.07.TSL.6.1.5_Small.final.json,/gpfs/projects/HeinzGroup/asoubki/FlexFringe/data/MLRegTest/Large/16.07.TSL.6.1.5_TestSA.txt,2025-12-29 23:20:14.276388
0.1.1.1.0.0.searchglobal.0,Small,16,7,TSL,6,1,5,TestSR,0.51389,0.6906395827614603,0.05032,0.09380534272878102,0.48611,/gpfs/projects/HeinzGroup/caffeine_underground/mlrt/FlexFringe/FlexFringe/models-ps-small/0.1.1.1.0.0.searchglobal.0.ini/0.1.1.1.0.0.searchglobal.0_16.07.TSL.6.1.5_Small.final.json,/gpfs/projects/HeinzGroup/asoubki/FlexFringe/data/MLRegTest/Large/16.07.TSL.6.1.5_TestSR.txt,2025-12-29 23:20:14.276388
0.1.1.1.0.0.searchglobal.0,Small,16,7,TSL,6,1,5,TestLR,0.50087,0.5203747072599532,0.02222,0.0426201208401266,0.49913,/gpfs/projects/HeinzGroup/caffeine_underground/mlrt/FlexFringe/FlexFringe/models-ps-small/0.1.1.1.0.0.searchglobal.0.ini/0.1.1.1.0.0.searchglobal.0_16.07.TSL.6.1.5_Small.final.json,/gpfs/projects/HeinzGroup/asoubki/FlexFringe/data/MLRegTest/Large/16.07.TSL.6.1.5_TestLR.txt,2025-12-29 23:20:14.276388
0.1.1.1.0.0.searchglobal.0,Small,16,7,TSL,6,1,5,Dev,0.51464,0.6989130434782609,0.05144,0.09582712369597615,0.48536,/gpfs/projects/HeinzGroup/caffeine_underground/mlrt/FlexFringe/FlexFringe/models-ps-small/0.1.1.1.0.0.searchglobal.0.ini/0.1.1.1.0.0.searchglobal.0_16.07.TSL.6.1.5_Small.final.json,/gpfs/projects/HeinzGroup/asoubki/FlexFringe/data/MLRegTest/Large/16.07.TSL.6.1.5_Dev.txt,2025-12-29 23:20:14.276388
0.1.1.1.0.0.searchglobal.0,Small,16,7,TSL,6,1,5,Train,0.513,0.6511627906976745,0.056,0.10313075506445672,0.487,/gpfs/projects/HeinzGroup/caffeine_underground/mlrt/FlexFringe/FlexFringe/models-ps-small/0.1.1.1.0.0.searchglobal.0.ini/0.1.1.1.0.0.searchglobal.0_16.07.TSL.6.1.5_Small.final.json,/gpfs/projects/HeinzGroup/asoubki/FlexFringe/data/MLRegTest/Small/16.07.TSL.6.1.5_Train.txt,2025-12-29 23:20:14.276388
0.1.1.1.0.0.searchglobal.0,Small,16,7,TSL,6,1,6,TestLR,0.49916,0.4534368070953437,0.00818,0.016070095477584378,0.50084,/gpfs/projects/HeinzGroup/caffeine_underground/mlrt/FlexFringe/FlexFringe/models-ps-small/0.1.1.1.0.0.searchglobal.0.ini/0.1.1.1.0.0.searchglobal.0_16.07.TSL.6.1.6_Small.final.json,/gpfs/projects/HeinzGroup/asoubki/FlexFringe/data/MLRegTest/Large/16.07.TSL.6.1.6_TestLR.txt,2025-12-29 23:00:11.127705
0.1.1.1.0.0.searchglobal.0,Small,16,7,TSL,6,1,6,TestLA,0.50003,0.5017626321974148,0.00854,0.016794163339953982,0.49997,/gpfs/projects/HeinzGroup/caffeine_underground/mlrt/FlexFringe/FlexFringe/models-ps-small/0.1.1.1.0.0.searchglobal.0.ini/0.1.1.1.0.0.searchglobal.0_16.07.TSL.6.1.6_Small.final.json,/gpfs/projects/HeinzGroup/asoubki/FlexFringe/data/MLRegTest/Large/16.07.TSL.6.1.6_TestLA.txt,2025-12-29 23:00:11.127705
0.1.1.1.0.0.searchglobal.0,Small,16,7,TSL,6,1,6,TestSA,0.50354,0.5623678646934461,0.03192,0.060411067792119306,0.49646,/gpfs/projects/HeinzGroup/caffeine_underground/mlrt/FlexFringe/FlexFringe/models-ps-small/0.1.1.1.0.0.searchglobal.0.ini/0.1.1.1.0.0.searchglobal.0_16.07.TSL.6.1.6_Small.final.json,/gpfs/projects/HeinzGroup/asoubki/FlexFringe/data/MLRegTest/Large/16.07.TSL.6.1.6_TestSA.txt,2025-12-29 23:00:11.127705
0.1.1.1.0.0.searchglobal.0,Small,16,7,TSL,6,1,6,TestSR,0.50781,0.7204968944099379,0.02552,0.049294006296961616,0.49219,/gpfs/projects/HeinzGroup/caffeine_underground/mlrt/FlexFringe/FlexFringe/models-ps-small/0.1.1.1.0.0.searchglobal.0.ini/0.1.1.1.0.0.searchglobal.0_16.07.TSL.6.1.6_Small.final.json,/gpfs/projects/HeinzGroup/asoubki/FlexFringe/data/MLRegTest/Large/16.07.TSL.6.1.6_TestSR.txt,2025-12-29 23:00:11.127705
0.1.1.1.0.0.searchglobal.0,Small,16,7,TSL,6,1,6,Dev,0.50797,0.7245070422535211,0.02572,0.049676484789956545,0.49203,/gpfs/projects/HeinzGroup/caffeine_underground/mlrt/FlexFringe/FlexFringe/models-ps-small/0.1.1.1.0.0.searchglobal.0.ini/0.1.1.1.0.0.searchglobal.0_16.07.TSL.6.1.6_Small.final.json,/gpfs/projects/HeinzGroup/asoubki/FlexFringe/data/MLRegTest/Large/16.07.TSL.6.1.6_Dev.txt,2025-12-29 23:00:11.127705
0.1.1.1.0.0.searchglobal.0,Small,16,7,TSL,6,1,6,Train,0.505,0.6666666666666666,0.02,0.038834951456310676,0.495,/gpfs/projects/HeinzGroup/caffeine_underground/mlrt/FlexFringe/FlexFringe/models-ps-small/0.1.1.1.0.0.searchglobal.0.ini/0.1.1.1.0.0.searchglobal.0_16.07.TSL.6.1.6_Small.final.json,/gpfs/projects/HeinzGroup/asoubki/FlexFringe/data/MLRegTest/Small/16.07.TSL.6.1.6_Train.txt,2025-12-29 23:00:11.127705
0.1.1.1.0.0.searchglobal.0,Small,16,7,TSL,6,1,7,TestLR,0.50078,0.5221843003412969,0.01836,0.03547277715522238,0.49922,/gpfs/projects/HeinzGroup/caffeine_underground/mlrt/FlexFringe/FlexFringe/models-ps-small/0.1.1.1.0.0.searchglobal.0.ini/0.1.1.1.0.0.searchglobal.0_16.07.TSL.6.1.7_Small.final.json,/gpfs/projects/HeinzGroup/asoubki/FlexFringe/data/MLRegTest/Large/16.07.TSL.6.1.7_TestLR.txt,2025-12-29 22:17:28.253535
0.1.1.1.0.0.searchglobal.0,Small,16,7,TSL,6,1,7,TestSR,0.50771,0.6521910777733912,0.03304,0.06289380008756401,0.49229,/gpfs/projects/HeinzGroup/caffeine_underground/mlrt/FlexFringe/FlexFringe/models-ps-small/0.1.1.1.0.0.searchglobal.0.ini/0.1.1.1.0.0.searchglobal.0_16.07.TSL.6.1.7_Small.final.json,/gpfs/projects/HeinzGroup/asoubki/FlexFringe/data/MLRegTest/Large/16.07.TSL.6.1.7_TestSR.txt,2025-12-29 22:17:28.253535
0.1.1.1.0.0.searchglobal.0,Small,16,7,TSL,6,1,7,TestSA,0.50325,0.5401730531520396,0.0437,0.08085854380608752,0.49675,/gpfs/projects/HeinzGroup/caffeine_underground/mlrt/FlexFringe/FlexFringe/models-ps-small/0.1.1.1.0.0.searchglobal.0.ini/0.1.1.1.0.0.searchglobal.0_16.07.TSL.6.1.7_Small.final.json,/gpfs/projects/HeinzGroup/asoubki/FlexFringe/data/MLRegTest/Large/16.07.TSL.6.1.7_TestSA.txt,2025-12-29 22:17:28.253535
0.1.1.1.0.0.searchglobal.0,Small,16,7,TSL,6,1,7,TestLA,0.50014,0.5038461538461538,0.01834,0.03539174064067927,0.49986,/gpfs/projects/HeinzGroup/caffeine_underground/mlrt/FlexFringe/FlexFringe/models-ps-small/0.1.1.1.0.0.searchglobal.0.ini/0.1.1.1.0.0.searchglobal.0_16.07.TSL.6.1.7_Small.final.json,/gpfs/projects/HeinzGroup/asoubki/FlexFringe/data/MLRegTest/Large/16.07.TSL.6.1.7_TestLA.txt,2025-12-29 22:17:28.253535
0.1.1.1.0.0.searchglobal.0,Small,16,7,TSL,6,1,7,Dev,0.50834,0.6640440597954367,0.03376,0.06425335921738799,0.49166,/gpfs/projects/HeinzGroup/caffeine_underground/mlrt/FlexFringe/FlexFringe/models-ps-small/0.1.1.1.0.0.searchglobal.0.ini/0.1.1.1.0.0.searchglobal.0_16.07.TSL.6.1.7_Small.final.json,/gpfs/projects/HeinzGroup/asoubki/FlexFringe/data/MLRegTest/Large/16.07.TSL.6.1.7_Dev.txt,2025-12-29 22:17:28.253535
0.1.1.1.0.0.searchglobal.0,Small,16,7,TSL,6,1,7,Train,0.512,0.7307692307692307,0.038,0.07224334600760456,0.488,/gpfs/projects/HeinzGroup/caffeine_underground/mlrt/FlexFringe/FlexFringe/models-ps-small/0.1.1.1.0.0.searchglobal.0.ini/0.1.1.1.0.0.searchglobal.0_16.07.TSL.6.1.7_Small.final.json,/gpfs/projects/HeinzGroup/asoubki/FlexFringe/data/MLRegTest/Small/16.07.TSL.6.1.7_Train.txt,2025-12-29 22:17:28.253535
0.1.1.1.0.0.searchglobal.0,Small,16,7,TSL,6,1,8,TestLR,0.50027,0.5110204081632653,0.01252,0.024441190824792583,0.49973,/gpfs/projects/HeinzGroup/caffeine_underground/mlrt/FlexFringe/FlexFringe/models-ps-small/0.1.1.1.0.0.searchglobal.0.ini/0.1.1.1.0.0.searchglobal.0_16.07.TSL.6.1.8_Small.final.json,/gpfs/projects/HeinzGroup/asoubki/FlexFringe/data/MLRegTest/Large/16.07.TSL.6.1.8_TestLR.txt,2025-12-29 23:12:13.086675
0.1.1.1.0.0.searchglobal.0,Small,16,7,TSL,6,1,8,TestSR,0.49883,0.45004269854824935,0.01054,0.020597604111703895,0.50117,/gpfs/projects/HeinzGroup/caffeine_underground/mlrt/FlexFringe/FlexFringe/models-ps-small/0.1.1.1.0.0.searchglobal.0.ini/0.1.1.1.0.0.searchglobal.0_16.07.TSL.6.1.8_Small.final.json,/gpfs/projects/HeinzGroup/asoubki/FlexFringe/data/MLRegTest/Large/16.07.TSL.6.1.8_TestSR.txt,2025-12-29 23:12:13.086675
0.1.1.1.0.0.searchglobal.0,Small,16,7,TSL,6,1,8,TestLA,0.49999,0.4996028594122319,0.01258,0.02454203164322363,0.50001,/gpfs/projects/HeinzGroup/caffeine_underground/mlrt/FlexFringe/FlexFringe/models-ps-small/0.1.1.1.0.0.searchglobal.0.ini/0.1.1.1.0.0.searchglobal.0_16.07.TSL.6.1.8_Small.final.json,/gpfs/projects/HeinzGroup/asoubki/FlexFringe/data/MLRegTest/Large/16.07.TSL.6.1.8_TestLA.txt,2025-12-29 23:12:13.086675
0.1.1.1.0.0.searchglobal.0,Small,16,7,TSL,6,1,8,TestSA,0.49841,0.4373522458628842,0.0111,0.02165051005480895,0.50159,/gpfs/projects/HeinzGroup/caffeine_underground/mlrt/FlexFringe/FlexFringe/models-ps-small/0.1.1.1.0.0.searchglobal.0.ini/0.1.1.1.0.0.searchglobal.0_16.07.TSL.6.1.8_Small.final.json,/gpfs/projects/HeinzGroup/asoubki/FlexFringe/data/MLRegTest/Large/16.07.TSL.6.1.8_TestSA.txt,2025-12-29 23:12:13.086675
0.1.1.1.0.0.searchglobal.0,Small,16,7,TSL,6,1,8,Dev,0.49898,0.4588045234248788,0.01136,0.022171044927592802,0.50102,/gpfs/projects/HeinzGroup/caffeine_underground/mlrt/FlexFringe/FlexFringe/models-ps-small/0.1.1.1.0.0.searchglobal.0.ini/0.1.1.1.0.0.searchglobal.0_16.07.TSL.6.1.8_Small.final.json,/gpfs/projects/HeinzGroup/asoubki/FlexFringe/data/MLRegTest/Large/16.07.TSL.6.1.8_Dev.txt,2025-12-29 23:12:13.086675
0.1.1.1.0.0.searchglobal.0,Small,16,7,TSL,6,1,8,Train,0.498,0.375,0.006,0.011811023622047244,0.502,/gpfs/projects/HeinzGroup/caffeine_underground/mlrt/FlexFringe/FlexFringe/models-ps-small/0.1.1.1.0.0.searchglobal.0.ini/0.1.1.1.0.0.searchglobal.0_16.07.TSL.6.1.8_Small.final.json,/gpfs/projects/HeinzGroup/asoubki/FlexFringe/data/MLRegTest/Small/16.07.TSL.6.1.8_Train.txt,2025-12-29 23:12:13.086675
0.1.1.1.0.0.searchglobal.0,Small,16,7,TSL,6,1,9,TestLA,0.49998,0.0,0.0,0.0,0.50002,/gpfs/projects/HeinzGroup/caffeine_underground/mlrt/FlexFringe/FlexFringe/models-ps-small/0.1.1.1.0.0.searchglobal.0.ini/0.1.1.1.0.0.searchglobal.0_16.07.TSL.6.1.9_Small.final.json,/gpfs/projects/HeinzGroup/asoubki/FlexFringe/data/MLRegTest/Large/16.07.TSL.6.1.9_TestLA.txt,2025-12-29 22:17:32.451395
0.1.1.1.0.0.searchglobal.0,Small,16,7,TSL,6,1,9,TestSA,0.49999,0.0,0.0,0.0,0.50001,/gpfs/projects/HeinzGroup/caffeine_underground/mlrt/FlexFringe/FlexFringe/models-ps-small/0.1.1.1.0.0.searchglobal.0.ini/0.1.1.1.0.0.searchglobal.0_16.07.TSL.6.1.9_Small.final.json,/gpfs/projects/HeinzGroup/asoubki/FlexFringe/data/MLRegTest/Large/16.07.TSL.6.1.9_TestSA.txt,2025-12-29 22:17:32.451395
0.1.1.1.0.0.searchglobal.0,Small,16,7,TSL,6,1,9,TestLR,0.49763,0.0,0.0,0.0,0.50237,/gpfs/projects/HeinzGroup/caffeine_underground/mlrt/FlexFringe/FlexFringe/models-ps-small/0.1.1.1.0.0.searchglobal.0.ini/0.1.1.1.0.0.searchglobal.0_16.07.TSL.6.1.9_Small.final.json,/gpfs/projects/HeinzGroup/asoubki/FlexFringe/data/MLRegTest/Large/16.07.TSL.6.1.9_TestLR.txt,2025-12-29 22:17:32.451395
0.1.1.1.0.0.searchglobal.0,Small,16,7,TSL,6,1,9,TestSR,0.49724,0.0,0.0,0.0,0.50276,/gpfs/projects/HeinzGroup/caffeine_underground/mlrt/FlexFringe/FlexFringe/models-ps-small/0.1.1.1.0.0.searchglobal.0.ini/0.1.1.1.0.0.searchglobal.0_16.07.TSL.6.1.9_Small.final.json,/gpfs/projects/HeinzGroup/asoubki/FlexFringe/data/MLRegTest/Large/16.07.TSL.6.1.9_TestSR.txt,2025-12-29 22:17:32.451395
0.1.1.1.0.0.searchglobal.0,Small,16,7,TSL,6,1,9,Dev,0.4975,0.0,0.0,0.0,0.5025,/gpfs/projects/HeinzGroup/caffeine_underground/mlrt/FlexFringe/FlexFringe/models-ps-small/0.1.1.1.0.0.searchglobal.0.ini/0.1.1.1.0.0.searchglobal.0_16.07.TSL.6.1.9_Small.final.json,/gpfs/projects/HeinzGroup/asoubki/FlexFringe/data/MLRegTest/Large/16.07.TSL.6.1.9_Dev.txt,2025-12-29 22:17:32.451395
0.1.1.1.0.0.searchglobal.0,Small,16,7,TSL,6,1,9,Train,0.497,0.0,0.0,0.0,0.503,/gpfs/projects/HeinzGroup/caffeine_underground/mlrt/FlexFringe/FlexFringe/models-ps-small/0.1.1.1.0.0.searchglobal.0.ini/0.1.1.1.0.0.searchglobal.0_16.07.TSL.6.1.9_Small.final.json,/gpfs/projects/HeinzGroup/asoubki/FlexFringe/data/MLRegTest/Small/16.07.TSL.6.1.9_Train.txt,2025-12-29 22:17:32.451395
0.1.1.1.0.0.searchglobal.0,Small,16,16,coSL,2,1,0,TestLA,1.0,1.0,1.0,1.0,0.0,/gpfs/projects/HeinzGroup/caffeine_underground/mlrt/FlexFringe/FlexFringe/models-ps-small/0.1.1.1.0.0.searchglobal.0.ini/0.1.1.1.0.0.searchglobal.0_16.16.coSL.2.1.0_Small.final.json,/gpfs/projects/HeinzGroup/asoubki/FlexFringe/data/MLRegTest/Large/16.16.coSL.2.1.0_TestLA.txt,2025-12-29 22:53:47.757316
0.1.1.1.0.0.searchglobal.0,Small,16,16,coSL,2,1,0,TestLR,1.0,1.0,1.0,1.0,0.0,/gpfs/projects/HeinzGroup/caffeine_underground/mlrt/FlexFringe/FlexFringe/models-ps-small/0.1.1.1.0.0.searchglobal.0.ini/0.1.1.1.0.0.searchglobal.0_16.16.coSL.2.1.0_Small.final.json,/gpfs/projects/HeinzGroup/asoubki/FlexFringe/data/MLRegTest/Large/16.16.coSL.2.1.0_TestLR.txt,2025-12-29 22:53:47.757316
0.1.1.1.0.0.searchglobal.0,Small,16,16,coSL,2,1,0,TestSA,1.0,1.0,1.0,1.0,0.0,/gpfs/projects/HeinzGroup/caffeine_underground/mlrt/FlexFringe/FlexFringe/models-ps-small/0.1.1.1.0.0.searchglobal.0.ini/0.1.1.1.0.0.searchglobal.0_16.16.coSL.2.1.0_Small.final.json,/gpfs/projects/HeinzGroup/asoubki/FlexFringe/data/MLRegTest/Large/16.16.coSL.2.1.0_TestSA.txt,2025-12-29 22:53:47.757316
0.1.1.1.0.0.searchglobal.0,Small,16,16,coSL,2,1,0,TestSR,1.0,1.0,1.0,1.0,0.0,/gpfs/projects/HeinzGroup/caffeine_underground/mlrt/FlexFringe/FlexFringe/models-ps-small/0.1.1.1.0.0.searchglobal.0.ini/0.1.1.1.0.0.searchglobal.0_16.16.coSL.2.1.0_Small.final.json,/gpfs/projects/HeinzGroup/asoubki/FlexFringe/data/MLRegTest/Large/16.16.coSL.2.1.0_TestSR.txt,2025-12-29 22:53:47.757316
0.1.1.1.0.0.searchglobal.0,Small,16,16,coSL,2,1,0,Dev,1.0,1.0,1.0,1.0,0.0,/gpfs/projects/HeinzGroup/caffeine_underground/mlrt/FlexFringe/FlexFringe/models-ps-small/0.1.1.1.0.0.searchglobal.0.ini/0.1.1.1.0.0.searchglobal.0_16.16.coSL.2.1.0_Small.final.json,/gpfs/projects/HeinzGroup/asoubki/FlexFringe/data/MLRegTest/Large/16.16.coSL.2.1.0_Dev.txt,2025-12-29 22:53:47.757316
0.1.1.1.0.0.searchglobal.0,Small,16,16,coSL,2,1,0,Train,1.0,1.0,1.0,1.0,0.0,/gpfs/projects/HeinzGroup/caffeine_underground/mlrt/FlexFringe/FlexFringe/models-ps-small/0.1.1.1.0.0.searchglobal.0.ini/0.1.1.1.0.0.searchglobal.0_16.16.coSL.2.1.0_Small.final.json,/gpfs/projects/HeinzGroup/asoubki/FlexFringe/data/MLRegTest/Small/16.16.coSL.2.1.0_Train.txt,2025-12-29 22:53:47.757316
0.1.1.1.0.0.searchglobal.0,Small,16,16,coSL,2,1,1,TestLA,0.52094,0.5354075076090632,0.31664,0.39793892170415984,0.47906,/gpfs/projects/HeinzGroup/caffeine_underground/mlrt/FlexFringe/FlexFringe/models-ps-small/0.1.1.1.0.0.searchglobal.0.ini/0.1.1.1.0.0.searchglobal.0_16.16.coSL.2.1.1_Small.final.json,/gpfs/projects/HeinzGroup/asoubki/FlexFringe/data/MLRegTest/Large/16.16.coSL.2.1.1_TestLA.txt,2025-12-29 23:16:34.714220
0.1.1.1.0.0.searchglobal.0,Small,16,16,coSL,2,1,1,TestLR,0.53972,0.568824507901303,0.32828,0.416303134828041,0.46028,/gpfs/projects/HeinzGroup/caffeine_underground/mlrt/FlexFringe/FlexFringe/models-ps-small/0.1.1.1.0.0.searchglobal.0.ini/0.1.1.1.0.0.searchglobal.0_16.16.coSL.2.1.1_Small.final.json,/gpfs/projects/HeinzGroup/asoubki/FlexFringe/data/MLRegTest/Large/16.16.coSL.2.1.1_TestLR.txt,2025-12-29 23:16:34.714220
0.1.1.1.0.0.searchglobal.0,Small,16,16,coSL,2,1,1,TestSR,0.54358,0.6104073773814349,0.24094,0.3455030400367099,0.45642,/gpfs/projects/HeinzGroup/caffeine_underground/mlrt/FlexFringe/FlexFringe/models-ps-small/0.1.1.1.0.0.searchglobal.0.ini/0.1.1.1.0.0.searchglobal.0_16.16.coSL.2.1.1_Small.final.json,/gpfs/projects/HeinzGroup/asoubki/FlexFringe/data/MLRegTest/Large/16.16.coSL.2.1.1_TestSR.txt,2025-12-29 23:16:34.714220
0.1.1.1.0.0.searchglobal.0,Small,16,16,coSL,2,1,1,TestSA,0.52312,0.5539430704619692,0.23742,0.3323813523729525,0.47688,/gpfs/projects/HeinzGroup/caffeine_underground/mlrt/FlexFringe/FlexFringe/models-ps-small/0.1.1.1.0.0.searchglobal.0.ini/0.1.1.1.0.0.searchglobal.0_16.16.coSL.2.1.1_Small.final.json,/gpfs/projects/HeinzGroup/asoubki/FlexFringe/data/MLRegTest/Large/16.16.coSL.2.1.1_TestSA.txt,2025-12-29 23:16:34.714220
0.1.1.1.0.0.searchglobal.0,Small,16,16,coSL,2,1,1,Dev,0.54636,0.6158305016989806,0.24648,0.35205393361138093,0.45364,/gpfs/projects/HeinzGroup/caffeine_underground/mlrt/FlexFringe/FlexFringe/models-ps-small/0.1.1.1.0.0.searchglobal.0.ini/0.1.1.1.0.0.searchglobal.0_16.16.coSL.2.1.1_Small.final.json,/gpfs/projects/HeinzGroup/asoubki/FlexFringe/data/MLRegTest/Large/16.16.coSL.2.1.1_Dev.txt,2025-12-29 23:16:34.714220
0.1.1.1.0.0.searchglobal.0,Small,16,16,coSL,2,1,1,Train,0.552,0.6287128712871287,0.254,0.36182336182336183,0.448,/gpfs/projects/HeinzGroup/caffeine_underground/mlrt/FlexFringe/FlexFringe/models-ps-small/0.1.1.1.0.0.searchglobal.0.ini/0.1.1.1.0.0.searchglobal.0_16.16.coSL.2.1.1_Small.final.json,/gpfs/projects/HeinzGroup/asoubki/FlexFringe/data/MLRegTest/Small/16.16.coSL.2.1.1_Train.txt,2025-12-29 23:16:34.714220
0.1.1.1.0.0.searchglobal.0,Small,16,16,coSL,2,1,2,TestLA,0.93157,0.926764630263236,0.9372,0.931953104024343,0.06843,/gpfs/projects/HeinzGroup/caffeine_underground/mlrt/FlexFringe/FlexFringe/models-ps-small/0.1.1.1.0.0.searchglobal.0.ini/0.1.1.1.0.0.searchglobal.0_16.16.coSL.2.1.2_Small.final.json,/gpfs/projects/HeinzGroup/asoubki/FlexFringe/data/MLRegTest/Large/16.16.coSL.2.1.2_TestLA.txt,2025-12-29 23:30:35.810332
0.1.1.1.0.0.searchglobal.0,Small,16,16,coSL,2,1,2,TestSR,0.95331,0.9640860787485411,0.9417,0.9527615617317051,0.04669,/gpfs/projects/HeinzGroup/caffeine_underground/mlrt/FlexFringe/FlexFringe/models-ps-small/0.1.1.1.0.0.searchglobal.0.ini/0.1.1.1.0.0.searchglobal.0_16.16.coSL.2.1.2_Small.final.json,/gpfs/projects/HeinzGroup/asoubki/FlexFringe/data/MLRegTest/Large/16.16.coSL.2.1.2_TestSR.txt,2025-12-29 23:30:35.810332
0.1.1.1.0.0.searchglobal.0,Small,16,16,coSL,2,1,2,TestLR,0.94263,0.9435081461293361,0.94164,0.9425731474159418,0.05737,/gpfs/projects/HeinzGroup/caffeine_underground/mlrt/FlexFringe/FlexFringe/models-ps-small/0.1.1.1.0.0.searchglobal.0.ini/0.1.1.1.0.0.searchglobal.0_16.16.coSL.2.1.2_Small.final.json,/gpfs/projects/HeinzGroup/asoubki/FlexFringe/data/MLRegTest/Large/16.16.coSL.2.1.2_TestLR.txt,2025-12-29 23:30:35.810332
0.1.1.1.0.0.searchglobal.0,Small,16,16,coSL,2,1,2,TestSA,0.94402,0.9459106612035029,0.9419,0.9439010702689702,0.05598,/gpfs/projects/HeinzGroup/caffeine_underground/mlrt/FlexFringe/FlexFringe/models-ps-small/0.1.1.1.0.0.searchglobal.0.ini/0.1.1.1.0.0.searchglobal.0_16.16.coSL.2.1.2_Small.final.json,/gpfs/projects/HeinzGroup/asoubki/FlexFringe/data/MLRegTest/Large/16.16.coSL.2.1.2_TestSA.txt,2025-12-29 23:30:35.810332
0.1.1.1.0.0.searchglobal.0,Small,16,16,coSL,2,1,2,Dev,0.9536,0.9648112472845022,0.94154,0.9530335850355285,0.0464,/gpfs/projects/HeinzGroup/caffeine_underground/mlrt/FlexFringe/FlexFringe/models-ps-small/0.1.1.1.0.0.searchglobal.0.ini/0.1.1.1.0.0.searchglobal.0_16.16.coSL.2.1.2_Small.final.json,/gpfs/projects/HeinzGroup/asoubki/FlexFringe/data/MLRegTest/Large/16.16.coSL.2.1.2_Dev.txt,2025-12-29 23:30:35.810332
0.1.1.1.0.0.searchglobal.0,Small,16,16,coSL,2,1,2,Train,0.951,0.9537223340040242,0.948,0.950852557673019,0.049,/gpfs/projects/HeinzGroup/caffeine_underground/mlrt/FlexFringe/FlexFringe/models-ps-small/0.1.1.1.0.0.searchglobal.0.ini/0.1.1.1.0.0.searchglobal.0_16.16.coSL.2.1.2_Small.final.json,/gpfs/projects/HeinzGroup/asoubki/FlexFringe/data/MLRegTest/Small/16.16.coSL.2.1.2_Train.txt,2025-12-29 23:30:35.810332
0.1.1.1.0.0.searchglobal.0,Small,16,16,coSL,2,1,3,TestLR,0.74086,0.745384897510086,0.73164,0.738448495125053,0.25914,/gpfs/projects/HeinzGroup/caffeine_underground/mlrt/FlexFringe/FlexFringe/models-ps-small/0.1.1.1.0.0.searchglobal.0.ini/0.1.1.1.0.0.searchglobal.0_16.16.coSL.2.1.3_Small.final.json,/gpfs/projects/HeinzGroup/asoubki/FlexFringe/data/MLRegTest/Large/16.16.coSL.2.1.3_TestLR.txt,2025-12-29 22:40:31.280122
0.1.1.1.0.0.searchglobal.0,Small,16,16,coSL,2,1,3,TestLA,0.71415,0.7178579421758327,0.70564,0.7116965375344179,0.28585,/gpfs/projects/HeinzGroup/caffeine_underground/mlrt/FlexFringe/FlexFringe/models-ps-small/0.1.1.1.0.0.searchglobal.0.ini/0.1.1.1.0.0.searchglobal.0_16.16.coSL.2.1.3_Small.final.json,/gpfs/projects/HeinzGroup/asoubki/FlexFringe/data/MLRegTest/Large/16.16.coSL.2.1.3_TestLA.txt,2025-12-29 22:40:31.280122
0.1.1.1.0.0.searchglobal.0,Small,16,16,coSL,2,1,3,TestSR,0.80514,0.8129769426438008,0.79262,0.8026694211528335,0.19486,/gpfs/projects/HeinzGroup/caffeine_underground/mlrt/FlexFringe/FlexFringe/models-ps-small/0.1.1.1.0.0.searchglobal.0.ini/0.1.1.1.0.0.searchglobal.0_16.16.coSL.2.1.3_Small.final.json,/gpfs/projects/HeinzGroup/asoubki/FlexFringe/data/MLRegTest/Large/16.16.coSL.2.1.3_TestSR.txt,2025-12-29 22:40:31.280122
0.1.1.1.0.0.searchglobal.0,Small,16,16,coSL,2,1,3,TestSA,0.7794,0.7789202571576888,0.78026,0.7795895529844334,0.2206,/gpfs/projects/HeinzGroup/caffeine_underground/mlrt/FlexFringe/FlexFringe/models-ps-small/0.1.1.1.0.0.searchglobal.0.ini/0.1.1.1.0.0.searchglobal.0_16.16.coSL.2.1.3_Small.final.json,/gpfs/projects/HeinzGroup/asoubki/FlexFringe/data/MLRegTest/Large/16.16.coSL.2.1.3_TestSA.txt,2025-12-29 22:40:31.280122
0.1.1.1.0.0.searchglobal.0,Small,16,16,coSL,2,1,3,Dev,0.8074,0.814199272251523,0.79658,0.8052932732161993,0.1926,/gpfs/projects/HeinzGroup/caffeine_underground/mlrt/FlexFringe/FlexFringe/models-ps-small/0.1.1.1.0.0.searchglobal.0.ini/0.1.1.1.0.0.searchglobal.0_16.16.coSL.2.1.3_Small.final.json,/gpfs/projects/HeinzGroup/asoubki/FlexFringe/data/MLRegTest/Large/16.16.coSL.2.1.3_Dev.txt,2025-12-29 22:40:31.280122
0.1.1.1.0.0.searchglobal.0,Small,16,16,coSL,2,1,3,Train,0.804,0.8261802575107297,0.77,0.7971014492753623,0.196,/gpfs/projects/HeinzGroup/caffeine_underground/mlrt/FlexFringe/FlexFringe/models-ps-small/0.1.1.1.0.0.searchglobal.0.ini/0.1.1.1.0.0.searchglobal.0_16.16.coSL.2.1.3_Small.final.json,/gpfs/projects/HeinzGroup/asoubki/FlexFringe/data/MLRegTest/Small/16.16.coSL.2.1.3_Train.txt,2025-12-29 22:40:31.280122
0.1.1.1.0.0.searchglobal.0,Small,16,16,coSL,2,1,4,TestSR,0.49953,0.4997500664716831,0.93978,0.652511716715848,0.50047,/gpfs/projects/HeinzGroup/caffeine_underground/mlrt/FlexFringe/FlexFringe/models-ps-small/0.1.1.1.0.0.searchglobal.0.ini/0.1.1.1.0.0.searchglobal.0_16.16.coSL.2.1.4_Small.final.json,/gpfs/projects/HeinzGroup/asoubki/FlexFringe/data/MLRegTest/Large/16.16.coSL.2.1.4_TestSR.txt,2025-12-29 22:03:13.129354
0.1.1.1.0.0.searchglobal.0,Small,16,16,coSL,2,1,4,TestSA,0.50231,0.501232907419861,0.93912,0.6536146045754135,0.49769,/gpfs/projects/HeinzGroup/caffeine_underground/mlrt/FlexFringe/FlexFringe/models-ps-small/0.1.1.1.0.0.searchglobal.0.ini/0.1.1.1.0.0.searchglobal.0_16.16.coSL.2.1.4_Small.final.json,/gpfs/projects/HeinzGroup/asoubki/FlexFringe/data/MLRegTest/Large/16.16.coSL.2.1.4_TestSA.txt,2025-12-29 22:03:13.129354
0.1.1.1.0.0.searchglobal.0,Small,16,16,coSL,2,1,4,TestLA,0.50243,0.501292209518745,0.94268,0.6545252560319389,0.49757,/gpfs/projects/HeinzGroup/caffeine_underground/mlrt/FlexFringe/FlexFringe/models-ps-small/0.1.1.1.0.0.searchglobal.0.ini/0.1.1.1.0.0.searchglobal.0_16.16.coSL.2.1.4_Small.final.json,/gpfs/projects/HeinzGroup/asoubki/FlexFringe/data/MLRegTest/Large/16.16.coSL.2.1.4_TestLA.txt,2025-12-29 22:03:13.129354
0.1.1.1.0.0.searchglobal.0,Small,16,16,coSL,2,1,4,TestLR,0.50071,0.5003772141407486,0.94182,0.6535378978703916,0.49929,/gpfs/projects/HeinzGroup/caffeine_underground/mlrt/FlexFringe/FlexFringe/models-ps-small/0.1.1.1.0.0.searchglobal.0.ini/0.1.1.1.0.0.searchglobal.0_16.16.coSL.2.1.4_Small.final.json,/gpfs/projects/HeinzGroup/asoubki/FlexFringe/data/MLRegTest/Large/16.16.coSL.2.1.4_TestLR.txt,2025-12-29 22:03:13.129354
0.1.1.1.0.0.searchglobal.0,Small,16,16,coSL,2,1,4,Dev,0.49973,0.49985649442454266,0.94046,0.6527663059698903,0.50027,/gpfs/projects/HeinzGroup/caffeine_underground/mlrt/FlexFringe/FlexFringe/models-ps-small/0.1.1.1.0.0.searchglobal.0.ini/0.1.1.1.0.0.searchglobal.0_16.16.coSL.2.1.4_Small.final.json,/gpfs/projects/HeinzGroup/asoubki/FlexFringe/data/MLRegTest/Large/16.16.coSL.2.1.4_Dev.txt,2025-12-29 22:03:13.129354
0.1.1.1.0.0.searchglobal.0,Small,16,16,coSL,2,1,4,Train,0.501,0.5005313496280552,0.942,0.6537126995142263,0.499,/gpfs/projects/HeinzGroup/caffeine_underground/mlrt/FlexFringe/FlexFringe/models-ps-small/0.1.1.1.0.0.searchglobal.0.ini/0.1.1.1.0.0.searchglobal.0_16.16.coSL.2.1.4_Small.final.json,/gpfs/projects/HeinzGroup/asoubki/FlexFringe/data/MLRegTest/Small/16.16.coSL.2.1.4_Train.txt,2025-12-29 22:03:13.129354
0.1.1.1.0.0.searchglobal.0,Small,16,16,coSL,2,1,5,TestSR,0.49816,0.49879169950091934,0.75956,0.6021563342318059,0.50184,/gpfs/projects/HeinzGroup/caffeine_underground/mlrt/FlexFringe/FlexFringe/models-ps-small/0.1.1.1.0.0.searchglobal.0.ini/0.1.1.1.0.0.searchglobal.0_16.16.coSL.2.1.5_Small.final.json,/gpfs/projects/HeinzGroup/asoubki/FlexFringe/data/MLRegTest/Large/16.16.coSL.2.1.5_TestSR.txt,2025-12-29 23:19:22.080862
0.1.1.1.0.0.searchglobal.0,Small,16,16,coSL,2,1,5,TestLR,0.50037,0.500246321816124,0.75142,0.6006314695655649,0.49963,/gpfs/projects/HeinzGroup/caffeine_underground/mlrt/FlexFringe/FlexFringe/models-ps-small/0.1.1.1.0.0.searchglobal.0.ini/0.1.1.1.0.0.searchglobal.0_16.16.coSL.2.1.5_Small.final.json,/gpfs/projects/HeinzGroup/asoubki/FlexFringe/data/MLRegTest/Large/16.16.coSL.2.1.5_TestLR.txt,2025-12-29 23:19:22.080862
0.1.1.1.0.0.searchglobal.0,Small,16,16,coSL,2,1,5,TestLA,0.4999,0.4999337888659357,0.75506,0.6015647407501833,0.5001,/gpfs/projects/HeinzGroup/caffeine_underground/mlrt/FlexFringe/FlexFringe/models-ps-small/0.1.1.1.0.0.searchglobal.0.ini/0.1.1.1.0.0.searchglobal.0_16.16.coSL.2.1.5_Small.final.json,/gpfs/projects/HeinzGroup/asoubki/FlexFringe/data/MLRegTest/Large/16.16.coSL.2.1.5_TestLA.txt,2025-12-29 23:19:22.080862
0.1.1.1.0.0.searchglobal.0,Small,16,16,coSL,2,1,5,TestSA,0.5003,0.5001963299390069,0.76432,0.6046739766775843,0.4997,/gpfs/projects/HeinzGroup/caffeine_underground/mlrt/FlexFringe/FlexFringe/models-ps-small/0.1.1.1.0.0.searchglobal.0.ini/0.1.1.1.0.0.searchglobal.0_16.16.coSL.2.1.5_Small.final.json,/gpfs/projects/HeinzGroup/asoubki/FlexFringe/data/MLRegTest/Large/16.16.coSL.2.1.5_TestSA.txt,2025-12-29 23:19:22.080862
0.1.1.1.0.0.searchglobal.0,Small,16,16,coSL,2,1,5,Dev,0.50204,0.5013346243425012,0.7663,0.6061253223229399,0.49796,/gpfs/projects/HeinzGroup/caffeine_underground/mlrt/FlexFringe/FlexFringe/models-ps-small/0.1.1.1.0.0.searchglobal.0.ini/0.1.1.1.0.0.searchglobal.0_16.16.coSL.2.1.5_Small.final.json,/gpfs/projects/HeinzGroup/asoubki/FlexFringe/data/MLRegTest/Large/16.16.coSL.2.1.5_Dev.txt,2025-12-29 23:19:22.080862
0.1.1.1.0.0.searchglobal.0,Small,16,16,coSL,2,1,5,Train,0.486,0.49074074074074076,0.742,0.5907643312101911,0.514,/gpfs/projects/HeinzGroup/caffeine_underground/mlrt/FlexFringe/FlexFringe/models-ps-small/0.1.1.1.0.0.searchglobal.0.ini/0.1.1.1.0.0.searchglobal.0_16.16.coSL.2.1.5_Small.final.json,/gpfs/projects/HeinzGroup/asoubki/FlexFringe/data/MLRegTest/Small/16.16.coSL.2.1.5_Train.txt,2025-12-29 23:19:22.080862
0.1.1.1.0.0.searchglobal.0,Small,16,16,coSL,2,1,6,TestSA,0.49651,0.4980851740900462,0.90782,0.64324634559381,0.50349,/gpfs/projects/HeinzGroup/caffeine_underground/mlrt/FlexFringe/FlexFringe/models-ps-small/0.1.1.1.0.0.searchglobal.0.ini/0.1.1.1.0.0.searchglobal.0_16.16.coSL.2.1.6_Small.final.json,/gpfs/projects/HeinzGroup/asoubki/FlexFringe/data/MLRegTest/Large/16.16.coSL.2.1.6_TestSA.txt,2025-12-29 22:46:47.359310
0.1.1.1.0.0.searchglobal.0,Small,16,16,coSL,2,1,6,TestSR,0.49788,0.49884576854392615,0.91624,0.6459855043853464,0.50212,/gpfs/projects/HeinzGroup/caffeine_underground/mlrt/FlexFringe/FlexFringe/models-ps-small/0.1.1.1.0.0.searchglobal.0.ini/0.1.1.1.0.0.searchglobal.0_16.16.coSL.2.1.6_Small.final.json,/gpfs/projects/HeinzGroup/asoubki/FlexFringe/data/MLRegTest/Large/16.16.coSL.2.1.6_TestSR.txt,2025-12-29 22:46:47.359310
0.1.1.1.0.0.searchglobal.0,Small,16,16,coSL,2,1,6,TestLR,0.49769,0.49873042044517724,0.90744,0.6436885972690193,0.50231,/gpfs/projects/HeinzGroup/caffeine_underground/mlrt/FlexFringe/FlexFringe/models-ps-small/0.1.1.1.0.0.searchglobal.0.ini/0.1.1.1.0.0.searchglobal.0_16.16.coSL.2.1.6_Small.final.json,/gpfs/projects/HeinzGroup/asoubki/FlexFringe/data/MLRegTest/Large/16.16.coSL.2.1.6_TestLR.txt,2025-12-29 22:46:47.359310
0.1.1.1.0.0.searchglobal.0,Small,16,16,coSL,2,1,6,TestLA,0.49467,0.49704542178959854,0.89666,0.6395623363932695,0.50533,/gpfs/projects/HeinzGroup/caffeine_underground/mlrt/FlexFringe/FlexFringe/models-ps-small/0.1.1.1.0.0.searchglobal.0.ini/0.1.1.1.0.0.searchglobal.0_16.16.coSL.2.1.6_Small.final.json,/gpfs/projects/HeinzGroup/asoubki/FlexFringe/data/MLRegTest/Large/16.16.coSL.2.1.6_TestLA.txt,2025-12-29 22:46:47.359310
0.1.1.1.0.0.searchglobal.0,Small,16,16,coSL,2,1,6,Dev,0.4986,0.49923856763694907,0.91792,0.6467322379731139,0.5014,/gpfs/projects/HeinzGroup/caffeine_underground/mlrt/FlexFringe/FlexFringe/models-ps-small/0.1.1.1.0.0.searchglobal.0.ini/0.1.1.1.0.0.searchglobal.0_16.16.coSL.2.1.6_Small.final.json,/gpfs/projects/HeinzGroup/asoubki/FlexFringe/data/MLRegTest/Large/16.16.coSL.2.1.6_Dev.txt,2025-12-29 22:46:47.359310
0.1.1.1.0.0.searchglobal.0,Small,16,16,coSL,2,1,6,Train,0.507,0.5038084874863983,0.926,0.6525722339675828,0.493,/gpfs/projects/HeinzGroup/caffeine_underground/mlrt/FlexFringe/FlexFringe/models-ps-small/0.1.1.1.0.0.searchglobal.0.ini/0.1.1.1.0.0.searchglobal.0_16.16.coSL.2.1.6_Small.final.json,/gpfs/projects/HeinzGroup/asoubki/FlexFringe/data/MLRegTest/Small/16.16.coSL.2.1.6_Train.txt,2025-12-29 22:46:47.359310
0.1.1.1.0.0.searchglobal.0,Small,16,16,coSL,2,1,7,TestLA,0.4998,0.4998926762256375,0.93156,0.6506397720288316,0.5002,/gpfs/projects/HeinzGroup/caffeine_underground/mlrt/FlexFringe/FlexFringe/models-ps-small/0.1.1.1.0.0.searchglobal.0.ini/0.1.1.1.0.0.searchglobal.0_16.16.coSL.2.1.7_Small.final.json,/gpfs/projects/HeinzGroup/asoubki/FlexFringe/data/MLRegTest/Large/16.16.coSL.2.1.7_TestLA.txt,2025-12-29 22:57:33.634917
0.1.1.1.0.0.searchglobal.0,Small,16,16,coSL,2,1,7,TestLR,0.49992,0.49995715876959984,0.9336,0.6511913397689861,0.50008,/gpfs/projects/HeinzGroup/caffeine_underground/mlrt/FlexFringe/FlexFringe/models-ps-small/0.1.1.1.0.0.searchglobal.0.ini/0.1.1.1.0.0.searchglobal.0_16.16.coSL.2.1.7_Small.final.json,/gpfs/projects/HeinzGroup/asoubki/FlexFringe/data/MLRegTest/Large/16.16.coSL.2.1.7_TestLR.txt,2025-12-29 22:57:33.634917
0.1.1.1.0.0.searchglobal.0,Small,16,16,coSL,2,1,7,TestSR,0.49978,0.4998825037385174,0.93598,0.6517058905444925,0.50022,/gpfs/projects/HeinzGroup/caffeine_underground/mlrt/FlexFringe/FlexFringe/models-ps-small/0.1.1.1.0.0.searchglobal.0.ini/0.1.1.1.0.0.searchglobal.0_16.16.coSL.2.1.7_Small.final.json,/gpfs/projects/HeinzGroup/asoubki/FlexFringe/data/MLRegTest/Large/16.16.coSL.2.1.7_TestSR.txt,2025-12-29 22:57:33.634917
0.1.1.1.0.0.searchglobal.0,Small,16,16,coSL,2,1,7,TestSA,0.50032,0.5001709073041509,0.9365,0.6520770376972246,0.49968,/gpfs/projects/HeinzGroup/caffeine_underground/mlrt/FlexFringe/FlexFringe/models-ps-small/0.1.1.1.0.0.searchglobal.0.ini/0.1.1.1.0.0.searchglobal.0_16.16.coSL.2.1.7_Small.final.json,/gpfs/projects/HeinzGroup/asoubki/FlexFringe/data/MLRegTest/Large/16.16.coSL.2.1.7_TestSA.txt,2025-12-29 22:57:33.634917
0.1.1.1.0.0.searchglobal.0,Small,16,16,coSL,2,1,7,Dev,0.49848,0.499187270082984,0.9336,0.6505379341100396,0.50152,/gpfs/projects/HeinzGroup/caffeine_underground/mlrt/FlexFringe/FlexFringe/models-ps-small/0.1.1.1.0.0.searchglobal.0.ini/0.1.1.1.0.0.searchglobal.0_16.16.coSL.2.1.7_Small.final.json,/gpfs/projects/HeinzGroup/asoubki/FlexFringe/data/MLRegTest/Large/16.16.coSL.2.1.7_Dev.txt,2025-12-29 22:57:33.634917
0.1.1.1.0.0.searchglobal.0,Small,16,16,coSL,2,1,7,Train,0.495,0.4973319103521878,0.932,0.6485734168406402,0.505,/gpfs/projects/HeinzGroup/caffeine_underground/mlrt/FlexFringe/FlexFringe/models-ps-small/0.1.1.1.0.0.searchglobal.0.ini/0.1.1.1.0.0.searchglobal.0_16.16.coSL.2.1.7_Small.final.json,/gpfs/projects/HeinzGroup/asoubki/FlexFringe/data/MLRegTest/Small/16.16.coSL.2.1.7_Train.txt,2025-12-29 22:57:33.634917
0.1.1.1.0.0.searchglobal.0,Small,16,16,coSL,2,1,8,TestSA,0.4763,0.4872591605023224,0.90638,0.6337967106735287,0.5237,/gpfs/projects/HeinzGroup/caffeine_underground/mlrt/FlexFringe/FlexFringe/models-ps-small/0.1.1.1.0.0.searchglobal.0.ini/0.1.1.1.0.0.searchglobal.0_16.16.coSL.2.1.8_Small.final.json,/gpfs/projects/HeinzGroup/asoubki/FlexFringe/data/MLRegTest/Large/16.16.coSL.2.1.8_TestSA.txt,2025-12-29 23:03:42.868932
0.1.1.1.0.0.searchglobal.0,Small,16,16,coSL,2,1,8,TestLR,0.47584,0.4868251717744574,0.89274,0.6300656362481474,0.52416,/gpfs/projects/HeinzGroup/caffeine_underground/mlrt/FlexFringe/FlexFringe/models-ps-small/0.1.1.1.0.0.searchglobal.0.ini/0.1.1.1.0.0.searchglobal.0_16.16.coSL.2.1.8_Small.final.json,/gpfs/projects/HeinzGroup/asoubki/FlexFringe/data/MLRegTest/Large/16.16.coSL.2.1.8_TestLR.txt,2025-12-29 23:03:42.868932
0.1.1.1.0.0.searchglobal.0,Small,16,16,coSL,2,1,8,TestLA,0.47675,0.4873198878696321,0.89354,0.6306792114568849,0.52325,/gpfs/projects/HeinzGroup/caffeine_underground/mlrt/FlexFringe/FlexFringe/models-ps-small/0.1.1.1.0.0.searchglobal.0.ini/0.1.1.1.0.0.searchglobal.0_16.16.coSL.2.1.8_Small.final.json,/gpfs/projects/HeinzGroup/asoubki/FlexFringe/data/MLRegTest/Large/16.16.coSL.2.1.8_TestLA.txt,2025-12-29 23:03:42.868932
0.1.1.1.0.0.searchglobal.0,Small,16,16,coSL,2,1,8,TestSR,0.47558,0.48685513736973557,0.90446,0.632985275180561,0.52442,/gpfs/projects/HeinzGroup/caffeine_underground/mlrt/FlexFringe/FlexFringe/models-ps-small/0.1.1.1.0.0.searchglobal.0.ini/0.1.1.1.0.0.searchglobal.0_16.16.coSL.2.1.8_Small.final.json,/gpfs/projects/HeinzGroup/asoubki/FlexFringe/data/MLRegTest/Large/16.16.coSL.2.1.8_TestSR.txt,2025-12-29 23:03:42.868932
0.1.1.1.0.0.searchglobal.0,Small,16,16,coSL,2,1,8,Dev,0.47469,0.486385885643591,0.90424,0.632534713721101,0.52531,/gpfs/projects/HeinzGroup/caffeine_underground/mlrt/FlexFringe/FlexFringe/models-ps-small/0.1.1.1.0.0.searchglobal.0.ini/0.1.1.1.0.0.searchglobal.0_16.16.coSL.2.1.8_Small.final.json,/gpfs/projects/HeinzGroup/asoubki/FlexFringe/data/MLRegTest/Large/16.16.coSL.2.1.8_Dev.txt,2025-12-29 23:03:42.868932
0.1.1.1.0.0.searchglobal.0,Small,16,16,coSL,2,1,8,Train,0.468,0.482646420824295,0.89,0.6258790436005626,0.532,/gpfs/projects/HeinzGroup/caffeine_underground/mlrt/FlexFringe/FlexFringe/models-ps-small/0.1.1.1.0.0.searchglobal.0.ini/0.1.1.1.0.0.searchglobal.0_16.16.coSL.2.1.8_Small.final.json,/gpfs/projects/HeinzGroup/asoubki/FlexFringe/data/MLRegTest/Small/16.16.coSL.2.1.8_Train.txt,2025-12-29 23:03:42.868932
0.1.1.1.0.0.searchglobal.0,Small,16,16,coSL,2,1,9,TestLA,0.48476,0.49203745114840436,0.94174,0.6463643975895346,0.51524,/gpfs/projects/HeinzGroup/caffeine_underground/mlrt/FlexFringe/FlexFringe/models-ps-small/0.1.1.1.0.0.searchglobal.0.ini/0.1.1.1.0.0.searchglobal.0_16.16.coSL.2.1.9_Small.final.json,/gpfs/projects/HeinzGroup/asoubki/FlexFringe/data/MLRegTest/Large/16.16.coSL.2.1.9_TestLA.txt,2025-12-29 23:32:06.989400
0.1.1.1.0.0.searchglobal.0,Small,16,16,coSL,2,1,9,TestLR,0.47404,0.4862924006251848,0.92096,0.6364968346556824,0.52596,/gpfs/projects/HeinzGroup/caffeine_underground/mlrt/FlexFringe/FlexFringe/models-ps-small/0.1.1.1.0.0.searchglobal.0.ini/0.1.1.1.0.0.searchglobal.0_16.16.coSL.2.1.9_Small.final.json,/gpfs/projects/HeinzGroup/asoubki/FlexFringe/data/MLRegTest/Large/16.16.coSL.2.1.9_TestLR.txt,2025-12-29 23:32:06.989400
0.1.1.1.0.0.searchglobal.0,Small,16,16,coSL,2,1,9,TestSA,0.48613,0.4927693382406606,0.94524,0.6478195612393857,0.51387,/gpfs/projects/HeinzGroup/caffeine_underground/mlrt/FlexFringe/FlexFringe/models-ps-small/0.1.1.1.0.0.searchglobal.0.ini/0.1.1.1.0.0.searchglobal.0_16.16.coSL.2.1.9_Small.final.json,/gpfs/projects/HeinzGroup/asoubki/FlexFringe/data/MLRegTest/Large/16.16.coSL.2.1.9_TestSA.txt,2025-12-29 23:32:06.989400
0.1.1.1.0.0.searchglobal.0,Small,16,16,coSL,2,1,9,TestSR,0.47412,0.4863582693767395,0.92268,0.6369636052355443,0.52588,/gpfs/projects/HeinzGroup/caffeine_underground/mlrt/FlexFringe/FlexFringe/models-ps-small/0.1.1.1.0.0.searchglobal.0.ini/0.1.1.1.0.0.searchglobal.0_16.16.coSL.2.1.9_Small.final.json,/gpfs/projects/HeinzGroup/asoubki/FlexFringe/data/MLRegTest/Large/16.16.coSL.2.1.9_TestSR.txt,2025-12-29 23:32:06.989400
0.1.1.1.0.0.searchglobal.0,Small,16,16,coSL,2,1,9,Dev,0.47435,0.4864710908573056,0.92232,0.6369745229528236,0.52565,/gpfs/projects/HeinzGroup/caffeine_underground/mlrt/FlexFringe/FlexFringe/models-ps-small/0.1.1.1.0.0.searchglobal.0.ini/0.1.1.1.0.0.searchglobal.0_16.16.coSL.2.1.9_Small.final.json,/gpfs/projects/HeinzGroup/asoubki/FlexFringe/data/MLRegTest/Large/16.16.coSL.2.1.9_Dev.txt,2025-12-29 23:32:06.989400
0.1.1.1.0.0.searchglobal.0,Small,16,16,coSL,2,1,9,Train,0.461,0.4791889007470651,0.898,0.6249130132219902,0.539,/gpfs/projects/HeinzGroup/caffeine_underground/mlrt/FlexFringe/FlexFringe/models-ps-small/0.1.1.1.0.0.searchglobal.0.ini/0.1.1.1.0.0.searchglobal.0_16.16.coSL.2.1.9_Small.final.json,/gpfs/projects/HeinzGroup/asoubki/FlexFringe/data/MLRegTest/Small/16.16.coSL.2.1.9_Train.txt,2025-12-29 23:32:06.989400
0.1.1.1.0.0.searchglobal.0,Small,16,16,coSL,4,1,0,TestLA,0.99853,1.0,0.99706,0.9985278359188007,0.00147,/gpfs/projects/HeinzGroup/caffeine_underground/mlrt/FlexFringe/FlexFringe/models-ps-small/0.1.1.1.0.0.searchglobal.0.ini/0.1.1.1.0.0.searchglobal.0_16.16.coSL.4.1.0_Small.final.json,/gpfs/projects/HeinzGroup/asoubki/FlexFringe/data/MLRegTest/Large/16.16.coSL.4.1.0_TestLA.txt,2025-12-29 23:24:06.974617
0.1.1.1.0.0.searchglobal.0,Small,16,16,coSL,4,1,0,TestSR,0.99936,1.0,0.99872,0.9993595901376882,0.00064,/gpfs/projects/HeinzGroup/caffeine_underground/mlrt/FlexFringe/FlexFringe/models-ps-small/0.1.1.1.0.0.searchglobal.0.ini/0.1.1.1.0.0.searchglobal.0_16.16.coSL.4.1.0_Small.final.json,/gpfs/projects/HeinzGroup/asoubki/FlexFringe/data/MLRegTest/Large/16.16.coSL.4.1.0_TestSR.txt,2025-12-29 23:24:06.974617
0.1.1.1.0.0.searchglobal.0,Small,16,16,coSL,4,1,0,TestLR,0.99861,1.0,0.99722,0.9986080652106428,0.00139,/gpfs/projects/HeinzGroup/caffeine_underground/mlrt/FlexFringe/FlexFringe/models-ps-small/0.1.1.1.0.0.searchglobal.0.ini/0.1.1.1.0.0.searchglobal.0_16.16.coSL.4.1.0_Small.final.json,/gpfs/projects/HeinzGroup/asoubki/FlexFringe/data/MLRegTest/Large/16.16.coSL.4.1.0_TestLR.txt,2025-12-29 23:24:06.974617
0.1.1.1.0.0.searchglobal.0,Small,16,16,coSL,4,1,0,TestSA,0.99921,1.0,0.99842,0.9992093754065712,0.00079,/gpfs/projects/HeinzGroup/caffeine_underground/mlrt/FlexFringe/FlexFringe/models-ps-small/0.1.1.1.0.0.searchglobal.0.ini/0.1.1.1.0.0.searchglobal.0_16.16.coSL.4.1.0_Small.final.json,/gpfs/projects/HeinzGroup/asoubki/FlexFringe/data/MLRegTest/Large/16.16.coSL.4.1.0_TestSA.txt,2025-12-29 23:24:06.974617
0.1.1.1.0.0.searchglobal.0,Small,16,16,coSL,4,1,0,Dev,0.99912,1.0,0.99824,0.9991192249179278,0.00088,/gpfs/projects/HeinzGroup/caffeine_underground/mlrt/FlexFringe/FlexFringe/models-ps-small/0.1.1.1.0.0.searchglobal.0.ini/0.1.1.1.0.0.searchglobal.0_16.16.coSL.4.1.0_Small.final.json,/gpfs/projects/HeinzGroup/asoubki/FlexFringe/data/MLRegTest/Large/16.16.coSL.4.1.0_Dev.txt,2025-12-29 23:24:06.974617
0.1.1.1.0.0.searchglobal.0,Small,16,16,coSL,4,1,0,Train,1.0,1.0,1.0,1.0,0.0,/gpfs/projects/HeinzGroup/caffeine_underground/mlrt/FlexFringe/FlexFringe/models-ps-small/0.1.1.1.0.0.searchglobal.0.ini/0.1.1.1.0.0.searchglobal.0_16.16.coSL.4.1.0_Small.final.json,/gpfs/projects/HeinzGroup/asoubki/FlexFringe/data/MLRegTest/Small/16.16.coSL.4.1.0_Train.txt,2025-12-29 23:24:06.974617
0.1.1.1.0.0.searchglobal.0,Small,16,16,coSL,4,1,1,TestLA,0.75131,0.7311746849415877,0.79486,0.7616884672512099,0.24869,/gpfs/projects/HeinzGroup/caffeine_underground/mlrt/FlexFringe/FlexFringe/models-ps-small/0.1.1.1.0.0.searchglobal.0.ini/0.1.1.1.0.0.searchglobal.0_16.16.coSL.4.1.1_Small.final.json,/gpfs/projects/HeinzGroup/asoubki/FlexFringe/data/MLRegTest/Large/16.16.coSL.4.1.1_TestLA.txt,2025-12-29 22:29:53.103803
0.1.1.1.0.0.searchglobal.0,Small,16,16,coSL,4,1,1,TestLR,0.86939,0.9323890904834368,0.79654,0.8591274335328696,0.13061,/gpfs/projects/HeinzGroup/caffeine_underground/mlrt/FlexFringe/FlexFringe/models-ps-small/0.1.1.1.0.0.searchglobal.0.ini/0.1.1.1.0.0.searchglobal.0_16.16.coSL.4.1.1_Small.final.json,/gpfs/projects/HeinzGroup/asoubki/FlexFringe/data/MLRegTest/Large/16.16.coSL.4.1.1_TestLR.txt,2025-12-29 22:29:53.103803
0.1.1.1.0.0.searchglobal.0,Small,16,16,coSL,4,1,1,TestSR,0.89939,0.9588896293402578,0.83456,0.8924152827828096,0.10061,/gpfs/projects/HeinzGroup/caffeine_underground/mlrt/FlexFringe/FlexFringe/models-ps-small/0.1.1.1.0.0.searchglobal.0.ini/0.1.1.1.0.0.searchglobal.0_16.16.coSL.4.1.1_Small.final.json,/gpfs/projects/HeinzGroup/asoubki/FlexFringe/data/MLRegTest/Large/16.16.coSL.4.1.1_TestSR.txt,2025-12-29 22:29:53.103803
0.1.1.1.0.0.searchglobal.0,Small,16,16,coSL,4,1,1,TestSA,0.77273,0.7410851616781288,0.83836,0.7867271004007019,0.22727,/gpfs/projects/HeinzGroup/caffeine_underground/mlrt/FlexFringe/FlexFringe/models-ps-small/0.1.1.1.0.0.searchglobal.0.ini/0.1.1.1.0.0.searchglobal.0_16.16.coSL.4.1.1_Small.final.json,/gpfs/projects/HeinzGroup/asoubki/FlexFringe/data/MLRegTest/Large/16.16.coSL.4.1.1_TestSA.txt,2025-12-29 22:29:53.103803
0.1.1.1.0.0.searchglobal.0,Small,16,16,coSL,4,1,1,Dev,0.9004,0.9592375097490481,0.83634,0.8935829219821784,0.0996,/gpfs/projects/HeinzGroup/caffeine_underground/mlrt/FlexFringe/FlexFringe/models-ps-small/0.1.1.1.0.0.searchglobal.0.ini/0.1.1.1.0.0.searchglobal.0_16.16.coSL.4.1.1_Small.final.json,/gpfs/projects/HeinzGroup/asoubki/FlexFringe/data/MLRegTest/Large/16.16.coSL.4.1.1_Dev.txt,2025-12-29 22:29:53.103803
0.1.1.1.0.0.searchglobal.0,Small,16,16,coSL,4,1,1,Train,0.904,0.954954954954955,0.848,0.8983050847457628,0.096,/gpfs/projects/HeinzGroup/caffeine_underground/mlrt/FlexFringe/FlexFringe/models-ps-small/0.1.1.1.0.0.searchglobal.0.ini/0.1.1.1.0.0.searchglobal.0_16.16.coSL.4.1.1_Small.final.json,/gpfs/projects/HeinzGroup/asoubki/FlexFringe/data/MLRegTest/Small/16.16.coSL.4.1.1_Train.txt,2025-12-29 22:29:53.103803
0.1.1.1.0.0.searchglobal.0,Small,16,16,coSL,4,1,2,TestLR,0.99576,0.9915913057274314,1.0,0.9957779016968056,0.00424,/gpfs/projects/HeinzGroup/caffeine_underground/mlrt/FlexFringe/FlexFringe/models-ps-small/0.1.1.1.0.0.searchglobal.0.ini/0.1.1.1.0.0.searchglobal.0_16.16.coSL.4.1.2_Small.final.json,/gpfs/projects/HeinzGroup/asoubki/FlexFringe/data/MLRegTest/Large/16.16.coSL.4.1.2_TestLR.txt,2025-12-29 23:03:29.831300
0.1.1.1.0.0.searchglobal.0,Small,16,16,coSL,4,1,2,TestLA,0.87025,0.7939658594680429,1.0,0.8851515822084532,0.12975,/gpfs/projects/HeinzGroup/caffeine_underground/mlrt/FlexFringe/FlexFringe/models-ps-small/0.1.1.1.0.0.searchglobal.0.ini/0.1.1.1.0.0.searchglobal.0_16.16.coSL.4.1.2_Small.final.json,/gpfs/projects/HeinzGroup/asoubki/FlexFringe/data/MLRegTest/Large/16.16.coSL.4.1.2_TestLA.txt,2025-12-29 23:03:29.831300
0.1.1.1.0.0.searchglobal.0,Small,16,16,coSL,4,1,2,TestSR,0.99762,0.9952625502607588,1.0,0.9976256509507373,0.00238,/gpfs/projects/HeinzGroup/caffeine_underground/mlrt/FlexFringe/FlexFringe/models-ps-small/0.1.1.1.0.0.searchglobal.0.ini/0.1.1.1.0.0.searchglobal.0_16.16.coSL.4.1.2_Small.final.json,/gpfs/projects/HeinzGroup/asoubki/FlexFringe/data/MLRegTest/Large/16.16.coSL.4.1.2_TestSR.txt,2025-12-29 23:03:29.831300
0.1.1.1.0.0.searchglobal.0,Small,16,16,coSL,4,1,2,TestSA,0.8728,0.7971938775510204,1.0,0.8871540099361249,0.1272,/gpfs/projects/HeinzGroup/caffeine_underground/mlrt/FlexFringe/FlexFringe/models-ps-small/0.1.1.1.0.0.searchglobal.0.ini/0.1.1.1.0.0.searchglobal.0_16.16.coSL.4.1.2_Small.final.json,/gpfs/projects/HeinzGroup/asoubki/FlexFringe/data/MLRegTest/Large/16.16.coSL.4.1.2_TestSA.txt,2025-12-29 23:03:29.831300
0.1.1.1.0.0.searchglobal.0,Small,16,16,coSL,4,1,2,Dev,0.99781,0.9956391007387642,1.0,0.9978147856194933,0.00219,/gpfs/projects/HeinzGroup/caffeine_underground/mlrt/FlexFringe/FlexFringe/models-ps-small/0.1.1.1.0.0.searchglobal.0.ini/0.1.1.1.0.0.searchglobal.0_16.16.coSL.4.1.2_Small.final.json,/gpfs/projects/HeinzGroup/asoubki/FlexFringe/data/MLRegTest/Large/16.16.coSL.4.1.2_Dev.txt,2025-12-29 23:03:29.831300
0.1.1.1.0.0.searchglobal.0,Small,16,16,coSL,4,1,2,Train,1.0,1.0,1.0,1.0,0.0,/gpfs/projects/HeinzGroup/caffeine_underground/mlrt/FlexFringe/FlexFringe/models-ps-small/0.1.1.1.0.0.searchglobal.0.ini/0.1.1.1.0.0.searchglobal.0_16.16.coSL.4.1.2_Small.final.json,/gpfs/projects/HeinzGroup/asoubki/FlexFringe/data/MLRegTest/Small/16.16.coSL.4.1.2_Train.txt,2025-12-29 23:03:29.831300
0.1.1.1.0.0.searchglobal.0,Small,16,16,coSL,4,1,3,TestLA,0.69134,0.6515012351935137,0.82282,0.7272068441333475,0.30866,/gpfs/projects/HeinzGroup/caffeine_underground/mlrt/FlexFringe/FlexFringe/models-ps-small/0.1.1.1.0.0.searchglobal.0.ini/0.1.1.1.0.0.searchglobal.0_16.16.coSL.4.1.3_Small.final.json,/gpfs/projects/HeinzGroup/asoubki/FlexFringe/data/MLRegTest/Large/16.16.coSL.4.1.3_TestLA.txt,2025-12-29 23:06:59.876560
0.1.1.1.0.0.searchglobal.0,Small,16,16,coSL,4,1,3,TestSR,0.89839,0.9137397445217572,0.87984,0.8964695093993581,0.10161,/gpfs/projects/HeinzGroup/caffeine_underground/mlrt/FlexFringe/FlexFringe/models-ps-small/0.1.1.1.0.0.searchglobal.0.ini/0.1.1.1.0.0.searchglobal.0_16.16.coSL.4.1.3_Small.final.json,/gpfs/projects/HeinzGroup/asoubki/FlexFringe/data/MLRegTest/Large/16.16.coSL.4.1.3_TestSR.txt,2025-12-29 23:06:59.876560
0.1.1.1.0.0.searchglobal.0,Small,16,16,coSL,4,1,3,TestSA,0.72246,0.6692483262325015,0.87966,0.7601624611130314,0.27754,/gpfs/projects/HeinzGroup/caffeine_underground/mlrt/FlexFringe/FlexFringe/models-ps-small/0.1.1.1.0.0.searchglobal.0.ini/0.1.1.1.0.0.searchglobal.0_16.16.coSL.4.1.3_Small.final.json,/gpfs/projects/HeinzGroup/asoubki/FlexFringe/data/MLRegTest/Large/16.16.coSL.4.1.3_TestSA.txt,2025-12-29 23:06:59.876560
0.1.1.1.0.0.searchglobal.0,Small,16,16,coSL,4,1,3,TestLR,0.84792,0.8648489932885906,0.82472,0.8443079443079443,0.15208,/gpfs/projects/HeinzGroup/caffeine_underground/mlrt/FlexFringe/FlexFringe/models-ps-small/0.1.1.1.0.0.searchglobal.0.ini/0.1.1.1.0.0.searchglobal.0_16.16.coSL.4.1.3_Small.final.json,/gpfs/projects/HeinzGroup/asoubki/FlexFringe/data/MLRegTest/Large/16.16.coSL.4.1.3_TestLR.txt,2025-12-29 23:06:59.876560
0.1.1.1.0.0.searchglobal.0,Small,16,16,coSL,4,1,3,Dev,0.89997,0.9131665392640952,0.884,0.8983465951241324,0.10003,/gpfs/projects/HeinzGroup/caffeine_underground/mlrt/FlexFringe/FlexFringe/models-ps-small/0.1.1.1.0.0.searchglobal.0.ini/0.1.1.1.0.0.searchglobal.0_16.16.coSL.4.1.3_Small.final.json,/gpfs/projects/HeinzGroup/asoubki/FlexFringe/data/MLRegTest/Large/16.16.coSL.4.1.3_Dev.txt,2025-12-29 23:06:59.876560
0.1.1.1.0.0.searchglobal.0,Small,16,16,coSL,4,1,3,Train,0.904,0.9023904382470119,0.906,0.9041916167664671,0.096,/gpfs/projects/HeinzGroup/caffeine_underground/mlrt/FlexFringe/FlexFringe/models-ps-small/0.1.1.1.0.0.searchglobal.0.ini/0.1.1.1.0.0.searchglobal.0_16.16.coSL.4.1.3_Small.final.json,/gpfs/projects/HeinzGroup/asoubki/FlexFringe/data/MLRegTest/Small/16.16.coSL.4.1.3_Train.txt,2025-12-29 23:06:59.876560
0.1.1.1.0.0.searchglobal.0,Small,16,16,coSL,4,1,4,TestSA,0.76344,0.7516045232273839,0.78696,0.768876035641707,0.23656,/gpfs/projects/HeinzGroup/caffeine_underground/mlrt/FlexFringe/FlexFringe/models-ps-small/0.1.1.1.0.0.searchglobal.0.ini/0.1.1.1.0.0.searchglobal.0_16.16.coSL.4.1.4_Small.final.json,/gpfs/projects/HeinzGroup/asoubki/FlexFringe/data/MLRegTest/Large/16.16.coSL.4.1.4_TestSA.txt,2025-12-29 22:56:38.050173
0.1.1.1.0.0.searchglobal.0,Small,16,16,coSL,4,1,4,TestSR,0.86279,0.7884642908258194,0.99162,0.8784493679296262,0.13721,/gpfs/projects/HeinzGroup/caffeine_underground/mlrt/FlexFringe/FlexFringe/models-ps-small/0.1.1.1.0.0.searchglobal.0.ini/0.1.1.1.0.0.searchglobal.0_16.16.coSL.4.1.4_Small.final.json,/gpfs/projects/HeinzGroup/asoubki/FlexFringe/data/MLRegTest/Large/16.16.coSL.4.1.4_TestSR.txt,2025-12-29 22:56:38.050173
0.1.1.1.0.0.searchglobal.0,Small,16,16,coSL,4,1,4,TestLA,0.76187,0.7503968178080358,0.78478,0.7672033707755326,0.23813,/gpfs/projects/HeinzGroup/caffeine_underground/mlrt/FlexFringe/FlexFringe/models-ps-small/0.1.1.1.0.0.searchglobal.0.ini/0.1.1.1.0.0.searchglobal.0_16.16.coSL.4.1.4_Small.final.json,/gpfs/projects/HeinzGroup/asoubki/FlexFringe/data/MLRegTest/Large/16.16.coSL.4.1.4_TestLA.txt,2025-12-29 22:56:38.050173
0.1.1.1.0.0.searchglobal.0,Small,16,16,coSL,4,1,4,TestLR,0.86049,0.789090442509102,0.98398,0.875824439914908,0.13951,/gpfs/projects/HeinzGroup/caffeine_underground/mlrt/FlexFringe/FlexFringe/models-ps-small/0.1.1.1.0.0.searchglobal.0.ini/0.1.1.1.0.0.searchglobal.0_16.16.coSL.4.1.4_Small.final.json,/gpfs/projects/HeinzGroup/asoubki/FlexFringe/data/MLRegTest/Large/16.16.coSL.4.1.4_TestLR.txt,2025-12-29 22:56:38.050173
0.1.1.1.0.0.searchglobal.0,Small,16,16,coSL,4,1,4,Dev,0.86249,0.7884092102541254,0.99092,0.8781404251925241,0.13751,/gpfs/projects/HeinzGroup/caffeine_underground/mlrt/FlexFringe/FlexFringe/models-ps-small/0.1.1.1.0.0.searchglobal.0.ini/0.1.1.1.0.0.searchglobal.0_16.16.coSL.4.1.4_Small.final.json,/gpfs/projects/HeinzGroup/asoubki/FlexFringe/data/MLRegTest/Large/16.16.coSL.4.1.4_Dev.txt,2025-12-29 22:56:38.050173
0.1.1.1.0.0.searchglobal.0,Small,16,16,coSL,4,1,4,Train,0.867,0.7926634768740032,0.994,0.8819875776397516,0.133,/gpfs/projects/HeinzGroup/caffeine_underground/mlrt/FlexFringe/FlexFringe/models-ps-small/0.1.1.1.0.0.searchglobal.0.ini/0.1.1.1.0.0.searchglobal.0_16.16.coSL.4.1.4_Small.final.json,/gpfs/projects/HeinzGroup/asoubki/FlexFringe/data/MLRegTest/Small/16.16.coSL.4.1.4_Train.txt,2025-12-29 22:56:38.050173
0.1.1.1.0.0.searchglobal.0,Small,16,16,coSL,4,1,5,TestLA,0.82389,0.809806209706732,0.84662,0.8278040147448495,0.17611,/gpfs/projects/HeinzGroup/caffeine_underground/mlrt/FlexFringe/FlexFringe/models-ps-small/0.1.1.1.0.0.searchglobal.0.ini/0.1.1.1.0.0.searchglobal.0_16.16.coSL.4.1.5_Small.final.json,/gpfs/projects/HeinzGroup/asoubki/FlexFringe/data/MLRegTest/Large/16.16.coSL.4.1.5_TestLA.txt,2025-12-29 22:37:24.227203
0.1.1.1.0.0.searchglobal.0,Small,16,16,coSL,4,1,5,TestLR,0.89937,0.8361643743371324,0.99338,0.9080172941746419,0.10063,/gpfs/projects/HeinzGroup/caffeine_underground/mlrt/FlexFringe/FlexFringe/models-ps-small/0.1.1.1.0.0.searchglobal.0.ini/0.1.1.1.0.0.searchglobal.0_16.16.coSL.4.1.5_Small.final.json,/gpfs/projects/HeinzGroup/asoubki/FlexFringe/data/MLRegTest/Large/16.16.coSL.4.1.5_TestLR.txt,2025-12-29 22:37:24.227203
0.1.1.1.0.0.searchglobal.0,Small,16,16,coSL,4,1,5,TestSA,0.82718,0.8128514056224899,0.85008,0.83104897839476,0.17282,/gpfs/projects/HeinzGroup/caffeine_underground/mlrt/FlexFringe/FlexFringe/models-ps-small/0.1.1.1.0.0.searchglobal.0.ini/0.1.1.1.0.0.searchglobal.0_16.16.coSL.4.1.5_Small.final.json,/gpfs/projects/HeinzGroup/asoubki/FlexFringe/data/MLRegTest/Large/16.16.coSL.4.1.5_TestSA.txt,2025-12-29 22:37:24.227203
0.1.1.1.0.0.searchglobal.0,Small,16,16,coSL,4,1,5,TestSR,0.89848,0.8333891101368762,0.9961,0.9075089739618447,0.10152,/gpfs/projects/HeinzGroup/caffeine_underground/mlrt/FlexFringe/FlexFringe/models-ps-small/0.1.1.1.0.0.searchglobal.0.ini/0.1.1.1.0.0.searchglobal.0_16.16.coSL.4.1.5_Small.final.json,/gpfs/projects/HeinzGroup/asoubki/FlexFringe/data/MLRegTest/Large/16.16.coSL.4.1.5_TestSR.txt,2025-12-29 22:37:24.227203
0.1.1.1.0.0.searchglobal.0,Small,16,16,coSL,4,1,5,Dev,0.89915,0.8340670561256088,0.99656,0.9081018033369479,0.10085,/gpfs/projects/HeinzGroup/caffeine_underground/mlrt/FlexFringe/FlexFringe/models-ps-small/0.1.1.1.0.0.searchglobal.0.ini/0.1.1.1.0.0.searchglobal.0_16.16.coSL.4.1.5_Small.final.json,/gpfs/projects/HeinzGroup/asoubki/FlexFringe/data/MLRegTest/Large/16.16.coSL.4.1.5_Dev.txt,2025-12-29 22:37:24.227203
0.1.1.1.0.0.searchglobal.0,Small,16,16,coSL,4,1,5,Train,0.899,0.8341708542713567,0.996,0.9079307201458523,0.101,/gpfs/projects/HeinzGroup/caffeine_underground/mlrt/FlexFringe/FlexFringe/models-ps-small/0.1.1.1.0.0.searchglobal.0.ini/0.1.1.1.0.0.searchglobal.0_16.16.coSL.4.1.5_Small.final.json,/gpfs/projects/HeinzGroup/asoubki/FlexFringe/data/MLRegTest/Small/16.16.coSL.4.1.5_Train.txt,2025-12-29 22:37:24.227203
0.1.1.1.0.0.searchglobal.0,Small,16,16,coSL,4,1,6,TestLR,0.83105,0.7494988167553472,0.99448,0.8547828403943512,0.16895,/gpfs/projects/HeinzGroup/caffeine_underground/mlrt/FlexFringe/FlexFringe/models-ps-small/0.1.1.1.0.0.searchglobal.0.ini/0.1.1.1.0.0.searchglobal.0_16.16.coSL.4.1.6_Small.final.json,/gpfs/projects/HeinzGroup/asoubki/FlexFringe/data/MLRegTest/Large/16.16.coSL.4.1.6_TestLR.txt,2025-12-29 23:06:29.893216
0.1.1.1.0.0.searchglobal.0,Small,16,16,coSL,4,1,6,TestSR,0.833,0.7510782036975601,0.99614,0.8564231304916003,0.167,/gpfs/projects/HeinzGroup/caffeine_underground/mlrt/FlexFringe/FlexFringe/models-ps-small/0.1.1.1.0.0.searchglobal.0.ini/0.1.1.1.0.0.searchglobal.0_16.16.coSL.4.1.6_Small.final.json,/gpfs/projects/HeinzGroup/asoubki/FlexFringe/data/MLRegTest/Large/16.16.coSL.4.1.6_TestSR.txt,2025-12-29 23:06:29.893216
0.1.1.1.0.0.searchglobal.0,Small,16,16,coSL,4,1,6,TestLA,0.77347,0.728298799525821,0.8724,0.7938631213999072,0.22653,/gpfs/projects/HeinzGroup/caffeine_underground/mlrt/FlexFringe/FlexFringe/models-ps-small/0.1.1.1.0.0.searchglobal.0.ini/0.1.1.1.0.0.searchglobal.0_16.16.coSL.4.1.6_Small.final.json,/gpfs/projects/HeinzGroup/asoubki/FlexFringe/data/MLRegTest/Large/16.16.coSL.4.1.6_TestLA.txt,2025-12-29 23:06:29.893216
0.1.1.1.0.0.searchglobal.0,Small,16,16,coSL,4,1,6,TestSA,0.77063,0.725056133056133,0.87188,0.7917185017026107,0.22937,/gpfs/projects/HeinzGroup/caffeine_underground/mlrt/FlexFringe/FlexFringe/models-ps-small/0.1.1.1.0.0.searchglobal.0.ini/0.1.1.1.0.0.searchglobal.0_16.16.coSL.4.1.6_Small.final.json,/gpfs/projects/HeinzGroup/asoubki/FlexFringe/data/MLRegTest/Large/16.16.coSL.4.1.6_TestSA.txt,2025-12-29 23:06:29.893216
0.1.1.1.0.0.searchglobal.0,Small,16,16,coSL,4,1,6,Dev,0.83328,0.7511756903412516,0.99672,0.8567008182630819,0.16672,/gpfs/projects/HeinzGroup/caffeine_underground/mlrt/FlexFringe/FlexFringe/models-ps-small/0.1.1.1.0.0.searchglobal.0.ini/0.1.1.1.0.0.searchglobal.0_16.16.coSL.4.1.6_Small.final.json,/gpfs/projects/HeinzGroup/asoubki/FlexFringe/data/MLRegTest/Large/16.16.coSL.4.1.6_Dev.txt,2025-12-29 23:06:29.893216
0.1.1.1.0.0.searchglobal.0,Small,16,16,coSL,4,1,6,Train,0.831,0.7481259370314842,0.998,0.8551842330762639,0.169,/gpfs/projects/HeinzGroup/caffeine_underground/mlrt/FlexFringe/FlexFringe/models-ps-small/0.1.1.1.0.0.searchglobal.0.ini/0.1.1.1.0.0.searchglobal.0_16.16.coSL.4.1.6_Small.final.json,/gpfs/projects/HeinzGroup/asoubki/FlexFringe/data/MLRegTest/Small/16.16.coSL.4.1.6_Train.txt,2025-12-29 23:06:29.893216
0.1.1.1.0.0.searchglobal.0,Small,16,16,coSL,4,1,7,TestLA,0.72481,0.6800583081038654,0.84908,0.7552278367296112,0.27519,/gpfs/projects/HeinzGroup/caffeine_underground/mlrt/FlexFringe/FlexFringe/models-ps-small/0.1.1.1.0.0.searchglobal.0.ini/0.1.1.1.0.0.searchglobal.0_16.16.coSL.4.1.7_Small.final.json,/gpfs/projects/HeinzGroup/asoubki/FlexFringe/data/MLRegTest/Large/16.16.coSL.4.1.7_TestLA.txt,2025-12-29 23:00:28.567896
0.1.1.1.0.0.searchglobal.0,Small,16,16,coSL,4,1,7,TestSR,0.79844,0.713672031616931,0.9968,0.831803464735138,0.20156,/gpfs/projects/HeinzGroup/caffeine_underground/mlrt/FlexFringe/FlexFringe/models-ps-small/0.1.1.1.0.0.searchglobal.0.ini/0.1.1.1.0.0.searchglobal.0_16.16.coSL.4.1.7_Small.final.json,/gpfs/projects/HeinzGroup/asoubki/FlexFringe/data/MLRegTest/Large/16.16.coSL.4.1.7_TestSR.txt,2025-12-29 23:00:28.567896
0.1.1.1.0.0.searchglobal.0,Small,16,16,coSL,4,1,7,TestLR,0.79798,0.713893993338693,0.99454,0.8311660092264491,0.20202,/gpfs/projects/HeinzGroup/caffeine_underground/mlrt/FlexFringe/FlexFringe/models-ps-small/0.1.1.1.0.0.searchglobal.0.ini/0.1.1.1.0.0.searchglobal.0_16.16.coSL.4.1.7_Small.final.json,/gpfs/projects/HeinzGroup/asoubki/FlexFringe/data/MLRegTest/Large/16.16.coSL.4.1.7_TestLR.txt,2025-12-29 23:00:28.567896
0.1.1.1.0.0.searchglobal.0,Small,16,16,coSL,4,1,7,TestSA,0.72925,0.683720408392236,0.85316,0.7590999279301723,0.27075,/gpfs/projects/HeinzGroup/caffeine_underground/mlrt/FlexFringe/FlexFringe/models-ps-small/0.1.1.1.0.0.searchglobal.0.ini/0.1.1.1.0.0.searchglobal.0_16.16.coSL.4.1.7_Small.final.json,/gpfs/projects/HeinzGroup/asoubki/FlexFringe/data/MLRegTest/Large/16.16.coSL.4.1.7_TestSA.txt,2025-12-29 23:00:28.567896
0.1.1.1.0.0.searchglobal.0,Small,16,16,coSL,4,1,7,Dev,0.79853,0.7140153416015484,0.99598,0.83175080379139,0.20147,/gpfs/projects/HeinzGroup/caffeine_underground/mlrt/FlexFringe/FlexFringe/models-ps-small/0.1.1.1.0.0.searchglobal.0.ini/0.1.1.1.0.0.searchglobal.0_16.16.coSL.4.1.7_Small.final.json,/gpfs/projects/HeinzGroup/asoubki/FlexFringe/data/MLRegTest/Large/16.16.coSL.4.1.7_Dev.txt,2025-12-29 23:00:28.567896
0.1.1.1.0.0.searchglobal.0,Small,16,16,coSL,4,1,7,Train,0.796,0.7114285714285714,0.996,0.83,0.204,/gpfs/projects/HeinzGroup/caffeine_underground/mlrt/FlexFringe/FlexFringe/models-ps-small/0.1.1.1.0.0.searchglobal.0.ini/0.1.1.1.0.0.searchglobal.0_16.16.coSL.4.1.7_Small.final.json,/gpfs/projects/HeinzGroup/asoubki/FlexFringe/data/MLRegTest/Small/16.16.coSL.4.1.7_Train.txt,2025-12-29 23:00:28.567896
0.1.1.1.0.0.searchglobal.0,Small,16,16,coSL,4,1,8,TestLA,0.79917,0.7665971591010354,0.86026,0.8107323601202537,0.20083,/gpfs/projects/HeinzGroup/caffeine_underground/mlrt/FlexFringe/FlexFringe/models-ps-small/0.1.1.1.0.0.searchglobal.0.ini/0.1.1.1.0.0.searchglobal.0_16.16.coSL.4.1.8_Small.final.json,/gpfs/projects/HeinzGroup/asoubki/FlexFringe/data/MLRegTest/Large/16.16.coSL.4.1.8_TestLA.txt,2025-12-29 22:50:13.821192
0.1.1.1.0.0.searchglobal.0,Small,16,16,coSL,4,1,8,TestLR,0.8651,0.7903887757699161,0.99374,0.8804756166713921,0.1349,/gpfs/projects/HeinzGroup/caffeine_underground/mlrt/FlexFringe/FlexFringe/models-ps-small/0.1.1.1.0.0.searchglobal.0.ini/0.1.1.1.0.0.searchglobal.0_16.16.coSL.4.1.8_Small.final.json,/gpfs/projects/HeinzGroup/asoubki/FlexFringe/data/MLRegTest/Large/16.16.coSL.4.1.8_TestLR.txt,2025-12-29 22:50:13.821192
0.1.1.1.0.0.searchglobal.0,Small,16,16,coSL,4,1,8,TestSR,0.86563,0.7898742607068673,0.9963,0.881158958847409,0.13437,/gpfs/projects/HeinzGroup/caffeine_underground/mlrt/FlexFringe/FlexFringe/models-ps-small/0.1.1.1.0.0.searchglobal.0.ini/0.1.1.1.0.0.searchglobal.0_16.16.coSL.4.1.8_Small.final.json,/gpfs/projects/HeinzGroup/asoubki/FlexFringe/data/MLRegTest/Large/16.16.coSL.4.1.8_TestSR.txt,2025-12-29 22:50:13.821192
0.1.1.1.0.0.searchglobal.0,Small,16,16,coSL,4,1,8,TestSA,0.79897,0.7646361109635845,0.86384,0.8112163926113046,0.20103,/gpfs/projects/HeinzGroup/caffeine_underground/mlrt/FlexFringe/FlexFringe/models-ps-small/0.1.1.1.0.0.searchglobal.0.ini/0.1.1.1.0.0.searchglobal.0_16.16.coSL.4.1.8_Small.final.json,/gpfs/projects/HeinzGroup/asoubki/FlexFringe/data/MLRegTest/Large/16.16.coSL.4.1.8_TestSA.txt,2025-12-29 22:50:13.821192
0.1.1.1.0.0.searchglobal.0,Small,16,16,coSL,4,1,8,Dev,0.86484,0.788694055833386,0.99672,0.8805880482029897,0.13516,/gpfs/projects/HeinzGroup/caffeine_underground/mlrt/FlexFringe/FlexFringe/models-ps-small/0.1.1.1.0.0.searchglobal.0.ini/0.1.1.1.0.0.searchglobal.0_16.16.coSL.4.1.8_Small.final.json,/gpfs/projects/HeinzGroup/asoubki/FlexFringe/data/MLRegTest/Large/16.16.coSL.4.1.8_Dev.txt,2025-12-29 22:50:13.821192
0.1.1.1.0.0.searchglobal.0,Small,16,16,coSL,4,1,8,Train,0.865,0.7883096366508688,0.998,0.880847308031774,0.135,/gpfs/projects/HeinzGroup/caffeine_underground/mlrt/FlexFringe/FlexFringe/models-ps-small/0.1.1.1.0.0.searchglobal.0.ini/0.1.1.1.0.0.searchglobal.0_16.16.coSL.4.1.8_Small.final.json,/gpfs/projects/HeinzGroup/asoubki/FlexFringe/data/MLRegTest/Small/16.16.coSL.4.1.8_Train.txt,2025-12-29 22:50:13.821192
0.1.1.1.0.0.searchglobal.0,Small,16,16,coSL,4,1,9,TestLR,0.5355,0.5186747748506018,0.98598,0.6797611825051018,0.4645,/gpfs/projects/HeinzGroup/caffeine_underground/mlrt/FlexFringe/FlexFringe/models-ps-small/0.1.1.1.0.0.searchglobal.0.ini/0.1.1.1.0.0.searchglobal.0_16.16.coSL.4.1.9_Small.final.json,/gpfs/projects/HeinzGroup/asoubki/FlexFringe/data/MLRegTest/Large/16.16.coSL.4.1.9_TestLR.txt,2025-12-29 23:08:06.149881
0.1.1.1.0.0.searchglobal.0,Small,16,16,coSL,4,1,9,TestSA,0.51375,0.5073808066819114,0.94522,0.6603142224426638,0.48625,/gpfs/projects/HeinzGroup/caffeine_underground/mlrt/FlexFringe/FlexFringe/models-ps-small/0.1.1.1.0.0.searchglobal.0.ini/0.1.1.1.0.0.searchglobal.0_16.16.coSL.4.1.9_Small.final.json,/gpfs/projects/HeinzGroup/asoubki/FlexFringe/data/MLRegTest/Large/16.16.coSL.4.1.9_TestSA.txt,2025-12-29 23:08:06.149881
0.1.1.1.0.0.searchglobal.0,Small,16,16,coSL,4,1,9,TestSR,0.53708,0.5194408908835434,0.99074,0.6815486427362657,0.46292,/gpfs/projects/HeinzGroup/caffeine_underground/mlrt/FlexFringe/FlexFringe/models-ps-small/0.1.1.1.0.0.searchglobal.0.ini/0.1.1.1.0.0.searchglobal.0_16.16.coSL.4.1.9_Small.final.json,/gpfs/projects/HeinzGroup/asoubki/FlexFringe/data/MLRegTest/Large/16.16.coSL.4.1.9_TestSR.txt,2025-12-29 23:08:06.149881
0.1.1.1.0.0.searchglobal.0,Small,16,16,coSL,4,1,9,TestLA,0.51383,0.5074620423226753,0.94052,0.6592322088190147,0.48617,/gpfs/projects/HeinzGroup/caffeine_underground/mlrt/FlexFringe/FlexFringe/models-ps-small/0.1.1.1.0.0.searchglobal.0.ini/0.1.1.1.0.0.searchglobal.0_16.16.coSL.4.1.9_Small.final.json,/gpfs/projects/HeinzGroup/asoubki/FlexFringe/data/MLRegTest/Large/16.16.coSL.4.1.9_TestLA.txt,2025-12-29 23:08:06.149881
0.1.1.1.0.0.searchglobal.0,Small,16,16,coSL,4,1,9,Dev,0.53722,0.519505701827939,0.9913,0.6817369058098591,0.46278,/gpfs/projects/HeinzGroup/caffeine_underground/mlrt/FlexFringe/FlexFringe/models-ps-small/0.1.1.1.0.0.searchglobal.0.ini/0.1.1.1.0.0.searchglobal.0_16.16.coSL.4.1.9_Small.final.json,/gpfs/projects/HeinzGroup/asoubki/FlexFringe/data/MLRegTest/Large/16.16.coSL.4.1.9_Dev.txt,2025-12-29 23:08:06.149881
0.1.1.1.0.0.searchglobal.0,Small,16,16,coSL,4,1,9,Train,0.536,0.5188284518828452,0.992,0.6813186813186813,0.464,/gpfs/projects/HeinzGroup/caffeine_underground/mlrt/FlexFringe/FlexFringe/models-ps-small/0.1.1.1.0.0.searchglobal.0.ini/0.1.1.1.0.0.searchglobal.0_16.16.coSL.4.1.9_Small.final.json,/gpfs/projects/HeinzGroup/asoubki/FlexFringe/data/MLRegTest/Small/16.16.coSL.4.1.9_Train.txt,2025-12-29 23:08:06.149881
0.1.1.1.0.0.searchglobal.0,Small,16,16,coSL,6,1,0,TestLR,0.99862,0.9999799454516284,0.99726,0.998618120644076,0.00138,/gpfs/projects/HeinzGroup/caffeine_underground/mlrt/FlexFringe/FlexFringe/models-ps-small/0.1.1.1.0.0.searchglobal.0.ini/0.1.1.1.0.0.searchglobal.0_16.16.coSL.6.1.0_Small.final.json,/gpfs/projects/HeinzGroup/asoubki/FlexFringe/data/MLRegTest/Large/16.16.coSL.6.1.0_TestLR.txt,2025-12-29 23:02:47.212616
0.1.1.1.0.0.searchglobal.0,Small,16,16,coSL,6,1,0,TestSA,0.66368,0.597986159335265,0.9989,0.7481164152723896,0.33632,/gpfs/projects/HeinzGroup/caffeine_underground/mlrt/FlexFringe/FlexFringe/models-ps-small/0.1.1.1.0.0.searchglobal.0.ini/0.1.1.1.0.0.searchglobal.0_16.16.coSL.6.1.0_Small.final.json,/gpfs/projects/HeinzGroup/asoubki/FlexFringe/data/MLRegTest/Large/16.16.coSL.6.1.0_TestSA.txt,2025-12-29 23:02:47.212616
0.1.1.1.0.0.searchglobal.0,Small,16,16,coSL,6,1,0,TestLA,0.66444,0.5987366701892592,0.99716,0.7482141785221201,0.33556,/gpfs/projects/HeinzGroup/caffeine_underground/mlrt/FlexFringe/FlexFringe/models-ps-small/0.1.1.1.0.0.searchglobal.0.ini/0.1.1.1.0.0.searchglobal.0_16.16.coSL.6.1.0_Small.final.json,/gpfs/projects/HeinzGroup/asoubki/FlexFringe/data/MLRegTest/Large/16.16.coSL.6.1.0_TestLA.txt,2025-12-29 23:02:47.212616
0.1.1.1.0.0.searchglobal.0,Small,16,16,coSL,6,1,0,TestSR,0.99941,1.0,0.99882,0.9994096516944998,0.00059,/gpfs/projects/HeinzGroup/caffeine_underground/mlrt/FlexFringe/FlexFringe/models-ps-small/0.1.1.1.0.0.searchglobal.0.ini/0.1.1.1.0.0.searchglobal.0_16.16.coSL.6.1.0_Small.final.json,/gpfs/projects/HeinzGroup/asoubki/FlexFringe/data/MLRegTest/Large/16.16.coSL.6.1.0_TestSR.txt,2025-12-29 23:02:47.212616
0.1.1.1.0.0.searchglobal.0,Small,16,16,coSL,6,1,0,Dev,0.99952,0.9999599647689967,0.99908,0.9995197887070311,0.00048,/gpfs/projects/HeinzGroup/caffeine_underground/mlrt/FlexFringe/FlexFringe/models-ps-small/0.1.1.1.0.0.searchglobal.0.ini/0.1.1.1.0.0.searchglobal.0_16.16.coSL.6.1.0_Small.final.json,/gpfs/projects/HeinzGroup/asoubki/FlexFringe/data/MLRegTest/Large/16.16.coSL.6.1.0_Dev.txt,2025-12-29 23:02:47.212616
0.1.1.1.0.0.searchglobal.0,Small,16,16,coSL,6,1,0,Train,0.999,1.0,0.998,0.998998998998999,0.001,/gpfs/projects/HeinzGroup/caffeine_underground/mlrt/FlexFringe/FlexFringe/models-ps-small/0.1.1.1.0.0.searchglobal.0.ini/0.1.1.1.0.0.searchglobal.0_16.16.coSL.6.1.0_Small.final.json,/gpfs/projects/HeinzGroup/asoubki/FlexFringe/data/MLRegTest/Small/16.16.coSL.6.1.0_Train.txt,2025-12-29 23:02:47.212616
0.1.1.1.0.0.searchglobal.0,Small,16,16,coSL,6,1,1,TestSR,0.98876,0.9972530826516909,0.98022,0.9886631835878401,0.01124,/gpfs/projects/HeinzGroup/caffeine_underground/mlrt/FlexFringe/FlexFringe/models-ps-small/0.1.1.1.0.0.searchglobal.0.ini/0.1.1.1.0.0.searchglobal.0_16.16.coSL.6.1.1_Small.final.json,/gpfs/projects/HeinzGroup/asoubki/FlexFringe/data/MLRegTest/Large/16.16.coSL.6.1.1_TestSR.txt,2025-12-29 22:48:57.614883
0.1.1.1.0.0.searchglobal.0,Small,16,16,coSL,6,1,1,TestLR,0.97919,0.9957582403939663,0.96248,0.9788363555004119,0.02081,/gpfs/projects/HeinzGroup/caffeine_underground/mlrt/FlexFringe/FlexFringe/models-ps-small/0.1.1.1.0.0.searchglobal.0.ini/0.1.1.1.0.0.searchglobal.0_16.16.coSL.6.1.1_Small.final.json,/gpfs/projects/HeinzGroup/asoubki/FlexFringe/data/MLRegTest/Large/16.16.coSL.6.1.1_TestLR.txt,2025-12-29 22:48:57.614883
0.1.1.1.0.0.searchglobal.0,Small,16,16,coSL,6,1,1,TestSA,0.76254,0.6830261286634506,0.97976,0.8049161203397907,0.23746,/gpfs/projects/HeinzGroup/caffeine_underground/mlrt/FlexFringe/FlexFringe/models-ps-small/0.1.1.1.0.0.searchglobal.0.ini/0.1.1.1.0.0.searchglobal.0_16.16.coSL.6.1.1_Small.final.json,/gpfs/projects/HeinzGroup/asoubki/FlexFringe/data/MLRegTest/Large/16.16.coSL.6.1.1_TestSA.txt,2025-12-29 22:48:57.614883
0.1.1.1.0.0.searchglobal.0,Small,16,16,coSL,6,1,1,TestLA,0.75713,0.6827375453059484,0.96068,0.7982053092933405,0.24287,/gpfs/projects/HeinzGroup/caffeine_underground/mlrt/FlexFringe/FlexFringe/models-ps-small/0.1.1.1.0.0.searchglobal.0.ini/0.1.1.1.0.0.searchglobal.0_16.16.coSL.6.1.1_Small.final.json,/gpfs/projects/HeinzGroup/asoubki/FlexFringe/data/MLRegTest/Large/16.16.coSL.6.1.1_TestLA.txt,2025-12-29 22:48:57.614883
0.1.1.1.0.0.searchglobal.0,Small,16,16,coSL,6,1,1,Dev,0.98952,0.9977427095619636,0.98126,0.9894327142194527,0.01048,/gpfs/projects/HeinzGroup/caffeine_underground/mlrt/FlexFringe/FlexFringe/models-ps-small/0.1.1.1.0.0.searchglobal.0.ini/0.1.1.1.0.0.searchglobal.0_16.16.coSL.6.1.1_Small.final.json,/gpfs/projects/HeinzGroup/asoubki/FlexFringe/data/MLRegTest/Large/16.16.coSL.6.1.1_Dev.txt,2025-12-29 22:48:57.614883
0.1.1.1.0.0.searchglobal.0,Small,16,16,coSL,6,1,1,Train,0.991,1.0,0.982,0.9909182643794148,0.009,/gpfs/projects/HeinzGroup/caffeine_underground/mlrt/FlexFringe/FlexFringe/models-ps-small/0.1.1.1.0.0.searchglobal.0.ini/0.1.1.1.0.0.searchglobal.0_16.16.coSL.6.1.1_Small.final.json,/gpfs/projects/HeinzGroup/asoubki/FlexFringe/data/MLRegTest/Small/16.16.coSL.6.1.1_Train.txt,2025-12-29 22:48:57.614883
0.1.1.1.0.0.searchglobal.0,Small,16,16,coSL,6,1,2,TestSR,0.99858,0.9997193601411217,0.99744,0.9985783793524619,0.00142,/gpfs/projects/HeinzGroup/caffeine_underground/mlrt/FlexFringe/FlexFringe/models-ps-small/0.1.1.1.0.0.searchglobal.0.ini/0.1.1.1.0.0.searchglobal.0_16.16.coSL.6.1.2_Small.final.json,/gpfs/projects/HeinzGroup/asoubki/FlexFringe/data/MLRegTest/Large/16.16.coSL.6.1.2_TestSR.txt,2025-12-29 22:33:25.475144
0.1.1.1.0.0.searchglobal.0,Small,16,16,coSL,6,1,2,TestSA,0.77844,0.6937378235457835,0.99704,0.8181848022320696,0.22156,/gpfs/projects/HeinzGroup/caffeine_underground/mlrt/FlexFringe/FlexFringe/models-ps-small/0.1.1.1.0.0.searchglobal.0.ini/0.1.1.1.0.0.searchglobal.0_16.16.coSL.6.1.2_Small.final.json,/gpfs/projects/HeinzGroup/asoubki/FlexFringe/data/MLRegTest/Large/16.16.coSL.6.1.2_TestSA.txt,2025-12-29 22:33:25.475144
0.1.1.1.0.0.searchglobal.0,Small,16,16,coSL,6,1,2,TestLR,0.99679,0.9993968515651702,0.99418,0.9967815999759372,0.00321,/gpfs/projects/HeinzGroup/caffeine_underground/mlrt/FlexFringe/FlexFringe/models-ps-small/0.1.1.1.0.0.searchglobal.0.ini/0.1.1.1.0.0.searchglobal.0_16.16.coSL.6.1.2_Small.final.json,/gpfs/projects/HeinzGroup/asoubki/FlexFringe/data/MLRegTest/Large/16.16.coSL.6.1.2_TestLR.txt,2025-12-29 22:33:25.475144
0.1.1.1.0.0.searchglobal.0,Small,16,16,coSL,6,1,2,TestLA,0.77253,0.6890914893912271,0.99316,0.8136454126147973,0.22747,/gpfs/projects/HeinzGroup/caffeine_underground/mlrt/FlexFringe/FlexFringe/models-ps-small/0.1.1.1.0.0.searchglobal.0.ini/0.1.1.1.0.0.searchglobal.0_16.16.coSL.6.1.2_Small.final.json,/gpfs/projects/HeinzGroup/asoubki/FlexFringe/data/MLRegTest/Large/16.16.coSL.6.1.2_TestLA.txt,2025-12-29 22:33:25.475144
0.1.1.1.0.0.searchglobal.0,Small,16,16,coSL,6,1,2,Dev,0.998,0.9995786685927531,0.99642,0.9979968349992989,0.002,/gpfs/projects/HeinzGroup/caffeine_underground/mlrt/FlexFringe/FlexFringe/models-ps-small/0.1.1.1.0.0.searchglobal.0.ini/0.1.1.1.0.0.searchglobal.0_16.16.coSL.6.1.2_Small.final.json,/gpfs/projects/HeinzGroup/asoubki/FlexFringe/data/MLRegTest/Large/16.16.coSL.6.1.2_Dev.txt,2025-12-29 22:33:25.475144
0.1.1.1.0.0.searchglobal.0,Small,16,16,coSL,6,1,2,Train,1.0,1.0,1.0,1.0,0.0,/gpfs/projects/HeinzGroup/caffeine_underground/mlrt/FlexFringe/FlexFringe/models-ps-small/0.1.1.1.0.0.searchglobal.0.ini/0.1.1.1.0.0.searchglobal.0_16.16.coSL.6.1.2_Small.final.json,/gpfs/projects/HeinzGroup/asoubki/FlexFringe/data/MLRegTest/Small/16.16.coSL.6.1.2_Train.txt,2025-12-29 22:33:25.475144
0.1.1.1.0.0.searchglobal.0,Small,16,16,coSL,6,1,3,TestSR,0.96547,0.9684964873080097,0.96224,0.9653581066845912,0.03453,/gpfs/projects/HeinzGroup/caffeine_underground/mlrt/FlexFringe/FlexFringe/models-ps-small/0.1.1.1.0.0.searchglobal.0.ini/0.1.1.1.0.0.searchglobal.0_16.16.coSL.6.1.3_Small.final.json,/gpfs/projects/HeinzGroup/asoubki/FlexFringe/data/MLRegTest/Large/16.16.coSL.6.1.3_TestSR.txt,2025-12-29 22:07:51.220219
0.1.1.1.0.0.searchglobal.0,Small,16,16,coSL,6,1,3,TestLA,0.57907,0.5457004473522986,0.94416,0.6916467046128827,0.42093,/gpfs/projects/HeinzGroup/caffeine_underground/mlrt/FlexFringe/FlexFringe/models-ps-small/0.1.1.1.0.0.searchglobal.0.ini/0.1.1.1.0.0.searchglobal.0_16.16.coSL.6.1.3_Small.final.json,/gpfs/projects/HeinzGroup/asoubki/FlexFringe/data/MLRegTest/Large/16.16.coSL.6.1.3_TestLA.txt,2025-12-29 22:07:51.220219
0.1.1.1.0.0.searchglobal.0,Small,16,16,coSL,6,1,3,TestSA,0.58295,0.5471751765870082,0.96212,0.697607981612129,0.41705,/gpfs/projects/HeinzGroup/caffeine_underground/mlrt/FlexFringe/FlexFringe/models-ps-small/0.1.1.1.0.0.searchglobal.0.ini/0.1.1.1.0.0.searchglobal.0_16.16.coSL.6.1.3_Small.final.json,/gpfs/projects/HeinzGroup/asoubki/FlexFringe/data/MLRegTest/Large/16.16.coSL.6.1.3_TestSA.txt,2025-12-29 22:07:51.220219
0.1.1.1.0.0.searchglobal.0,Small,16,16,coSL,6,1,3,TestLR,0.94625,0.9478533148672247,0.94446,0.9461536149707978,0.05375,/gpfs/projects/HeinzGroup/caffeine_underground/mlrt/FlexFringe/FlexFringe/models-ps-small/0.1.1.1.0.0.searchglobal.0.ini/0.1.1.1.0.0.searchglobal.0_16.16.coSL.6.1.3_Small.final.json,/gpfs/projects/HeinzGroup/asoubki/FlexFringe/data/MLRegTest/Large/16.16.coSL.6.1.3_TestLR.txt,2025-12-29 22:07:51.220219
0.1.1.1.0.0.searchglobal.0,Small,16,16,coSL,6,1,3,Dev,0.9672,0.9703229443504873,0.96388,0.9670907412609865,0.0328,/gpfs/projects/HeinzGroup/caffeine_underground/mlrt/FlexFringe/FlexFringe/models-ps-small/0.1.1.1.0.0.searchglobal.0.ini/0.1.1.1.0.0.searchglobal.0_16.16.coSL.6.1.3_Small.final.json,/gpfs/projects/HeinzGroup/asoubki/FlexFringe/data/MLRegTest/Large/16.16.coSL.6.1.3_Dev.txt,2025-12-29 22:07:51.220219
0.1.1.1.0.0.searchglobal.0,Small,16,16,coSL,6,1,3,Train,0.969,0.9643564356435643,0.974,0.9691542288557214,0.031,/gpfs/projects/HeinzGroup/caffeine_underground/mlrt/FlexFringe/FlexFringe/models-ps-small/0.1.1.1.0.0.searchglobal.0.ini/0.1.1.1.0.0.searchglobal.0_16.16.coSL.6.1.3_Small.final.json,/gpfs/projects/HeinzGroup/asoubki/FlexFringe/data/MLRegTest/Small/16.16.coSL.6.1.3_Train.txt,2025-12-29 22:07:51.220219
0.1.1.1.0.0.searchglobal.0,Small,16,16,coSL,6,1,4,TestLA,0.57657,0.6818678447579687,0.28708,0.4040477966531083,0.42343,/gpfs/projects/HeinzGroup/caffeine_underground/mlrt/FlexFringe/FlexFringe/models-ps-small/0.1.1.1.0.0.searchglobal.0.ini/0.1.1.1.0.0.searchglobal.0_16.16.coSL.6.1.4_Small.final.json,/gpfs/projects/HeinzGroup/asoubki/FlexFringe/data/MLRegTest/Large/16.16.coSL.6.1.4_TestLA.txt,2025-12-29 22:58:08.352054
0.1.1.1.0.0.searchglobal.0,Small,16,16,coSL,6,1,4,TestSA,0.57706,0.6818825528700906,0.2889,0.4058496291301416,0.42294,/gpfs/projects/HeinzGroup/caffeine_underground/mlrt/FlexFringe/FlexFringe/models-ps-small/0.1.1.1.0.0.searchglobal.0.ini/0.1.1.1.0.0.searchglobal.0_16.16.coSL.6.1.4_Small.final.json,/gpfs/projects/HeinzGroup/asoubki/FlexFringe/data/MLRegTest/Large/16.16.coSL.6.1.4_TestSA.txt,2025-12-29 22:58:08.352054
0.1.1.1.0.0.searchglobal.0,Small,16,16,coSL,6,1,4,TestSR,0.93319,0.8843130644617541,0.99678,0.9371844413730855,0.06681,/gpfs/projects/HeinzGroup/caffeine_underground/mlrt/FlexFringe/FlexFringe/models-ps-small/0.1.1.1.0.0.searchglobal.0.ini/0.1.1.1.0.0.searchglobal.0_16.16.coSL.6.1.4_Small.final.json,/gpfs/projects/HeinzGroup/asoubki/FlexFringe/data/MLRegTest/Large/16.16.coSL.6.1.4_TestSR.txt,2025-12-29 22:58:08.352054
0.1.1.1.0.0.searchglobal.0,Small,16,16,coSL,6,1,4,TestLR,0.9307,0.8822328718494853,0.9941,0.9348316719954862,0.0693,/gpfs/projects/HeinzGroup/caffeine_underground/mlrt/FlexFringe/FlexFringe/models-ps-small/0.1.1.1.0.0.searchglobal.0.ini/0.1.1.1.0.0.searchglobal.0_16.16.coSL.6.1.4_Small.final.json,/gpfs/projects/HeinzGroup/asoubki/FlexFringe/data/MLRegTest/Large/16.16.coSL.6.1.4_TestLR.txt,2025-12-29 22:58:08.352054
0.1.1.1.0.0.searchglobal.0,Small,16,16,coSL,6,1,4,Dev,0.93068,0.880688045822579,0.99634,0.9349511101101665,0.06932,/gpfs/projects/HeinzGroup/caffeine_underground/mlrt/FlexFringe/FlexFringe/models-ps-small/0.1.1.1.0.0.searchglobal.0.ini/0.1.1.1.0.0.searchglobal.0_16.16.coSL.6.1.4_Small.final.json,/gpfs/projects/HeinzGroup/asoubki/FlexFringe/data/MLRegTest/Large/16.16.coSL.6.1.4_Dev.txt,2025-12-29 22:58:08.352054
0.1.1.1.0.0.searchglobal.0,Small,16,16,coSL,6,1,4,Train,0.93,0.8880866425992779,0.984,0.9335863377609108,0.07,/gpfs/projects/HeinzGroup/caffeine_underground/mlrt/FlexFringe/FlexFringe/models-ps-small/0.1.1.1.0.0.searchglobal.0.ini/0.1.1.1.0.0.searchglobal.0_16.16.coSL.6.1.4_Small.final.json,/gpfs/projects/HeinzGroup/asoubki/FlexFringe/data/MLRegTest/Small/16.16.coSL.6.1.4_Train.txt,2025-12-29 22:58:08.352054
0.1.1.1.0.0.searchglobal.0,Small,16,16,coSL,6,1,5,TestSR,0.99824,1.0,0.99648,0.998236896938612,0.00176,/gpfs/projects/HeinzGroup/caffeine_underground/mlrt/FlexFringe/FlexFringe/models-ps-small/0.1.1.1.0.0.searchglobal.0.ini/0.1.1.1.0.0.searchglobal.0_16.16.coSL.6.1.5_Small.final.json,/gpfs/projects/HeinzGroup/asoubki/FlexFringe/data/MLRegTest/Large/16.16.coSL.6.1.5_TestSR.txt,2025-12-29 22:03:09.333279
0.1.1.1.0.0.searchglobal.0,Small,16,16,coSL,6,1,5,TestLR,0.99726,1.0,0.99452,0.9972524717726571,0.00274,/gpfs/projects/HeinzGroup/caffeine_underground/mlrt/FlexFringe/FlexFringe/models-ps-small/0.1.1.1.0.0.searchglobal.0.ini/0.1.1.1.0.0.searchglobal.0_16.16.coSL.6.1.5_Small.final.json,/gpfs/projects/HeinzGroup/asoubki/FlexFringe/data/MLRegTest/Large/16.16.coSL.6.1.5_TestLR.txt,2025-12-29 22:03:09.333279
0.1.1.1.0.0.searchglobal.0,Small,16,16,coSL,6,1,5,TestLA,0.60917,1.0,0.21834,0.3584221153372622,0.39083,/gpfs/projects/HeinzGroup/caffeine_underground/mlrt/FlexFringe/FlexFringe/models-ps-small/0.1.1.1.0.0.searchglobal.0.ini/0.1.1.1.0.0.searchglobal.0_16.16.coSL.6.1.5_Small.final.json,/gpfs/projects/HeinzGroup/asoubki/FlexFringe/data/MLRegTest/Large/16.16.coSL.6.1.5_TestLA.txt,2025-12-29 22:03:09.333279
0.1.1.1.0.0.searchglobal.0,Small,16,16,coSL,6,1,5,TestSA,0.60856,1.0,0.21712,0.356776653082687,0.39144,/gpfs/projects/HeinzGroup/caffeine_underground/mlrt/FlexFringe/FlexFringe/models-ps-small/0.1.1.1.0.0.searchglobal.0.ini/0.1.1.1.0.0.searchglobal.0_16.16.coSL.6.1.5_Small.final.json,/gpfs/projects/HeinzGroup/asoubki/FlexFringe/data/MLRegTest/Large/16.16.coSL.6.1.5_TestSA.txt,2025-12-29 22:03:09.333279
0.1.1.1.0.0.searchglobal.0,Small,16,16,coSL,6,1,5,Dev,0.99821,1.0,0.99642,0.9982067901543763,0.00179,/gpfs/projects/HeinzGroup/caffeine_underground/mlrt/FlexFringe/FlexFringe/models-ps-small/0.1.1.1.0.0.searchglobal.0.ini/0.1.1.1.0.0.searchglobal.0_16.16.coSL.6.1.5_Small.final.json,/gpfs/projects/HeinzGroup/asoubki/FlexFringe/data/MLRegTest/Large/16.16.coSL.6.1.5_Dev.txt,2025-12-29 22:03:09.333279
0.1.1.1.0.0.searchglobal.0,Small,16,16,coSL,6,1,5,Train,0.994,1.0,0.988,0.993963782696177,0.006,/gpfs/projects/HeinzGroup/caffeine_underground/mlrt/FlexFringe/FlexFringe/models-ps-small/0.1.1.1.0.0.searchglobal.0.ini/0.1.1.1.0.0.searchglobal.0_16.16.coSL.6.1.5_Small.final.json,/gpfs/projects/HeinzGroup/asoubki/FlexFringe/data/MLRegTest/Small/16.16.coSL.6.1.5_Train.txt,2025-12-29 22:03:09.333279
0.1.1.1.0.0.searchglobal.0,Small,16,16,coSL,6,1,6,TestSA,0.58181,1.0,0.16362,0.2812258297382307,0.41819,/gpfs/projects/HeinzGroup/caffeine_underground/mlrt/FlexFringe/FlexFringe/models-ps-small/0.1.1.1.0.0.searchglobal.0.ini/0.1.1.1.0.0.searchglobal.0_16.16.coSL.6.1.6_Small.final.json,/gpfs/projects/HeinzGroup/asoubki/FlexFringe/data/MLRegTest/Large/16.16.coSL.6.1.6_TestSA.txt,2025-12-29 22:40:39.386677
0.1.1.1.0.0.searchglobal.0,Small,16,16,coSL,6,1,6,TestSR,0.99794,1.0,0.99588,0.9979357476401387,0.00206,/gpfs/projects/HeinzGroup/caffeine_underground/mlrt/FlexFringe/FlexFringe/models-ps-small/0.1.1.1.0.0.searchglobal.0.ini/0.1.1.1.0.0.searchglobal.0_16.16.coSL.6.1.6_Small.final.json,/gpfs/projects/HeinzGroup/asoubki/FlexFringe/data/MLRegTest/Large/16.16.coSL.6.1.6_TestSR.txt,2025-12-29 22:40:39.386677
0.1.1.1.0.0.searchglobal.0,Small,16,16,coSL,6,1,6,TestLA,0.58306,1.0,0.16612,0.2849106438445443,0.41694,/gpfs/projects/HeinzGroup/caffeine_underground/mlrt/FlexFringe/FlexFringe/models-ps-small/0.1.1.1.0.0.searchglobal.0.ini/0.1.1.1.0.0.searchglobal.0_16.16.coSL.6.1.6_Small.final.json,/gpfs/projects/HeinzGroup/asoubki/FlexFringe/data/MLRegTest/Large/16.16.coSL.6.1.6_TestLA.txt,2025-12-29 22:40:39.386677
0.1.1.1.0.0.searchglobal.0,Small,16,16,coSL,6,1,6,TestLR,0.99643,1.0,0.99286,0.9964172094376925,0.00357,/gpfs/projects/HeinzGroup/caffeine_underground/mlrt/FlexFringe/FlexFringe/models-ps-small/0.1.1.1.0.0.searchglobal.0.ini/0.1.1.1.0.0.searchglobal.0_16.16.coSL.6.1.6_Small.final.json,/gpfs/projects/HeinzGroup/asoubki/FlexFringe/data/MLRegTest/Large/16.16.coSL.6.1.6_TestLR.txt,2025-12-29 22:40:39.386677
0.1.1.1.0.0.searchglobal.0,Small,16,16,coSL,6,1,6,Dev,0.9982,1.0,0.9964,0.9981967541574834,0.0018,/gpfs/projects/HeinzGroup/caffeine_underground/mlrt/FlexFringe/FlexFringe/models-ps-small/0.1.1.1.0.0.searchglobal.0.ini/0.1.1.1.0.0.searchglobal.0_16.16.coSL.6.1.6_Small.final.json,/gpfs/projects/HeinzGroup/asoubki/FlexFringe/data/MLRegTest/Large/16.16.coSL.6.1.6_Dev.txt,2025-12-29 22:40:39.386677
0.1.1.1.0.0.searchglobal.0,Small,16,16,coSL,6,1,6,Train,0.996,1.0,0.992,0.9959839357429718,0.004,/gpfs/projects/HeinzGroup/caffeine_underground/mlrt/FlexFringe/FlexFringe/models-ps-small/0.1.1.1.0.0.searchglobal.0.ini/0.1.1.1.0.0.searchglobal.0_16.16.coSL.6.1.6_Small.final.json,/gpfs/projects/HeinzGroup/asoubki/FlexFringe/data/MLRegTest/Small/16.16.coSL.6.1.6_Train.txt,2025-12-29 22:40:39.386677
0.1.1.1.0.0.searchglobal.0,Small,16,16,coSL,6,1,7,TestLR,0.96457,0.9379678337764202,0.99494,0.9656142938944263,0.03543,/gpfs/projects/HeinzGroup/caffeine_underground/mlrt/FlexFringe/FlexFringe/models-ps-small/0.1.1.1.0.0.searchglobal.0.ini/0.1.1.1.0.0.searchglobal.0_16.16.coSL.6.1.7_Small.final.json,/gpfs/projects/HeinzGroup/asoubki/FlexFringe/data/MLRegTest/Large/16.16.coSL.6.1.7_TestLR.txt,2025-12-29 22:32:41.771262
0.1.1.1.0.0.searchglobal.0,Small,16,16,coSL,6,1,7,TestLA,0.61707,0.819148356141977,0.30048,0.4396774995976061,0.38293,/gpfs/projects/HeinzGroup/caffeine_underground/mlrt/FlexFringe/FlexFringe/models-ps-small/0.1.1.1.0.0.searchglobal.0.ini/0.1.1.1.0.0.searchglobal.0_16.16.coSL.6.1.7_Small.final.json,/gpfs/projects/HeinzGroup/asoubki/FlexFringe/data/MLRegTest/Large/16.16.coSL.6.1.7_TestLA.txt,2025-12-29 22:32:41.771262
0.1.1.1.0.0.searchglobal.0,Small,16,16,coSL,6,1,7,TestSR,0.96507,0.9367100493924541,0.99754,0.9661685085280928,0.03493,/gpfs/projects/HeinzGroup/caffeine_underground/mlrt/FlexFringe/FlexFringe/models-ps-small/0.1.1.1.0.0.searchglobal.0.ini/0.1.1.1.0.0.searchglobal.0_16.16.coSL.6.1.7_Small.final.json,/gpfs/projects/HeinzGroup/asoubki/FlexFringe/data/MLRegTest/Large/16.16.coSL.6.1.7_TestSR.txt,2025-12-29 22:32:41.771262
0.1.1.1.0.0.searchglobal.0,Small,16,16,coSL,6,1,7,TestSA,0.61663,0.8197620222624336,0.299,0.4381787007048962,0.38337,/gpfs/projects/HeinzGroup/caffeine_underground/mlrt/FlexFringe/FlexFringe/models-ps-small/0.1.1.1.0.0.searchglobal.0.ini/0.1.1.1.0.0.searchglobal.0_16.16.coSL.6.1.7_Small.final.json,/gpfs/projects/HeinzGroup/asoubki/FlexFringe/data/MLRegTest/Large/16.16.coSL.6.1.7_TestSA.txt,2025-12-29 22:32:41.771262
0.1.1.1.0.0.searchglobal.0,Small,16,16,coSL,6,1,7,Dev,0.96469,0.9363204446864848,0.9972,0.9658017840020919,0.03531,/gpfs/projects/HeinzGroup/caffeine_underground/mlrt/FlexFringe/FlexFringe/models-ps-small/0.1.1.1.0.0.searchglobal.0.ini/0.1.1.1.0.0.searchglobal.0_16.16.coSL.6.1.7_Small.final.json,/gpfs/projects/HeinzGroup/asoubki/FlexFringe/data/MLRegTest/Large/16.16.coSL.6.1.7_Dev.txt,2025-12-29 22:32:41.771262
0.1.1.1.0.0.searchglobal.0,Small,16,16,coSL,6,1,7,Train,0.961,0.9357277882797732,0.99,0.9620991253644315,0.039,/gpfs/projects/HeinzGroup/caffeine_underground/mlrt/FlexFringe/FlexFringe/models-ps-small/0.1.1.1.0.0.searchglobal.0.ini/0.1.1.1.0.0.searchglobal.0_16.16.coSL.6.1.7_Small.final.json,/gpfs/projects/HeinzGroup/asoubki/FlexFringe/data/MLRegTest/Small/16.16.coSL.6.1.7_Train.txt,2025-12-29 22:32:41.771262
0.1.1.1.0.0.searchglobal.0,Small,16,16,coSL,6,1,8,TestLR,0.99489,1.0,0.98978,0.9948637537818251,0.00511,/gpfs/projects/HeinzGroup/caffeine_underground/mlrt/FlexFringe/FlexFringe/models-ps-small/0.1.1.1.0.0.searchglobal.0.ini/0.1.1.1.0.0.searchglobal.0_16.16.coSL.6.1.8_Small.final.json,/gpfs/projects/HeinzGroup/asoubki/FlexFringe/data/MLRegTest/Large/16.16.coSL.6.1.8_TestLR.txt,2025-12-29 23:04:27.990919
0.1.1.1.0.0.searchglobal.0,Small,16,16,coSL,6,1,8,TestLA,0.59459,1.0,0.18918,0.3181688222136262,0.40541,/gpfs/projects/HeinzGroup/caffeine_underground/mlrt/FlexFringe/FlexFringe/models-ps-small/0.1.1.1.0.0.searchglobal.0.ini/0.1.1.1.0.0.searchglobal.0_16.16.coSL.6.1.8_Small.final.json,/gpfs/projects/HeinzGroup/asoubki/FlexFringe/data/MLRegTest/Large/16.16.coSL.6.1.8_TestLA.txt,2025-12-29 23:04:27.990919
0.1.1.1.0.0.searchglobal.0,Small,16,16,coSL,6,1,8,TestSA,0.59492,1.0,0.18984,0.3191017279634237,0.40508,/gpfs/projects/HeinzGroup/caffeine_underground/mlrt/FlexFringe/FlexFringe/models-ps-small/0.1.1.1.0.0.searchglobal.0.ini/0.1.1.1.0.0.searchglobal.0_16.16.coSL.6.1.8_Small.final.json,/gpfs/projects/HeinzGroup/asoubki/FlexFringe/data/MLRegTest/Large/16.16.coSL.6.1.8_TestSA.txt,2025-12-29 23:04:27.990919
0.1.1.1.0.0.searchglobal.0,Small,16,16,coSL,6,1,8,TestSR,0.99641,1.0,0.99282,0.9963970654650194,0.00359,/gpfs/projects/HeinzGroup/caffeine_underground/mlrt/FlexFringe/FlexFringe/models-ps-small/0.1.1.1.0.0.searchglobal.0.ini/0.1.1.1.0.0.searchglobal.0_16.16.coSL.6.1.8_Small.final.json,/gpfs/projects/HeinzGroup/asoubki/FlexFringe/data/MLRegTest/Large/16.16.coSL.6.1.8_TestSR.txt,2025-12-29 23:04:27.990919
0.1.1.1.0.0.searchglobal.0,Small,16,16,coSL,6,1,8,Dev,0.99648,1.0,0.99296,0.9964675658317277,0.00352,/gpfs/projects/HeinzGroup/caffeine_underground/mlrt/FlexFringe/FlexFringe/models-ps-small/0.1.1.1.0.0.searchglobal.0.ini/0.1.1.1.0.0.searchglobal.0_16.16.coSL.6.1.8_Small.final.json,/gpfs/projects/HeinzGroup/asoubki/FlexFringe/data/MLRegTest/Large/16.16.coSL.6.1.8_Dev.txt,2025-12-29 23:04:27.990919
0.1.1.1.0.0.searchglobal.0,Small,16,16,coSL,6,1,8,Train,0.989,1.0,0.978,0.9888776541961577,0.011,/gpfs/projects/HeinzGroup/caffeine_underground/mlrt/FlexFringe/FlexFringe/models-ps-small/0.1.1.1.0.0.searchglobal.0.ini/0.1.1.1.0.0.searchglobal.0_16.16.coSL.6.1.8_Small.final.json,/gpfs/projects/HeinzGroup/asoubki/FlexFringe/data/MLRegTest/Small/16.16.coSL.6.1.8_Train.txt,2025-12-29 23:04:27.990919
0.1.1.1.0.0.searchglobal.0,Small,16,16,coSL,6,1,9,TestLA,0.52536,1.0,0.05072,0.09654332267397595,0.47464,/gpfs/projects/HeinzGroup/caffeine_underground/mlrt/FlexFringe/FlexFringe/models-ps-small/0.1.1.1.0.0.searchglobal.0.ini/0.1.1.1.0.0.searchglobal.0_16.16.coSL.6.1.9_Small.final.json,/gpfs/projects/HeinzGroup/asoubki/FlexFringe/data/MLRegTest/Large/16.16.coSL.6.1.9_TestLA.txt,2025-12-29 22:24:30.421862
0.1.1.1.0.0.searchglobal.0,Small,16,16,coSL,6,1,9,TestLR,0.9915,1.0,0.983,0.9914271306101866,0.0085,/gpfs/projects/HeinzGroup/caffeine_underground/mlrt/FlexFringe/FlexFringe/models-ps-small/0.1.1.1.0.0.searchglobal.0.ini/0.1.1.1.0.0.searchglobal.0_16.16.coSL.6.1.9_Small.final.json,/gpfs/projects/HeinzGroup/asoubki/FlexFringe/data/MLRegTest/Large/16.16.coSL.6.1.9_TestLR.txt,2025-12-29 22:24:30.421862
0.1.1.1.0.0.searchglobal.0,Small,16,16,coSL,6,1,9,TestSR,0.9953,1.0,0.9906,0.9952778056867276,0.0047,/gpfs/projects/HeinzGroup/caffeine_underground/mlrt/FlexFringe/FlexFringe/models-ps-small/0.1.1.1.0.0.searchglobal.0.ini/0.1.1.1.0.0.searchglobal.0_16.16.coSL.6.1.9_Small.final.json,/gpfs/projects/HeinzGroup/asoubki/FlexFringe/data/MLRegTest/Large/16.16.coSL.6.1.9_TestSR.txt,2025-12-29 22:24:30.421862
0.1.1.1.0.0.searchglobal.0,Small,16,16,coSL,6,1,9,TestSA,0.52514,1.0,0.05028,0.0957458963324066,0.47486,/gpfs/projects/HeinzGroup/caffeine_underground/mlrt/FlexFringe/FlexFringe/models-ps-small/0.1.1.1.0.0.searchglobal.0.ini/0.1.1.1.0.0.searchglobal.0_16.16.coSL.6.1.9_Small.final.json,/gpfs/projects/HeinzGroup/asoubki/FlexFringe/data/MLRegTest/Large/16.16.coSL.6.1.9_TestSA.txt,2025-12-29 22:24:30.421862
0.1.1.1.0.0.searchglobal.0,Small,16,16,coSL,6,1,9,Dev,0.99503,1.0,0.99006,0.995005175723345,0.00497,/gpfs/projects/HeinzGroup/caffeine_underground/mlrt/FlexFringe/FlexFringe/models-ps-small/0.1.1.1.0.0.searchglobal.0.ini/0.1.1.1.0.0.searchglobal.0_16.16.coSL.6.1.9_Small.final.json,/gpfs/projects/HeinzGroup/asoubki/FlexFringe/data/MLRegTest/Large/16.16.coSL.6.1.9_Dev.txt,2025-12-29 22:24:30.421862
0.1.1.1.0.0.searchglobal.0,Small,16,16,coSL,6,1,9,Train,0.988,1.0,0.976,0.9878542510121457,0.012,/gpfs/projects/HeinzGroup/caffeine_underground/mlrt/FlexFringe/FlexFringe/models-ps-small/0.1.1.1.0.0.searchglobal.0.ini/0.1.1.1.0.0.searchglobal.0_16.16.coSL.6.1.9_Small.final.json,/gpfs/projects/HeinzGroup/asoubki/FlexFringe/data/MLRegTest/Small/16.16.coSL.6.1.9_Train.txt,2025-12-29 22:24:30.421862
0.1.1.1.0.0.searchglobal.0,Small,16,16,coSP,2,1,0,TestLR,0.61764,0.5765227799026877,0.8863,0.6986111330064793,0.38236,/gpfs/projects/HeinzGroup/caffeine_underground/mlrt/FlexFringe/FlexFringe/models-ps-small/0.1.1.1.0.0.searchglobal.0.ini/0.1.1.1.0.0.searchglobal.0_16.16.coSP.2.1.0_Small.final.json,/gpfs/projects/HeinzGroup/asoubki/FlexFringe/data/MLRegTest/Large/16.16.coSP.2.1.0_TestLR.txt,2025-12-29 22:47:18.448227
0.1.1.1.0.0.searchglobal.0,Small,16,16,coSP,2,1,0,TestLA,0.57138,0.5478136219923906,0.81782,0.6561246429832162,0.42862,/gpfs/projects/HeinzGroup/caffeine_underground/mlrt/FlexFringe/FlexFringe/models-ps-small/0.1.1.1.0.0.searchglobal.0.ini/0.1.1.1.0.0.searchglobal.0_16.16.coSP.2.1.0_Small.final.json,/gpfs/projects/HeinzGroup/asoubki/FlexFringe/data/MLRegTest/Large/16.16.coSP.2.1.0_TestLA.txt,2025-12-29 22:47:18.448227
0.1.1.1.0.0.searchglobal.0,Small,16,16,coSP,2,1,0,TestSA,0.58273,0.56848396549726,0.68674,0.6220414670156973,0.41727,/gpfs/projects/HeinzGroup/caffeine_underground/mlrt/FlexFringe/FlexFringe/models-ps-small/0.1.1.1.0.0.searchglobal.0.ini/0.1.1.1.0.0.searchglobal.0_16.16.coSP.2.1.0_Small.final.json,/gpfs/projects/HeinzGroup/asoubki/FlexFringe/data/MLRegTest/Large/16.16.coSP.2.1.0_TestSA.txt,2025-12-29 22:47:18.448227
0.1.1.1.0.0.searchglobal.0,Small,16,16,coSP,2,1,0,TestSR,0.61798,0.5970326019015034,0.72592,0.6551979349062224,0.38202,/gpfs/projects/HeinzGroup/caffeine_underground/mlrt/FlexFringe/FlexFringe/models-ps-small/0.1.1.1.0.0.searchglobal.0.ini/0.1.1.1.0.0.searchglobal.0_16.16.coSP.2.1.0_Small.final.json,/gpfs/projects/HeinzGroup/asoubki/FlexFringe/data/MLRegTest/Large/16.16.coSP.2.1.0_TestSR.txt,2025-12-29 22:47:18.448227
0.1.1.1.0.0.searchglobal.0,Small,16,16,coSP,2,1,0,Dev,0.61795,0.5968470317760078,0.7269,0.6554849181658325,0.38205,/gpfs/projects/HeinzGroup/caffeine_underground/mlrt/FlexFringe/FlexFringe/models-ps-small/0.1.1.1.0.0.searchglobal.0.ini/0.1.1.1.0.0.searchglobal.0_16.16.coSP.2.1.0_Small.final.json,/gpfs/projects/HeinzGroup/asoubki/FlexFringe/data/MLRegTest/Large/16.16.coSP.2.1.0_Dev.txt,2025-12-29 22:47:18.448227
0.1.1.1.0.0.searchglobal.0,Small,16,16,coSP,2,1,0,Train,0.617,0.5973377703826955,0.718,0.6521344232515894,0.383,/gpfs/projects/HeinzGroup/caffeine_underground/mlrt/FlexFringe/FlexFringe/models-ps-small/0.1.1.1.0.0.searchglobal.0.ini/0.1.1.1.0.0.searchglobal.0_16.16.coSP.2.1.0_Small.final.json,/gpfs/projects/HeinzGroup/asoubki/FlexFringe/data/MLRegTest/Small/16.16.coSP.2.1.0_Train.txt,2025-12-29 22:47:18.448227
0.1.1.1.0.0.searchglobal.0,Small,16,16,coSP,2,1,1,TestSR,0.5331,0.543894546997666,0.41014,0.4676411566177141,0.4669,/gpfs/projects/HeinzGroup/caffeine_underground/mlrt/FlexFringe/FlexFringe/models-ps-small/0.1.1.1.0.0.searchglobal.0.ini/0.1.1.1.0.0.searchglobal.0_16.16.coSP.2.1.1_Small.final.json,/gpfs/projects/HeinzGroup/asoubki/FlexFringe/data/MLRegTest/Large/16.16.coSP.2.1.1_TestSR.txt,2025-12-29 23:33:56.632424
0.1.1.1.0.0.searchglobal.0,Small,16,16,coSP,2,1,1,TestSA,0.51674,0.5230223346902849,0.3803,0.44038630784195654,0.48326,/gpfs/projects/HeinzGroup/caffeine_underground/mlrt/FlexFringe/FlexFringe/models-ps-small/0.1.1.1.0.0.searchglobal.0.ini/0.1.1.1.0.0.searchglobal.0_16.16.coSP.2.1.1_Small.final.json,/gpfs/projects/HeinzGroup/asoubki/FlexFringe/data/MLRegTest/Large/16.16.coSP.2.1.1_TestSA.txt,2025-12-29 23:33:56.632424
0.1.1.1.0.0.searchglobal.0,Small,16,16,coSP,2,1,1,TestLR,0.52252,0.5305413909081046,0.3912,0.4503384445365382,0.47748,/gpfs/projects/HeinzGroup/caffeine_underground/mlrt/FlexFringe/FlexFringe/models-ps-small/0.1.1.1.0.0.searchglobal.0.ini/0.1.1.1.0.0.searchglobal.0_16.16.coSP.2.1.1_Small.final.json,/gpfs/projects/HeinzGroup/asoubki/FlexFringe/data/MLRegTest/Large/16.16.coSP.2.1.1_TestLR.txt,2025-12-29 23:33:56.632424
0.1.1.1.0.0.searchglobal.0,Small,16,16,coSP,2,1,1,TestLA,0.50759,0.510801195389213,0.35894,0.4216127327186234,0.49241,/gpfs/projects/HeinzGroup/caffeine_underground/mlrt/FlexFringe/FlexFringe/models-ps-small/0.1.1.1.0.0.searchglobal.0.ini/0.1.1.1.0.0.searchglobal.0_16.16.coSP.2.1.1_Small.final.json,/gpfs/projects/HeinzGroup/asoubki/FlexFringe/data/MLRegTest/Large/16.16.coSP.2.1.1_TestLA.txt,2025-12-29 23:33:56.632424
0.1.1.1.0.0.searchglobal.0,Small,16,16,coSP,2,1,1,Dev,0.53321,0.5442410678602829,0.40854,0.46672683445100704,0.46679,/gpfs/projects/HeinzGroup/caffeine_underground/mlrt/FlexFringe/FlexFringe/models-ps-small/0.1.1.1.0.0.searchglobal.0.ini/0.1.1.1.0.0.searchglobal.0_16.16.coSP.2.1.1_Small.final.json,/gpfs/projects/HeinzGroup/asoubki/FlexFringe/data/MLRegTest/Large/16.16.coSP.2.1.1_Dev.txt,2025-12-29 23:33:56.632424
0.1.1.1.0.0.searchglobal.0,Small,16,16,coSP,2,1,1,Train,0.509,0.5115089514066496,0.4,0.4489337822671156,0.491,/gpfs/projects/HeinzGroup/caffeine_underground/mlrt/FlexFringe/FlexFringe/models-ps-small/0.1.1.1.0.0.searchglobal.0.ini/0.1.1.1.0.0.searchglobal.0_16.16.coSP.2.1.1_Small.final.json,/gpfs/projects/HeinzGroup/asoubki/FlexFringe/data/MLRegTest/Small/16.16.coSP.2.1.1_Train.txt,2025-12-29 23:33:56.632424
0.1.1.1.0.0.searchglobal.0,Small,16,16,coSP,2,1,2,TestSR,0.54361,0.5786020691395407,0.32102,0.4129352593869387,0.45639,/gpfs/projects/HeinzGroup/caffeine_underground/mlrt/FlexFringe/FlexFringe/models-ps-small/0.1.1.1.0.0.searchglobal.0.ini/0.1.1.1.0.0.searchglobal.0_16.16.coSP.2.1.2_Small.final.json,/gpfs/projects/HeinzGroup/asoubki/FlexFringe/data/MLRegTest/Large/16.16.coSP.2.1.2_TestSR.txt,2025-12-29 23:17:27.075298
0.1.1.1.0.0.searchglobal.0,Small,16,16,coSP,2,1,2,TestSA,0.5208,0.538592845480184,0.29028,0.37724177366533246,0.4792,/gpfs/projects/HeinzGroup/caffeine_underground/mlrt/FlexFringe/FlexFringe/models-ps-small/0.1.1.1.0.0.searchglobal.0.ini/0.1.1.1.0.0.searchglobal.0_16.16.coSP.2.1.2_Small.final.json,/gpfs/projects/HeinzGroup/asoubki/FlexFringe/data/MLRegTest/Large/16.16.coSP.2.1.2_TestSA.txt,2025-12-29 23:17:27.075298
0.1.1.1.0.0.searchglobal.0,Small,16,16,coSP,2,1,2,TestLR,0.54155,0.5811618549048717,0.29752,0.3935605910287445,0.45845,/gpfs/projects/HeinzGroup/caffeine_underground/mlrt/FlexFringe/FlexFringe/models-ps-small/0.1.1.1.0.0.searchglobal.0.ini/0.1.1.1.0.0.searchglobal.0_16.16.coSP.2.1.2_Small.final.json,/gpfs/projects/HeinzGroup/asoubki/FlexFringe/data/MLRegTest/Large/16.16.coSP.2.1.2_TestLR.txt,2025-12-29 23:17:27.075298
0.1.1.1.0.0.searchglobal.0,Small,16,16,coSP,2,1,2,TestLA,0.51376,0.5289635429822346,0.2513,0.340727282588063,0.48624,/gpfs/projects/HeinzGroup/caffeine_underground/mlrt/FlexFringe/FlexFringe/models-ps-small/0.1.1.1.0.0.searchglobal.0.ini/0.1.1.1.0.0.searchglobal.0_16.16.coSP.2.1.2_Small.final.json,/gpfs/projects/HeinzGroup/asoubki/FlexFringe/data/MLRegTest/Large/16.16.coSP.2.1.2_TestLA.txt,2025-12-29 23:17:27.075298
0.1.1.1.0.0.searchglobal.0,Small,16,16,coSP,2,1,2,Dev,0.54236,0.5759303075930308,0.3213,0.4124836316019206,0.45764,/gpfs/projects/HeinzGroup/caffeine_underground/mlrt/FlexFringe/FlexFringe/models-ps-small/0.1.1.1.0.0.searchglobal.0.ini/0.1.1.1.0.0.searchglobal.0_16.16.coSP.2.1.2_Small.final.json,/gpfs/projects/HeinzGroup/asoubki/FlexFringe/data/MLRegTest/Large/16.16.coSP.2.1.2_Dev.txt,2025-12-29 23:17:27.075298
0.1.1.1.0.0.searchglobal.0,Small,16,16,coSP,2,1,2,Train,0.553,0.5949820788530465,0.332,0.42618741976893454,0.447,/gpfs/projects/HeinzGroup/caffeine_underground/mlrt/FlexFringe/FlexFringe/models-ps-small/0.1.1.1.0.0.searchglobal.0.ini/0.1.1.1.0.0.searchglobal.0_16.16.coSP.2.1.2_Small.final.json,/gpfs/projects/HeinzGroup/asoubki/FlexFringe/data/MLRegTest/Small/16.16.coSP.2.1.2_Train.txt,2025-12-29 23:17:27.075298
0.1.1.1.0.0.searchglobal.0,Small,16,16,coSP,2,1,3,TestSA,0.52574,0.5333609829436466,0.41152,0.4645848856375172,0.47426,/gpfs/projects/HeinzGroup/caffeine_underground/mlrt/FlexFringe/FlexFringe/models-ps-small/0.1.1.1.0.0.searchglobal.0.ini/0.1.1.1.0.0.searchglobal.0_16.16.coSP.2.1.3_Small.final.json,/gpfs/projects/HeinzGroup/asoubki/FlexFringe/data/MLRegTest/Large/16.16.coSP.2.1.3_TestSA.txt,2025-12-29 22:49:30.334472
0.1.1.1.0.0.searchglobal.0,Small,16,16,coSP,2,1,3,TestLR,0.53759,0.5475666236428517,0.43272,0.48341581669701605,0.46241,/gpfs/projects/HeinzGroup/caffeine_underground/mlrt/FlexFringe/FlexFringe/models-ps-small/0.1.1.1.0.0.searchglobal.0.ini/0.1.1.1.0.0.searchglobal.0_16.16.coSP.2.1.3_Small.final.json,/gpfs/projects/HeinzGroup/asoubki/FlexFringe/data/MLRegTest/Large/16.16.coSP.2.1.3_TestLR.txt,2025-12-29 22:49:30.334472
0.1.1.1.0.0.searchglobal.0,Small,16,16,coSP,2,1,3,TestSR,0.5513,0.5629169937205651,0.45898,0.5056627886479816,0.4487,/gpfs/projects/HeinzGroup/caffeine_underground/mlrt/FlexFringe/FlexFringe/models-ps-small/0.1.1.1.0.0.searchglobal.0.ini/0.1.1.1.0.0.searchglobal.0_16.16.coSP.2.1.3_Small.final.json,/gpfs/projects/HeinzGroup/asoubki/FlexFringe/data/MLRegTest/Large/16.16.coSP.2.1.3_TestSR.txt,2025-12-29 22:49:30.334472
0.1.1.1.0.0.searchglobal.0,Small,16,16,coSP,2,1,3,TestLA,0.51399,0.5190812624457841,0.38058,0.43916961885089834,0.48601,/gpfs/projects/HeinzGroup/caffeine_underground/mlrt/FlexFringe/FlexFringe/models-ps-small/0.1.1.1.0.0.searchglobal.0.ini/0.1.1.1.0.0.searchglobal.0_16.16.coSP.2.1.3_Small.final.json,/gpfs/projects/HeinzGroup/asoubki/FlexFringe/data/MLRegTest/Large/16.16.coSP.2.1.3_TestLA.txt,2025-12-29 22:49:30.334472
0.1.1.1.0.0.searchglobal.0,Small,16,16,coSP,2,1,3,Dev,0.54974,0.5611537326645029,0.45642,0.5033970088675167,0.45026,/gpfs/projects/HeinzGroup/caffeine_underground/mlrt/FlexFringe/FlexFringe/models-ps-small/0.1.1.1.0.0.searchglobal.0.ini/0.1.1.1.0.0.searchglobal.0_16.16.coSP.2.1.3_Small.final.json,/gpfs/projects/HeinzGroup/asoubki/FlexFringe/data/MLRegTest/Large/16.16.coSP.2.1.3_Dev.txt,2025-12-29 22:49:30.334472
0.1.1.1.0.0.searchglobal.0,Small,16,16,coSP,2,1,3,Train,0.555,0.5653206650831354,0.476,0.5168295331161781,0.445,/gpfs/projects/HeinzGroup/caffeine_underground/mlrt/FlexFringe/FlexFringe/models-ps-small/0.1.1.1.0.0.searchglobal.0.ini/0.1.1.1.0.0.searchglobal.0_16.16.coSP.2.1.3_Small.final.json,/gpfs/projects/HeinzGroup/asoubki/FlexFringe/data/MLRegTest/Small/16.16.coSP.2.1.3_Train.txt,2025-12-29 22:49:30.334472
0.1.1.1.0.0.searchglobal.0,Small,16,16,coSP,2,1,4,TestSR,0.61731,0.625269632445593,0.58554,0.604753002902203,0.38269,/gpfs/projects/HeinzGroup/caffeine_underground/mlrt/FlexFringe/FlexFringe/models-ps-small/0.1.1.1.0.0.searchglobal.0.ini/0.1.1.1.0.0.searchglobal.0_16.16.coSP.2.1.4_Small.final.json,/gpfs/projects/HeinzGroup/asoubki/FlexFringe/data/MLRegTest/Large/16.16.coSP.2.1.4_TestSR.txt,2025-12-29 23:36:35.250103
0.1.1.1.0.0.searchglobal.0,Small,16,16,coSP,2,1,4,TestLA,0.53838,0.5473850560521507,0.44336,0.4899113792570002,0.46162,/gpfs/projects/HeinzGroup/caffeine_underground/mlrt/FlexFringe/FlexFringe/models-ps-small/0.1.1.1.0.0.searchglobal.0.ini/0.1.1.1.0.0.searchglobal.0_16.16.coSP.2.1.4_Small.final.json,/gpfs/projects/HeinzGroup/asoubki/FlexFringe/data/MLRegTest/Large/16.16.coSP.2.1.4_TestLA.txt,2025-12-29 23:36:35.250103
0.1.1.1.0.0.searchglobal.0,Small,16,16,coSP,2,1,4,TestLR,0.61426,0.6231780940060371,0.57806,0.5997717368748703,0.38574,/gpfs/projects/HeinzGroup/caffeine_underground/mlrt/FlexFringe/FlexFringe/models-ps-small/0.1.1.1.0.0.searchglobal.0.ini/0.1.1.1.0.0.searchglobal.0_16.16.coSP.2.1.4_Small.final.json,/gpfs/projects/HeinzGroup/asoubki/FlexFringe/data/MLRegTest/Large/16.16.coSP.2.1.4_TestLR.txt,2025-12-29 23:36:35.250103
0.1.1.1.0.0.searchglobal.0,Small,16,16,coSP,2,1,4,TestSA,0.55288,0.559892175961582,0.49434,0.5250780702313428,0.44712,/gpfs/projects/HeinzGroup/caffeine_underground/mlrt/FlexFringe/FlexFringe/models-ps-small/0.1.1.1.0.0.searchglobal.0.ini/0.1.1.1.0.0.searchglobal.0_16.16.coSP.2.1.4_Small.final.json,/gpfs/projects/HeinzGroup/asoubki/FlexFringe/data/MLRegTest/Large/16.16.coSP.2.1.4_TestSA.txt,2025-12-29 23:36:35.250103
0.1.1.1.0.0.searchglobal.0,Small,16,16,coSP,2,1,4,Dev,0.6159,0.6233923856570991,0.58554,0.6038736025741512,0.3841,/gpfs/projects/HeinzGroup/caffeine_underground/mlrt/FlexFringe/FlexFringe/models-ps-small/0.1.1.1.0.0.searchglobal.0.ini/0.1.1.1.0.0.searchglobal.0_16.16.coSP.2.1.4_Small.final.json,/gpfs/projects/HeinzGroup/asoubki/FlexFringe/data/MLRegTest/Large/16.16.coSP.2.1.4_Dev.txt,2025-12-29 23:36:35.250103
0.1.1.1.0.0.searchglobal.0,Small,16,16,coSP,2,1,4,Train,0.616,0.6260869565217392,0.576,0.6,0.384,/gpfs/projects/HeinzGroup/caffeine_underground/mlrt/FlexFringe/FlexFringe/models-ps-small/0.1.1.1.0.0.searchglobal.0.ini/0.1.1.1.0.0.searchglobal.0_16.16.coSP.2.1.4_Small.final.json,/gpfs/projects/HeinzGroup/asoubki/FlexFringe/data/MLRegTest/Small/16.16.coSP.2.1.4_Train.txt,2025-12-29 23:36:35.250103
0.1.1.1.0.0.searchglobal.0,Small,16,16,coSP,2,1,5,TestLR,0.66417,0.6171086984434965,0.8651,0.7203583889152574,0.33583,/gpfs/projects/HeinzGroup/caffeine_underground/mlrt/FlexFringe/FlexFringe/models-ps-small/0.1.1.1.0.0.searchglobal.0.ini/0.1.1.1.0.0.searchglobal.0_16.16.coSP.2.1.5_Small.final.json,/gpfs/projects/HeinzGroup/asoubki/FlexFringe/data/MLRegTest/Large/16.16.coSP.2.1.5_TestLR.txt,2025-12-29 23:26:21.771258
0.1.1.1.0.0.searchglobal.0,Small,16,16,coSP,2,1,5,TestSR,0.67384,0.6454338587156577,0.7715,0.7028588087385894,0.32616,/gpfs/projects/HeinzGroup/caffeine_underground/mlrt/FlexFringe/FlexFringe/models-ps-small/0.1.1.1.0.0.searchglobal.0.ini/0.1.1.1.0.0.searchglobal.0_16.16.coSP.2.1.5_Small.final.json,/gpfs/projects/HeinzGroup/asoubki/FlexFringe/data/MLRegTest/Large/16.16.coSP.2.1.5_TestSR.txt,2025-12-29 23:26:21.771258
0.1.1.1.0.0.searchglobal.0,Small,16,16,coSP,2,1,5,TestSA,0.58964,0.5790727214988886,0.65646,0.6153427944732944,0.41036,/gpfs/projects/HeinzGroup/caffeine_underground/mlrt/FlexFringe/FlexFringe/models-ps-small/0.1.1.1.0.0.searchglobal.0.ini/0.1.1.1.0.0.searchglobal.0_16.16.coSP.2.1.5_Small.final.json,/gpfs/projects/HeinzGroup/asoubki/FlexFringe/data/MLRegTest/Large/16.16.coSP.2.1.5_TestSA.txt,2025-12-29 23:26:21.771258
0.1.1.1.0.0.searchglobal.0,Small,16,16,coSP,2,1,5,TestLA,0.57167,0.5550080589454294,0.72312,0.6280081636197837,0.42833,/gpfs/projects/HeinzGroup/caffeine_underground/mlrt/FlexFringe/FlexFringe/models-ps-small/0.1.1.1.0.0.searchglobal.0.ini/0.1.1.1.0.0.searchglobal.0_16.16.coSP.2.1.5_Small.final.json,/gpfs/projects/HeinzGroup/asoubki/FlexFringe/data/MLRegTest/Large/16.16.coSP.2.1.5_TestLA.txt,2025-12-29 23:26:21.771258
0.1.1.1.0.0.searchglobal.0,Small,16,16,coSP,2,1,5,Dev,0.67215,0.6436043310699211,0.77154,0.701789173996489,0.32785,/gpfs/projects/HeinzGroup/caffeine_underground/mlrt/FlexFringe/FlexFringe/models-ps-small/0.1.1.1.0.0.searchglobal.0.ini/0.1.1.1.0.0.searchglobal.0_16.16.coSP.2.1.5_Small.final.json,/gpfs/projects/HeinzGroup/asoubki/FlexFringe/data/MLRegTest/Large/16.16.coSP.2.1.5_Dev.txt,2025-12-29 23:26:21.771258
0.1.1.1.0.0.searchglobal.0,Small,16,16,coSP,2,1,5,Train,0.662,0.6327868852459017,0.772,0.6954954954954955,0.338,/gpfs/projects/HeinzGroup/caffeine_underground/mlrt/FlexFringe/FlexFringe/models-ps-small/0.1.1.1.0.0.searchglobal.0.ini/0.1.1.1.0.0.searchglobal.0_16.16.coSP.2.1.5_Small.final.json,/gpfs/projects/HeinzGroup/asoubki/FlexFringe/data/MLRegTest/Small/16.16.coSP.2.1.5_Train.txt,2025-12-29 23:26:21.771258
0.1.1.1.0.0.searchglobal.0,Small,16,16,coSP,2,1,6,TestLA,0.54908,0.5618042613207072,0.44614,0.49733574119902796,0.45092,/gpfs/projects/HeinzGroup/caffeine_underground/mlrt/FlexFringe/FlexFringe/models-ps-small/0.1.1.1.0.0.searchglobal.0.ini/0.1.1.1.0.0.searchglobal.0_16.16.coSP.2.1.6_Small.final.json,/gpfs/projects/HeinzGroup/asoubki/FlexFringe/data/MLRegTest/Large/16.16.coSP.2.1.6_TestLA.txt,2025-12-29 22:22:51.646165
0.1.1.1.0.0.searchglobal.0,Small,16,16,coSP,2,1,6,TestSR,0.64408,0.6514399831826782,0.61978,0.6352157425438147,0.35592,/gpfs/projects/HeinzGroup/caffeine_underground/mlrt/FlexFringe/FlexFringe/models-ps-small/0.1.1.1.0.0.searchglobal.0.ini/0.1.1.1.0.0.searchglobal.0_16.16.coSP.2.1.6_Small.final.json,/gpfs/projects/HeinzGroup/asoubki/FlexFringe/data/MLRegTest/Large/16.16.coSP.2.1.6_TestSR.txt,2025-12-29 22:22:51.646165
0.1.1.1.0.0.searchglobal.0,Small,16,16,coSP,2,1,6,TestLR,0.66039,0.6667914560845241,0.6412,0.6537453737217198,0.33961,/gpfs/projects/HeinzGroup/caffeine_underground/mlrt/FlexFringe/FlexFringe/models-ps-small/0.1.1.1.0.0.searchglobal.0.ini/0.1.1.1.0.0.searchglobal.0_16.16.coSP.2.1.6_Small.final.json,/gpfs/projects/HeinzGroup/asoubki/FlexFringe/data/MLRegTest/Large/16.16.coSP.2.1.6_TestLR.txt,2025-12-29 22:22:51.646165
0.1.1.1.0.0.searchglobal.0,Small,16,16,coSP,2,1,6,TestSA,0.55871,0.5670251387081306,0.49668,0.5295265306992761,0.44129,/gpfs/projects/HeinzGroup/caffeine_underground/mlrt/FlexFringe/FlexFringe/models-ps-small/0.1.1.1.0.0.searchglobal.0.ini/0.1.1.1.0.0.searchglobal.0_16.16.coSP.2.1.6_Small.final.json,/gpfs/projects/HeinzGroup/asoubki/FlexFringe/data/MLRegTest/Large/16.16.coSP.2.1.6_TestSA.txt,2025-12-29 22:22:51.646165
0.1.1.1.0.0.searchglobal.0,Small,16,16,coSP,2,1,6,Dev,0.64375,0.6526364968463972,0.61464,0.6330686277539165,0.35625,/gpfs/projects/HeinzGroup/caffeine_underground/mlrt/FlexFringe/FlexFringe/models-ps-small/0.1.1.1.0.0.searchglobal.0.ini/0.1.1.1.0.0.searchglobal.0_16.16.coSP.2.1.6_Small.final.json,/gpfs/projects/HeinzGroup/asoubki/FlexFringe/data/MLRegTest/Large/16.16.coSP.2.1.6_Dev.txt,2025-12-29 22:22:51.646165
0.1.1.1.0.0.searchglobal.0,Small,16,16,coSP,2,1,6,Train,0.629,0.6375266524520256,0.598,0.6171310629514963,0.371,/gpfs/projects/HeinzGroup/caffeine_underground/mlrt/FlexFringe/FlexFringe/models-ps-small/0.1.1.1.0.0.searchglobal.0.ini/0.1.1.1.0.0.searchglobal.0_16.16.coSP.2.1.6_Small.final.json,/gpfs/projects/HeinzGroup/asoubki/FlexFringe/data/MLRegTest/Small/16.16.coSP.2.1.6_Train.txt,2025-12-29 22:22:51.646165
0.1.1.1.0.0.searchglobal.0,Small,16,16,coSP,2,1,7,TestSA,0.54786,0.5649318934172681,0.4164,0.4794252423607433,0.45214,/gpfs/projects/HeinzGroup/caffeine_underground/mlrt/FlexFringe/FlexFringe/models-ps-small/0.1.1.1.0.0.searchglobal.0.ini/0.1.1.1.0.0.searchglobal.0_16.16.coSP.2.1.7_Small.final.json,/gpfs/projects/HeinzGroup/asoubki/FlexFringe/data/MLRegTest/Large/16.16.coSP.2.1.7_TestSA.txt,2025-12-29 22:58:19.355548
0.1.1.1.0.0.searchglobal.0,Small,16,16,coSP,2,1,7,TestSR,0.58148,0.6069965332492909,0.46224,0.5248194740905582,0.41852,/gpfs/projects/HeinzGroup/caffeine_underground/mlrt/FlexFringe/FlexFringe/models-ps-small/0.1.1.1.0.0.searchglobal.0.ini/0.1.1.1.0.0.searchglobal.0_16.16.coSP.2.1.7_Small.final.json,/gpfs/projects/HeinzGroup/asoubki/FlexFringe/data/MLRegTest/Large/16.16.coSP.2.1.7_TestSR.txt,2025-12-29 22:58:19.355548
0.1.1.1.0.0.searchglobal.0,Small,16,16,coSP,2,1,7,TestLR,0.58009,0.6102590930367026,0.44328,0.5135369964897647,0.41991,/gpfs/projects/HeinzGroup/caffeine_underground/mlrt/FlexFringe/FlexFringe/models-ps-small/0.1.1.1.0.0.searchglobal.0.ini/0.1.1.1.0.0.searchglobal.0_16.16.coSP.2.1.7_Small.final.json,/gpfs/projects/HeinzGroup/asoubki/FlexFringe/data/MLRegTest/Large/16.16.coSP.2.1.7_TestLR.txt,2025-12-29 22:58:19.355548
0.1.1.1.0.0.searchglobal.0,Small,16,16,coSP,2,1,7,TestLA,0.53398,0.5517136421744688,0.36252,0.437540734303715,0.46602,/gpfs/projects/HeinzGroup/caffeine_underground/mlrt/FlexFringe/FlexFringe/models-ps-small/0.1.1.1.0.0.searchglobal.0.ini/0.1.1.1.0.0.searchglobal.0_16.16.coSP.2.1.7_Small.final.json,/gpfs/projects/HeinzGroup/asoubki/FlexFringe/data/MLRegTest/Large/16.16.coSP.2.1.7_TestLA.txt,2025-12-29 22:58:19.355548
0.1.1.1.0.0.searchglobal.0,Small,16,16,coSP,2,1,7,Dev,0.5823,0.6079882433212618,0.46336,0.525911969672894,0.4177,/gpfs/projects/HeinzGroup/caffeine_underground/mlrt/FlexFringe/FlexFringe/models-ps-small/0.1.1.1.0.0.searchglobal.0.ini/0.1.1.1.0.0.searchglobal.0_16.16.coSP.2.1.7_Small.final.json,/gpfs/projects/HeinzGroup/asoubki/FlexFringe/data/MLRegTest/Large/16.16.coSP.2.1.7_Dev.txt,2025-12-29 22:58:19.355548
0.1.1.1.0.0.searchglobal.0,Small,16,16,coSP,2,1,7,Train,0.576,0.5935960591133005,0.482,0.5320088300220751,0.424,/gpfs/projects/HeinzGroup/caffeine_underground/mlrt/FlexFringe/FlexFringe/models-ps-small/0.1.1.1.0.0.searchglobal.0.ini/0.1.1.1.0.0.searchglobal.0_16.16.coSP.2.1.7_Small.final.json,/gpfs/projects/HeinzGroup/asoubki/FlexFringe/data/MLRegTest/Small/16.16.coSP.2.1.7_Train.txt,2025-12-29 22:58:19.355548
0.1.1.1.0.0.searchglobal.0,Small,16,16,coSP,2,1,8,TestSA,0.58893,0.6077652020067376,0.50154,0.5495666275846199,0.41107,/gpfs/projects/HeinzGroup/caffeine_underground/mlrt/FlexFringe/FlexFringe/models-ps-small/0.1.1.1.0.0.searchglobal.0.ini/0.1.1.1.0.0.searchglobal.0_16.16.coSP.2.1.8_Small.final.json,/gpfs/projects/HeinzGroup/asoubki/FlexFringe/data/MLRegTest/Large/16.16.coSP.2.1.8_TestSA.txt,2025-12-29 23:17:41.461838
0.1.1.1.0.0.searchglobal.0,Small,16,16,coSP,2,1,8,TestLR,0.67543,0.7196004306136244,0.57486,0.6391381208098462,0.32457,/gpfs/projects/HeinzGroup/caffeine_underground/mlrt/FlexFringe/FlexFringe/models-ps-small/0.1.1.1.0.0.searchglobal.0.ini/0.1.1.1.0.0.searchglobal.0_16.16.coSP.2.1.8_Small.final.json,/gpfs/projects/HeinzGroup/asoubki/FlexFringe/data/MLRegTest/Large/16.16.coSP.2.1.8_TestLR.txt,2025-12-29 23:17:41.461838
0.1.1.1.0.0.searchglobal.0,Small,16,16,coSP,2,1,8,TestLA,0.57857,0.6179481790614586,0.41164,0.49412414322926046,0.42143,/gpfs/projects/HeinzGroup/caffeine_underground/mlrt/FlexFringe/FlexFringe/models-ps-small/0.1.1.1.0.0.searchglobal.0.ini/0.1.1.1.0.0.searchglobal.0_16.16.coSP.2.1.8_Small.final.json,/gpfs/projects/HeinzGroup/asoubki/FlexFringe/data/MLRegTest/Large/16.16.coSP.2.1.8_TestLA.txt,2025-12-29 23:17:41.461838
0.1.1.1.0.0.searchglobal.0,Small,16,16,coSP,2,1,8,TestSR,0.66057,0.6826693363063412,0.60008,0.6387159263871592,0.33943,/gpfs/projects/HeinzGroup/caffeine_underground/mlrt/FlexFringe/FlexFringe/models-ps-small/0.1.1.1.0.0.searchglobal.0.ini/0.1.1.1.0.0.searchglobal.0_16.16.coSP.2.1.8_Small.final.json,/gpfs/projects/HeinzGroup/asoubki/FlexFringe/data/MLRegTest/Large/16.16.coSP.2.1.8_TestSR.txt,2025-12-29 23:17:41.461838
0.1.1.1.0.0.searchglobal.0,Small,16,16,coSP,2,1,8,Dev,0.66057,0.6827025919941743,0.6,0.6386851601503039,0.33943,/gpfs/projects/HeinzGroup/caffeine_underground/mlrt/FlexFringe/FlexFringe/models-ps-small/0.1.1.1.0.0.searchglobal.0.ini/0.1.1.1.0.0.searchglobal.0_16.16.coSP.2.1.8_Small.final.json,/gpfs/projects/HeinzGroup/asoubki/FlexFringe/data/MLRegTest/Large/16.16.coSP.2.1.8_Dev.txt,2025-12-29 23:17:41.461838
0.1.1.1.0.0.searchglobal.0,Small,16,16,coSP,2,1,8,Train,0.671,0.6921348314606741,0.616,0.6518518518518519,0.329,/gpfs/projects/HeinzGroup/caffeine_underground/mlrt/FlexFringe/FlexFringe/models-ps-small/0.1.1.1.0.0.searchglobal.0.ini/0.1.1.1.0.0.searchglobal.0_16.16.coSP.2.1.8_Small.final.json,/gpfs/projects/HeinzGroup/asoubki/FlexFringe/data/MLRegTest/Small/16.16.coSP.2.1.8_Train.txt,2025-12-29 23:17:41.461838
0.1.1.1.0.0.searchglobal.0,Small,16,16,coSP,2,1,9,TestSR,0.55685,0.5990383610327167,0.34386,0.4369194800574326,0.44315,/gpfs/projects/HeinzGroup/caffeine_underground/mlrt/FlexFringe/FlexFringe/models-ps-small/0.1.1.1.0.0.searchglobal.0.ini/0.1.1.1.0.0.searchglobal.0_16.16.coSP.2.1.9_Small.final.json,/gpfs/projects/HeinzGroup/asoubki/FlexFringe/data/MLRegTest/Large/16.16.coSP.2.1.9_TestSR.txt,2025-12-29 22:37:47.250859
0.1.1.1.0.0.searchglobal.0,Small,16,16,coSP,2,1,9,TestLA,0.51317,0.5283946358501143,0.24508,0.334849913240699,0.48683,/gpfs/projects/HeinzGroup/caffeine_underground/mlrt/FlexFringe/FlexFringe/models-ps-small/0.1.1.1.0.0.searchglobal.0.ini/0.1.1.1.0.0.searchglobal.0_16.16.coSP.2.1.9_Small.final.json,/gpfs/projects/HeinzGroup/asoubki/FlexFringe/data/MLRegTest/Large/16.16.coSP.2.1.9_TestLA.txt,2025-12-29 22:37:47.250859
0.1.1.1.0.0.searchglobal.0,Small,16,16,coSP,2,1,9,TestLR,0.55894,0.6088739470962021,0.32962,0.42770021279908654,0.44106,/gpfs/projects/HeinzGroup/caffeine_underground/mlrt/FlexFringe/FlexFringe/models-ps-small/0.1.1.1.0.0.searchglobal.0.ini/0.1.1.1.0.0.searchglobal.0_16.16.coSP.2.1.9_Small.final.json,/gpfs/projects/HeinzGroup/asoubki/FlexFringe/data/MLRegTest/Large/16.16.coSP.2.1.9_TestLR.txt,2025-12-29 22:37:47.250859
0.1.1.1.0.0.searchglobal.0,Small,16,16,coSP,2,1,9,TestSA,0.52008,0.5381720021291156,0.2831,0.37102566118843544,0.47992,/gpfs/projects/HeinzGroup/caffeine_underground/mlrt/FlexFringe/FlexFringe/models-ps-small/0.1.1.1.0.0.searchglobal.0.ini/0.1.1.1.0.0.searchglobal.0_16.16.coSP.2.1.9_Small.final.json,/gpfs/projects/HeinzGroup/asoubki/FlexFringe/data/MLRegTest/Large/16.16.coSP.2.1.9_TestSA.txt,2025-12-29 22:37:47.250859
0.1.1.1.0.0.searchglobal.0,Small,16,16,coSP,2,1,9,Dev,0.55866,0.6013756394303885,0.34798,0.4408604875082349,0.44134,/gpfs/projects/HeinzGroup/caffeine_underground/mlrt/FlexFringe/FlexFringe/models-ps-small/0.1.1.1.0.0.searchglobal.0.ini/0.1.1.1.0.0.searchglobal.0_16.16.coSP.2.1.9_Small.final.json,/gpfs/projects/HeinzGroup/asoubki/FlexFringe/data/MLRegTest/Large/16.16.coSP.2.1.9_Dev.txt,2025-12-29 22:37:47.250859
0.1.1.1.0.0.searchglobal.0,Small,16,16,coSP,2,1,9,Train,0.542,0.574468085106383,0.324,0.4143222506393862,0.458,/gpfs/projects/HeinzGroup/caffeine_underground/mlrt/FlexFringe/FlexFringe/models-ps-small/0.1.1.1.0.0.searchglobal.0.ini/0.1.1.1.0.0.searchglobal.0_16.16.coSP.2.1.9_Small.final.json,/gpfs/projects/HeinzGroup/asoubki/FlexFringe/data/MLRegTest/Small/16.16.coSP.2.1.9_Train.txt,2025-12-29 22:37:47.250859
0.1.1.1.0.0.searchglobal.0,Small,16,16,coSP,4,1,0,TestLA,0.50336,0.505360561582642,0.31676,0.3894270961396607,0.49664,/gpfs/projects/HeinzGroup/caffeine_underground/mlrt/FlexFringe/FlexFringe/models-ps-small/0.1.1.1.0.0.searchglobal.0.ini/0.1.1.1.0.0.searchglobal.0_16.16.coSP.4.1.0_Small.final.json,/gpfs/projects/HeinzGroup/asoubki/FlexFringe/data/MLRegTest/Large/16.16.coSP.4.1.0_TestLA.txt,2025-12-29 23:14:40.239554
0.1.1.1.0.0.searchglobal.0,Small,16,16,coSP,4,1,0,TestLR,0.51177,0.5189587964305273,0.32218,0.39755185646771385,0.48823,/gpfs/projects/HeinzGroup/caffeine_underground/mlrt/FlexFringe/FlexFringe/models-ps-small/0.1.1.1.0.0.searchglobal.0.ini/0.1.1.1.0.0.searchglobal.0_16.16.coSP.4.1.0_Small.final.json,/gpfs/projects/HeinzGroup/asoubki/FlexFringe/data/MLRegTest/Large/16.16.coSP.4.1.0_TestLR.txt,2025-12-29 23:14:40.239554
0.1.1.1.0.0.searchglobal.0,Small,16,16,coSP,4,1,0,TestSA,0.5045,0.5066344282597157,0.34364,0.4095145029434898,0.4955,/gpfs/projects/HeinzGroup/caffeine_underground/mlrt/FlexFringe/FlexFringe/models-ps-small/0.1.1.1.0.0.searchglobal.0.ini/0.1.1.1.0.0.searchglobal.0_16.16.coSP.4.1.0_Small.final.json,/gpfs/projects/HeinzGroup/asoubki/FlexFringe/data/MLRegTest/Large/16.16.coSP.4.1.0_TestSA.txt,2025-12-29 23:14:40.239554
0.1.1.1.0.0.searchglobal.0,Small,16,16,coSP,4,1,0,TestSR,0.52395,0.5368586290744559,0.34884,0.42289274933627513,0.47605,/gpfs/projects/HeinzGroup/caffeine_underground/mlrt/FlexFringe/FlexFringe/models-ps-small/0.1.1.1.0.0.searchglobal.0.ini/0.1.1.1.0.0.searchglobal.0_16.16.coSP.4.1.0_Small.final.json,/gpfs/projects/HeinzGroup/asoubki/FlexFringe/data/MLRegTest/Large/16.16.coSP.4.1.0_TestSR.txt,2025-12-29 23:14:40.239554
0.1.1.1.0.0.searchglobal.0,Small,16,16,coSP,4,1,0,Dev,0.52497,0.5390901405804815,0.34436,0.42026385481882866,0.47503,/gpfs/projects/HeinzGroup/caffeine_underground/mlrt/FlexFringe/FlexFringe/models-ps-small/0.1.1.1.0.0.searchglobal.0.ini/0.1.1.1.0.0.searchglobal.0_16.16.coSP.4.1.0_Small.final.json,/gpfs/projects/HeinzGroup/asoubki/FlexFringe/data/MLRegTest/Large/16.16.coSP.4.1.0_Dev.txt,2025-12-29 23:14:40.239554
0.1.1.1.0.0.searchglobal.0,Small,16,16,coSP,4,1,0,Train,0.541,0.5654952076677316,0.354,0.4354243542435424,0.459,/gpfs/projects/HeinzGroup/caffeine_underground/mlrt/FlexFringe/FlexFringe/models-ps-small/0.1.1.1.0.0.searchglobal.0.ini/0.1.1.1.0.0.searchglobal.0_16.16.coSP.4.1.0_Small.final.json,/gpfs/projects/HeinzGroup/asoubki/FlexFringe/data/MLRegTest/Small/16.16.coSP.4.1.0_Train.txt,2025-12-29 23:14:40.239554
0.1.1.1.0.0.searchglobal.0,Small,16,16,coSP,4,1,1,TestSA,0.51291,0.5163248273943501,0.40832,0.45601456316101,0.48709,/gpfs/projects/HeinzGroup/caffeine_underground/mlrt/FlexFringe/FlexFringe/models-ps-small/0.1.1.1.0.0.searchglobal.0.ini/0.1.1.1.0.0.searchglobal.0_16.16.coSP.4.1.1_Small.final.json,/gpfs/projects/HeinzGroup/asoubki/FlexFringe/data/MLRegTest/Large/16.16.coSP.4.1.1_TestSA.txt,2025-12-29 23:22:11.545294
0.1.1.1.0.0.searchglobal.0,Small,16,16,coSP,4,1,1,TestLR,0.52653,0.5385621675048693,0.37052,0.43900994087607675,0.47347,/gpfs/projects/HeinzGroup/caffeine_underground/mlrt/FlexFringe/FlexFringe/models-ps-small/0.1.1.1.0.0.searchglobal.0.ini/0.1.1.1.0.0.searchglobal.0_16.16.coSP.4.1.1_Small.final.json,/gpfs/projects/HeinzGroup/asoubki/FlexFringe/data/MLRegTest/Large/16.16.coSP.4.1.1_TestLR.txt,2025-12-29 23:22:11.545294
0.1.1.1.0.0.searchglobal.0,Small,16,16,coSP,4,1,1,TestLA,0.50899,0.5130893101540432,0.3524,0.4178276283183742,0.49101,/gpfs/projects/HeinzGroup/caffeine_underground/mlrt/FlexFringe/FlexFringe/models-ps-small/0.1.1.1.0.0.searchglobal.0.ini/0.1.1.1.0.0.searchglobal.0_16.16.coSP.4.1.1_Small.final.json,/gpfs/projects/HeinzGroup/asoubki/FlexFringe/data/MLRegTest/Large/16.16.coSP.4.1.1_TestLA.txt,2025-12-29 23:22:11.545294
0.1.1.1.0.0.searchglobal.0,Small,16,16,coSP,4,1,1,TestSR,0.54305,0.5568617091533483,0.4216,0.4798816231290194,0.45695,/gpfs/projects/HeinzGroup/caffeine_underground/mlrt/FlexFringe/FlexFringe/models-ps-small/0.1.1.1.0.0.searchglobal.0.ini/0.1.1.1.0.0.searchglobal.0_16.16.coSP.4.1.1_Small.final.json,/gpfs/projects/HeinzGroup/asoubki/FlexFringe/data/MLRegTest/Large/16.16.coSP.4.1.1_TestSR.txt,2025-12-29 23:22:11.545294
0.1.1.1.0.0.searchglobal.0,Small,16,16,coSP,4,1,1,Dev,0.54194,0.5557920502314692,0.4178,0.4770168748430114,0.45806,/gpfs/projects/HeinzGroup/caffeine_underground/mlrt/FlexFringe/FlexFringe/models-ps-small/0.1.1.1.0.0.searchglobal.0.ini/0.1.1.1.0.0.searchglobal.0_16.16.coSP.4.1.1_Small.final.json,/gpfs/projects/HeinzGroup/asoubki/FlexFringe/data/MLRegTest/Large/16.16.coSP.4.1.1_Dev.txt,2025-12-29 23:22:11.545294
0.1.1.1.0.0.searchglobal.0,Small,16,16,coSP,4,1,1,Train,0.543,0.5558441558441558,0.428,0.48361581920903957,0.457,/gpfs/projects/HeinzGroup/caffeine_underground/mlrt/FlexFringe/FlexFringe/models-ps-small/0.1.1.1.0.0.searchglobal.0.ini/0.1.1.1.0.0.searchglobal.0_16.16.coSP.4.1.1_Small.final.json,/gpfs/projects/HeinzGroup/asoubki/FlexFringe/data/MLRegTest/Small/16.16.coSP.4.1.1_Train.txt,2025-12-29 23:22:11.545294
0.1.1.1.0.0.searchglobal.0,Small,16,16,coSP,4,1,2,TestLR,0.52491,0.5415014494685282,0.32502,0.4062191448675807,0.47509,/gpfs/projects/HeinzGroup/caffeine_underground/mlrt/FlexFringe/FlexFringe/models-ps-small/0.1.1.1.0.0.searchglobal.0.ini/0.1.1.1.0.0.searchglobal.0_16.16.coSP.4.1.2_Small.final.json,/gpfs/projects/HeinzGroup/asoubki/FlexFringe/data/MLRegTest/Large/16.16.coSP.4.1.2_TestLR.txt,2025-12-29 22:07:03.932953
0.1.1.1.0.0.searchglobal.0,Small,16,16,coSP,4,1,2,TestSA,0.51152,0.5168944682348801,0.35246,0.4191262159012534,0.48848,/gpfs/projects/HeinzGroup/caffeine_underground/mlrt/FlexFringe/FlexFringe/models-ps-small/0.1.1.1.0.0.searchglobal.0.ini/0.1.1.1.0.0.searchglobal.0_16.16.coSP.4.1.2_Small.final.json,/gpfs/projects/HeinzGroup/asoubki/FlexFringe/data/MLRegTest/Large/16.16.coSP.4.1.2_TestSA.txt,2025-12-29 22:07:03.932953
0.1.1.1.0.0.searchglobal.0,Small,16,16,coSP,4,1,2,TestSR,0.53945,0.5616888193901486,0.3592,0.4381823726745959,0.46055,/gpfs/projects/HeinzGroup/caffeine_underground/mlrt/FlexFringe/FlexFringe/models-ps-small/0.1.1.1.0.0.searchglobal.0.ini/0.1.1.1.0.0.searchglobal.0_16.16.coSP.4.1.2_Small.final.json,/gpfs/projects/HeinzGroup/asoubki/FlexFringe/data/MLRegTest/Large/16.16.coSP.4.1.2_TestSR.txt,2025-12-29 22:07:03.932953
0.1.1.1.0.0.searchglobal.0,Small,16,16,coSP,4,1,2,TestLA,0.50889,0.5147278088863855,0.3107,0.3874982851298936,0.49111,/gpfs/projects/HeinzGroup/caffeine_underground/mlrt/FlexFringe/FlexFringe/models-ps-small/0.1.1.1.0.0.searchglobal.0.ini/0.1.1.1.0.0.searchglobal.0_16.16.coSP.4.1.2_Small.final.json,/gpfs/projects/HeinzGroup/asoubki/FlexFringe/data/MLRegTest/Large/16.16.coSP.4.1.2_TestLA.txt,2025-12-29 22:07:03.932953
0.1.1.1.0.0.searchglobal.0,Small,16,16,coSP,4,1,2,Dev,0.53858,0.5595407123896536,0.36256,0.44001067987087067,0.46142,/gpfs/projects/HeinzGroup/caffeine_underground/mlrt/FlexFringe/FlexFringe/models-ps-small/0.1.1.1.0.0.searchglobal.0.ini/0.1.1.1.0.0.searchglobal.0_16.16.coSP.4.1.2_Small.final.json,/gpfs/projects/HeinzGroup/asoubki/FlexFringe/data/MLRegTest/Large/16.16.coSP.4.1.2_Dev.txt,2025-12-29 22:07:03.932953
0.1.1.1.0.0.searchglobal.0,Small,16,16,coSP,4,1,2,Train,0.544,0.5714285714285714,0.352,0.43564356435643564,0.456,/gpfs/projects/HeinzGroup/caffeine_underground/mlrt/FlexFringe/FlexFringe/models-ps-small/0.1.1.1.0.0.searchglobal.0.ini/0.1.1.1.0.0.searchglobal.0_16.16.coSP.4.1.2_Small.final.json,/gpfs/projects/HeinzGroup/asoubki/FlexFringe/data/MLRegTest/Small/16.16.coSP.4.1.2_Train.txt,2025-12-29 22:07:03.932953
0.1.1.1.0.0.searchglobal.0,Small,16,16,coSP,4,1,3,TestSA,0.51616,0.5262661725505494,0.32378,0.40090636685569947,0.48384,/gpfs/projects/HeinzGroup/caffeine_underground/mlrt/FlexFringe/FlexFringe/models-ps-small/0.1.1.1.0.0.searchglobal.0.ini/0.1.1.1.0.0.searchglobal.0_16.16.coSP.4.1.3_Small.final.json,/gpfs/projects/HeinzGroup/asoubki/FlexFringe/data/MLRegTest/Large/16.16.coSP.4.1.3_TestSA.txt,2025-12-29 22:50:34.843803
0.1.1.1.0.0.searchglobal.0,Small,16,16,coSP,4,1,3,TestLA,0.51089,0.5213504293612516,0.26592,0.35219792591022875,0.48911,/gpfs/projects/HeinzGroup/caffeine_underground/mlrt/FlexFringe/FlexFringe/models-ps-small/0.1.1.1.0.0.searchglobal.0.ini/0.1.1.1.0.0.searchglobal.0_16.16.coSP.4.1.3_Small.final.json,/gpfs/projects/HeinzGroup/asoubki/FlexFringe/data/MLRegTest/Large/16.16.coSP.4.1.3_TestLA.txt,2025-12-29 22:50:34.843803
0.1.1.1.0.0.searchglobal.0,Small,16,16,coSP,4,1,3,TestSR,0.54815,0.5824683999588942,0.34008,0.42943189423307615,0.45185,/gpfs/projects/HeinzGroup/caffeine_underground/mlrt/FlexFringe/FlexFringe/models-ps-small/0.1.1.1.0.0.searchglobal.0.ini/0.1.1.1.0.0.searchglobal.0_16.16.coSP.4.1.3_Small.final.json,/gpfs/projects/HeinzGroup/asoubki/FlexFringe/data/MLRegTest/Large/16.16.coSP.4.1.3_TestSR.txt,2025-12-29 22:50:34.843803
0.1.1.1.0.0.searchglobal.0,Small,16,16,coSP,4,1,3,TestLR,0.53374,0.5665325761161066,0.2873,0.38125696693030414,0.46626,/gpfs/projects/HeinzGroup/caffeine_underground/mlrt/FlexFringe/FlexFringe/models-ps-small/0.1.1.1.0.0.searchglobal.0.ini/0.1.1.1.0.0.searchglobal.0_16.16.coSP.4.1.3_Small.final.json,/gpfs/projects/HeinzGroup/asoubki/FlexFringe/data/MLRegTest/Large/16.16.coSP.4.1.3_TestLR.txt,2025-12-29 22:50:34.843803
0.1.1.1.0.0.searchglobal.0,Small,16,16,coSP,4,1,3,Dev,0.54926,0.5840843916427694,0.34218,0.4315441658679312,0.45074,/gpfs/projects/HeinzGroup/caffeine_underground/mlrt/FlexFringe/FlexFringe/models-ps-small/0.1.1.1.0.0.searchglobal.0.ini/0.1.1.1.0.0.searchglobal.0_16.16.coSP.4.1.3_Small.final.json,/gpfs/projects/HeinzGroup/asoubki/FlexFringe/data/MLRegTest/Large/16.16.coSP.4.1.3_Dev.txt,2025-12-29 22:50:34.843803
0.1.1.1.0.0.searchglobal.0,Small,16,16,coSP,4,1,3,Train,0.542,0.571917808219178,0.334,0.4217171717171717,0.458,/gpfs/projects/HeinzGroup/caffeine_underground/mlrt/FlexFringe/FlexFringe/models-ps-small/0.1.1.1.0.0.searchglobal.0.ini/0.1.1.1.0.0.searchglobal.0_16.16.coSP.4.1.3_Small.final.json,/gpfs/projects/HeinzGroup/asoubki/FlexFringe/data/MLRegTest/Small/16.16.coSP.4.1.3_Train.txt,2025-12-29 22:50:34.843803
0.1.1.1.0.0.searchglobal.0,Small,16,16,coSP,4,1,4,TestSR,0.54514,0.5877527216174183,0.30234,0.3992868462757528,0.45486,/gpfs/projects/HeinzGroup/caffeine_underground/mlrt/FlexFringe/FlexFringe/models-ps-small/0.1.1.1.0.0.searchglobal.0.ini/0.1.1.1.0.0.searchglobal.0_16.16.coSP.4.1.4_Small.final.json,/gpfs/projects/HeinzGroup/asoubki/FlexFringe/data/MLRegTest/Large/16.16.coSP.4.1.4_TestSR.txt,2025-12-29 22:35:51.629643
0.1.1.1.0.0.searchglobal.0,Small,16,16,coSP,4,1,4,TestSA,0.51491,0.5269747078192278,0.29128,0.3751819364478277,0.48509,/gpfs/projects/HeinzGroup/caffeine_underground/mlrt/FlexFringe/FlexFringe/models-ps-small/0.1.1.1.0.0.searchglobal.0.ini/0.1.1.1.0.0.searchglobal.0_16.16.coSP.4.1.4_Small.final.json,/gpfs/projects/HeinzGroup/asoubki/FlexFringe/data/MLRegTest/Large/16.16.coSP.4.1.4_TestSA.txt,2025-12-29 22:35:51.629643
0.1.1.1.0.0.searchglobal.0,Small,16,16,coSP,4,1,4,TestLR,0.52532,0.5549956559513467,0.25552,0.3499315256094221,0.47468,/gpfs/projects/HeinzGroup/caffeine_underground/mlrt/FlexFringe/FlexFringe/models-ps-small/0.1.1.1.0.0.searchglobal.0.ini/0.1.1.1.0.0.searchglobal.0_16.16.coSP.4.1.4_Small.final.json,/gpfs/projects/HeinzGroup/asoubki/FlexFringe/data/MLRegTest/Large/16.16.coSP.4.1.4_TestLR.txt,2025-12-29 22:35:51.629643
0.1.1.1.0.0.searchglobal.0,Small,16,16,coSP,4,1,4,TestLA,0.50838,0.51815424610052,0.23918,0.3272851669403394,0.49162,/gpfs/projects/HeinzGroup/caffeine_underground/mlrt/FlexFringe/FlexFringe/models-ps-small/0.1.1.1.0.0.searchglobal.0.ini/0.1.1.1.0.0.searchglobal.0_16.16.coSP.4.1.4_Small.final.json,/gpfs/projects/HeinzGroup/asoubki/FlexFringe/data/MLRegTest/Large/16.16.coSP.4.1.4_TestLA.txt,2025-12-29 22:35:51.629643
0.1.1.1.0.0.searchglobal.0,Small,16,16,coSP,4,1,4,Dev,0.54276,0.5831906614785992,0.29976,0.39598414795244385,0.45724,/gpfs/projects/HeinzGroup/caffeine_underground/mlrt/FlexFringe/FlexFringe/models-ps-small/0.1.1.1.0.0.searchglobal.0.ini/0.1.1.1.0.0.searchglobal.0_16.16.coSP.4.1.4_Small.final.json,/gpfs/projects/HeinzGroup/asoubki/FlexFringe/data/MLRegTest/Large/16.16.coSP.4.1.4_Dev.txt,2025-12-29 22:35:51.629643
0.1.1.1.0.0.searchglobal.0,Small,16,16,coSP,4,1,4,Train,0.541,0.582995951417004,0.288,0.3855421686746988,0.459,/gpfs/projects/HeinzGroup/caffeine_underground/mlrt/FlexFringe/FlexFringe/models-ps-small/0.1.1.1.0.0.searchglobal.0.ini/0.1.1.1.0.0.searchglobal.0_16.16.coSP.4.1.4_Small.final.json,/gpfs/projects/HeinzGroup/asoubki/FlexFringe/data/MLRegTest/Small/16.16.coSP.4.1.4_Train.txt,2025-12-29 22:35:51.629643
0.1.1.1.0.0.searchglobal.0,Small,16,16,coSP,4,1,5,TestSR,0.56255,0.6015257263431261,0.3706,0.45863498545882064,0.43745,/gpfs/projects/HeinzGroup/caffeine_underground/mlrt/FlexFringe/FlexFringe/models-ps-small/0.1.1.1.0.0.searchglobal.0.ini/0.1.1.1.0.0.searchglobal.0_16.16.coSP.4.1.5_Small.final.json,/gpfs/projects/HeinzGroup/asoubki/FlexFringe/data/MLRegTest/Large/16.16.coSP.4.1.5_TestSR.txt,2025-12-29 23:12:44.928136
0.1.1.1.0.0.searchglobal.0,Small,16,16,coSP,4,1,5,TestLA,0.51386,0.5249406175771971,0.29172,0.3750289255135886,0.48614,/gpfs/projects/HeinzGroup/caffeine_underground/mlrt/FlexFringe/FlexFringe/models-ps-small/0.1.1.1.0.0.searchglobal.0.ini/0.1.1.1.0.0.searchglobal.0_16.16.coSP.4.1.5_Small.final.json,/gpfs/projects/HeinzGroup/asoubki/FlexFringe/data/MLRegTest/Large/16.16.coSP.4.1.5_TestLA.txt,2025-12-29 23:12:44.928136
0.1.1.1.0.0.searchglobal.0,Small,16,16,coSP,4,1,5,TestSA,0.52021,0.5301021776043373,0.3559,0.4258756237360744,0.47979,/gpfs/projects/HeinzGroup/caffeine_underground/mlrt/FlexFringe/FlexFringe/models-ps-small/0.1.1.1.0.0.searchglobal.0.ini/0.1.1.1.0.0.searchglobal.0_16.16.coSP.4.1.5_Small.final.json,/gpfs/projects/HeinzGroup/asoubki/FlexFringe/data/MLRegTest/Large/16.16.coSP.4.1.5_TestSA.txt,2025-12-29 23:12:44.928136
0.1.1.1.0.0.searchglobal.0,Small,16,16,coSP,4,1,5,TestLR,0.54257,0.5776853169823716,0.31656,0.40899753226785873,0.45743,/gpfs/projects/HeinzGroup/caffeine_underground/mlrt/FlexFringe/FlexFringe/models-ps-small/0.1.1.1.0.0.searchglobal.0.ini/0.1.1.1.0.0.searchglobal.0_16.16.coSP.4.1.5_Small.final.json,/gpfs/projects/HeinzGroup/asoubki/FlexFringe/data/MLRegTest/Large/16.16.coSP.4.1.5_TestLR.txt,2025-12-29 23:12:44.928136
0.1.1.1.0.0.searchglobal.0,Small,16,16,coSP,4,1,5,Dev,0.56118,0.5990288119132405,0.37008,0.45751019903572754,0.43882,/gpfs/projects/HeinzGroup/caffeine_underground/mlrt/FlexFringe/FlexFringe/models-ps-small/0.1.1.1.0.0.searchglobal.0.ini/0.1.1.1.0.0.searchglobal.0_16.16.coSP.4.1.5_Small.final.json,/gpfs/projects/HeinzGroup/asoubki/FlexFringe/data/MLRegTest/Large/16.16.coSP.4.1.5_Dev.txt,2025-12-29 23:12:44.928136
0.1.1.1.0.0.searchglobal.0,Small,16,16,coSP,4,1,5,Train,0.555,0.5901639344262295,0.36,0.4472049689440994,0.445,/gpfs/projects/HeinzGroup/caffeine_underground/mlrt/FlexFringe/FlexFringe/models-ps-small/0.1.1.1.0.0.searchglobal.0.ini/0.1.1.1.0.0.searchglobal.0_16.16.coSP.4.1.5_Small.final.json,/gpfs/projects/HeinzGroup/asoubki/FlexFringe/data/MLRegTest/Small/16.16.coSP.4.1.5_Train.txt,2025-12-29 23:12:44.928136
0.1.1.1.0.0.searchglobal.0,Small,16,16,coSP,4,1,6,TestSA,0.51588,0.5275541365907829,0.30404,0.3857592367032075,0.48412,/gpfs/projects/HeinzGroup/caffeine_underground/mlrt/FlexFringe/FlexFringe/models-ps-small/0.1.1.1.0.0.searchglobal.0.ini/0.1.1.1.0.0.searchglobal.0_16.16.coSP.4.1.6_Small.final.json,/gpfs/projects/HeinzGroup/asoubki/FlexFringe/data/MLRegTest/Large/16.16.coSP.4.1.6_TestSA.txt,2025-12-29 23:36:40.849257
0.1.1.1.0.0.searchglobal.0,Small,16,16,coSP,4,1,6,TestSR,0.55127,0.5949268653952972,0.32132,0.41727160573988703,0.44873,/gpfs/projects/HeinzGroup/caffeine_underground/mlrt/FlexFringe/FlexFringe/models-ps-small/0.1.1.1.0.0.searchglobal.0.ini/0.1.1.1.0.0.searchglobal.0_16.16.coSP.4.1.6_Small.final.json,/gpfs/projects/HeinzGroup/asoubki/FlexFringe/data/MLRegTest/Large/16.16.coSP.4.1.6_TestSR.txt,2025-12-29 23:36:40.849257
0.1.1.1.0.0.searchglobal.0,Small,16,16,coSP,4,1,6,TestLR,0.53886,0.5838584376348727,0.27056,0.36976903102364356,0.46114,/gpfs/projects/HeinzGroup/caffeine_underground/mlrt/FlexFringe/FlexFringe/models-ps-small/0.1.1.1.0.0.searchglobal.0.ini/0.1.1.1.0.0.searchglobal.0_16.16.coSP.4.1.6_Small.final.json,/gpfs/projects/HeinzGroup/asoubki/FlexFringe/data/MLRegTest/Large/16.16.coSP.4.1.6_TestLR.txt,2025-12-29 23:36:40.849257
0.1.1.1.0.0.searchglobal.0,Small,16,16,coSP,4,1,6,TestLA,0.51212,0.5266701874834961,0.23934,0.32911636093616786,0.48788,/gpfs/projects/HeinzGroup/caffeine_underground/mlrt/FlexFringe/FlexFringe/models-ps-small/0.1.1.1.0.0.searchglobal.0.ini/0.1.1.1.0.0.searchglobal.0_16.16.coSP.4.1.6_Small.final.json,/gpfs/projects/HeinzGroup/asoubki/FlexFringe/data/MLRegTest/Large/16.16.coSP.4.1.6_TestLA.txt,2025-12-29 23:36:40.849257
0.1.1.1.0.0.searchglobal.0,Small,16,16,coSP,4,1,6,Dev,0.54815,0.5891897899455414,0.31808,0.4131284662242022,0.45185,/gpfs/projects/HeinzGroup/caffeine_underground/mlrt/FlexFringe/FlexFringe/models-ps-small/0.1.1.1.0.0.searchglobal.0.ini/0.1.1.1.0.0.searchglobal.0_16.16.coSP.4.1.6_Small.final.json,/gpfs/projects/HeinzGroup/asoubki/FlexFringe/data/MLRegTest/Large/16.16.coSP.4.1.6_Dev.txt,2025-12-29 23:36:40.849257
0.1.1.1.0.0.searchglobal.0,Small,16,16,coSP,4,1,6,Train,0.571,0.6437246963562753,0.318,0.42570281124497994,0.429,/gpfs/projects/HeinzGroup/caffeine_underground/mlrt/FlexFringe/FlexFringe/models-ps-small/0.1.1.1.0.0.searchglobal.0.ini/0.1.1.1.0.0.searchglobal.0_16.16.coSP.4.1.6_Small.final.json,/gpfs/projects/HeinzGroup/asoubki/FlexFringe/data/MLRegTest/Small/16.16.coSP.4.1.6_Train.txt,2025-12-29 23:36:40.849257
0.1.1.1.0.0.searchglobal.0,Small,16,16,coSP,4,1,7,TestLA,0.51271,0.5212876427829699,0.31124,0.38976619538401813,0.48729,/gpfs/projects/HeinzGroup/caffeine_underground/mlrt/FlexFringe/FlexFringe/models-ps-small/0.1.1.1.0.0.searchglobal.0.ini/0.1.1.1.0.0.searchglobal.0_16.16.coSP.4.1.7_Small.final.json,/gpfs/projects/HeinzGroup/asoubki/FlexFringe/data/MLRegTest/Large/16.16.coSP.4.1.7_TestLA.txt,2025-12-29 22:20:04.359754
0.1.1.1.0.0.searchglobal.0,Small,16,16,coSP,4,1,7,TestLR,0.54033,0.5670668839591578,0.341,0.4258933143492325,0.45967,/gpfs/projects/HeinzGroup/caffeine_underground/mlrt/FlexFringe/FlexFringe/models-ps-small/0.1.1.1.0.0.searchglobal.0.ini/0.1.1.1.0.0.searchglobal.0_16.16.coSP.4.1.7_Small.final.json,/gpfs/projects/HeinzGroup/asoubki/FlexFringe/data/MLRegTest/Large/16.16.coSP.4.1.7_TestLR.txt,2025-12-29 22:20:04.359754
0.1.1.1.0.0.searchglobal.0,Small,16,16,coSP,4,1,7,TestSR,0.55968,0.5882370335324384,0.39786,0.4746713116514353,0.44032,/gpfs/projects/HeinzGroup/caffeine_underground/mlrt/FlexFringe/FlexFringe/models-ps-small/0.1.1.1.0.0.searchglobal.0.ini/0.1.1.1.0.0.searchglobal.0_16.16.coSP.4.1.7_Small.final.json,/gpfs/projects/HeinzGroup/asoubki/FlexFringe/data/MLRegTest/Large/16.16.coSP.4.1.7_TestSR.txt,2025-12-29 22:20:04.359754
0.1.1.1.0.0.searchglobal.0,Small,16,16,coSP,4,1,7,TestSA,0.51957,0.5274512554355449,0.37602,0.4390448946231537,0.48043,/gpfs/projects/HeinzGroup/caffeine_underground/mlrt/FlexFringe/FlexFringe/models-ps-small/0.1.1.1.0.0.searchglobal.0.ini/0.1.1.1.0.0.searchglobal.0_16.16.coSP.4.1.7_Small.final.json,/gpfs/projects/HeinzGroup/asoubki/FlexFringe/data/MLRegTest/Large/16.16.coSP.4.1.7_TestSA.txt,2025-12-29 22:20:04.359754
0.1.1.1.0.0.searchglobal.0,Small,16,16,coSP,4,1,7,Dev,0.5577,0.5859910581222056,0.3932,0.4706163973668462,0.4423,/gpfs/projects/HeinzGroup/caffeine_underground/mlrt/FlexFringe/FlexFringe/models-ps-small/0.1.1.1.0.0.searchglobal.0.ini/0.1.1.1.0.0.searchglobal.0_16.16.coSP.4.1.7_Small.final.json,/gpfs/projects/HeinzGroup/asoubki/FlexFringe/data/MLRegTest/Large/16.16.coSP.4.1.7_Dev.txt,2025-12-29 22:20:04.359754
0.1.1.1.0.0.searchglobal.0,Small,16,16,coSP,4,1,7,Train,0.558,0.5868263473053892,0.392,0.47002398081534774,0.442,/gpfs/projects/HeinzGroup/caffeine_underground/mlrt/FlexFringe/FlexFringe/models-ps-small/0.1.1.1.0.0.searchglobal.0.ini/0.1.1.1.0.0.searchglobal.0_16.16.coSP.4.1.7_Small.final.json,/gpfs/projects/HeinzGroup/asoubki/FlexFringe/data/MLRegTest/Small/16.16.coSP.4.1.7_Train.txt,2025-12-29 22:20:04.359754
0.1.1.1.0.0.searchglobal.0,Small,16,16,coSP,4,1,8,TestLR,0.53941,0.5903857621210036,0.25742,0.3585186835837941,0.46059,/gpfs/projects/HeinzGroup/caffeine_underground/mlrt/FlexFringe/FlexFringe/models-ps-small/0.1.1.1.0.0.searchglobal.0.ini/0.1.1.1.0.0.searchglobal.0_16.16.coSP.4.1.8_Small.final.json,/gpfs/projects/HeinzGroup/asoubki/FlexFringe/data/MLRegTest/Large/16.16.coSP.4.1.8_TestLR.txt,2025-12-29 22:39:16.077176
0.1.1.1.0.0.searchglobal.0,Small,16,16,coSP,4,1,8,TestSR,0.54613,0.5914660744735695,0.2983,0.3965858781924299,0.45387,/gpfs/projects/HeinzGroup/caffeine_underground/mlrt/FlexFringe/FlexFringe/models-ps-small/0.1.1.1.0.0.searchglobal.0.ini/0.1.1.1.0.0.searchglobal.0_16.16.coSP.4.1.8_Small.final.json,/gpfs/projects/HeinzGroup/asoubki/FlexFringe/data/MLRegTest/Large/16.16.coSP.4.1.8_TestSR.txt,2025-12-29 22:39:16.077176
0.1.1.1.0.0.searchglobal.0,Small,16,16,coSP,4,1,8,TestLA,0.51004,0.5229307509592546,0.22896,0.3184777165748623,0.48996,/gpfs/projects/HeinzGroup/caffeine_underground/mlrt/FlexFringe/FlexFringe/models-ps-small/0.1.1.1.0.0.searchglobal.0.ini/0.1.1.1.0.0.searchglobal.0_16.16.coSP.4.1.8_Small.final.json,/gpfs/projects/HeinzGroup/asoubki/FlexFringe/data/MLRegTest/Large/16.16.coSP.4.1.8_TestLA.txt,2025-12-29 22:39:16.077176
0.1.1.1.0.0.searchglobal.0,Small,16,16,coSP,4,1,8,TestSA,0.51648,0.5303812403215102,0.2877,0.3730453048416794,0.48352,/gpfs/projects/HeinzGroup/caffeine_underground/mlrt/FlexFringe/FlexFringe/models-ps-small/0.1.1.1.0.0.searchglobal.0.ini/0.1.1.1.0.0.searchglobal.0_16.16.coSP.4.1.8_Small.final.json,/gpfs/projects/HeinzGroup/asoubki/FlexFringe/data/MLRegTest/Large/16.16.coSP.4.1.8_TestSA.txt,2025-12-29 22:39:16.077176
0.1.1.1.0.0.searchglobal.0,Small,16,16,coSP,4,1,8,Dev,0.54844,0.5957918050941307,0.30128,0.40019127570267254,0.45156,/gpfs/projects/HeinzGroup/caffeine_underground/mlrt/FlexFringe/FlexFringe/models-ps-small/0.1.1.1.0.0.searchglobal.0.ini/0.1.1.1.0.0.searchglobal.0_16.16.coSP.4.1.8_Small.final.json,/gpfs/projects/HeinzGroup/asoubki/FlexFringe/data/MLRegTest/Large/16.16.coSP.4.1.8_Dev.txt,2025-12-29 22:39:16.077176
0.1.1.1.0.0.searchglobal.0,Small,16,16,coSP,4,1,8,Train,0.521,0.541501976284585,0.274,0.36387782204515273,0.479,/gpfs/projects/HeinzGroup/caffeine_underground/mlrt/FlexFringe/FlexFringe/models-ps-small/0.1.1.1.0.0.searchglobal.0.ini/0.1.1.1.0.0.searchglobal.0_16.16.coSP.4.1.8_Small.final.json,/gpfs/projects/HeinzGroup/asoubki/FlexFringe/data/MLRegTest/Small/16.16.coSP.4.1.8_Train.txt,2025-12-29 22:39:16.077176
0.1.1.1.0.0.searchglobal.0,Small,16,16,coSP,4,1,9,TestSA,0.5162,0.5279947466648234,0.30554,0.3870828793675729,0.4838,/gpfs/projects/HeinzGroup/caffeine_underground/mlrt/FlexFringe/FlexFringe/models-ps-small/0.1.1.1.0.0.searchglobal.0.ini/0.1.1.1.0.0.searchglobal.0_16.16.coSP.4.1.9_Small.final.json,/gpfs/projects/HeinzGroup/asoubki/FlexFringe/data/MLRegTest/Large/16.16.coSP.4.1.9_TestSA.txt,2025-12-29 22:05:54.964389
0.1.1.1.0.0.searchglobal.0,Small,16,16,coSP,4,1,9,TestLA,0.50927,0.5202835762111068,0.23778,0.32639222522683287,0.49073,/gpfs/projects/HeinzGroup/caffeine_underground/mlrt/FlexFringe/FlexFringe/models-ps-small/0.1.1.1.0.0.searchglobal.0.ini/0.1.1.1.0.0.searchglobal.0_16.16.coSP.4.1.9_Small.final.json,/gpfs/projects/HeinzGroup/asoubki/FlexFringe/data/MLRegTest/Large/16.16.coSP.4.1.9_TestLA.txt,2025-12-29 22:05:54.964389
0.1.1.1.0.0.searchglobal.0,Small,16,16,coSP,4,1,9,TestLR,0.53284,0.5709593777009507,0.26424,0.3612797374897457,0.46716,/gpfs/projects/HeinzGroup/caffeine_underground/mlrt/FlexFringe/FlexFringe/models-ps-small/0.1.1.1.0.0.searchglobal.0.ini/0.1.1.1.0.0.searchglobal.0_16.16.coSP.4.1.9_Small.final.json,/gpfs/projects/HeinzGroup/asoubki/FlexFringe/data/MLRegTest/Large/16.16.coSP.4.1.9_TestLR.txt,2025-12-29 22:05:54.964389
0.1.1.1.0.0.searchglobal.0,Small,16,16,coSP,4,1,9,TestSR,0.55138,0.5943721989567262,0.3236,0.41905156561601614,0.44862,/gpfs/projects/HeinzGroup/caffeine_underground/mlrt/FlexFringe/FlexFringe/models-ps-small/0.1.1.1.0.0.searchglobal.0.ini/0.1.1.1.0.0.searchglobal.0_16.16.coSP.4.1.9_Small.final.json,/gpfs/projects/HeinzGroup/asoubki/FlexFringe/data/MLRegTest/Large/16.16.coSP.4.1.9_TestSR.txt,2025-12-29 22:05:54.964389
0.1.1.1.0.0.searchglobal.0,Small,16,16,coSP,4,1,9,Dev,0.55118,0.5932920160408313,0.32548,0.42035386800981533,0.44882,/gpfs/projects/HeinzGroup/caffeine_underground/mlrt/FlexFringe/FlexFringe/models-ps-small/0.1.1.1.0.0.searchglobal.0.ini/0.1.1.1.0.0.searchglobal.0_16.16.coSP.4.1.9_Small.final.json,/gpfs/projects/HeinzGroup/asoubki/FlexFringe/data/MLRegTest/Large/16.16.coSP.4.1.9_Dev.txt,2025-12-29 22:05:54.964389
0.1.1.1.0.0.searchglobal.0,Small,16,16,coSP,4,1,9,Train,0.561,0.6125461254612546,0.332,0.43060959792477305,0.439,/gpfs/projects/HeinzGroup/caffeine_underground/mlrt/FlexFringe/FlexFringe/models-ps-small/0.1.1.1.0.0.searchglobal.0.ini/0.1.1.1.0.0.searchglobal.0_16.16.coSP.4.1.9_Small.final.json,/gpfs/projects/HeinzGroup/asoubki/FlexFringe/data/MLRegTest/Small/16.16.coSP.4.1.9_Train.txt,2025-12-29 22:05:54.964389
0.1.1.1.0.0.searchglobal.0,Small,16,16,coSP,6,1,0,TestSA,0.51007,0.5158807759028544,0.32712,0.40036717459151827,0.48993,/gpfs/projects/HeinzGroup/caffeine_underground/mlrt/FlexFringe/FlexFringe/models-ps-small/0.1.1.1.0.0.searchglobal.0.ini/0.1.1.1.0.0.searchglobal.0_16.16.coSP.6.1.0_Small.final.json,/gpfs/projects/HeinzGroup/asoubki/FlexFringe/data/MLRegTest/Large/16.16.coSP.6.1.0_TestSA.txt,2025-12-29 23:14:01.235909
0.1.1.1.0.0.searchglobal.0,Small,16,16,coSP,6,1,0,TestLA,0.50668,0.513079573934837,0.26204,0.3469074348654946,0.49332,/gpfs/projects/HeinzGroup/caffeine_underground/mlrt/FlexFringe/FlexFringe/models-ps-small/0.1.1.1.0.0.searchglobal.0.ini/0.1.1.1.0.0.searchglobal.0_16.16.coSP.6.1.0_Small.final.json,/gpfs/projects/HeinzGroup/asoubki/FlexFringe/data/MLRegTest/Large/16.16.coSP.6.1.0_TestLA.txt,2025-12-29 23:14:01.235909
0.1.1.1.0.0.searchglobal.0,Small,16,16,coSP,6,1,0,TestSR,0.5571,0.6034270395594842,0.33314,0.42928199577341375,0.4429,/gpfs/projects/HeinzGroup/caffeine_underground/mlrt/FlexFringe/FlexFringe/models-ps-small/0.1.1.1.0.0.searchglobal.0.ini/0.1.1.1.0.0.searchglobal.0_16.16.coSP.6.1.0_Small.final.json,/gpfs/projects/HeinzGroup/asoubki/FlexFringe/data/MLRegTest/Large/16.16.coSP.6.1.0_TestSR.txt,2025-12-29 23:14:01.235909
0.1.1.1.0.0.searchglobal.0,Small,16,16,coSP,6,1,0,TestLR,0.52905,0.560092673037938,0.27076,0.3650483342546278,0.47095,/gpfs/projects/HeinzGroup/caffeine_underground/mlrt/FlexFringe/FlexFringe/models-ps-small/0.1.1.1.0.0.searchglobal.0.ini/0.1.1.1.0.0.searchglobal.0_16.16.coSP.6.1.0_Small.final.json,/gpfs/projects/HeinzGroup/asoubki/FlexFringe/data/MLRegTest/Large/16.16.coSP.6.1.0_TestLR.txt,2025-12-29 23:14:01.235909
0.1.1.1.0.0.searchglobal.0,Small,16,16,coSP,6,1,0,Dev,0.55857,0.6056266907123534,0.33582,0.4320617561917015,0.44143,/gpfs/projects/HeinzGroup/caffeine_underground/mlrt/FlexFringe/FlexFringe/models-ps-small/0.1.1.1.0.0.searchglobal.0.ini/0.1.1.1.0.0.searchglobal.0_16.16.coSP.6.1.0_Small.final.json,/gpfs/projects/HeinzGroup/asoubki/FlexFringe/data/MLRegTest/Large/16.16.coSP.6.1.0_Dev.txt,2025-12-29 23:14:01.235909
0.1.1.1.0.0.searchglobal.0,Small,16,16,coSP,6,1,0,Train,0.544,0.5763888888888888,0.332,0.4213197969543147,0.456,/gpfs/projects/HeinzGroup/caffeine_underground/mlrt/FlexFringe/FlexFringe/models-ps-small/0.1.1.1.0.0.searchglobal.0.ini/0.1.1.1.0.0.searchglobal.0_16.16.coSP.6.1.0_Small.final.json,/gpfs/projects/HeinzGroup/asoubki/FlexFringe/data/MLRegTest/Small/16.16.coSP.6.1.0_Train.txt,2025-12-29 23:14:01.235909
0.1.1.1.0.0.searchglobal.0,Small,16,16,coSP,6,1,1,TestSR,0.57467,0.6253735854125391,0.37246,0.46686471377179456,0.42533,/gpfs/projects/HeinzGroup/caffeine_underground/mlrt/FlexFringe/FlexFringe/models-ps-small/0.1.1.1.0.0.searchglobal.0.ini/0.1.1.1.0.0.searchglobal.0_16.16.coSP.6.1.1_Small.final.json,/gpfs/projects/HeinzGroup/asoubki/FlexFringe/data/MLRegTest/Large/16.16.coSP.6.1.1_TestSR.txt,2025-12-29 22:20:30.080229
0.1.1.1.0.0.searchglobal.0,Small,16,16,coSP,6,1,1,TestLR,0.5363,0.5715355510011035,0.29002,0.3847848007217534,0.4637,/gpfs/projects/HeinzGroup/caffeine_underground/mlrt/FlexFringe/FlexFringe/models-ps-small/0.1.1.1.0.0.searchglobal.0.ini/0.1.1.1.0.0.searchglobal.0_16.16.coSP.6.1.1_Small.final.json,/gpfs/projects/HeinzGroup/asoubki/FlexFringe/data/MLRegTest/Large/16.16.coSP.6.1.1_TestLR.txt,2025-12-29 22:20:30.080229
0.1.1.1.0.0.searchglobal.0,Small,16,16,coSP,6,1,1,TestSA,0.51757,0.5256758731550489,0.35972,0.4271448079320786,0.48243,/gpfs/projects/HeinzGroup/caffeine_underground/mlrt/FlexFringe/FlexFringe/models-ps-small/0.1.1.1.0.0.searchglobal.0.ini/0.1.1.1.0.0.searchglobal.0_16.16.coSP.6.1.1_Small.final.json,/gpfs/projects/HeinzGroup/asoubki/FlexFringe/data/MLRegTest/Large/16.16.coSP.6.1.1_TestSA.txt,2025-12-29 22:20:30.080229
0.1.1.1.0.0.searchglobal.0,Small,16,16,coSP,6,1,1,TestLA,0.50845,0.5155222454902825,0.28064,0.36343386990248516,0.49155,/gpfs/projects/HeinzGroup/caffeine_underground/mlrt/FlexFringe/FlexFringe/models-ps-small/0.1.1.1.0.0.searchglobal.0.ini/0.1.1.1.0.0.searchglobal.0_16.16.coSP.6.1.1_Small.final.json,/gpfs/projects/HeinzGroup/asoubki/FlexFringe/data/MLRegTest/Large/16.16.coSP.6.1.1_TestLA.txt,2025-12-29 22:20:30.080229
0.1.1.1.0.0.searchglobal.0,Small,16,16,coSP,6,1,1,Dev,0.57184,0.6212121212121212,0.36818,0.46234020644448354,0.42816,/gpfs/projects/HeinzGroup/caffeine_underground/mlrt/FlexFringe/FlexFringe/models-ps-small/0.1.1.1.0.0.searchglobal.0.ini/0.1.1.1.0.0.searchglobal.0_16.16.coSP.6.1.1_Small.final.json,/gpfs/projects/HeinzGroup/asoubki/FlexFringe/data/MLRegTest/Large/16.16.coSP.6.1.1_Dev.txt,2025-12-29 22:20:30.080229
0.1.1.1.0.0.searchglobal.0,Small,16,16,coSP,6,1,1,Train,0.569,0.6169491525423729,0.364,0.4578616352201258,0.431,/gpfs/projects/HeinzGroup/caffeine_underground/mlrt/FlexFringe/FlexFringe/models-ps-small/0.1.1.1.0.0.searchglobal.0.ini/0.1.1.1.0.0.searchglobal.0_16.16.coSP.6.1.1_Small.final.json,/gpfs/projects/HeinzGroup/asoubki/FlexFringe/data/MLRegTest/Small/16.16.coSP.6.1.1_Train.txt,2025-12-29 22:20:30.080229
0.1.1.1.0.0.searchglobal.0,Small,16,16,coSP,6,1,2,TestSA,0.51576,0.5245436989970722,0.33682,0.4102258056658466,0.48424,/gpfs/projects/HeinzGroup/caffeine_underground/mlrt/FlexFringe/FlexFringe/models-ps-small/0.1.1.1.0.0.searchglobal.0.ini/0.1.1.1.0.0.searchglobal.0_16.16.coSP.6.1.2_Small.final.json,/gpfs/projects/HeinzGroup/asoubki/FlexFringe/data/MLRegTest/Large/16.16.coSP.6.1.2_TestSA.txt,2025-12-29 23:31:30.024612
0.1.1.1.0.0.searchglobal.0,Small,16,16,coSP,6,1,2,TestLA,0.50914,0.5179047171289767,0.26438,0.35006090779090093,0.49086,/gpfs/projects/HeinzGroup/caffeine_underground/mlrt/FlexFringe/FlexFringe/models-ps-small/0.1.1.1.0.0.searchglobal.0.ini/0.1.1.1.0.0.searchglobal.0_16.16.coSP.6.1.2_Small.final.json,/gpfs/projects/HeinzGroup/asoubki/FlexFringe/data/MLRegTest/Large/16.16.coSP.6.1.2_TestLA.txt,2025-12-29 23:31:30.024612
0.1.1.1.0.0.searchglobal.0,Small,16,16,coSP,6,1,2,TestLR,0.53874,0.5826859045504994,0.273,0.37180290360362817,0.46126,/gpfs/projects/HeinzGroup/caffeine_underground/mlrt/FlexFringe/FlexFringe/models-ps-small/0.1.1.1.0.0.searchglobal.0.ini/0.1.1.1.0.0.searchglobal.0_16.16.coSP.6.1.2_Small.final.json,/gpfs/projects/HeinzGroup/asoubki/FlexFringe/data/MLRegTest/Large/16.16.coSP.6.1.2_TestLR.txt,2025-12-29 23:31:30.024612
0.1.1.1.0.0.searchglobal.0,Small,16,16,coSP,6,1,2,TestSR,0.57383,0.6364644560275036,0.34434,0.4468988072834876,0.42617,/gpfs/projects/HeinzGroup/caffeine_underground/mlrt/FlexFringe/FlexFringe/models-ps-small/0.1.1.1.0.0.searchglobal.0.ini/0.1.1.1.0.0.searchglobal.0_16.16.coSP.6.1.2_Small.final.json,/gpfs/projects/HeinzGroup/asoubki/FlexFringe/data/MLRegTest/Large/16.16.coSP.6.1.2_TestSR.txt,2025-12-29 23:31:30.024612
0.1.1.1.0.0.searchglobal.0,Small,16,16,coSP,6,1,2,Dev,0.5759,0.640795429249833,0.34544,0.44889154559866934,0.4241,/gpfs/projects/HeinzGroup/caffeine_underground/mlrt/FlexFringe/FlexFringe/models-ps-small/0.1.1.1.0.0.searchglobal.0.ini/0.1.1.1.0.0.searchglobal.0_16.16.coSP.6.1.2_Small.final.json,/gpfs/projects/HeinzGroup/asoubki/FlexFringe/data/MLRegTest/Large/16.16.coSP.6.1.2_Dev.txt,2025-12-29 23:31:30.024612
0.1.1.1.0.0.searchglobal.0,Small,16,16,coSP,6,1,2,Train,0.574,0.6340579710144928,0.35,0.45103092783505155,0.426,/gpfs/projects/HeinzGroup/caffeine_underground/mlrt/FlexFringe/FlexFringe/models-ps-small/0.1.1.1.0.0.searchglobal.0.ini/0.1.1.1.0.0.searchglobal.0_16.16.coSP.6.1.2_Small.final.json,/gpfs/projects/HeinzGroup/asoubki/FlexFringe/data/MLRegTest/Small/16.16.coSP.6.1.2_Train.txt,2025-12-29 23:31:30.024612
0.1.1.1.0.0.searchglobal.0,Small,16,16,coSP,6,1,3,TestSA,0.51607,0.5256651866994602,0.32914,0.4048113938529278,0.48393,/gpfs/projects/HeinzGroup/caffeine_underground/mlrt/FlexFringe/FlexFringe/models-ps-small/0.1.1.1.0.0.searchglobal.0.ini/0.1.1.1.0.0.searchglobal.0_16.16.coSP.6.1.3_Small.final.json,/gpfs/projects/HeinzGroup/asoubki/FlexFringe/data/MLRegTest/Large/16.16.coSP.6.1.3_TestSA.txt,2025-12-29 22:08:10.331674
0.1.1.1.0.0.searchglobal.0,Small,16,16,coSP,6,1,3,TestSR,0.57745,0.6485252943658191,0.33818,0.44454668542058284,0.42255,/gpfs/projects/HeinzGroup/caffeine_underground/mlrt/FlexFringe/FlexFringe/models-ps-small/0.1.1.1.0.0.searchglobal.0.ini/0.1.1.1.0.0.searchglobal.0_16.16.coSP.6.1.3_Small.final.json,/gpfs/projects/HeinzGroup/asoubki/FlexFringe/data/MLRegTest/Large/16.16.coSP.6.1.3_TestSR.txt,2025-12-29 22:08:10.331674
0.1.1.1.0.0.searchglobal.0,Small,16,16,coSP,6,1,3,TestLA,0.51014,0.5212293777740558,0.24896,0.3369697625944073,0.48986,/gpfs/projects/HeinzGroup/caffeine_underground/mlrt/FlexFringe/FlexFringe/models-ps-small/0.1.1.1.0.0.searchglobal.0.ini/0.1.1.1.0.0.searchglobal.0_16.16.coSP.6.1.3_Small.final.json,/gpfs/projects/HeinzGroup/asoubki/FlexFringe/data/MLRegTest/Large/16.16.coSP.6.1.3_TestLA.txt,2025-12-29 22:08:10.331674
0.1.1.1.0.0.searchglobal.0,Small,16,16,coSP,6,1,3,TestLR,0.54258,0.5971702418986764,0.26168,0.3638993185926853,0.45742,/gpfs/projects/HeinzGroup/caffeine_underground/mlrt/FlexFringe/FlexFringe/models-ps-small/0.1.1.1.0.0.searchglobal.0.ini/0.1.1.1.0.0.searchglobal.0_16.16.coSP.6.1.3_Small.final.json,/gpfs/projects/HeinzGroup/asoubki/FlexFringe/data/MLRegTest/Large/16.16.coSP.6.1.3_TestLR.txt,2025-12-29 22:08:10.331674
0.1.1.1.0.0.searchglobal.0,Small,16,16,coSP,6,1,3,Dev,0.57538,0.6440418864174884,0.33704,0.44250715542367985,0.42462,/gpfs/projects/HeinzGroup/caffeine_underground/mlrt/FlexFringe/FlexFringe/models-ps-small/0.1.1.1.0.0.searchglobal.0.ini/0.1.1.1.0.0.searchglobal.0_16.16.coSP.6.1.3_Small.final.json,/gpfs/projects/HeinzGroup/asoubki/FlexFringe/data/MLRegTest/Large/16.16.coSP.6.1.3_Dev.txt,2025-12-29 22:08:10.331674
0.1.1.1.0.0.searchglobal.0,Small,16,16,coSP,6,1,3,Train,0.568,0.6428571428571429,0.306,0.4146341463414634,0.432,/gpfs/projects/HeinzGroup/caffeine_underground/mlrt/FlexFringe/FlexFringe/models-ps-small/0.1.1.1.0.0.searchglobal.0.ini/0.1.1.1.0.0.searchglobal.0_16.16.coSP.6.1.3_Small.final.json,/gpfs/projects/HeinzGroup/asoubki/FlexFringe/data/MLRegTest/Small/16.16.coSP.6.1.3_Train.txt,2025-12-29 22:08:10.331674
0.1.1.1.0.0.searchglobal.0,Small,16,16,coSP,6,1,4,TestSR,0.60278,0.6857783240546598,0.3794,0.4885272076433777,0.39722,/gpfs/projects/HeinzGroup/caffeine_underground/mlrt/FlexFringe/FlexFringe/models-ps-small/0.1.1.1.0.0.searchglobal.0.ini/0.1.1.1.0.0.searchglobal.0_16.16.coSP.6.1.4_Small.final.json,/gpfs/projects/HeinzGroup/asoubki/FlexFringe/data/MLRegTest/Large/16.16.coSP.6.1.4_TestSR.txt,2025-12-29 23:36:35.248613
0.1.1.1.0.0.searchglobal.0,Small,16,16,coSP,6,1,4,TestSA,0.52115,0.5305627004999856,0.36716,0.4339901419604969,0.47885,/gpfs/projects/HeinzGroup/caffeine_underground/mlrt/FlexFringe/FlexFringe/models-ps-small/0.1.1.1.0.0.searchglobal.0.ini/0.1.1.1.0.0.searchglobal.0_16.16.coSP.6.1.4_Small.final.json,/gpfs/projects/HeinzGroup/asoubki/FlexFringe/data/MLRegTest/Large/16.16.coSP.6.1.4_TestSA.txt,2025-12-29 23:36:35.248613
0.1.1.1.0.0.searchglobal.0,Small,16,16,coSP,6,1,4,TestLA,0.51398,0.5283064712075808,0.26092,0.3493185530296945,0.48602,/gpfs/projects/HeinzGroup/caffeine_underground/mlrt/FlexFringe/FlexFringe/models-ps-small/0.1.1.1.0.0.searchglobal.0.ini/0.1.1.1.0.0.searchglobal.0_16.16.coSP.6.1.4_Small.final.json,/gpfs/projects/HeinzGroup/asoubki/FlexFringe/data/MLRegTest/Large/16.16.coSP.6.1.4_TestLA.txt,2025-12-29 23:36:35.248613
0.1.1.1.0.0.searchglobal.0,Small,16,16,coSP,6,1,4,TestLR,0.55465,0.62068813214964,0.28106,0.3869164796740133,0.44535,/gpfs/projects/HeinzGroup/caffeine_underground/mlrt/FlexFringe/FlexFringe/models-ps-small/0.1.1.1.0.0.searchglobal.0.ini/0.1.1.1.0.0.searchglobal.0_16.16.coSP.6.1.4_Small.final.json,/gpfs/projects/HeinzGroup/asoubki/FlexFringe/data/MLRegTest/Large/16.16.coSP.6.1.4_TestLR.txt,2025-12-29 23:36:35.248613
0.1.1.1.0.0.searchglobal.0,Small,16,16,coSP,6,1,4,Dev,0.59874,0.6785662615740741,0.37522,0.4832320214300433,0.40126,/gpfs/projects/HeinzGroup/caffeine_underground/mlrt/FlexFringe/FlexFringe/models-ps-small/0.1.1.1.0.0.searchglobal.0.ini/0.1.1.1.0.0.searchglobal.0_16.16.coSP.6.1.4_Small.final.json,/gpfs/projects/HeinzGroup/asoubki/FlexFringe/data/MLRegTest/Large/16.16.coSP.6.1.4_Dev.txt,2025-12-29 23:36:35.248613
0.1.1.1.0.0.searchglobal.0,Small,16,16,coSP,6,1,4,Train,0.585,0.6534296028880866,0.362,0.46589446589446587,0.415,/gpfs/projects/HeinzGroup/caffeine_underground/mlrt/FlexFringe/FlexFringe/models-ps-small/0.1.1.1.0.0.searchglobal.0.ini/0.1.1.1.0.0.searchglobal.0_16.16.coSP.6.1.4_Small.final.json,/gpfs/projects/HeinzGroup/asoubki/FlexFringe/data/MLRegTest/Small/16.16.coSP.6.1.4_Train.txt,2025-12-29 23:36:35.248613
0.1.1.1.0.0.searchglobal.0,Small,16,16,coSP,6,1,5,TestLR,0.55632,0.6122359505779195,0.30722,0.40913570382208014,0.44368,/gpfs/projects/HeinzGroup/caffeine_underground/mlrt/FlexFringe/FlexFringe/models-ps-small/0.1.1.1.0.0.searchglobal.0.ini/0.1.1.1.0.0.searchglobal.0_16.16.coSP.6.1.5_Small.final.json,/gpfs/projects/HeinzGroup/asoubki/FlexFringe/data/MLRegTest/Large/16.16.coSP.6.1.5_TestLR.txt,2025-12-29 23:03:33.348466
0.1.1.1.0.0.searchglobal.0,Small,16,16,coSP,6,1,5,TestSR,0.6018,0.6695310418332001,0.40204,0.5023992802159353,0.3982,/gpfs/projects/HeinzGroup/caffeine_underground/mlrt/FlexFringe/FlexFringe/models-ps-small/0.1.1.1.0.0.searchglobal.0.ini/0.1.1.1.0.0.searchglobal.0_16.16.coSP.6.1.5_Small.final.json,/gpfs/projects/HeinzGroup/asoubki/FlexFringe/data/MLRegTest/Large/16.16.coSP.6.1.5_TestSR.txt,2025-12-29 23:03:33.348466
0.1.1.1.0.0.searchglobal.0,Small,16,16,coSP,6,1,5,TestLA,0.51065,0.5191857323004864,0.2882,0.37065140505433736,0.48935,/gpfs/projects/HeinzGroup/caffeine_underground/mlrt/FlexFringe/FlexFringe/models-ps-small/0.1.1.1.0.0.searchglobal.0.ini/0.1.1.1.0.0.searchglobal.0_16.16.coSP.6.1.5_Small.final.json,/gpfs/projects/HeinzGroup/asoubki/FlexFringe/data/MLRegTest/Large/16.16.coSP.6.1.5_TestLA.txt,2025-12-29 23:03:33.348466
0.1.1.1.0.0.searchglobal.0,Small,16,16,coSP,6,1,5,TestSA,0.51947,0.5261742801064716,0.3914,0.4488892456963288,0.48053,/gpfs/projects/HeinzGroup/caffeine_underground/mlrt/FlexFringe/FlexFringe/models-ps-small/0.1.1.1.0.0.searchglobal.0.ini/0.1.1.1.0.0.searchglobal.0_16.16.coSP.6.1.5_Small.final.json,/gpfs/projects/HeinzGroup/asoubki/FlexFringe/data/MLRegTest/Large/16.16.coSP.6.1.5_TestSA.txt,2025-12-29 23:03:33.348466
0.1.1.1.0.0.searchglobal.0,Small,16,16,coSP,6,1,5,Dev,0.60246,0.6713377926421404,0.40146,0.5024530663329162,0.39754,/gpfs/projects/HeinzGroup/caffeine_underground/mlrt/FlexFringe/FlexFringe/models-ps-small/0.1.1.1.0.0.searchglobal.0.ini/0.1.1.1.0.0.searchglobal.0_16.16.coSP.6.1.5_Small.final.json,/gpfs/projects/HeinzGroup/asoubki/FlexFringe/data/MLRegTest/Large/16.16.coSP.6.1.5_Dev.txt,2025-12-29 23:03:33.348466
0.1.1.1.0.0.searchglobal.0,Small,16,16,coSP,6,1,5,Train,0.627,0.7109634551495017,0.428,0.5343320848938826,0.373,/gpfs/projects/HeinzGroup/caffeine_underground/mlrt/FlexFringe/FlexFringe/models-ps-small/0.1.1.1.0.0.searchglobal.0.ini/0.1.1.1.0.0.searchglobal.0_16.16.coSP.6.1.5_Small.final.json,/gpfs/projects/HeinzGroup/asoubki/FlexFringe/data/MLRegTest/Small/16.16.coSP.6.1.5_Train.txt,2025-12-29 23:03:33.348466
0.1.1.1.0.0.searchglobal.0,Small,16,16,coSP,6,1,6,TestSR,0.56394,0.6087414965986394,0.35794,0.45080604534005037,0.43606,/gpfs/projects/HeinzGroup/caffeine_underground/mlrt/FlexFringe/FlexFringe/models-ps-small/0.1.1.1.0.0.searchglobal.0.ini/0.1.1.1.0.0.searchglobal.0_16.16.coSP.6.1.6_Small.final.json,/gpfs/projects/HeinzGroup/asoubki/FlexFringe/data/MLRegTest/Large/16.16.coSP.6.1.6_TestSR.txt,2025-12-29 22:58:42.100314
0.1.1.1.0.0.searchglobal.0,Small,16,16,coSP,6,1,6,TestLA,0.50857,0.5160492902355893,0.27556,0.35927456681312664,0.49143,/gpfs/projects/HeinzGroup/caffeine_underground/mlrt/FlexFringe/FlexFringe/models-ps-small/0.1.1.1.0.0.searchglobal.0.ini/0.1.1.1.0.0.searchglobal.0_16.16.coSP.6.1.6_Small.final.json,/gpfs/projects/HeinzGroup/asoubki/FlexFringe/data/MLRegTest/Large/16.16.coSP.6.1.6_TestLA.txt,2025-12-29 22:58:42.100314
0.1.1.1.0.0.searchglobal.0,Small,16,16,coSP,6,1,6,TestLR,0.53472,0.5681479155217084,0.28946,0.3835228025545221,0.46528,/gpfs/projects/HeinzGroup/caffeine_underground/mlrt/FlexFringe/FlexFringe/models-ps-small/0.1.1.1.0.0.searchglobal.0.ini/0.1.1.1.0.0.searchglobal.0_16.16.coSP.6.1.6_Small.final.json,/gpfs/projects/HeinzGroup/asoubki/FlexFringe/data/MLRegTest/Large/16.16.coSP.6.1.6_TestLR.txt,2025-12-29 22:58:42.100314
0.1.1.1.0.0.searchglobal.0,Small,16,16,coSP,6,1,6,TestSA,0.51391,0.5206803247004252,0.35022,0.41876816013200846,0.48609,/gpfs/projects/HeinzGroup/caffeine_underground/mlrt/FlexFringe/FlexFringe/models-ps-small/0.1.1.1.0.0.searchglobal.0.ini/0.1.1.1.0.0.searchglobal.0_16.16.coSP.6.1.6_Small.final.json,/gpfs/projects/HeinzGroup/asoubki/FlexFringe/data/MLRegTest/Large/16.16.coSP.6.1.6_TestSA.txt,2025-12-29 22:58:42.100314
0.1.1.1.0.0.searchglobal.0,Small,16,16,coSP,6,1,6,Dev,0.56579,0.6120592743995912,0.35934,0.45282590889042906,0.43421,/gpfs/projects/HeinzGroup/caffeine_underground/mlrt/FlexFringe/FlexFringe/models-ps-small/0.1.1.1.0.0.searchglobal.0.ini/0.1.1.1.0.0.searchglobal.0_16.16.coSP.6.1.6_Small.final.json,/gpfs/projects/HeinzGroup/asoubki/FlexFringe/data/MLRegTest/Large/16.16.coSP.6.1.6_Dev.txt,2025-12-29 22:58:42.100314
0.1.1.1.0.0.searchglobal.0,Small,16,16,coSP,6,1,6,Train,0.583,0.6466431095406361,0.366,0.4674329501915709,0.417,/gpfs/projects/HeinzGroup/caffeine_underground/mlrt/FlexFringe/FlexFringe/models-ps-small/0.1.1.1.0.0.searchglobal.0.ini/0.1.1.1.0.0.searchglobal.0_16.16.coSP.6.1.6_Small.final.json,/gpfs/projects/HeinzGroup/asoubki/FlexFringe/data/MLRegTest/Small/16.16.coSP.6.1.6_Train.txt,2025-12-29 22:58:42.100314
0.1.1.1.0.0.searchglobal.0,Small,16,16,coSP,6,1,7,TestSR,0.58864,0.6676882330684828,0.35294,0.4617820227659296,0.41136,/gpfs/projects/HeinzGroup/caffeine_underground/mlrt/FlexFringe/FlexFringe/models-ps-small/0.1.1.1.0.0.searchglobal.0.ini/0.1.1.1.0.0.searchglobal.0_16.16.coSP.6.1.7_Small.final.json,/gpfs/projects/HeinzGroup/asoubki/FlexFringe/data/MLRegTest/Large/16.16.coSP.6.1.7_TestSR.txt,2025-12-29 22:58:11.480078
0.1.1.1.0.0.searchglobal.0,Small,16,16,coSP,6,1,7,TestLR,0.54583,0.6028454737220053,0.26864,0.3716606023713009,0.45417,/gpfs/projects/HeinzGroup/caffeine_underground/mlrt/FlexFringe/FlexFringe/models-ps-small/0.1.1.1.0.0.searchglobal.0.ini/0.1.1.1.0.0.searchglobal.0_16.16.coSP.6.1.7_Small.final.json,/gpfs/projects/HeinzGroup/asoubki/FlexFringe/data/MLRegTest/Large/16.16.coSP.6.1.7_TestLR.txt,2025-12-29 22:58:11.480078
0.1.1.1.0.0.searchglobal.0,Small,16,16,coSP,6,1,7,TestLA,0.51031,0.5212691339687255,0.25268,0.3403693575979633,0.48969,/gpfs/projects/HeinzGroup/caffeine_underground/mlrt/FlexFringe/FlexFringe/models-ps-small/0.1.1.1.0.0.searchglobal.0.ini/0.1.1.1.0.0.searchglobal.0_16.16.coSP.6.1.7_Small.final.json,/gpfs/projects/HeinzGroup/asoubki/FlexFringe/data/MLRegTest/Large/16.16.coSP.6.1.7_TestLA.txt,2025-12-29 22:58:11.480078
0.1.1.1.0.0.searchglobal.0,Small,16,16,coSP,6,1,7,TestSA,0.51584,0.5244746600741657,0.33944,0.4121418164157358,0.48416,/gpfs/projects/HeinzGroup/caffeine_underground/mlrt/FlexFringe/FlexFringe/models-ps-small/0.1.1.1.0.0.searchglobal.0.ini/0.1.1.1.0.0.searchglobal.0_16.16.coSP.6.1.7_Small.final.json,/gpfs/projects/HeinzGroup/asoubki/FlexFringe/data/MLRegTest/Large/16.16.coSP.6.1.7_TestSA.txt,2025-12-29 22:58:11.480078
0.1.1.1.0.0.searchglobal.0,Small,16,16,coSP,6,1,7,Dev,0.58549,0.6620540622512037,0.34926,0.4572842609686162,0.41451,/gpfs/projects/HeinzGroup/caffeine_underground/mlrt/FlexFringe/FlexFringe/models-ps-small/0.1.1.1.0.0.searchglobal.0.ini/0.1.1.1.0.0.searchglobal.0_16.16.coSP.6.1.7_Small.final.json,/gpfs/projects/HeinzGroup/asoubki/FlexFringe/data/MLRegTest/Large/16.16.coSP.6.1.7_Dev.txt,2025-12-29 22:58:11.480078
0.1.1.1.0.0.searchglobal.0,Small,16,16,coSP,6,1,7,Train,0.603,0.7035573122529645,0.356,0.47277556440903057,0.397,/gpfs/projects/HeinzGroup/caffeine_underground/mlrt/FlexFringe/FlexFringe/models-ps-small/0.1.1.1.0.0.searchglobal.0.ini/0.1.1.1.0.0.searchglobal.0_16.16.coSP.6.1.7_Small.final.json,/gpfs/projects/HeinzGroup/asoubki/FlexFringe/data/MLRegTest/Small/16.16.coSP.6.1.7_Train.txt,2025-12-29 22:58:11.480078
0.1.1.1.0.0.searchglobal.0,Small,16,16,coSP,6,1,8,TestLA,0.51401,0.5215837313202897,0.33856,0.4105997210599721,0.48599,/gpfs/projects/HeinzGroup/caffeine_underground/mlrt/FlexFringe/FlexFringe/models-ps-small/0.1.1.1.0.0.searchglobal.0.ini/0.1.1.1.0.0.searchglobal.0_16.16.coSP.6.1.8_Small.final.json,/gpfs/projects/HeinzGroup/asoubki/FlexFringe/data/MLRegTest/Large/16.16.coSP.6.1.8_TestLA.txt,2025-12-29 22:20:03.533662
0.1.1.1.0.0.searchglobal.0,Small,16,16,coSP,6,1,8,TestSA,0.52279,0.5274346936318768,0.43814,0.47865843666357133,0.47721,/gpfs/projects/HeinzGroup/caffeine_underground/mlrt/FlexFringe/FlexFringe/models-ps-small/0.1.1.1.0.0.searchglobal.0.ini/0.1.1.1.0.0.searchglobal.0_16.16.coSP.6.1.8_Small.final.json,/gpfs/projects/HeinzGroup/asoubki/FlexFringe/data/MLRegTest/Large/16.16.coSP.6.1.8_TestSA.txt,2025-12-29 22:20:03.533662
0.1.1.1.0.0.searchglobal.0,Small,16,16,coSP,6,1,8,TestSR,0.60768,0.6560398794342684,0.45272,0.535737953232983,0.39232,/gpfs/projects/HeinzGroup/caffeine_underground/mlrt/FlexFringe/FlexFringe/models-ps-small/0.1.1.1.0.0.searchglobal.0.ini/0.1.1.1.0.0.searchglobal.0_16.16.coSP.6.1.8_Small.final.json,/gpfs/projects/HeinzGroup/asoubki/FlexFringe/data/MLRegTest/Large/16.16.coSP.6.1.8_TestSR.txt,2025-12-29 22:20:03.533662
0.1.1.1.0.0.searchglobal.0,Small,16,16,coSP,6,1,8,TestLR,0.55843,0.5988161677659395,0.35408,0.4450197951360523,0.44157,/gpfs/projects/HeinzGroup/caffeine_underground/mlrt/FlexFringe/FlexFringe/models-ps-small/0.1.1.1.0.0.searchglobal.0.ini/0.1.1.1.0.0.searchglobal.0_16.16.coSP.6.1.8_Small.final.json,/gpfs/projects/HeinzGroup/asoubki/FlexFringe/data/MLRegTest/Large/16.16.coSP.6.1.8_TestLR.txt,2025-12-29 22:20:03.533662
0.1.1.1.0.0.searchglobal.0,Small,16,16,coSP,6,1,8,Dev,0.60712,0.654663586485706,0.45342,0.5357674583481035,0.39288,/gpfs/projects/HeinzGroup/caffeine_underground/mlrt/FlexFringe/FlexFringe/models-ps-small/0.1.1.1.0.0.searchglobal.0.ini/0.1.1.1.0.0.searchglobal.0_16.16.coSP.6.1.8_Small.final.json,/gpfs/projects/HeinzGroup/asoubki/FlexFringe/data/MLRegTest/Large/16.16.coSP.6.1.8_Dev.txt,2025-12-29 22:20:03.533662
0.1.1.1.0.0.searchglobal.0,Small,16,16,coSP,6,1,8,Train,0.606,0.6480446927374302,0.464,0.5407925407925408,0.394,/gpfs/projects/HeinzGroup/caffeine_underground/mlrt/FlexFringe/FlexFringe/models-ps-small/0.1.1.1.0.0.searchglobal.0.ini/0.1.1.1.0.0.searchglobal.0_16.16.coSP.6.1.8_Small.final.json,/gpfs/projects/HeinzGroup/asoubki/FlexFringe/data/MLRegTest/Small/16.16.coSP.6.1.8_Train.txt,2025-12-29 22:20:03.533662
0.1.1.1.0.0.searchglobal.0,Small,16,16,coSP,6,1,9,TestLA,0.5107,0.5215812827753126,0.2586,0.34576815082230244,0.4893,/gpfs/projects/HeinzGroup/caffeine_underground/mlrt/FlexFringe/FlexFringe/models-ps-small/0.1.1.1.0.0.searchglobal.0.ini/0.1.1.1.0.0.searchglobal.0_16.16.coSP.6.1.9_Small.final.json,/gpfs/projects/HeinzGroup/asoubki/FlexFringe/data/MLRegTest/Large/16.16.coSP.6.1.9_TestLA.txt,2025-12-29 23:20:38.661326
0.1.1.1.0.0.searchglobal.0,Small,16,16,coSP,6,1,9,TestSA,0.51645,0.5251367623238898,0.34366,0.4154446875642219,0.48355,/gpfs/projects/HeinzGroup/caffeine_underground/mlrt/FlexFringe/FlexFringe/models-ps-small/0.1.1.1.0.0.searchglobal.0.ini/0.1.1.1.0.0.searchglobal.0_16.16.coSP.6.1.9_Small.final.json,/gpfs/projects/HeinzGroup/asoubki/FlexFringe/data/MLRegTest/Large/16.16.coSP.6.1.9_TestSA.txt,2025-12-29 23:20:38.661326
0.1.1.1.0.0.searchglobal.0,Small,16,16,coSP,6,1,9,TestSR,0.58453,0.6565428349198118,0.35452,0.4604215639164145,0.41547,/gpfs/projects/HeinzGroup/caffeine_underground/mlrt/FlexFringe/FlexFringe/models-ps-small/0.1.1.1.0.0.searchglobal.0.ini/0.1.1.1.0.0.searchglobal.0_16.16.coSP.6.1.9_Small.final.json,/gpfs/projects/HeinzGroup/asoubki/FlexFringe/data/MLRegTest/Large/16.16.coSP.6.1.9_TestSR.txt,2025-12-29 23:20:38.661326
0.1.1.1.0.0.searchglobal.0,Small,16,16,coSP,6,1,9,TestLR,0.54516,0.6004091070793312,0.27004,0.3725306257587463,0.45484,/gpfs/projects/HeinzGroup/caffeine_underground/mlrt/FlexFringe/FlexFringe/models-ps-small/0.1.1.1.0.0.searchglobal.0.ini/0.1.1.1.0.0.searchglobal.0_16.16.coSP.6.1.9_Small.final.json,/gpfs/projects/HeinzGroup/asoubki/FlexFringe/data/MLRegTest/Large/16.16.coSP.6.1.9_TestLR.txt,2025-12-29 23:20:38.661326
0.1.1.1.0.0.searchglobal.0,Small,16,16,coSP,6,1,9,Dev,0.58062,0.6493294806253241,0.35056,0.4553082058342208,0.41938,/gpfs/projects/HeinzGroup/caffeine_underground/mlrt/FlexFringe/FlexFringe/models-ps-small/0.1.1.1.0.0.searchglobal.0.ini/0.1.1.1.0.0.searchglobal.0_16.16.coSP.6.1.9_Small.final.json,/gpfs/projects/HeinzGroup/asoubki/FlexFringe/data/MLRegTest/Large/16.16.coSP.6.1.9_Dev.txt,2025-12-29 23:20:38.661326
0.1.1.1.0.0.searchglobal.0,Small,16,16,coSP,6,1,9,Train,0.579,0.6536964980544747,0.336,0.4438573315719947,0.421,/gpfs/projects/HeinzGroup/caffeine_underground/mlrt/FlexFringe/FlexFringe/models-ps-small/0.1.1.1.0.0.searchglobal.0.ini/0.1.1.1.0.0.searchglobal.0_16.16.coSP.6.1.9_Small.final.json,/gpfs/projects/HeinzGroup/asoubki/FlexFringe/data/MLRegTest/Small/16.16.coSP.6.1.9_Train.txt,2025-12-29 23:20:38.661326
0.1.1.1.0.0.searchglobal.0,Small,16,16,LT,2,1,0,TestLA,0.93857,0.988526744937287,0.88744,0.93525983538314,0.06143,/gpfs/projects/HeinzGroup/caffeine_underground/mlrt/FlexFringe/FlexFringe/models-ps-small/0.1.1.1.0.0.searchglobal.0.ini/0.1.1.1.0.0.searchglobal.0_16.16.LT.2.1.0_Small.final.json,/gpfs/projects/HeinzGroup/asoubki/FlexFringe/data/MLRegTest/Large/16.16.LT.2.1.0_TestLA.txt,2025-12-29 22:17:01.689222
0.1.1.1.0.0.searchglobal.0,Small,16,16,LT,2,1,0,TestSR,0.98825,0.9924158379893903,0.98402,0.9882000863653253,0.01175,/gpfs/projects/HeinzGroup/caffeine_underground/mlrt/FlexFringe/FlexFringe/models-ps-small/0.1.1.1.0.0.searchglobal.0.ini/0.1.1.1.0.0.searchglobal.0_16.16.LT.2.1.0_Small.final.json,/gpfs/projects/HeinzGroup/asoubki/FlexFringe/data/MLRegTest/Large/16.16.LT.2.1.0_TestSR.txt,2025-12-29 22:17:01.689222
0.1.1.1.0.0.searchglobal.0,Small,16,16,LT,2,1,0,TestLR,0.97785,0.990132726116479,0.96532,0.9775689388032042,0.02215,/gpfs/projects/HeinzGroup/caffeine_underground/mlrt/FlexFringe/FlexFringe/models-ps-small/0.1.1.1.0.0.searchglobal.0.ini/0.1.1.1.0.0.searchglobal.0_16.16.LT.2.1.0_Small.final.json,/gpfs/projects/HeinzGroup/asoubki/FlexFringe/data/MLRegTest/Large/16.16.LT.2.1.0_TestLR.txt,2025-12-29 22:17:01.689222
0.1.1.1.0.0.searchglobal.0,Small,16,16,LT,2,1,0,TestSA,0.96467,0.9921204803965178,0.93678,0.9636563763360113,0.03533,/gpfs/projects/HeinzGroup/caffeine_underground/mlrt/FlexFringe/FlexFringe/models-ps-small/0.1.1.1.0.0.searchglobal.0.ini/0.1.1.1.0.0.searchglobal.0_16.16.LT.2.1.0_Small.final.json,/gpfs/projects/HeinzGroup/asoubki/FlexFringe/data/MLRegTest/Large/16.16.LT.2.1.0_TestSA.txt,2025-12-29 22:17:01.689222
0.1.1.1.0.0.searchglobal.0,Small,16,16,LT,2,1,0,Dev,0.98771,0.9926264115876446,0.98272,0.9876483653430619,0.01229,/gpfs/projects/HeinzGroup/caffeine_underground/mlrt/FlexFringe/FlexFringe/models-ps-small/0.1.1.1.0.0.searchglobal.0.ini/0.1.1.1.0.0.searchglobal.0_16.16.LT.2.1.0_Small.final.json,/gpfs/projects/HeinzGroup/asoubki/FlexFringe/data/MLRegTest/Large/16.16.LT.2.1.0_Dev.txt,2025-12-29 22:17:01.689222
0.1.1.1.0.0.searchglobal.0,Small,16,16,LT,2,1,0,Train,0.986,0.9939024390243902,0.978,0.9858870967741935,0.014,/gpfs/projects/HeinzGroup/caffeine_underground/mlrt/FlexFringe/FlexFringe/models-ps-small/0.1.1.1.0.0.searchglobal.0.ini/0.1.1.1.0.0.searchglobal.0_16.16.LT.2.1.0_Small.final.json,/gpfs/projects/HeinzGroup/asoubki/FlexFringe/data/MLRegTest/Small/16.16.LT.2.1.0_Train.txt,2025-12-29 22:17:01.689222
0.1.1.1.0.0.searchglobal.0,Small,16,16,LT,2,1,1,TestLR,0.71752,0.7156225218080888,0.72192,0.7187574671445639,0.28248,/gpfs/projects/HeinzGroup/caffeine_underground/mlrt/FlexFringe/FlexFringe/models-ps-small/0.1.1.1.0.0.searchglobal.0.ini/0.1.1.1.0.0.searchglobal.0_16.16.LT.2.1.1_Small.final.json,/gpfs/projects/HeinzGroup/asoubki/FlexFringe/data/MLRegTest/Large/16.16.LT.2.1.1_TestLR.txt,2025-12-29 22:52:09.069659
0.1.1.1.0.0.searchglobal.0,Small,16,16,LT,2,1,1,TestSA,0.72654,0.7458970128516846,0.68718,0.7153356095936043,0.27346,/gpfs/projects/HeinzGroup/caffeine_underground/mlrt/FlexFringe/FlexFringe/models-ps-small/0.1.1.1.0.0.searchglobal.0.ini/0.1.1.1.0.0.searchglobal.0_16.16.LT.2.1.1_Small.final.json,/gpfs/projects/HeinzGroup/asoubki/FlexFringe/data/MLRegTest/Large/16.16.LT.2.1.1_TestSA.txt,2025-12-29 22:52:09.069659
0.1.1.1.0.0.searchglobal.0,Small,16,16,LT,2,1,1,TestLA,0.66142,0.6790928859894377,0.61208,0.6438474323101845,0.33858,/gpfs/projects/HeinzGroup/caffeine_underground/mlrt/FlexFringe/FlexFringe/models-ps-small/0.1.1.1.0.0.searchglobal.0.ini/0.1.1.1.0.0.searchglobal.0_16.16.LT.2.1.1_Small.final.json,/gpfs/projects/HeinzGroup/asoubki/FlexFringe/data/MLRegTest/Large/16.16.LT.2.1.1_TestLA.txt,2025-12-29 22:52:09.069659
0.1.1.1.0.0.searchglobal.0,Small,16,16,LT,2,1,1,TestSR,0.78947,0.7796541396966477,0.80702,0.7931010761141959,0.21053,/gpfs/projects/HeinzGroup/caffeine_underground/mlrt/FlexFringe/FlexFringe/models-ps-small/0.1.1.1.0.0.searchglobal.0.ini/0.1.1.1.0.0.searchglobal.0_16.16.LT.2.1.1_Small.final.json,/gpfs/projects/HeinzGroup/asoubki/FlexFringe/data/MLRegTest/Large/16.16.LT.2.1.1_TestSR.txt,2025-12-29 22:52:09.069659
0.1.1.1.0.0.searchglobal.0,Small,16,16,LT,2,1,1,Dev,0.78995,0.7792437929772521,0.80912,0.7939009193755703,0.21005,/gpfs/projects/HeinzGroup/caffeine_underground/mlrt/FlexFringe/FlexFringe/models-ps-small/0.1.1.1.0.0.searchglobal.0.ini/0.1.1.1.0.0.searchglobal.0_16.16.LT.2.1.1_Small.final.json,/gpfs/projects/HeinzGroup/asoubki/FlexFringe/data/MLRegTest/Large/16.16.LT.2.1.1_Dev.txt,2025-12-29 22:52:09.069659
0.1.1.1.0.0.searchglobal.0,Small,16,16,LT,2,1,1,Train,0.8,0.8012048192771084,0.798,0.7995991983967936,0.2,/gpfs/projects/HeinzGroup/caffeine_underground/mlrt/FlexFringe/FlexFringe/models-ps-small/0.1.1.1.0.0.searchglobal.0.ini/0.1.1.1.0.0.searchglobal.0_16.16.LT.2.1.1_Small.final.json,/gpfs/projects/HeinzGroup/asoubki/FlexFringe/data/MLRegTest/Small/16.16.LT.2.1.1_Train.txt,2025-12-29 22:52:09.069659
0.1.1.1.0.0.searchglobal.0,Small,16,16,LT,2,1,2,TestLR,0.74181,0.747883136852896,0.72956,0.7386079473550999,0.25819,/gpfs/projects/HeinzGroup/caffeine_underground/mlrt/FlexFringe/FlexFringe/models-ps-small/0.1.1.1.0.0.searchglobal.0.ini/0.1.1.1.0.0.searchglobal.0_16.16.LT.2.1.2_Small.final.json,/gpfs/projects/HeinzGroup/asoubki/FlexFringe/data/MLRegTest/Large/16.16.LT.2.1.2_TestLR.txt,2025-12-29 22:03:14.336150
0.1.1.1.0.0.searchglobal.0,Small,16,16,LT,2,1,2,TestSA,0.60648,0.6741348858507228,0.41222,0.5116042395810063,0.39352,/gpfs/projects/HeinzGroup/caffeine_underground/mlrt/FlexFringe/FlexFringe/models-ps-small/0.1.1.1.0.0.searchglobal.0.ini/0.1.1.1.0.0.searchglobal.0_16.16.LT.2.1.2_Small.final.json,/gpfs/projects/HeinzGroup/asoubki/FlexFringe/data/MLRegTest/Large/16.16.LT.2.1.2_TestSA.txt,2025-12-29 22:03:14.336150
0.1.1.1.0.0.searchglobal.0,Small,16,16,LT,2,1,2,TestSR,0.80901,0.8114203938483865,0.80514,0.8082679971489665,0.19099,/gpfs/projects/HeinzGroup/caffeine_underground/mlrt/FlexFringe/FlexFringe/models-ps-small/0.1.1.1.0.0.searchglobal.0.ini/0.1.1.1.0.0.searchglobal.0_16.16.LT.2.1.2_Small.final.json,/gpfs/projects/HeinzGroup/asoubki/FlexFringe/data/MLRegTest/Large/16.16.LT.2.1.2_TestSR.txt,2025-12-29 22:03:14.336150
0.1.1.1.0.0.searchglobal.0,Small,16,16,LT,2,1,2,TestLA,0.58039,0.6163554783615574,0.42584,0.5036844284109054,0.41961,/gpfs/projects/HeinzGroup/caffeine_underground/mlrt/FlexFringe/FlexFringe/models-ps-small/0.1.1.1.0.0.searchglobal.0.ini/0.1.1.1.0.0.searchglobal.0_16.16.LT.2.1.2_Small.final.json,/gpfs/projects/HeinzGroup/asoubki/FlexFringe/data/MLRegTest/Large/16.16.LT.2.1.2_TestLA.txt,2025-12-29 22:03:14.336150
0.1.1.1.0.0.searchglobal.0,Small,16,16,LT,2,1,2,Dev,0.80963,0.8125492096178305,0.80496,0.8087368008600163,0.19037,/gpfs/projects/HeinzGroup/caffeine_underground/mlrt/FlexFringe/FlexFringe/models-ps-small/0.1.1.1.0.0.searchglobal.0.ini/0.1.1.1.0.0.searchglobal.0_16.16.LT.2.1.2_Small.final.json,/gpfs/projects/HeinzGroup/asoubki/FlexFringe/data/MLRegTest/Large/16.16.LT.2.1.2_Dev.txt,2025-12-29 22:03:14.336150
0.1.1.1.0.0.searchglobal.0,Small,16,16,LT,2,1,2,Train,0.809,0.8133874239350912,0.802,0.8076535750251762,0.191,/gpfs/projects/HeinzGroup/caffeine_underground/mlrt/FlexFringe/FlexFringe/models-ps-small/0.1.1.1.0.0.searchglobal.0.ini/0.1.1.1.0.0.searchglobal.0_16.16.LT.2.1.2_Small.final.json,/gpfs/projects/HeinzGroup/asoubki/FlexFringe/data/MLRegTest/Small/16.16.LT.2.1.2_Train.txt,2025-12-29 22:03:14.336150
0.1.1.1.0.0.searchglobal.0,Small,16,16,LT,2,1,3,TestSR,0.96348,0.9661088539362002,0.96066,0.9633767223570469,0.03652,/gpfs/projects/HeinzGroup/caffeine_underground/mlrt/FlexFringe/FlexFringe/models-ps-small/0.1.1.1.0.0.searchglobal.0.ini/0.1.1.1.0.0.searchglobal.0_16.16.LT.2.1.3_Small.final.json,/gpfs/projects/HeinzGroup/asoubki/FlexFringe/data/MLRegTest/Large/16.16.LT.2.1.3_TestSR.txt,2025-12-29 22:21:09.042552
0.1.1.1.0.0.searchglobal.0,Small,16,16,LT,2,1,3,TestSA,0.92535,0.9644471621060907,0.88326,0.9220699230616655,0.07465,/gpfs/projects/HeinzGroup/caffeine_underground/mlrt/FlexFringe/FlexFringe/models-ps-small/0.1.1.1.0.0.searchglobal.0.ini/0.1.1.1.0.0.searchglobal.0_16.16.LT.2.1.3_Small.final.json,/gpfs/projects/HeinzGroup/asoubki/FlexFringe/data/MLRegTest/Large/16.16.LT.2.1.3_TestSA.txt,2025-12-29 22:21:09.042552
0.1.1.1.0.0.searchglobal.0,Small,16,16,LT,2,1,3,TestLA,0.88313,0.9416076903570852,0.81692,0.8748433802032577,0.11687,/gpfs/projects/HeinzGroup/caffeine_underground/mlrt/FlexFringe/FlexFringe/models-ps-small/0.1.1.1.0.0.searchglobal.0.ini/0.1.1.1.0.0.searchglobal.0_16.16.LT.2.1.3_Small.final.json,/gpfs/projects/HeinzGroup/asoubki/FlexFringe/data/MLRegTest/Large/16.16.LT.2.1.3_TestLA.txt,2025-12-29 22:21:09.042552
0.1.1.1.0.0.searchglobal.0,Small,16,16,LT,2,1,3,TestLR,0.93143,0.9479225066965676,0.91302,0.9301439501217412,0.06857,/gpfs/projects/HeinzGroup/caffeine_underground/mlrt/FlexFringe/FlexFringe/models-ps-small/0.1.1.1.0.0.searchglobal.0.ini/0.1.1.1.0.0.searchglobal.0_16.16.LT.2.1.3_Small.final.json,/gpfs/projects/HeinzGroup/asoubki/FlexFringe/data/MLRegTest/Large/16.16.LT.2.1.3_TestLR.txt,2025-12-29 22:21:09.042552
0.1.1.1.0.0.searchglobal.0,Small,16,16,LT,2,1,3,Dev,0.96463,0.9665615648785973,0.96256,0.9645566322287135,0.03537,/gpfs/projects/HeinzGroup/caffeine_underground/mlrt/FlexFringe/FlexFringe/models-ps-small/0.1.1.1.0.0.searchglobal.0.ini/0.1.1.1.0.0.searchglobal.0_16.16.LT.2.1.3_Small.final.json,/gpfs/projects/HeinzGroup/asoubki/FlexFringe/data/MLRegTest/Large/16.16.LT.2.1.3_Dev.txt,2025-12-29 22:21:09.042552
0.1.1.1.0.0.searchglobal.0,Small,16,16,LT,2,1,3,Train,0.967,0.9814432989690721,0.952,0.966497461928934,0.033,/gpfs/projects/HeinzGroup/caffeine_underground/mlrt/FlexFringe/FlexFringe/models-ps-small/0.1.1.1.0.0.searchglobal.0.ini/0.1.1.1.0.0.searchglobal.0_16.16.LT.2.1.3_Small.final.json,/gpfs/projects/HeinzGroup/asoubki/FlexFringe/data/MLRegTest/Small/16.16.LT.2.1.3_Train.txt,2025-12-29 22:21:09.042552
0.1.1.1.0.0.searchglobal.0,Small,16,16,LT,2,1,4,TestSA,0.89224,0.8606207708149456,0.93608,0.8967657878602084,0.10776,/gpfs/projects/HeinzGroup/caffeine_underground/mlrt/FlexFringe/FlexFringe/models-ps-small/0.1.1.1.0.0.searchglobal.0.ini/0.1.1.1.0.0.searchglobal.0_16.16.LT.2.1.4_Small.final.json,/gpfs/projects/HeinzGroup/asoubki/FlexFringe/data/MLRegTest/Large/16.16.LT.2.1.4_TestSA.txt,2025-12-29 22:41:32.471326
0.1.1.1.0.0.searchglobal.0,Small,16,16,LT,2,1,4,TestLA,0.84682,0.8136825729893998,0.89964,0.8545050435971961,0.15318,/gpfs/projects/HeinzGroup/caffeine_underground/mlrt/FlexFringe/FlexFringe/models-ps-small/0.1.1.1.0.0.searchglobal.0.ini/0.1.1.1.0.0.searchglobal.0_16.16.LT.2.1.4_Small.final.json,/gpfs/projects/HeinzGroup/asoubki/FlexFringe/data/MLRegTest/Large/16.16.LT.2.1.4_TestLA.txt,2025-12-29 22:41:32.471326
0.1.1.1.0.0.searchglobal.0,Small,16,16,LT,2,1,4,TestLR,0.92134,0.9472823779193206,0.89234,0.9189907312049433,0.07866,/gpfs/projects/HeinzGroup/caffeine_underground/mlrt/FlexFringe/FlexFringe/models-ps-small/0.1.1.1.0.0.searchglobal.0.ini/0.1.1.1.0.0.searchglobal.0_16.16.LT.2.1.4_Small.final.json,/gpfs/projects/HeinzGroup/asoubki/FlexFringe/data/MLRegTest/Large/16.16.LT.2.1.4_TestLR.txt,2025-12-29 22:41:32.471326
0.1.1.1.0.0.searchglobal.0,Small,16,16,LT,2,1,4,TestSR,0.95801,0.9782794845554604,0.93682,0.9571009695446512,0.04199,/gpfs/projects/HeinzGroup/caffeine_underground/mlrt/FlexFringe/FlexFringe/models-ps-small/0.1.1.1.0.0.searchglobal.0.ini/0.1.1.1.0.0.searchglobal.0_16.16.LT.2.1.4_Small.final.json,/gpfs/projects/HeinzGroup/asoubki/FlexFringe/data/MLRegTest/Large/16.16.LT.2.1.4_TestSR.txt,2025-12-29 22:41:32.471326
0.1.1.1.0.0.searchglobal.0,Small,16,16,LT,2,1,4,Dev,0.95688,0.9790906421710499,0.9337,0.955856759689605,0.04312,/gpfs/projects/HeinzGroup/caffeine_underground/mlrt/FlexFringe/FlexFringe/models-ps-small/0.1.1.1.0.0.searchglobal.0.ini/0.1.1.1.0.0.searchglobal.0_16.16.LT.2.1.4_Small.final.json,/gpfs/projects/HeinzGroup/asoubki/FlexFringe/data/MLRegTest/Large/16.16.LT.2.1.4_Dev.txt,2025-12-29 22:41:32.471326
0.1.1.1.0.0.searchglobal.0,Small,16,16,LT,2,1,4,Train,0.941,0.9565217391304348,0.924,0.9399796541200407,0.059,/gpfs/projects/HeinzGroup/caffeine_underground/mlrt/FlexFringe/FlexFringe/models-ps-small/0.1.1.1.0.0.searchglobal.0.ini/0.1.1.1.0.0.searchglobal.0_16.16.LT.2.1.4_Small.final.json,/gpfs/projects/HeinzGroup/asoubki/FlexFringe/data/MLRegTest/Small/16.16.LT.2.1.4_Train.txt,2025-12-29 22:41:32.471326
0.1.1.1.0.0.searchglobal.0,Small,16,16,LT,2,1,5,TestSR,0.50056,0.504488618146842,0.06294,0.11191720900458764,0.49944,/gpfs/projects/HeinzGroup/caffeine_underground/mlrt/FlexFringe/FlexFringe/models-ps-small/0.1.1.1.0.0.searchglobal.0.ini/0.1.1.1.0.0.searchglobal.0_16.16.LT.2.1.5_Small.final.json,/gpfs/projects/HeinzGroup/asoubki/FlexFringe/data/MLRegTest/Large/16.16.LT.2.1.5_TestSR.txt,2025-12-29 23:32:57.259566
0.1.1.1.0.0.searchglobal.0,Small,16,16,LT,2,1,5,TestSA,0.50178,0.5140113350125944,0.0653,0.11587876206700738,0.49822,/gpfs/projects/HeinzGroup/caffeine_underground/mlrt/FlexFringe/FlexFringe/models-ps-small/0.1.1.1.0.0.searchglobal.0.ini/0.1.1.1.0.0.searchglobal.0_16.16.LT.2.1.5_Small.final.json,/gpfs/projects/HeinzGroup/asoubki/FlexFringe/data/MLRegTest/Large/16.16.LT.2.1.5_TestSA.txt,2025-12-29 23:32:57.259566
0.1.1.1.0.0.searchglobal.0,Small,16,16,LT,2,1,5,TestLA,0.50122,0.5102211796246648,0.0609,0.10881217838765009,0.49878,/gpfs/projects/HeinzGroup/caffeine_underground/mlrt/FlexFringe/FlexFringe/models-ps-small/0.1.1.1.0.0.searchglobal.0.ini/0.1.1.1.0.0.searchglobal.0_16.16.LT.2.1.5_Small.final.json,/gpfs/projects/HeinzGroup/asoubki/FlexFringe/data/MLRegTest/Large/16.16.LT.2.1.5_TestLA.txt,2025-12-29 23:32:57.259566
0.1.1.1.0.0.searchglobal.0,Small,16,16,LT,2,1,5,TestLR,0.50077,0.5064241615217754,0.0607,0.10840640794385012,0.49923,/gpfs/projects/HeinzGroup/caffeine_underground/mlrt/FlexFringe/FlexFringe/models-ps-small/0.1.1.1.0.0.searchglobal.0.ini/0.1.1.1.0.0.searchglobal.0_16.16.LT.2.1.5_Small.final.json,/gpfs/projects/HeinzGroup/asoubki/FlexFringe/data/MLRegTest/Large/16.16.LT.2.1.5_TestLR.txt,2025-12-29 23:32:57.259566
0.1.1.1.0.0.searchglobal.0,Small,16,16,LT,2,1,5,Dev,0.50066,0.505578093306288,0.05982,0.10698190142356391,0.49934,/gpfs/projects/HeinzGroup/caffeine_underground/mlrt/FlexFringe/FlexFringe/models-ps-small/0.1.1.1.0.0.searchglobal.0.ini/0.1.1.1.0.0.searchglobal.0_16.16.LT.2.1.5_Small.final.json,/gpfs/projects/HeinzGroup/asoubki/FlexFringe/data/MLRegTest/Large/16.16.LT.2.1.5_Dev.txt,2025-12-29 23:32:57.259566
0.1.1.1.0.0.searchglobal.0,Small,16,16,LT,2,1,5,Train,0.51,0.5892857142857143,0.066,0.11870503597122302,0.49,/gpfs/projects/HeinzGroup/caffeine_underground/mlrt/FlexFringe/FlexFringe/models-ps-small/0.1.1.1.0.0.searchglobal.0.ini/0.1.1.1.0.0.searchglobal.0_16.16.LT.2.1.5_Small.final.json,/gpfs/projects/HeinzGroup/asoubki/FlexFringe/data/MLRegTest/Small/16.16.LT.2.1.5_Train.txt,2025-12-29 23:32:57.259566
0.1.1.1.0.0.searchglobal.0,Small,16,16,LT,2,1,6,TestSA,0.50209,0.5149992823309889,0.07176,0.12596766549054716,0.49791,/gpfs/projects/HeinzGroup/caffeine_underground/mlrt/FlexFringe/FlexFringe/models-ps-small/0.1.1.1.0.0.searchglobal.0.ini/0.1.1.1.0.0.searchglobal.0_16.16.LT.2.1.6_Small.final.json,/gpfs/projects/HeinzGroup/asoubki/FlexFringe/data/MLRegTest/Large/16.16.LT.2.1.6_TestSA.txt,2025-12-29 22:27:45.970922
0.1.1.1.0.0.searchglobal.0,Small,16,16,LT,2,1,6,TestLR,0.50041,0.5030276177817161,0.06812,0.11999084039386307,0.49959,/gpfs/projects/HeinzGroup/caffeine_underground/mlrt/FlexFringe/FlexFringe/models-ps-small/0.1.1.1.0.0.searchglobal.0.ini/0.1.1.1.0.0.searchglobal.0_16.16.LT.2.1.6_Small.final.json,/gpfs/projects/HeinzGroup/asoubki/FlexFringe/data/MLRegTest/Large/16.16.LT.2.1.6_TestLR.txt,2025-12-29 22:27:45.970922
0.1.1.1.0.0.searchglobal.0,Small,16,16,LT,2,1,6,TestSR,0.49959,0.4969839635133147,0.06756,0.11894994453932425,0.50041,/gpfs/projects/HeinzGroup/caffeine_underground/mlrt/FlexFringe/FlexFringe/models-ps-small/0.1.1.1.0.0.searchglobal.0.ini/0.1.1.1.0.0.searchglobal.0_16.16.LT.2.1.6_Small.final.json,/gpfs/projects/HeinzGroup/asoubki/FlexFringe/data/MLRegTest/Large/16.16.LT.2.1.6_TestSR.txt,2025-12-29 22:27:45.970922
0.1.1.1.0.0.searchglobal.0,Small,16,16,LT,2,1,6,TestLA,0.5016,0.5113895216400911,0.07184,0.12598204264870932,0.4984,/gpfs/projects/HeinzGroup/caffeine_underground/mlrt/FlexFringe/FlexFringe/models-ps-small/0.1.1.1.0.0.searchglobal.0.ini/0.1.1.1.0.0.searchglobal.0_16.16.LT.2.1.6_Small.final.json,/gpfs/projects/HeinzGroup/asoubki/FlexFringe/data/MLRegTest/Large/16.16.LT.2.1.6_TestLA.txt,2025-12-29 22:27:45.970922
0.1.1.1.0.0.searchglobal.0,Small,16,16,LT,2,1,6,Dev,0.49945,0.4958936837389876,0.06642,0.1171490555055823,0.50055,/gpfs/projects/HeinzGroup/caffeine_underground/mlrt/FlexFringe/FlexFringe/models-ps-small/0.1.1.1.0.0.searchglobal.0.ini/0.1.1.1.0.0.searchglobal.0_16.16.LT.2.1.6_Small.final.json,/gpfs/projects/HeinzGroup/asoubki/FlexFringe/data/MLRegTest/Large/16.16.LT.2.1.6_Dev.txt,2025-12-29 22:27:45.970922
0.1.1.1.0.0.searchglobal.0,Small,16,16,LT,2,1,6,Train,0.487,0.4177215189873418,0.066,0.11398963730569948,0.513,/gpfs/projects/HeinzGroup/caffeine_underground/mlrt/FlexFringe/FlexFringe/models-ps-small/0.1.1.1.0.0.searchglobal.0.ini/0.1.1.1.0.0.searchglobal.0_16.16.LT.2.1.6_Small.final.json,/gpfs/projects/HeinzGroup/asoubki/FlexFringe/data/MLRegTest/Small/16.16.LT.2.1.6_Train.txt,2025-12-29 22:27:45.970922
0.1.1.1.0.0.searchglobal.0,Small,16,16,LT,2,1,7,TestLR,0.49762,0.4813946216385241,0.06158,0.10919214128661607,0.50238,/gpfs/projects/HeinzGroup/caffeine_underground/mlrt/FlexFringe/FlexFringe/models-ps-small/0.1.1.1.0.0.searchglobal.0.ini/0.1.1.1.0.0.searchglobal.0_16.16.LT.2.1.7_Small.final.json,/gpfs/projects/HeinzGroup/asoubki/FlexFringe/data/MLRegTest/Large/16.16.LT.2.1.7_TestLR.txt,2025-12-29 22:25:12.390896
0.1.1.1.0.0.searchglobal.0,Small,16,16,LT,2,1,7,TestSA,0.49977,0.4982557257697558,0.0657,0.11609209619564258,0.50023,/gpfs/projects/HeinzGroup/caffeine_underground/mlrt/FlexFringe/FlexFringe/models-ps-small/0.1.1.1.0.0.searchglobal.0.ini/0.1.1.1.0.0.searchglobal.0_16.16.LT.2.1.7_Small.final.json,/gpfs/projects/HeinzGroup/asoubki/FlexFringe/data/MLRegTest/Large/16.16.LT.2.1.7_TestSA.txt,2025-12-29 22:25:12.390896
0.1.1.1.0.0.searchglobal.0,Small,16,16,LT,2,1,7,TestSR,0.4997,0.49768803945745993,0.06458,0.1143251664070245,0.5003,/gpfs/projects/HeinzGroup/caffeine_underground/mlrt/FlexFringe/FlexFringe/models-ps-small/0.1.1.1.0.0.searchglobal.0.ini/0.1.1.1.0.0.searchglobal.0_16.16.LT.2.1.7_Small.final.json,/gpfs/projects/HeinzGroup/asoubki/FlexFringe/data/MLRegTest/Large/16.16.LT.2.1.7_TestSR.txt,2025-12-29 22:25:12.390896
0.1.1.1.0.0.searchglobal.0,Small,16,16,LT,2,1,7,TestLA,0.4996,0.4970518867924528,0.06744,0.1187658495350803,0.5004,/gpfs/projects/HeinzGroup/caffeine_underground/mlrt/FlexFringe/FlexFringe/models-ps-small/0.1.1.1.0.0.searchglobal.0.ini/0.1.1.1.0.0.searchglobal.0_16.16.LT.2.1.7_Small.final.json,/gpfs/projects/HeinzGroup/asoubki/FlexFringe/data/MLRegTest/Large/16.16.LT.2.1.7_TestLA.txt,2025-12-29 22:25:12.390896
0.1.1.1.0.0.searchglobal.0,Small,16,16,LT,2,1,7,Dev,0.49968,0.4975062344139651,0.06384,0.11315938740782756,0.50032,/gpfs/projects/HeinzGroup/caffeine_underground/mlrt/FlexFringe/FlexFringe/models-ps-small/0.1.1.1.0.0.searchglobal.0.ini/0.1.1.1.0.0.searchglobal.0_16.16.LT.2.1.7_Small.final.json,/gpfs/projects/HeinzGroup/asoubki/FlexFringe/data/MLRegTest/Large/16.16.LT.2.1.7_Dev.txt,2025-12-29 22:25:12.390896
0.1.1.1.0.0.searchglobal.0,Small,16,16,LT,2,1,7,Train,0.491,0.41509433962264153,0.044,0.07956600361663653,0.509,/gpfs/projects/HeinzGroup/caffeine_underground/mlrt/FlexFringe/FlexFringe/models-ps-small/0.1.1.1.0.0.searchglobal.0.ini/0.1.1.1.0.0.searchglobal.0_16.16.LT.2.1.7_Small.final.json,/gpfs/projects/HeinzGroup/asoubki/FlexFringe/data/MLRegTest/Small/16.16.LT.2.1.7_Train.txt,2025-12-29 22:25:12.390896
0.1.1.1.0.0.searchglobal.0,Small,16,16,LT,2,1,8,TestLR,0.50109,0.5023297567648441,0.23502,0.3202212745084681,0.49891,/gpfs/projects/HeinzGroup/caffeine_underground/mlrt/FlexFringe/FlexFringe/models-ps-small/0.1.1.1.0.0.searchglobal.0.ini/0.1.1.1.0.0.searchglobal.0_16.16.LT.2.1.8_Small.final.json,/gpfs/projects/HeinzGroup/asoubki/FlexFringe/data/MLRegTest/Large/16.16.LT.2.1.8_TestLR.txt,2025-12-29 22:59:57.363737
0.1.1.1.0.0.searchglobal.0,Small,16,16,LT,2,1,8,TestSR,0.49895,0.4977501607028069,0.2323,0.3167655280561805,0.50105,/gpfs/projects/HeinzGroup/caffeine_underground/mlrt/FlexFringe/FlexFringe/models-ps-small/0.1.1.1.0.0.searchglobal.0.ini/0.1.1.1.0.0.searchglobal.0_16.16.LT.2.1.8_Small.final.json,/gpfs/projects/HeinzGroup/asoubki/FlexFringe/data/MLRegTest/Large/16.16.LT.2.1.8_TestSR.txt,2025-12-29 22:59:57.363737
0.1.1.1.0.0.searchglobal.0,Small,16,16,LT,2,1,8,TestLA,0.49988,0.4997458488647916,0.23596,0.3205629822845343,0.50012,/gpfs/projects/HeinzGroup/caffeine_underground/mlrt/FlexFringe/FlexFringe/models-ps-small/0.1.1.1.0.0.searchglobal.0.ini/0.1.1.1.0.0.searchglobal.0_16.16.LT.2.1.8_Small.final.json,/gpfs/projects/HeinzGroup/asoubki/FlexFringe/data/MLRegTest/Large/16.16.LT.2.1.8_TestLA.txt,2025-12-29 22:59:57.363737
0.1.1.1.0.0.searchglobal.0,Small,16,16,LT,2,1,8,TestSA,0.49964,0.4992369648155998,0.23554,0.3200706617746977,0.50036,/gpfs/projects/HeinzGroup/caffeine_underground/mlrt/FlexFringe/FlexFringe/models-ps-small/0.1.1.1.0.0.searchglobal.0.ini/0.1.1.1.0.0.searchglobal.0_16.16.LT.2.1.8_Small.final.json,/gpfs/projects/HeinzGroup/asoubki/FlexFringe/data/MLRegTest/Large/16.16.LT.2.1.8_TestSA.txt,2025-12-29 22:59:57.363737
0.1.1.1.0.0.searchglobal.0,Small,16,16,LT,2,1,8,Dev,0.49752,0.4947328179424008,0.23294,0.3167441733975144,0.50248,/gpfs/projects/HeinzGroup/caffeine_underground/mlrt/FlexFringe/FlexFringe/models-ps-small/0.1.1.1.0.0.searchglobal.0.ini/0.1.1.1.0.0.searchglobal.0_16.16.LT.2.1.8_Small.final.json,/gpfs/projects/HeinzGroup/asoubki/FlexFringe/data/MLRegTest/Large/16.16.LT.2.1.8_Dev.txt,2025-12-29 22:59:57.363737
0.1.1.1.0.0.searchglobal.0,Small,16,16,LT,2,1,8,Train,0.514,0.5294117647058824,0.252,0.34146341463414637,0.486,/gpfs/projects/HeinzGroup/caffeine_underground/mlrt/FlexFringe/FlexFringe/models-ps-small/0.1.1.1.0.0.searchglobal.0.ini/0.1.1.1.0.0.searchglobal.0_16.16.LT.2.1.8_Small.final.json,/gpfs/projects/HeinzGroup/asoubki/FlexFringe/data/MLRegTest/Small/16.16.LT.2.1.8_Train.txt,2025-12-29 22:59:57.363737
0.1.1.1.0.0.searchglobal.0,Small,16,16,LT,2,1,9,TestSR,0.53606,0.7784986098239111,0.1008,0.17848921627651662,0.46394,/gpfs/projects/HeinzGroup/caffeine_underground/mlrt/FlexFringe/FlexFringe/models-ps-small/0.1.1.1.0.0.searchglobal.0.ini/0.1.1.1.0.0.searchglobal.0_16.16.LT.2.1.9_Small.final.json,/gpfs/projects/HeinzGroup/asoubki/FlexFringe/data/MLRegTest/Large/16.16.LT.2.1.9_TestSR.txt,2025-12-29 22:59:38.784916
0.1.1.1.0.0.searchglobal.0,Small,16,16,LT,2,1,9,TestLA,0.5181,0.6285511363636364,0.0885,0.15515427769985976,0.4819,/gpfs/projects/HeinzGroup/caffeine_underground/mlrt/FlexFringe/FlexFringe/models-ps-small/0.1.1.1.0.0.searchglobal.0.ini/0.1.1.1.0.0.searchglobal.0_16.16.LT.2.1.9_Small.final.json,/gpfs/projects/HeinzGroup/asoubki/FlexFringe/data/MLRegTest/Large/16.16.LT.2.1.9_TestLA.txt,2025-12-29 22:59:38.784916
0.1.1.1.0.0.searchglobal.0,Small,16,16,LT,2,1,9,TestLR,0.52494,0.6987567739878865,0.08768,0.15580907701602872,0.47506,/gpfs/projects/HeinzGroup/caffeine_underground/mlrt/FlexFringe/FlexFringe/models-ps-small/0.1.1.1.0.0.searchglobal.0.ini/0.1.1.1.0.0.searchglobal.0_16.16.LT.2.1.9_Small.final.json,/gpfs/projects/HeinzGroup/asoubki/FlexFringe/data/MLRegTest/Large/16.16.LT.2.1.9_TestLR.txt,2025-12-29 22:59:38.784916
0.1.1.1.0.0.searchglobal.0,Small,16,16,LT,2,1,9,TestSA,0.52581,0.6678371699830927,0.1027,0.17802354001629428,0.47419,/gpfs/projects/HeinzGroup/caffeine_underground/mlrt/FlexFringe/FlexFringe/models-ps-small/0.1.1.1.0.0.searchglobal.0.ini/0.1.1.1.0.0.searchglobal.0_16.16.LT.2.1.9_Small.final.json,/gpfs/projects/HeinzGroup/asoubki/FlexFringe/data/MLRegTest/Large/16.16.LT.2.1.9_TestSA.txt,2025-12-29 22:59:38.784916
0.1.1.1.0.0.searchglobal.0,Small,16,16,LT,2,1,9,Dev,0.53523,0.7801813265468427,0.0981,0.17428535896388153,0.46477,/gpfs/projects/HeinzGroup/caffeine_underground/mlrt/FlexFringe/FlexFringe/models-ps-small/0.1.1.1.0.0.searchglobal.0.ini/0.1.1.1.0.0.searchglobal.0_16.16.LT.2.1.9_Small.final.json,/gpfs/projects/HeinzGroup/asoubki/FlexFringe/data/MLRegTest/Large/16.16.LT.2.1.9_Dev.txt,2025-12-29 22:59:38.784916
0.1.1.1.0.0.searchglobal.0,Small,16,16,LT,2,1,9,Train,0.529,0.7301587301587301,0.092,0.16341030195381884,0.471,/gpfs/projects/HeinzGroup/caffeine_underground/mlrt/FlexFringe/FlexFringe/models-ps-small/0.1.1.1.0.0.searchglobal.0.ini/0.1.1.1.0.0.searchglobal.0_16.16.LT.2.1.9_Small.final.json,/gpfs/projects/HeinzGroup/asoubki/FlexFringe/data/MLRegTest/Small/16.16.LT.2.1.9_Train.txt,2025-12-29 22:59:38.784916
0.1.1.1.0.0.searchglobal.0,Small,16,16,LT,4,1,0,TestLA,0.72774,1.0,0.45548,0.6258828702558606,0.27226,/gpfs/projects/HeinzGroup/caffeine_underground/mlrt/FlexFringe/FlexFringe/models-ps-small/0.1.1.1.0.0.searchglobal.0.ini/0.1.1.1.0.0.searchglobal.0_16.16.LT.4.1.0_Small.final.json,/gpfs/projects/HeinzGroup/asoubki/FlexFringe/data/MLRegTest/Large/16.16.LT.4.1.0_TestLA.txt,2025-12-29 23:05:10.454714
0.1.1.1.0.0.searchglobal.0,Small,16,16,LT,4,1,0,TestSR,0.9985,1.0,0.997,0.9984977466199298,0.0015,/gpfs/projects/HeinzGroup/caffeine_underground/mlrt/FlexFringe/FlexFringe/models-ps-small/0.1.1.1.0.0.searchglobal.0.ini/0.1.1.1.0.0.searchglobal.0_16.16.LT.4.1.0_Small.final.json,/gpfs/projects/HeinzGroup/asoubki/FlexFringe/data/MLRegTest/Large/16.16.LT.4.1.0_TestSR.txt,2025-12-29 23:05:10.454714
0.1.1.1.0.0.searchglobal.0,Small,16,16,LT,4,1,0,TestLR,0.99686,1.0,0.99372,0.9968501093433381,0.00314,/gpfs/projects/HeinzGroup/caffeine_underground/mlrt/FlexFringe/FlexFringe/models-ps-small/0.1.1.1.0.0.searchglobal.0.ini/0.1.1.1.0.0.searchglobal.0_16.16.LT.4.1.0_Small.final.json,/gpfs/projects/HeinzGroup/asoubki/FlexFringe/data/MLRegTest/Large/16.16.LT.4.1.0_TestLR.txt,2025-12-29 23:05:10.454714
0.1.1.1.0.0.searchglobal.0,Small,16,16,LT,4,1,0,TestSA,0.73125,1.0,0.4625,0.6324786324786325,0.26875,/gpfs/projects/HeinzGroup/caffeine_underground/mlrt/FlexFringe/FlexFringe/models-ps-small/0.1.1.1.0.0.searchglobal.0.ini/0.1.1.1.0.0.searchglobal.0_16.16.LT.4.1.0_Small.final.json,/gpfs/projects/HeinzGroup/asoubki/FlexFringe/data/MLRegTest/Large/16.16.LT.4.1.0_TestSA.txt,2025-12-29 23:05:10.454714
0.1.1.1.0.0.searchglobal.0,Small,16,16,LT,4,1,0,Dev,0.99831,1.0,0.99662,0.9983071390650199,0.00169,/gpfs/projects/HeinzGroup/caffeine_underground/mlrt/FlexFringe/FlexFringe/models-ps-small/0.1.1.1.0.0.searchglobal.0.ini/0.1.1.1.0.0.searchglobal.0_16.16.LT.4.1.0_Small.final.json,/gpfs/projects/HeinzGroup/asoubki/FlexFringe/data/MLRegTest/Large/16.16.LT.4.1.0_Dev.txt,2025-12-29 23:05:10.454714
0.1.1.1.0.0.searchglobal.0,Small,16,16,LT,4,1,0,Train,0.996,1.0,0.992,0.9959839357429718,0.004,/gpfs/projects/HeinzGroup/caffeine_underground/mlrt/FlexFringe/FlexFringe/models-ps-small/0.1.1.1.0.0.searchglobal.0.ini/0.1.1.1.0.0.searchglobal.0_16.16.LT.4.1.0_Small.final.json,/gpfs/projects/HeinzGroup/asoubki/FlexFringe/data/MLRegTest/Small/16.16.LT.4.1.0_Train.txt,2025-12-29 23:05:10.454714
0.1.1.1.0.0.searchglobal.0,Small,16,16,LT,4,1,1,TestLA,0.72841,1.0,0.45682,0.6271467991927623,0.27159,/gpfs/projects/HeinzGroup/caffeine_underground/mlrt/FlexFringe/FlexFringe/models-ps-small/0.1.1.1.0.0.searchglobal.0.ini/0.1.1.1.0.0.searchglobal.0_16.16.LT.4.1.1_Small.final.json,/gpfs/projects/HeinzGroup/asoubki/FlexFringe/data/MLRegTest/Large/16.16.LT.4.1.1_TestLA.txt,2025-12-29 23:18:33.213209
0.1.1.1.0.0.searchglobal.0,Small,16,16,LT,4,1,1,TestSA,0.7323,1.0,0.4646,0.6344394373890482,0.2677,/gpfs/projects/HeinzGroup/caffeine_underground/mlrt/FlexFringe/FlexFringe/models-ps-small/0.1.1.1.0.0.searchglobal.0.ini/0.1.1.1.0.0.searchglobal.0_16.16.LT.4.1.1_Small.final.json,/gpfs/projects/HeinzGroup/asoubki/FlexFringe/data/MLRegTest/Large/16.16.LT.4.1.1_TestSA.txt,2025-12-29 23:18:33.213209
0.1.1.1.0.0.searchglobal.0,Small,16,16,LT,4,1,1,TestSR,0.9984,1.0,0.9968,0.9983974358974359,0.0016,/gpfs/projects/HeinzGroup/caffeine_underground/mlrt/FlexFringe/FlexFringe/models-ps-small/0.1.1.1.0.0.searchglobal.0.ini/0.1.1.1.0.0.searchglobal.0_16.16.LT.4.1.1_Small.final.json,/gpfs/projects/HeinzGroup/asoubki/FlexFringe/data/MLRegTest/Large/16.16.LT.4.1.1_TestSR.txt,2025-12-29 23:18:33.213209
0.1.1.1.0.0.searchglobal.0,Small,16,16,LT,4,1,1,TestLR,0.9972,1.0,0.9944,0.9971921379863619,0.0028,/gpfs/projects/HeinzGroup/caffeine_underground/mlrt/FlexFringe/FlexFringe/models-ps-small/0.1.1.1.0.0.searchglobal.0.ini/0.1.1.1.0.0.searchglobal.0_16.16.LT.4.1.1_Small.final.json,/gpfs/projects/HeinzGroup/asoubki/FlexFringe/data/MLRegTest/Large/16.16.LT.4.1.1_TestLR.txt,2025-12-29 23:18:33.213209
0.1.1.1.0.0.searchglobal.0,Small,16,16,LT,4,1,1,Dev,0.99849,1.0,0.99698,0.9984877164518423,0.00151,/gpfs/projects/HeinzGroup/caffeine_underground/mlrt/FlexFringe/FlexFringe/models-ps-small/0.1.1.1.0.0.searchglobal.0.ini/0.1.1.1.0.0.searchglobal.0_16.16.LT.4.1.1_Small.final.json,/gpfs/projects/HeinzGroup/asoubki/FlexFringe/data/MLRegTest/Large/16.16.LT.4.1.1_Dev.txt,2025-12-29 23:18:33.213209
0.1.1.1.0.0.searchglobal.0,Small,16,16,LT,4,1,1,Train,0.994,1.0,0.988,0.993963782696177,0.006,/gpfs/projects/HeinzGroup/caffeine_underground/mlrt/FlexFringe/FlexFringe/models-ps-small/0.1.1.1.0.0.searchglobal.0.ini/0.1.1.1.0.0.searchglobal.0_16.16.LT.4.1.1_Small.final.json,/gpfs/projects/HeinzGroup/asoubki/FlexFringe/data/MLRegTest/Small/16.16.LT.4.1.1_Train.txt,2025-12-29 23:18:33.213209
0.1.1.1.0.0.searchglobal.0,Small,16,16,LT,4,1,2,TestLR,0.99371,0.9969000986332253,0.9905,0.993689744078492,0.00629,/gpfs/projects/HeinzGroup/caffeine_underground/mlrt/FlexFringe/FlexFringe/models-ps-small/0.1.1.1.0.0.searchglobal.0.ini/0.1.1.1.0.0.searchglobal.0_16.16.LT.4.1.2_Small.final.json,/gpfs/projects/HeinzGroup/asoubki/FlexFringe/data/MLRegTest/Large/16.16.LT.4.1.2_TestLR.txt,2025-12-29 23:14:20.144598
0.1.1.1.0.0.searchglobal.0,Small,16,16,LT,4,1,2,TestSA,0.69038,0.9955747605164514,0.38246,0.5526239741070397,0.30962,/gpfs/projects/HeinzGroup/caffeine_underground/mlrt/FlexFringe/FlexFringe/models-ps-small/0.1.1.1.0.0.searchglobal.0.ini/0.1.1.1.0.0.searchglobal.0_16.16.LT.4.1.2_Small.final.json,/gpfs/projects/HeinzGroup/asoubki/FlexFringe/data/MLRegTest/Large/16.16.LT.4.1.2_TestSA.txt,2025-12-29 23:14:20.144598
0.1.1.1.0.0.searchglobal.0,Small,16,16,LT,4,1,2,TestSR,0.99669,0.9985946314923005,0.99478,0.9966836658016812,0.00331,/gpfs/projects/HeinzGroup/caffeine_underground/mlrt/FlexFringe/FlexFringe/models-ps-small/0.1.1.1.0.0.searchglobal.0.ini/0.1.1.1.0.0.searchglobal.0_16.16.LT.4.1.2_Small.final.json,/gpfs/projects/HeinzGroup/asoubki/FlexFringe/data/MLRegTest/Large/16.16.LT.4.1.2_TestSR.txt,2025-12-29 23:14:20.144598
0.1.1.1.0.0.searchglobal.0,Small,16,16,LT,4,1,2,TestLA,0.68714,0.9916456494325346,0.37746,0.5467898945416618,0.31286,/gpfs/projects/HeinzGroup/caffeine_underground/mlrt/FlexFringe/FlexFringe/models-ps-small/0.1.1.1.0.0.searchglobal.0.ini/0.1.1.1.0.0.searchglobal.0_16.16.LT.4.1.2_Small.final.json,/gpfs/projects/HeinzGroup/asoubki/FlexFringe/data/MLRegTest/Large/16.16.LT.4.1.2_TestLA.txt,2025-12-29 23:14:20.144598
0.1.1.1.0.0.searchglobal.0,Small,16,16,LT,4,1,2,Dev,0.99643,0.9984337034880219,0.99442,0.9964228098477941,0.00357,/gpfs/projects/HeinzGroup/caffeine_underground/mlrt/FlexFringe/FlexFringe/models-ps-small/0.1.1.1.0.0.searchglobal.0.ini/0.1.1.1.0.0.searchglobal.0_16.16.LT.4.1.2_Small.final.json,/gpfs/projects/HeinzGroup/asoubki/FlexFringe/data/MLRegTest/Large/16.16.LT.4.1.2_Dev.txt,2025-12-29 23:14:20.144598
0.1.1.1.0.0.searchglobal.0,Small,16,16,LT,4,1,2,Train,0.998,0.998,0.998,0.998,0.002,/gpfs/projects/HeinzGroup/caffeine_underground/mlrt/FlexFringe/FlexFringe/models-ps-small/0.1.1.1.0.0.searchglobal.0.ini/0.1.1.1.0.0.searchglobal.0_16.16.LT.4.1.2_Small.final.json,/gpfs/projects/HeinzGroup/asoubki/FlexFringe/data/MLRegTest/Small/16.16.LT.4.1.2_Train.txt,2025-12-29 23:14:20.144598
0.1.1.1.0.0.searchglobal.0,Small,16,16,LT,4,1,3,TestLA,0.8847,0.9952623719038055,0.77308,0.8702131970553142,0.1153,/gpfs/projects/HeinzGroup/caffeine_underground/mlrt/FlexFringe/FlexFringe/models-ps-small/0.1.1.1.0.0.searchglobal.0.ini/0.1.1.1.0.0.searchglobal.0_16.16.LT.4.1.3_Small.final.json,/gpfs/projects/HeinzGroup/asoubki/FlexFringe/data/MLRegTest/Large/16.16.LT.4.1.3_TestLA.txt,2025-12-29 22:40:42.076680
0.1.1.1.0.0.searchglobal.0,Small,16,16,LT,4,1,3,TestSR,0.98932,0.9964288612937262,0.98216,0.9892429797349019,0.01068,/gpfs/projects/HeinzGroup/caffeine_underground/mlrt/FlexFringe/FlexFringe/models-ps-small/0.1.1.1.0.0.searchglobal.0.ini/0.1.1.1.0.0.searchglobal.0_16.16.LT.4.1.3_Small.final.json,/gpfs/projects/HeinzGroup/asoubki/FlexFringe/data/MLRegTest/Large/16.16.LT.4.1.3_TestSR.txt,2025-12-29 22:40:42.076680
0.1.1.1.0.0.searchglobal.0,Small,16,16,LT,4,1,3,TestSA,0.8899,0.9950985371800082,0.78366,0.876812567132116,0.1101,/gpfs/projects/HeinzGroup/caffeine_underground/mlrt/FlexFringe/FlexFringe/models-ps-small/0.1.1.1.0.0.searchglobal.0.ini/0.1.1.1.0.0.searchglobal.0_16.16.LT.4.1.3_Small.final.json,/gpfs/projects/HeinzGroup/asoubki/FlexFringe/data/MLRegTest/Large/16.16.LT.4.1.3_TestSA.txt,2025-12-29 22:40:42.076680
0.1.1.1.0.0.searchglobal.0,Small,16,16,LT,4,1,3,TestLR,0.98331,0.9961401851889872,0.97038,0.9830913714326238,0.01669,/gpfs/projects/HeinzGroup/caffeine_underground/mlrt/FlexFringe/FlexFringe/models-ps-small/0.1.1.1.0.0.searchglobal.0.ini/0.1.1.1.0.0.searchglobal.0_16.16.LT.4.1.3_Small.final.json,/gpfs/projects/HeinzGroup/asoubki/FlexFringe/data/MLRegTest/Large/16.16.LT.4.1.3_TestLR.txt,2025-12-29 22:40:42.076680
0.1.1.1.0.0.searchglobal.0,Small,16,16,LT,4,1,3,Dev,0.9896,0.9967129291453616,0.98244,0.9895249989927883,0.0104,/gpfs/projects/HeinzGroup/caffeine_underground/mlrt/FlexFringe/FlexFringe/models-ps-small/0.1.1.1.0.0.searchglobal.0.ini/0.1.1.1.0.0.searchglobal.0_16.16.LT.4.1.3_Small.final.json,/gpfs/projects/HeinzGroup/asoubki/FlexFringe/data/MLRegTest/Large/16.16.LT.4.1.3_Dev.txt,2025-12-29 22:40:42.076680
0.1.1.1.0.0.searchglobal.0,Small,16,16,LT,4,1,3,Train,0.989,0.9919517102615694,0.986,0.9889669007021064,0.011,/gpfs/projects/HeinzGroup/caffeine_underground/mlrt/FlexFringe/FlexFringe/models-ps-small/0.1.1.1.0.0.searchglobal.0.ini/0.1.1.1.0.0.searchglobal.0_16.16.LT.4.1.3_Small.final.json,/gpfs/projects/HeinzGroup/asoubki/FlexFringe/data/MLRegTest/Small/16.16.LT.4.1.3_Train.txt,2025-12-29 22:40:42.076680
0.1.1.1.0.0.searchglobal.0,Small,16,16,LT,4,1,4,TestLA,0.87693,0.8059844462844804,0.99286,0.8897153047234145,0.12307,/gpfs/projects/HeinzGroup/caffeine_underground/mlrt/FlexFringe/FlexFringe/models-ps-small/0.1.1.1.0.0.searchglobal.0.ini/0.1.1.1.0.0.searchglobal.0_16.16.LT.4.1.4_Small.final.json,/gpfs/projects/HeinzGroup/asoubki/FlexFringe/data/MLRegTest/Large/16.16.LT.4.1.4_TestLA.txt,2025-12-29 23:24:49.483225
0.1.1.1.0.0.searchglobal.0,Small,16,16,LT,4,1,4,TestSA,0.8808,0.8099563716871785,0.99508,0.8930250924363715,0.1192,/gpfs/projects/HeinzGroup/caffeine_underground/mlrt/FlexFringe/FlexFringe/models-ps-small/0.1.1.1.0.0.searchglobal.0.ini/0.1.1.1.0.0.searchglobal.0_16.16.LT.4.1.4_Small.final.json,/gpfs/projects/HeinzGroup/asoubki/FlexFringe/data/MLRegTest/Large/16.16.LT.4.1.4_TestSA.txt,2025-12-29 23:24:49.483225
0.1.1.1.0.0.searchglobal.0,Small,16,16,LT,4,1,4,TestSR,0.99491,0.9950585175552665,0.99476,0.9949092363854578,0.00509,/gpfs/projects/HeinzGroup/caffeine_underground/mlrt/FlexFringe/FlexFringe/models-ps-small/0.1.1.1.0.0.searchglobal.0.ini/0.1.1.1.0.0.searchglobal.0_16.16.LT.4.1.4_Small.final.json,/gpfs/projects/HeinzGroup/asoubki/FlexFringe/data/MLRegTest/Large/16.16.LT.4.1.4_TestSR.txt,2025-12-29 23:24:49.483225
0.1.1.1.0.0.searchglobal.0,Small,16,16,LT,4,1,4,TestLR,0.9925,0.9913600446963046,0.99366,0.9925086899196932,0.0075,/gpfs/projects/HeinzGroup/caffeine_underground/mlrt/FlexFringe/FlexFringe/models-ps-small/0.1.1.1.0.0.searchglobal.0.ini/0.1.1.1.0.0.searchglobal.0_16.16.LT.4.1.4_Small.final.json,/gpfs/projects/HeinzGroup/asoubki/FlexFringe/data/MLRegTest/Large/16.16.LT.4.1.4_TestLR.txt,2025-12-29 23:24:49.483225
0.1.1.1.0.0.searchglobal.0,Small,16,16,LT,4,1,4,Dev,0.99531,0.9950030980791909,0.99562,0.9953114534494307,0.00469,/gpfs/projects/HeinzGroup/caffeine_underground/mlrt/FlexFringe/FlexFringe/models-ps-small/0.1.1.1.0.0.searchglobal.0.ini/0.1.1.1.0.0.searchglobal.0_16.16.LT.4.1.4_Small.final.json,/gpfs/projects/HeinzGroup/asoubki/FlexFringe/data/MLRegTest/Large/16.16.LT.4.1.4_Dev.txt,2025-12-29 23:24:49.483225
0.1.1.1.0.0.searchglobal.0,Small,16,16,LT,4,1,4,Train,0.997,0.9960079840319361,0.998,0.997002997002997,0.003,/gpfs/projects/HeinzGroup/caffeine_underground/mlrt/FlexFringe/FlexFringe/models-ps-small/0.1.1.1.0.0.searchglobal.0.ini/0.1.1.1.0.0.searchglobal.0_16.16.LT.4.1.4_Small.final.json,/gpfs/projects/HeinzGroup/asoubki/FlexFringe/data/MLRegTest/Small/16.16.LT.4.1.4_Train.txt,2025-12-29 23:24:49.483225
0.1.1.1.0.0.searchglobal.0,Small,16,16,LT,4,1,5,TestLR,0.49993,0.26666666666666666,8e-05,0.0001599520143956813,0.50007,/gpfs/projects/HeinzGroup/caffeine_underground/mlrt/FlexFringe/FlexFringe/models-ps-small/0.1.1.1.0.0.searchglobal.0.ini/0.1.1.1.0.0.searchglobal.0_16.16.LT.4.1.5_Small.final.json,/gpfs/projects/HeinzGroup/asoubki/FlexFringe/data/MLRegTest/Large/16.16.LT.4.1.5_TestLR.txt,2025-12-29 22:26:28.713758
0.1.1.1.0.0.searchglobal.0,Small,16,16,LT,4,1,5,TestSA,0.49999,0.4,4e-05,7.999200079992e-05,0.50001,/gpfs/projects/HeinzGroup/caffeine_underground/mlrt/FlexFringe/FlexFringe/models-ps-small/0.1.1.1.0.0.searchglobal.0.ini/0.1.1.1.0.0.searchglobal.0_16.16.LT.4.1.5_Small.final.json,/gpfs/projects/HeinzGroup/asoubki/FlexFringe/data/MLRegTest/Large/16.16.LT.4.1.5_TestSA.txt,2025-12-29 22:26:28.713758
0.1.1.1.0.0.searchglobal.0,Small,16,16,LT,4,1,5,TestLA,0.49998,0.4166666666666667,0.0001,0.00019995201151723585,0.50002,/gpfs/projects/HeinzGroup/caffeine_underground/mlrt/FlexFringe/FlexFringe/models-ps-small/0.1.1.1.0.0.searchglobal.0.ini/0.1.1.1.0.0.searchglobal.0_16.16.LT.4.1.5_Small.final.json,/gpfs/projects/HeinzGroup/asoubki/FlexFringe/data/MLRegTest/Large/16.16.LT.4.1.5_TestLA.txt,2025-12-29 22:26:28.713758
0.1.1.1.0.0.searchglobal.0,Small,16,16,LT,4,1,5,TestSR,0.49992,0.16666666666666666,4e-05,7.998080460689434e-05,0.50008,/gpfs/projects/HeinzGroup/caffeine_underground/mlrt/FlexFringe/FlexFringe/models-ps-small/0.1.1.1.0.0.searchglobal.0.ini/0.1.1.1.0.0.searchglobal.0_16.16.LT.4.1.5_Small.final.json,/gpfs/projects/HeinzGroup/asoubki/FlexFringe/data/MLRegTest/Large/16.16.LT.4.1.5_TestSR.txt,2025-12-29 22:26:28.713758
0.1.1.1.0.0.searchglobal.0,Small,16,16,LT,4,1,5,Dev,0.49991,0.23529411764705882,8e-05,0.0001599456184897135,0.50009,/gpfs/projects/HeinzGroup/caffeine_underground/mlrt/FlexFringe/FlexFringe/models-ps-small/0.1.1.1.0.0.searchglobal.0.ini/0.1.1.1.0.0.searchglobal.0_16.16.LT.4.1.5_Small.final.json,/gpfs/projects/HeinzGroup/asoubki/FlexFringe/data/MLRegTest/Large/16.16.LT.4.1.5_Dev.txt,2025-12-29 22:26:28.713758
0.1.1.1.0.0.searchglobal.0,Small,16,16,LT,4,1,5,Train,0.5,0.0,0.0,0.0,0.5,/gpfs/projects/HeinzGroup/caffeine_underground/mlrt/FlexFringe/FlexFringe/models-ps-small/0.1.1.1.0.0.searchglobal.0.ini/0.1.1.1.0.0.searchglobal.0_16.16.LT.4.1.5_Small.final.json,/gpfs/projects/HeinzGroup/asoubki/FlexFringe/data/MLRegTest/Small/16.16.LT.4.1.5_Train.txt,2025-12-29 22:26:28.713758
0.1.1.1.0.0.searchglobal.0,Small,16,16,LT,4,1,6,TestLR,0.49992,0.21428571428571427,6e-05,0.0001199664094053665,0.50008,/gpfs/projects/HeinzGroup/caffeine_underground/mlrt/FlexFringe/FlexFringe/models-ps-small/0.1.1.1.0.0.searchglobal.0.ini/0.1.1.1.0.0.searchglobal.0_16.16.LT.4.1.6_Small.final.json,/gpfs/projects/HeinzGroup/asoubki/FlexFringe/data/MLRegTest/Large/16.16.LT.4.1.6_TestLR.txt,2025-12-29 23:35:23.466498
0.1.1.1.0.0.searchglobal.0,Small,16,16,LT,4,1,6,TestSA,0.49994,0.3125,0.0001,0.0001999360204734485,0.50006,/gpfs/projects/HeinzGroup/caffeine_underground/mlrt/FlexFringe/FlexFringe/models-ps-small/0.1.1.1.0.0.searchglobal.0.ini/0.1.1.1.0.0.searchglobal.0_16.16.LT.4.1.6_Small.final.json,/gpfs/projects/HeinzGroup/asoubki/FlexFringe/data/MLRegTest/Large/16.16.LT.4.1.6_TestSA.txt,2025-12-29 23:35:23.466498
0.1.1.1.0.0.searchglobal.0,Small,16,16,LT,4,1,6,TestLA,0.49987,0.19047619047619047,8e-05,0.0001599328282121509,0.50013,/gpfs/projects/HeinzGroup/caffeine_underground/mlrt/FlexFringe/FlexFringe/models-ps-small/0.1.1.1.0.0.searchglobal.0.ini/0.1.1.1.0.0.searchglobal.0_16.16.LT.4.1.6_Small.final.json,/gpfs/projects/HeinzGroup/asoubki/FlexFringe/data/MLRegTest/Large/16.16.LT.4.1.6_TestLA.txt,2025-12-29 23:35:23.466498
0.1.1.1.0.0.searchglobal.0,Small,16,16,LT,4,1,6,TestSR,0.49991,0.15384615384615385,4e-05,7.997920540659428e-05,0.50009,/gpfs/projects/HeinzGroup/caffeine_underground/mlrt/FlexFringe/FlexFringe/models-ps-small/0.1.1.1.0.0.searchglobal.0.ini/0.1.1.1.0.0.searchglobal.0_16.16.LT.4.1.6_Small.final.json,/gpfs/projects/HeinzGroup/asoubki/FlexFringe/data/MLRegTest/Large/16.16.LT.4.1.6_TestSR.txt,2025-12-29 23:35:23.466498
0.1.1.1.0.0.searchglobal.0,Small,16,16,LT,4,1,6,Dev,0.49994,0.2,4e-05,7.998400319936013e-05,0.50006,/gpfs/projects/HeinzGroup/caffeine_underground/mlrt/FlexFringe/FlexFringe/models-ps-small/0.1.1.1.0.0.searchglobal.0.ini/0.1.1.1.0.0.searchglobal.0_16.16.LT.4.1.6_Small.final.json,/gpfs/projects/HeinzGroup/asoubki/FlexFringe/data/MLRegTest/Large/16.16.LT.4.1.6_Dev.txt,2025-12-29 23:35:23.466498
0.1.1.1.0.0.searchglobal.0,Small,16,16,LT,4,1,6,Train,0.5,0.0,0.0,0.0,0.5,/gpfs/projects/HeinzGroup/caffeine_underground/mlrt/FlexFringe/FlexFringe/models-ps-small/0.1.1.1.0.0.searchglobal.0.ini/0.1.1.1.0.0.searchglobal.0_16.16.LT.4.1.6_Small.final.json,/gpfs/projects/HeinzGroup/asoubki/FlexFringe/data/MLRegTest/Small/16.16.LT.4.1.6_Train.txt,2025-12-29 23:35:23.466498
0.1.1.1.0.0.searchglobal.0,Small,16,16,LT,4,1,7,TestSA,0.49991,0.09090909090909091,2e-05,3.9991201935574176e-05,0.50009,/gpfs/projects/HeinzGroup/caffeine_underground/mlrt/FlexFringe/FlexFringe/models-ps-small/0.1.1.1.0.0.searchglobal.0.ini/0.1.1.1.0.0.searchglobal.0_16.16.LT.4.1.7_Small.final.json,/gpfs/projects/HeinzGroup/asoubki/FlexFringe/data/MLRegTest/Large/16.16.LT.4.1.7_TestSA.txt,2025-12-29 22:29:58.331061
0.1.1.1.0.0.searchglobal.0,Small,16,16,LT,4,1,7,TestLA,0.4999,0.1875,6e-05,0.0001199616122840691,0.5001,/gpfs/projects/HeinzGroup/caffeine_underground/mlrt/FlexFringe/FlexFringe/models-ps-small/0.1.1.1.0.0.searchglobal.0.ini/0.1.1.1.0.0.searchglobal.0_16.16.LT.4.1.7_Small.final.json,/gpfs/projects/HeinzGroup/asoubki/FlexFringe/data/MLRegTest/Large/16.16.LT.4.1.7_TestLA.txt,2025-12-29 22:29:58.331061
0.1.1.1.0.0.searchglobal.0,Small,16,16,LT,4,1,7,TestSR,0.49986,0.0,0.0,0.0,0.50014,/gpfs/projects/HeinzGroup/caffeine_underground/mlrt/FlexFringe/FlexFringe/models-ps-small/0.1.1.1.0.0.searchglobal.0.ini/0.1.1.1.0.0.searchglobal.0_16.16.LT.4.1.7_Small.final.json,/gpfs/projects/HeinzGroup/asoubki/FlexFringe/data/MLRegTest/Large/16.16.LT.4.1.7_TestSR.txt,2025-12-29 22:29:58.331061
0.1.1.1.0.0.searchglobal.0,Small,16,16,LT,4,1,7,TestLR,0.49989,0.17647058823529413,6e-05,0.00011995921386728512,0.50011,/gpfs/projects/HeinzGroup/caffeine_underground/mlrt/FlexFringe/FlexFringe/models-ps-small/0.1.1.1.0.0.searchglobal.0.ini/0.1.1.1.0.0.searchglobal.0_16.16.LT.4.1.7_Small.final.json,/gpfs/projects/HeinzGroup/asoubki/FlexFringe/data/MLRegTest/Large/16.16.LT.4.1.7_TestLR.txt,2025-12-29 22:29:58.331061
0.1.1.1.0.0.searchglobal.0,Small,16,16,LT,4,1,7,Dev,0.49987,0.06666666666666667,2e-05,3.9988003598920326e-05,0.50013,/gpfs/projects/HeinzGroup/caffeine_underground/mlrt/FlexFringe/FlexFringe/models-ps-small/0.1.1.1.0.0.searchglobal.0.ini/0.1.1.1.0.0.searchglobal.0_16.16.LT.4.1.7_Small.final.json,/gpfs/projects/HeinzGroup/asoubki/FlexFringe/data/MLRegTest/Large/16.16.LT.4.1.7_Dev.txt,2025-12-29 22:29:58.331061
0.1.1.1.0.0.searchglobal.0,Small,16,16,LT,4,1,7,Train,0.5,0.0,0.0,0.0,0.5,/gpfs/projects/HeinzGroup/caffeine_underground/mlrt/FlexFringe/FlexFringe/models-ps-small/0.1.1.1.0.0.searchglobal.0.ini/0.1.1.1.0.0.searchglobal.0_16.16.LT.4.1.7_Small.final.json,/gpfs/projects/HeinzGroup/asoubki/FlexFringe/data/MLRegTest/Small/16.16.LT.4.1.7_Train.txt,2025-12-29 22:29:58.331061
0.1.1.1.0.0.searchglobal.0,Small,16,16,LT,4,1,8,TestSR,0.49993,0.3333333333333333,0.00014,0.00027988244937126406,0.50007,/gpfs/projects/HeinzGroup/caffeine_underground/mlrt/FlexFringe/FlexFringe/models-ps-small/0.1.1.1.0.0.searchglobal.0.ini/0.1.1.1.0.0.searchglobal.0_16.16.LT.4.1.8_Small.final.json,/gpfs/projects/HeinzGroup/asoubki/FlexFringe/data/MLRegTest/Large/16.16.LT.4.1.8_TestSR.txt,2025-12-29 23:26:11.288469
0.1.1.1.0.0.searchglobal.0,Small,16,16,LT,4,1,8,TestSA,0.49994,0.2857142857142857,8e-05,0.00015995521254048866,0.50006,/gpfs/projects/HeinzGroup/caffeine_underground/mlrt/FlexFringe/FlexFringe/models-ps-small/0.1.1.1.0.0.searchglobal.0.ini/0.1.1.1.0.0.searchglobal.0_16.16.LT.4.1.8_Small.final.json,/gpfs/projects/HeinzGroup/asoubki/FlexFringe/data/MLRegTest/Large/16.16.LT.4.1.8_TestSA.txt,2025-12-29 23:26:11.288469
0.1.1.1.0.0.searchglobal.0,Small,16,16,LT,4,1,8,TestLR,0.49981,0.047619047619047616,2e-05,3.9983207053037726e-05,0.50019,/gpfs/projects/HeinzGroup/caffeine_underground/mlrt/FlexFringe/FlexFringe/models-ps-small/0.1.1.1.0.0.searchglobal.0.ini/0.1.1.1.0.0.searchglobal.0_16.16.LT.4.1.8_Small.final.json,/gpfs/projects/HeinzGroup/asoubki/FlexFringe/data/MLRegTest/Large/16.16.LT.4.1.8_TestLR.txt,2025-12-29 23:26:11.288469
0.1.1.1.0.0.searchglobal.0,Small,16,16,LT,4,1,8,TestLA,0.49996,0.25,4e-05,7.998720204767237e-05,0.50004,/gpfs/projects/HeinzGroup/caffeine_underground/mlrt/FlexFringe/FlexFringe/models-ps-small/0.1.1.1.0.0.searchglobal.0.ini/0.1.1.1.0.0.searchglobal.0_16.16.LT.4.1.8_Small.final.json,/gpfs/projects/HeinzGroup/asoubki/FlexFringe/data/MLRegTest/Large/16.16.LT.4.1.8_TestLA.txt,2025-12-29 23:26:11.288469
0.1.1.1.0.0.searchglobal.0,Small,16,16,LT,4,1,8,Dev,0.49998,0.4444444444444444,0.00016,0.00031988484145707545,0.50002,/gpfs/projects/HeinzGroup/caffeine_underground/mlrt/FlexFringe/FlexFringe/models-ps-small/0.1.1.1.0.0.searchglobal.0.ini/0.1.1.1.0.0.searchglobal.0_16.16.LT.4.1.8_Small.final.json,/gpfs/projects/HeinzGroup/asoubki/FlexFringe/data/MLRegTest/Large/16.16.LT.4.1.8_Dev.txt,2025-12-29 23:26:11.288469
0.1.1.1.0.0.searchglobal.0,Small,16,16,LT,4,1,8,Train,0.5,0.0,0.0,0.0,0.5,/gpfs/projects/HeinzGroup/caffeine_underground/mlrt/FlexFringe/FlexFringe/models-ps-small/0.1.1.1.0.0.searchglobal.0.ini/0.1.1.1.0.0.searchglobal.0_16.16.LT.4.1.8_Small.final.json,/gpfs/projects/HeinzGroup/asoubki/FlexFringe/data/MLRegTest/Small/16.16.LT.4.1.8_Train.txt,2025-12-29 23:26:11.288469
0.1.1.1.0.0.searchglobal.0,Small,16,16,LT,4,1,9,TestLR,0.50001,1.0,2e-05,3.999920001599968e-05,0.49999,/gpfs/projects/HeinzGroup/caffeine_underground/mlrt/FlexFringe/FlexFringe/models-ps-small/0.1.1.1.0.0.searchglobal.0.ini/0.1.1.1.0.0.searchglobal.0_16.16.LT.4.1.9_Small.final.json,/gpfs/projects/HeinzGroup/asoubki/FlexFringe/data/MLRegTest/Large/16.16.LT.4.1.9_TestLR.txt,2025-12-29 22:32:39.152938
0.1.1.1.0.0.searchglobal.0,Small,16,16,LT,4,1,9,TestSA,0.5,0.5,0.0001,0.0001999600079984003,0.5,/gpfs/projects/HeinzGroup/caffeine_underground/mlrt/FlexFringe/FlexFringe/models-ps-small/0.1.1.1.0.0.searchglobal.0.ini/0.1.1.1.0.0.searchglobal.0_16.16.LT.4.1.9_Small.final.json,/gpfs/projects/HeinzGroup/asoubki/FlexFringe/data/MLRegTest/Large/16.16.LT.4.1.9_TestSA.txt,2025-12-29 22:32:39.152938
0.1.1.1.0.0.searchglobal.0,Small,16,16,LT,4,1,9,TestLA,0.5,0.5,6e-05,0.00011998560172779267,0.5,/gpfs/projects/HeinzGroup/caffeine_underground/mlrt/FlexFringe/FlexFringe/models-ps-small/0.1.1.1.0.0.searchglobal.0.ini/0.1.1.1.0.0.searchglobal.0_16.16.LT.4.1.9_Small.final.json,/gpfs/projects/HeinzGroup/asoubki/FlexFringe/data/MLRegTest/Large/16.16.LT.4.1.9_TestLA.txt,2025-12-29 22:32:39.152938
0.1.1.1.0.0.searchglobal.0,Small,16,16,LT,4,1,9,TestSR,0.50004,1.0,8e-05,0.00015998720102391808,0.49996,/gpfs/projects/HeinzGroup/caffeine_underground/mlrt/FlexFringe/FlexFringe/models-ps-small/0.1.1.1.0.0.searchglobal.0.ini/0.1.1.1.0.0.searchglobal.0_16.16.LT.4.1.9_Small.final.json,/gpfs/projects/HeinzGroup/asoubki/FlexFringe/data/MLRegTest/Large/16.16.LT.4.1.9_TestSR.txt,2025-12-29 22:32:39.152938
0.1.1.1.0.0.searchglobal.0,Small,16,16,LT,4,1,9,Dev,0.50001,1.0,2e-05,3.999920001599968e-05,0.49999,/gpfs/projects/HeinzGroup/caffeine_underground/mlrt/FlexFringe/FlexFringe/models-ps-small/0.1.1.1.0.0.searchglobal.0.ini/0.1.1.1.0.0.searchglobal.0_16.16.LT.4.1.9_Small.final.json,/gpfs/projects/HeinzGroup/asoubki/FlexFringe/data/MLRegTest/Large/16.16.LT.4.1.9_Dev.txt,2025-12-29 22:32:39.152938
0.1.1.1.0.0.searchglobal.0,Small,16,16,LT,4,1,9,Train,0.5,0.0,0.0,0.0,0.5,/gpfs/projects/HeinzGroup/caffeine_underground/mlrt/FlexFringe/FlexFringe/models-ps-small/0.1.1.1.0.0.searchglobal.0.ini/0.1.1.1.0.0.searchglobal.0_16.16.LT.4.1.9_Small.final.json,/gpfs/projects/HeinzGroup/asoubki/FlexFringe/data/MLRegTest/Small/16.16.LT.4.1.9_Train.txt,2025-12-29 22:32:39.152938
0.1.1.1.0.0.searchglobal.0,Small,16,16,LT,6,1,0,TestLA,0.51179,1.0,0.02358,0.04607358486879384,0.48821,/gpfs/projects/HeinzGroup/caffeine_underground/mlrt/FlexFringe/FlexFringe/models-ps-small/0.1.1.1.0.0.searchglobal.0.ini/0.1.1.1.0.0.searchglobal.0_16.16.LT.6.1.0_Small.final.json,/gpfs/projects/HeinzGroup/asoubki/FlexFringe/data/MLRegTest/Large/16.16.LT.6.1.0_TestLA.txt,2025-12-29 22:15:39.271124
0.1.1.1.0.0.searchglobal.0,Small,16,16,LT,6,1,0,TestLR,0.99633,1.0,0.99266,0.9963164814870575,0.00367,/gpfs/projects/HeinzGroup/caffeine_underground/mlrt/FlexFringe/FlexFringe/models-ps-small/0.1.1.1.0.0.searchglobal.0.ini/0.1.1.1.0.0.searchglobal.0_16.16.LT.6.1.0_Small.final.json,/gpfs/projects/HeinzGroup/asoubki/FlexFringe/data/MLRegTest/Large/16.16.LT.6.1.0_TestLR.txt,2025-12-29 22:15:39.271124
0.1.1.1.0.0.searchglobal.0,Small,16,16,LT,6,1,0,TestSA,0.51193,1.0,0.02386,0.046607934678569336,0.48807,/gpfs/projects/HeinzGroup/caffeine_underground/mlrt/FlexFringe/FlexFringe/models-ps-small/0.1.1.1.0.0.searchglobal.0.ini/0.1.1.1.0.0.searchglobal.0_16.16.LT.6.1.0_Small.final.json,/gpfs/projects/HeinzGroup/asoubki/FlexFringe/data/MLRegTest/Large/16.16.LT.6.1.0_TestSA.txt,2025-12-29 22:15:39.271124
0.1.1.1.0.0.searchglobal.0,Small,16,16,LT,6,1,0,TestSR,0.99773,1.0,0.99546,0.9977248353763042,0.00227,/gpfs/projects/HeinzGroup/caffeine_underground/mlrt/FlexFringe/FlexFringe/models-ps-small/0.1.1.1.0.0.searchglobal.0.ini/0.1.1.1.0.0.searchglobal.0_16.16.LT.6.1.0_Small.final.json,/gpfs/projects/HeinzGroup/asoubki/FlexFringe/data/MLRegTest/Large/16.16.LT.6.1.0_TestSR.txt,2025-12-29 22:15:39.271124
0.1.1.1.0.0.searchglobal.0,Small,16,16,LT,6,1,0,Dev,0.99809,1.0,0.99618,0.9980863449187949,0.00191,/gpfs/projects/HeinzGroup/caffeine_underground/mlrt/FlexFringe/FlexFringe/models-ps-small/0.1.1.1.0.0.searchglobal.0.ini/0.1.1.1.0.0.searchglobal.0_16.16.LT.6.1.0_Small.final.json,/gpfs/projects/HeinzGroup/asoubki/FlexFringe/data/MLRegTest/Large/16.16.LT.6.1.0_Dev.txt,2025-12-29 22:15:39.271124
0.1.1.1.0.0.searchglobal.0,Small,16,16,LT,6,1,0,Train,0.996,1.0,0.992,0.9959839357429718,0.004,/gpfs/projects/HeinzGroup/caffeine_underground/mlrt/FlexFringe/FlexFringe/models-ps-small/0.1.1.1.0.0.searchglobal.0.ini/0.1.1.1.0.0.searchglobal.0_16.16.LT.6.1.0_Small.final.json,/gpfs/projects/HeinzGroup/asoubki/FlexFringe/data/MLRegTest/Small/16.16.LT.6.1.0_Train.txt,2025-12-29 22:15:39.271124
0.1.1.1.0.0.searchglobal.0,Small,16,16,LT,6,1,1,TestLA,0.51724,1.0,0.03448,0.06666151109736293,0.48276,/gpfs/projects/HeinzGroup/caffeine_underground/mlrt/FlexFringe/FlexFringe/models-ps-small/0.1.1.1.0.0.searchglobal.0.ini/0.1.1.1.0.0.searchglobal.0_16.16.LT.6.1.1_Small.final.json,/gpfs/projects/HeinzGroup/asoubki/FlexFringe/data/MLRegTest/Large/16.16.LT.6.1.1_TestLA.txt,2025-12-29 23:18:37.722020
0.1.1.1.0.0.searchglobal.0,Small,16,16,LT,6,1,1,TestLR,0.99467,1.0,0.98934,0.9946414388691727,0.00533,/gpfs/projects/HeinzGroup/caffeine_underground/mlrt/FlexFringe/FlexFringe/models-ps-small/0.1.1.1.0.0.searchglobal.0.ini/0.1.1.1.0.0.searchglobal.0_16.16.LT.6.1.1_Small.final.json,/gpfs/projects/HeinzGroup/asoubki/FlexFringe/data/MLRegTest/Large/16.16.LT.6.1.1_TestLR.txt,2025-12-29 23:18:37.722020
0.1.1.1.0.0.searchglobal.0,Small,16,16,LT,6,1,1,TestSR,0.99628,1.0,0.99256,0.9962661099289356,0.00372,/gpfs/projects/HeinzGroup/caffeine_underground/mlrt/FlexFringe/FlexFringe/models-ps-small/0.1.1.1.0.0.searchglobal.0.ini/0.1.1.1.0.0.searchglobal.0_16.16.LT.6.1.1_Small.final.json,/gpfs/projects/HeinzGroup/asoubki/FlexFringe/data/MLRegTest/Large/16.16.LT.6.1.1_TestSR.txt,2025-12-29 23:18:37.722020
0.1.1.1.0.0.searchglobal.0,Small,16,16,LT,6,1,1,TestSA,0.51926,1.0,0.03852,0.07418249046720332,0.48074,/gpfs/projects/HeinzGroup/caffeine_underground/mlrt/FlexFringe/FlexFringe/models-ps-small/0.1.1.1.0.0.searchglobal.0.ini/0.1.1.1.0.0.searchglobal.0_16.16.LT.6.1.1_Small.final.json,/gpfs/projects/HeinzGroup/asoubki/FlexFringe/data/MLRegTest/Large/16.16.LT.6.1.1_TestSA.txt,2025-12-29 23:18:37.722020
0.1.1.1.0.0.searchglobal.0,Small,16,16,LT,6,1,1,Dev,0.99638,1.0,0.99276,0.9963668479897227,0.00362,/gpfs/projects/HeinzGroup/caffeine_underground/mlrt/FlexFringe/FlexFringe/models-ps-small/0.1.1.1.0.0.searchglobal.0.ini/0.1.1.1.0.0.searchglobal.0_16.16.LT.6.1.1_Small.final.json,/gpfs/projects/HeinzGroup/asoubki/FlexFringe/data/MLRegTest/Large/16.16.LT.6.1.1_Dev.txt,2025-12-29 23:18:37.722020
0.1.1.1.0.0.searchglobal.0,Small,16,16,LT,6,1,1,Train,0.989,1.0,0.978,0.9888776541961577,0.011,/gpfs/projects/HeinzGroup/caffeine_underground/mlrt/FlexFringe/FlexFringe/models-ps-small/0.1.1.1.0.0.searchglobal.0.ini/0.1.1.1.0.0.searchglobal.0_16.16.LT.6.1.1_Small.final.json,/gpfs/projects/HeinzGroup/asoubki/FlexFringe/data/MLRegTest/Small/16.16.LT.6.1.1_Train.txt,2025-12-29 23:18:37.722020
0.1.1.1.0.0.searchglobal.0,Small,16,16,LT,6,1,2,TestSA,0.57565,0.9861200359850919,0.15346,0.2655890344576937,0.42435,/gpfs/projects/HeinzGroup/caffeine_underground/mlrt/FlexFringe/FlexFringe/models-ps-small/0.1.1.1.0.0.searchglobal.0.ini/0.1.1.1.0.0.searchglobal.0_16.16.LT.6.1.2_Small.final.json,/gpfs/projects/HeinzGroup/asoubki/FlexFringe/data/MLRegTest/Large/16.16.LT.6.1.2_TestSA.txt,2025-12-29 22:34:36.375444
0.1.1.1.0.0.searchglobal.0,Small,16,16,LT,6,1,2,TestLA,0.56999,0.9603999473753454,0.146,0.2534678217392059,0.43001,/gpfs/projects/HeinzGroup/caffeine_underground/mlrt/FlexFringe/FlexFringe/models-ps-small/0.1.1.1.0.0.searchglobal.0.ini/0.1.1.1.0.0.searchglobal.0_16.16.LT.6.1.2_Small.final.json,/gpfs/projects/HeinzGroup/asoubki/FlexFringe/data/MLRegTest/Large/16.16.LT.6.1.2_TestLA.txt,2025-12-29 22:34:36.375444
0.1.1.1.0.0.searchglobal.0,Small,16,16,LT,6,1,2,TestLR,0.9919,0.9931031717390433,0.99068,0.9918901059292337,0.0081,/gpfs/projects/HeinzGroup/caffeine_underground/mlrt/FlexFringe/FlexFringe/models-ps-small/0.1.1.1.0.0.searchglobal.0.ini/0.1.1.1.0.0.searchglobal.0_16.16.LT.6.1.2_Small.final.json,/gpfs/projects/HeinzGroup/asoubki/FlexFringe/data/MLRegTest/Large/16.16.LT.6.1.2_TestLR.txt,2025-12-29 22:34:36.375444
0.1.1.1.0.0.searchglobal.0,Small,16,16,LT,6,1,2,TestSR,0.99627,0.9973542322262532,0.99518,0.9962659298635512,0.00373,/gpfs/projects/HeinzGroup/caffeine_underground/mlrt/FlexFringe/FlexFringe/models-ps-small/0.1.1.1.0.0.searchglobal.0.ini/0.1.1.1.0.0.searchglobal.0_16.16.LT.6.1.2_Small.final.json,/gpfs/projects/HeinzGroup/asoubki/FlexFringe/data/MLRegTest/Large/16.16.LT.6.1.2_TestSR.txt,2025-12-29 22:34:36.375444
0.1.1.1.0.0.searchglobal.0,Small,16,16,LT,6,1,2,Dev,0.99656,0.9978943568764288,0.99522,0.9965553842148479,0.00344,/gpfs/projects/HeinzGroup/caffeine_underground/mlrt/FlexFringe/FlexFringe/models-ps-small/0.1.1.1.0.0.searchglobal.0.ini/0.1.1.1.0.0.searchglobal.0_16.16.LT.6.1.2_Small.final.json,/gpfs/projects/HeinzGroup/asoubki/FlexFringe/data/MLRegTest/Large/16.16.LT.6.1.2_Dev.txt,2025-12-29 22:34:36.375444
0.1.1.1.0.0.searchglobal.0,Small,16,16,LT,6,1,2,Train,0.998,0.998,0.998,0.998,0.002,/gpfs/projects/HeinzGroup/caffeine_underground/mlrt/FlexFringe/FlexFringe/models-ps-small/0.1.1.1.0.0.searchglobal.0.ini/0.1.1.1.0.0.searchglobal.0_16.16.LT.6.1.2_Small.final.json,/gpfs/projects/HeinzGroup/asoubki/FlexFringe/data/MLRegTest/Small/16.16.LT.6.1.2_Train.txt,2025-12-29 22:34:36.375444
0.1.1.1.0.0.searchglobal.0,Small,16,16,LT,6,1,3,TestLA,0.52485,0.7401894451962111,0.07658,0.13879977525238793,0.47515,/gpfs/projects/HeinzGroup/caffeine_underground/mlrt/FlexFringe/FlexFringe/models-ps-small/0.1.1.1.0.0.searchglobal.0.ini/0.1.1.1.0.0.searchglobal.0_16.16.LT.6.1.3_Small.final.json,/gpfs/projects/HeinzGroup/asoubki/FlexFringe/data/MLRegTest/Large/16.16.LT.6.1.3_TestLA.txt,2025-12-29 22:06:12.872054
0.1.1.1.0.0.searchglobal.0,Small,16,16,LT,6,1,3,TestLR,0.96298,0.972872492544021,0.95252,0.9625886775673546,0.03702,/gpfs/projects/HeinzGroup/caffeine_underground/mlrt/FlexFringe/FlexFringe/models-ps-small/0.1.1.1.0.0.searchglobal.0.ini/0.1.1.1.0.0.searchglobal.0_16.16.LT.6.1.3_Small.final.json,/gpfs/projects/HeinzGroup/asoubki/FlexFringe/data/MLRegTest/Large/16.16.LT.6.1.3_TestLR.txt,2025-12-29 22:06:12.872054
0.1.1.1.0.0.searchglobal.0,Small,16,16,LT,6,1,3,TestSR,0.97882,0.9854217356042173,0.97202,0.9786749899315345,0.02118,/gpfs/projects/HeinzGroup/caffeine_underground/mlrt/FlexFringe/FlexFringe/models-ps-small/0.1.1.1.0.0.searchglobal.0.ini/0.1.1.1.0.0.searchglobal.0_16.16.LT.6.1.3_Small.final.json,/gpfs/projects/HeinzGroup/asoubki/FlexFringe/data/MLRegTest/Large/16.16.LT.6.1.3_TestSR.txt,2025-12-29 22:06:12.872054
0.1.1.1.0.0.searchglobal.0,Small,16,16,LT,6,1,3,TestSA,0.52785,0.8322596039131472,0.06976,0.1287298628923622,0.47215,/gpfs/projects/HeinzGroup/caffeine_underground/mlrt/FlexFringe/FlexFringe/models-ps-small/0.1.1.1.0.0.searchglobal.0.ini/0.1.1.1.0.0.searchglobal.0_16.16.LT.6.1.3_Small.final.json,/gpfs/projects/HeinzGroup/asoubki/FlexFringe/data/MLRegTest/Large/16.16.LT.6.1.3_TestSA.txt,2025-12-29 22:06:12.872054
0.1.1.1.0.0.searchglobal.0,Small,16,16,LT,6,1,3,Dev,0.97837,0.9856252411020648,0.9709,0.9782072078425841,0.02163,/gpfs/projects/HeinzGroup/caffeine_underground/mlrt/FlexFringe/FlexFringe/models-ps-small/0.1.1.1.0.0.searchglobal.0.ini/0.1.1.1.0.0.searchglobal.0_16.16.LT.6.1.3_Small.final.json,/gpfs/projects/HeinzGroup/asoubki/FlexFringe/data/MLRegTest/Large/16.16.LT.6.1.3_Dev.txt,2025-12-29 22:06:12.872054
0.1.1.1.0.0.searchglobal.0,Small,16,16,LT,6,1,3,Train,0.979,0.9917864476386037,0.966,0.9787234042553191,0.021,/gpfs/projects/HeinzGroup/caffeine_underground/mlrt/FlexFringe/FlexFringe/models-ps-small/0.1.1.1.0.0.searchglobal.0.ini/0.1.1.1.0.0.searchglobal.0_16.16.LT.6.1.3_Small.final.json,/gpfs/projects/HeinzGroup/asoubki/FlexFringe/data/MLRegTest/Small/16.16.LT.6.1.3_Train.txt,2025-12-29 22:06:12.872054
0.1.1.1.0.0.searchglobal.0,Small,16,16,LT,6,1,4,TestSR,0.99874,0.9993392070484581,0.99814,0.9987392435461276,0.00126,/gpfs/projects/HeinzGroup/caffeine_underground/mlrt/FlexFringe/FlexFringe/models-ps-small/0.1.1.1.0.0.searchglobal.0.ini/0.1.1.1.0.0.searchglobal.0_16.16.LT.6.1.4_Small.final.json,/gpfs/projects/HeinzGroup/asoubki/FlexFringe/data/MLRegTest/Large/16.16.LT.6.1.4_TestSR.txt,2025-12-29 23:34:38.472585
0.1.1.1.0.0.searchglobal.0,Small,16,16,LT,6,1,4,TestLA,0.74799,0.6657354808527701,0.99614,0.7980931779032969,0.25201,/gpfs/projects/HeinzGroup/caffeine_underground/mlrt/FlexFringe/FlexFringe/models-ps-small/0.1.1.1.0.0.searchglobal.0.ini/0.1.1.1.0.0.searchglobal.0_16.16.LT.6.1.4_Small.final.json,/gpfs/projects/HeinzGroup/asoubki/FlexFringe/data/MLRegTest/Large/16.16.LT.6.1.4_TestLA.txt,2025-12-29 23:34:38.472585
0.1.1.1.0.0.searchglobal.0,Small,16,16,LT,6,1,4,TestSA,0.74862,0.6659103648933614,0.99788,0.798776875910539,0.25138,/gpfs/projects/HeinzGroup/caffeine_underground/mlrt/FlexFringe/FlexFringe/models-ps-small/0.1.1.1.0.0.searchglobal.0.ini/0.1.1.1.0.0.searchglobal.0_16.16.LT.6.1.4_Small.final.json,/gpfs/projects/HeinzGroup/asoubki/FlexFringe/data/MLRegTest/Large/16.16.LT.6.1.4_TestSA.txt,2025-12-29 23:34:38.472585
0.1.1.1.0.0.searchglobal.0,Small,16,16,LT,6,1,4,TestLR,0.99722,0.9988162118780096,0.99562,0.9972155448717949,0.00278,/gpfs/projects/HeinzGroup/caffeine_underground/mlrt/FlexFringe/FlexFringe/models-ps-small/0.1.1.1.0.0.searchglobal.0.ini/0.1.1.1.0.0.searchglobal.0_16.16.LT.6.1.4_Small.final.json,/gpfs/projects/HeinzGroup/asoubki/FlexFringe/data/MLRegTest/Large/16.16.LT.6.1.4_TestLR.txt,2025-12-29 23:34:38.472585
0.1.1.1.0.0.searchglobal.0,Small,16,16,LT,6,1,4,Dev,0.99867,0.9991791627460009,0.99816,0.9986693213538905,0.00133,/gpfs/projects/HeinzGroup/caffeine_underground/mlrt/FlexFringe/FlexFringe/models-ps-small/0.1.1.1.0.0.searchglobal.0.ini/0.1.1.1.0.0.searchglobal.0_16.16.LT.6.1.4_Small.final.json,/gpfs/projects/HeinzGroup/asoubki/FlexFringe/data/MLRegTest/Large/16.16.LT.6.1.4_Dev.txt,2025-12-29 23:34:38.472585
0.1.1.1.0.0.searchglobal.0,Small,16,16,LT,6,1,4,Train,0.999,0.998003992015968,1.0,0.999000999000999,0.001,/gpfs/projects/HeinzGroup/caffeine_underground/mlrt/FlexFringe/FlexFringe/models-ps-small/0.1.1.1.0.0.searchglobal.0.ini/0.1.1.1.0.0.searchglobal.0_16.16.LT.6.1.4_Small.final.json,/gpfs/projects/HeinzGroup/asoubki/FlexFringe/data/MLRegTest/Small/16.16.LT.6.1.4_Train.txt,2025-12-29 23:34:38.472585
0.1.1.1.0.0.searchglobal.0,Small,16,16,LT,6,1,5,TestLA,0.5,0.0,0.0,0.0,0.5,/gpfs/projects/HeinzGroup/caffeine_underground/mlrt/FlexFringe/FlexFringe/models-ps-small/0.1.1.1.0.0.searchglobal.0.ini/0.1.1.1.0.0.searchglobal.0_16.16.LT.6.1.5_Small.final.json,/gpfs/projects/HeinzGroup/asoubki/FlexFringe/data/MLRegTest/Large/16.16.LT.6.1.5_TestLA.txt,2025-12-29 22:55:55.417039
0.1.1.1.0.0.searchglobal.0,Small,16,16,LT,6,1,5,TestLR,0.5,0.0,0.0,0.0,0.5,/gpfs/projects/HeinzGroup/caffeine_underground/mlrt/FlexFringe/FlexFringe/models-ps-small/0.1.1.1.0.0.searchglobal.0.ini/0.1.1.1.0.0.searchglobal.0_16.16.LT.6.1.5_Small.final.json,/gpfs/projects/HeinzGroup/asoubki/FlexFringe/data/MLRegTest/Large/16.16.LT.6.1.5_TestLR.txt,2025-12-29 22:55:55.417039
0.1.1.1.0.0.searchglobal.0,Small,16,16,LT,6,1,5,TestSA,0.5,0.0,0.0,0.0,0.5,/gpfs/projects/HeinzGroup/caffeine_underground/mlrt/FlexFringe/FlexFringe/models-ps-small/0.1.1.1.0.0.searchglobal.0.ini/0.1.1.1.0.0.searchglobal.0_16.16.LT.6.1.5_Small.final.json,/gpfs/projects/HeinzGroup/asoubki/FlexFringe/data/MLRegTest/Large/16.16.LT.6.1.5_TestSA.txt,2025-12-29 22:55:55.417039
0.1.1.1.0.0.searchglobal.0,Small,16,16,LT,6,1,5,TestSR,0.49999,0.0,0.0,0.0,0.50001,/gpfs/projects/HeinzGroup/caffeine_underground/mlrt/FlexFringe/FlexFringe/models-ps-small/0.1.1.1.0.0.searchglobal.0.ini/0.1.1.1.0.0.searchglobal.0_16.16.LT.6.1.5_Small.final.json,/gpfs/projects/HeinzGroup/asoubki/FlexFringe/data/MLRegTest/Large/16.16.LT.6.1.5_TestSR.txt,2025-12-29 22:55:55.417039
0.1.1.1.0.0.searchglobal.0,Small,16,16,LT,6,1,5,Dev,0.5,0.0,0.0,0.0,0.5,/gpfs/projects/HeinzGroup/caffeine_underground/mlrt/FlexFringe/FlexFringe/models-ps-small/0.1.1.1.0.0.searchglobal.0.ini/0.1.1.1.0.0.searchglobal.0_16.16.LT.6.1.5_Small.final.json,/gpfs/projects/HeinzGroup/asoubki/FlexFringe/data/MLRegTest/Large/16.16.LT.6.1.5_Dev.txt,2025-12-29 22:55:55.417039
0.1.1.1.0.0.searchglobal.0,Small,16,16,LT,6,1,5,Train,0.5,0.0,0.0,0.0,0.5,/gpfs/projects/HeinzGroup/caffeine_underground/mlrt/FlexFringe/FlexFringe/models-ps-small/0.1.1.1.0.0.searchglobal.0.ini/0.1.1.1.0.0.searchglobal.0_16.16.LT.6.1.5_Small.final.json,/gpfs/projects/HeinzGroup/asoubki/FlexFringe/data/MLRegTest/Small/16.16.LT.6.1.5_Train.txt,2025-12-29 22:55:55.417039
0.1.1.1.0.0.searchglobal.0,Small,16,16,LT,6,1,6,TestLR,0.5,0.0,0.0,0.0,0.5,/gpfs/projects/HeinzGroup/caffeine_underground/mlrt/FlexFringe/FlexFringe/models-ps-small/0.1.1.1.0.0.searchglobal.0.ini/0.1.1.1.0.0.searchglobal.0_16.16.LT.6.1.6_Small.final.json,/gpfs/projects/HeinzGroup/asoubki/FlexFringe/data/MLRegTest/Large/16.16.LT.6.1.6_TestLR.txt,2025-12-29 22:46:44.754741
0.1.1.1.0.0.searchglobal.0,Small,16,16,LT,6,1,6,TestLA,0.5,0.0,0.0,0.0,0.5,/gpfs/projects/HeinzGroup/caffeine_underground/mlrt/FlexFringe/FlexFringe/models-ps-small/0.1.1.1.0.0.searchglobal.0.ini/0.1.1.1.0.0.searchglobal.0_16.16.LT.6.1.6_Small.final.json,/gpfs/projects/HeinzGroup/asoubki/FlexFringe/data/MLRegTest/Large/16.16.LT.6.1.6_TestLA.txt,2025-12-29 22:46:44.754741
0.1.1.1.0.0.searchglobal.0,Small,16,16,LT,6,1,6,TestSA,0.5,0.0,0.0,0.0,0.5,/gpfs/projects/HeinzGroup/caffeine_underground/mlrt/FlexFringe/FlexFringe/models-ps-small/0.1.1.1.0.0.searchglobal.0.ini/0.1.1.1.0.0.searchglobal.0_16.16.LT.6.1.6_Small.final.json,/gpfs/projects/HeinzGroup/asoubki/FlexFringe/data/MLRegTest/Large/16.16.LT.6.1.6_TestSA.txt,2025-12-29 22:46:44.754741
0.1.1.1.0.0.searchglobal.0,Small,16,16,LT,6,1,6,TestSR,0.5,0.0,0.0,0.0,0.5,/gpfs/projects/HeinzGroup/caffeine_underground/mlrt/FlexFringe/FlexFringe/models-ps-small/0.1.1.1.0.0.searchglobal.0.ini/0.1.1.1.0.0.searchglobal.0_16.16.LT.6.1.6_Small.final.json,/gpfs/projects/HeinzGroup/asoubki/FlexFringe/data/MLRegTest/Large/16.16.LT.6.1.6_TestSR.txt,2025-12-29 22:46:44.754741
0.1.1.1.0.0.searchglobal.0,Small,16,16,LT,6,1,6,Dev,0.5,0.0,0.0,0.0,0.5,/gpfs/projects/HeinzGroup/caffeine_underground/mlrt/FlexFringe/FlexFringe/models-ps-small/0.1.1.1.0.0.searchglobal.0.ini/0.1.1.1.0.0.searchglobal.0_16.16.LT.6.1.6_Small.final.json,/gpfs/projects/HeinzGroup/asoubki/FlexFringe/data/MLRegTest/Large/16.16.LT.6.1.6_Dev.txt,2025-12-29 22:46:44.754741
0.1.1.1.0.0.searchglobal.0,Small,16,16,LT,6,1,6,Train,0.5,0.0,0.0,0.0,0.5,/gpfs/projects/HeinzGroup/caffeine_underground/mlrt/FlexFringe/FlexFringe/models-ps-small/0.1.1.1.0.0.searchglobal.0.ini/0.1.1.1.0.0.searchglobal.0_16.16.LT.6.1.6_Small.final.json,/gpfs/projects/HeinzGroup/asoubki/FlexFringe/data/MLRegTest/Small/16.16.LT.6.1.6_Train.txt,2025-12-29 22:46:44.754741
0.1.1.1.0.0.searchglobal.0,Small,16,16,LT,6,1,7,TestLR,0.5,0.0,0.0,0.0,0.5,/gpfs/projects/HeinzGroup/caffeine_underground/mlrt/FlexFringe/FlexFringe/models-ps-small/0.1.1.1.0.0.searchglobal.0.ini/0.1.1.1.0.0.searchglobal.0_16.16.LT.6.1.7_Small.final.json,/gpfs/projects/HeinzGroup/asoubki/FlexFringe/data/MLRegTest/Large/16.16.LT.6.1.7_TestLR.txt,2025-12-29 22:40:05.059590
0.1.1.1.0.0.searchglobal.0,Small,16,16,LT,6,1,7,TestSR,0.5,0.0,0.0,0.0,0.5,/gpfs/projects/HeinzGroup/caffeine_underground/mlrt/FlexFringe/FlexFringe/models-ps-small/0.1.1.1.0.0.searchglobal.0.ini/0.1.1.1.0.0.searchglobal.0_16.16.LT.6.1.7_Small.final.json,/gpfs/projects/HeinzGroup/asoubki/FlexFringe/data/MLRegTest/Large/16.16.LT.6.1.7_TestSR.txt,2025-12-29 22:40:05.059590
0.1.1.1.0.0.searchglobal.0,Small,16,16,LT,6,1,7,TestLA,0.5,0.0,0.0,0.0,0.5,/gpfs/projects/HeinzGroup/caffeine_underground/mlrt/FlexFringe/FlexFringe/models-ps-small/0.1.1.1.0.0.searchglobal.0.ini/0.1.1.1.0.0.searchglobal.0_16.16.LT.6.1.7_Small.final.json,/gpfs/projects/HeinzGroup/asoubki/FlexFringe/data/MLRegTest/Large/16.16.LT.6.1.7_TestLA.txt,2025-12-29 22:40:05.059590
0.1.1.1.0.0.searchglobal.0,Small,16,16,LT,6,1,7,TestSA,0.5,0.0,0.0,0.0,0.5,/gpfs/projects/HeinzGroup/caffeine_underground/mlrt/FlexFringe/FlexFringe/models-ps-small/0.1.1.1.0.0.searchglobal.0.ini/0.1.1.1.0.0.searchglobal.0_16.16.LT.6.1.7_Small.final.json,/gpfs/projects/HeinzGroup/asoubki/FlexFringe/data/MLRegTest/Large/16.16.LT.6.1.7_TestSA.txt,2025-12-29 22:40:05.059590
0.1.1.1.0.0.searchglobal.0,Small,16,16,LT,6,1,7,Dev,0.5,0.0,0.0,0.0,0.5,/gpfs/projects/HeinzGroup/caffeine_underground/mlrt/FlexFringe/FlexFringe/models-ps-small/0.1.1.1.0.0.searchglobal.0.ini/0.1.1.1.0.0.searchglobal.0_16.16.LT.6.1.7_Small.final.json,/gpfs/projects/HeinzGroup/asoubki/FlexFringe/data/MLRegTest/Large/16.16.LT.6.1.7_Dev.txt,2025-12-29 22:40:05.059590
0.1.1.1.0.0.searchglobal.0,Small,16,16,LT,6,1,7,Train,0.5,0.0,0.0,0.0,0.5,/gpfs/projects/HeinzGroup/caffeine_underground/mlrt/FlexFringe/FlexFringe/models-ps-small/0.1.1.1.0.0.searchglobal.0.ini/0.1.1.1.0.0.searchglobal.0_16.16.LT.6.1.7_Small.final.json,/gpfs/projects/HeinzGroup/asoubki/FlexFringe/data/MLRegTest/Small/16.16.LT.6.1.7_Train.txt,2025-12-29 22:40:05.059590
0.1.1.1.0.0.searchglobal.0,Small,16,16,LT,6,1,8,TestSR,0.5,0.0,0.0,0.0,0.5,/gpfs/projects/HeinzGroup/caffeine_underground/mlrt/FlexFringe/FlexFringe/models-ps-small/0.1.1.1.0.0.searchglobal.0.ini/0.1.1.1.0.0.searchglobal.0_16.16.LT.6.1.8_Small.final.json,/gpfs/projects/HeinzGroup/asoubki/FlexFringe/data/MLRegTest/Large/16.16.LT.6.1.8_TestSR.txt,2025-12-29 22:22:44.253624
0.1.1.1.0.0.searchglobal.0,Small,16,16,LT,6,1,8,TestLA,0.5,0.0,0.0,0.0,0.5,/gpfs/projects/HeinzGroup/caffeine_underground/mlrt/FlexFringe/FlexFringe/models-ps-small/0.1.1.1.0.0.searchglobal.0.ini/0.1.1.1.0.0.searchglobal.0_16.16.LT.6.1.8_Small.final.json,/gpfs/projects/HeinzGroup/asoubki/FlexFringe/data/MLRegTest/Large/16.16.LT.6.1.8_TestLA.txt,2025-12-29 22:22:44.253624
0.1.1.1.0.0.searchglobal.0,Small,16,16,LT,6,1,8,TestSA,0.5,0.0,0.0,0.0,0.5,/gpfs/projects/HeinzGroup/caffeine_underground/mlrt/FlexFringe/FlexFringe/models-ps-small/0.1.1.1.0.0.searchglobal.0.ini/0.1.1.1.0.0.searchglobal.0_16.16.LT.6.1.8_Small.final.json,/gpfs/projects/HeinzGroup/asoubki/FlexFringe/data/MLRegTest/Large/16.16.LT.6.1.8_TestSA.txt,2025-12-29 22:22:44.253624
0.1.1.1.0.0.searchglobal.0,Small,16,16,LT,6,1,8,TestLR,0.5,0.0,0.0,0.0,0.5,/gpfs/projects/HeinzGroup/caffeine_underground/mlrt/FlexFringe/FlexFringe/models-ps-small/0.1.1.1.0.0.searchglobal.0.ini/0.1.1.1.0.0.searchglobal.0_16.16.LT.6.1.8_Small.final.json,/gpfs/projects/HeinzGroup/asoubki/FlexFringe/data/MLRegTest/Large/16.16.LT.6.1.8_TestLR.txt,2025-12-29 22:22:44.253624
0.1.1.1.0.0.searchglobal.0,Small,16,16,LT,6,1,8,Dev,0.5,0.0,0.0,0.0,0.5,/gpfs/projects/HeinzGroup/caffeine_underground/mlrt/FlexFringe/FlexFringe/models-ps-small/0.1.1.1.0.0.searchglobal.0.ini/0.1.1.1.0.0.searchglobal.0_16.16.LT.6.1.8_Small.final.json,/gpfs/projects/HeinzGroup/asoubki/FlexFringe/data/MLRegTest/Large/16.16.LT.6.1.8_Dev.txt,2025-12-29 22:22:44.253624
0.1.1.1.0.0.searchglobal.0,Small,16,16,LT,6,1,8,Train,0.5,0.0,0.0,0.0,0.5,/gpfs/projects/HeinzGroup/caffeine_underground/mlrt/FlexFringe/FlexFringe/models-ps-small/0.1.1.1.0.0.searchglobal.0.ini/0.1.1.1.0.0.searchglobal.0_16.16.LT.6.1.8_Small.final.json,/gpfs/projects/HeinzGroup/asoubki/FlexFringe/data/MLRegTest/Small/16.16.LT.6.1.8_Train.txt,2025-12-29 22:22:44.253624
0.1.1.1.0.0.searchglobal.0,Small,16,16,LT,6,1,9,TestLA,0.5,0.5,0.245,0.3288590604026846,0.5,/gpfs/projects/HeinzGroup/caffeine_underground/mlrt/FlexFringe/FlexFringe/models-ps-small/0.1.1.1.0.0.searchglobal.0.ini/0.1.1.1.0.0.searchglobal.0_16.16.LT.6.1.9_Small.final.json,/gpfs/projects/HeinzGroup/asoubki/FlexFringe/data/MLRegTest/Large/16.16.LT.6.1.9_TestLA.txt,2025-12-29 22:08:32.052901
0.1.1.1.0.0.searchglobal.0,Small,16,16,LT,6,1,9,TestLR,0.50128,0.5025388765471279,0.25336,0.3368790554196362,0.49872,/gpfs/projects/HeinzGroup/caffeine_underground/mlrt/FlexFringe/FlexFringe/models-ps-small/0.1.1.1.0.0.searchglobal.0.ini/0.1.1.1.0.0.searchglobal.0_16.16.LT.6.1.9_Small.final.json,/gpfs/projects/HeinzGroup/asoubki/FlexFringe/data/MLRegTest/Large/16.16.LT.6.1.9_TestLR.txt,2025-12-29 22:08:32.052901
0.1.1.1.0.0.searchglobal.0,Small,16,16,LT,6,1,9,TestSA,0.50001,0.5000197075401048,0.25372,0.3366281461039392,0.49999,/gpfs/projects/HeinzGroup/caffeine_underground/mlrt/FlexFringe/FlexFringe/models-ps-small/0.1.1.1.0.0.searchglobal.0.ini/0.1.1.1.0.0.searchglobal.0_16.16.LT.6.1.9_Small.final.json,/gpfs/projects/HeinzGroup/asoubki/FlexFringe/data/MLRegTest/Large/16.16.LT.6.1.9_TestSA.txt,2025-12-29 22:08:32.052901
0.1.1.1.0.0.searchglobal.0,Small,16,16,LT,6,1,9,TestSR,0.49955,0.4991071782865759,0.25156,0.33451682823366713,0.50045,/gpfs/projects/HeinzGroup/caffeine_underground/mlrt/FlexFringe/FlexFringe/models-ps-small/0.1.1.1.0.0.searchglobal.0.ini/0.1.1.1.0.0.searchglobal.0_16.16.LT.6.1.9_Small.final.json,/gpfs/projects/HeinzGroup/asoubki/FlexFringe/data/MLRegTest/Large/16.16.LT.6.1.9_TestSR.txt,2025-12-29 22:08:32.052901
0.1.1.1.0.0.searchglobal.0,Small,16,16,LT,6,1,9,Dev,0.49898,0.4979916515712373,0.25292,0.3354643605591957,0.50102,/gpfs/projects/HeinzGroup/caffeine_underground/mlrt/FlexFringe/FlexFringe/models-ps-small/0.1.1.1.0.0.searchglobal.0.ini/0.1.1.1.0.0.searchglobal.0_16.16.LT.6.1.9_Small.final.json,/gpfs/projects/HeinzGroup/asoubki/FlexFringe/data/MLRegTest/Large/16.16.LT.6.1.9_Dev.txt,2025-12-29 22:08:32.052901
0.1.1.1.0.0.searchglobal.0,Small,16,16,LT,6,1,9,Train,0.501,0.5017421602787456,0.288,0.36594663278271916,0.499,/gpfs/projects/HeinzGroup/caffeine_underground/mlrt/FlexFringe/FlexFringe/models-ps-small/0.1.1.1.0.0.searchglobal.0.ini/0.1.1.1.0.0.searchglobal.0_16.16.LT.6.1.9_Small.final.json,/gpfs/projects/HeinzGroup/asoubki/FlexFringe/data/MLRegTest/Small/16.16.LT.6.1.9_Train.txt,2025-12-29 22:08:32.052901
0.1.1.1.0.0.searchglobal.0,Small,16,16,LTT,2,2,0,TestLA,0.5577,0.5371118371967377,0.83508,0.6537443830340227,0.4423,/gpfs/projects/HeinzGroup/caffeine_underground/mlrt/FlexFringe/FlexFringe/models-ps-small/0.1.1.1.0.0.searchglobal.0.ini/0.1.1.1.0.0.searchglobal.0_16.16.LTT.2.2.0_Small.final.json,/gpfs/projects/HeinzGroup/asoubki/FlexFringe/data/MLRegTest/Large/16.16.LTT.2.2.0_TestLA.txt,2025-12-29 23:17:21.618044
0.1.1.1.0.0.searchglobal.0,Small,16,16,LTT,2,2,0,TestLR,0.85242,0.8649600265109151,0.83524,0.8498402555910544,0.14758,/gpfs/projects/HeinzGroup/caffeine_underground/mlrt/FlexFringe/FlexFringe/models-ps-small/0.1.1.1.0.0.searchglobal.0.ini/0.1.1.1.0.0.searchglobal.0_16.16.LTT.2.2.0_Small.final.json,/gpfs/projects/HeinzGroup/asoubki/FlexFringe/data/MLRegTest/Large/16.16.LTT.2.2.0_TestLR.txt,2025-12-29 23:17:21.618044
0.1.1.1.0.0.searchglobal.0,Small,16,16,LTT,2,2,0,TestSR,0.90221,0.9127347357619292,0.88946,0.9009470752089136,0.09779,/gpfs/projects/HeinzGroup/caffeine_underground/mlrt/FlexFringe/FlexFringe/models-ps-small/0.1.1.1.0.0.searchglobal.0.ini/0.1.1.1.0.0.searchglobal.0_16.16.LTT.2.2.0_Small.final.json,/gpfs/projects/HeinzGroup/asoubki/FlexFringe/data/MLRegTest/Large/16.16.LTT.2.2.0_TestSR.txt,2025-12-29 23:17:21.618044
0.1.1.1.0.0.searchglobal.0,Small,16,16,LTT,2,2,0,TestSA,0.5639,0.538796871964251,0.88742,0.6704998791102514,0.4361,/gpfs/projects/HeinzGroup/caffeine_underground/mlrt/FlexFringe/FlexFringe/models-ps-small/0.1.1.1.0.0.searchglobal.0.ini/0.1.1.1.0.0.searchglobal.0_16.16.LTT.2.2.0_Small.final.json,/gpfs/projects/HeinzGroup/asoubki/FlexFringe/data/MLRegTest/Large/16.16.LTT.2.2.0_TestSA.txt,2025-12-29 23:17:21.618044
0.1.1.1.0.0.searchglobal.0,Small,16,16,LTT,2,2,0,Dev,0.90215,0.9123177558594951,0.88982,0.9009284477608918,0.09785,/gpfs/projects/HeinzGroup/caffeine_underground/mlrt/FlexFringe/FlexFringe/models-ps-small/0.1.1.1.0.0.searchglobal.0.ini/0.1.1.1.0.0.searchglobal.0_16.16.LTT.2.2.0_Small.final.json,/gpfs/projects/HeinzGroup/asoubki/FlexFringe/data/MLRegTest/Large/16.16.LTT.2.2.0_Dev.txt,2025-12-29 23:17:21.618044
0.1.1.1.0.0.searchglobal.0,Small,16,16,LTT,2,2,0,Train,0.895,0.8942115768463074,0.896,0.8951048951048951,0.105,/gpfs/projects/HeinzGroup/caffeine_underground/mlrt/FlexFringe/FlexFringe/models-ps-small/0.1.1.1.0.0.searchglobal.0.ini/0.1.1.1.0.0.searchglobal.0_16.16.LTT.2.2.0_Small.final.json,/gpfs/projects/HeinzGroup/asoubki/FlexFringe/data/MLRegTest/Small/16.16.LTT.2.2.0_Train.txt,2025-12-29 23:17:21.618044
0.1.1.1.0.0.searchglobal.0,Small,16,16,LTT,2,2,1,TestLR,0.54339,0.5329215921334163,0.70238,0.6060276620160657,0.45661,/gpfs/projects/HeinzGroup/caffeine_underground/mlrt/FlexFringe/FlexFringe/models-ps-small/0.1.1.1.0.0.searchglobal.0.ini/0.1.1.1.0.0.searchglobal.0_16.16.LTT.2.2.1_Small.final.json,/gpfs/projects/HeinzGroup/asoubki/FlexFringe/data/MLRegTest/Large/16.16.LTT.2.2.1_TestLR.txt,2025-12-29 22:58:59.799645
0.1.1.1.0.0.searchglobal.0,Small,16,16,LTT,2,2,1,TestSR,0.56891,0.5517769930122474,0.73436,0.6301085417649834,0.43109,/gpfs/projects/HeinzGroup/caffeine_underground/mlrt/FlexFringe/FlexFringe/models-ps-small/0.1.1.1.0.0.searchglobal.0.ini/0.1.1.1.0.0.searchglobal.0_16.16.LTT.2.2.1_Small.final.json,/gpfs/projects/HeinzGroup/asoubki/FlexFringe/data/MLRegTest/Large/16.16.LTT.2.2.1_TestSR.txt,2025-12-29 22:58:59.799645
0.1.1.1.0.0.searchglobal.0,Small,16,16,LTT,2,2,1,TestSA,0.52118,0.517072934803637,0.64146,0.5725889956082408,0.47882,/gpfs/projects/HeinzGroup/caffeine_underground/mlrt/FlexFringe/FlexFringe/models-ps-small/0.1.1.1.0.0.searchglobal.0.ini/0.1.1.1.0.0.searchglobal.0_16.16.LTT.2.2.1_Small.final.json,/gpfs/projects/HeinzGroup/asoubki/FlexFringe/data/MLRegTest/Large/16.16.LTT.2.2.1_TestSA.txt,2025-12-29 22:58:59.799645
0.1.1.1.0.0.searchglobal.0,Small,16,16,LTT,2,2,1,TestLA,0.51277,0.5101203024203135,0.64368,0.5691699604743083,0.48723,/gpfs/projects/HeinzGroup/caffeine_underground/mlrt/FlexFringe/FlexFringe/models-ps-small/0.1.1.1.0.0.searchglobal.0.ini/0.1.1.1.0.0.searchglobal.0_16.16.LTT.2.2.1_Small.final.json,/gpfs/projects/HeinzGroup/asoubki/FlexFringe/data/MLRegTest/Large/16.16.LTT.2.2.1_TestLA.txt,2025-12-29 22:58:59.799645
0.1.1.1.0.0.searchglobal.0,Small,16,16,LTT,2,2,1,Dev,0.57345,0.5549569771791995,0.7417,0.6348812326128825,0.42655,/gpfs/projects/HeinzGroup/caffeine_underground/mlrt/FlexFringe/FlexFringe/models-ps-small/0.1.1.1.0.0.searchglobal.0.ini/0.1.1.1.0.0.searchglobal.0_16.16.LTT.2.2.1_Small.final.json,/gpfs/projects/HeinzGroup/asoubki/FlexFringe/data/MLRegTest/Large/16.16.LTT.2.2.1_Dev.txt,2025-12-29 22:58:59.799645
0.1.1.1.0.0.searchglobal.0,Small,16,16,LTT,2,2,1,Train,0.594,0.5729813664596274,0.738,0.6451048951048951,0.406,/gpfs/projects/HeinzGroup/caffeine_underground/mlrt/FlexFringe/FlexFringe/models-ps-small/0.1.1.1.0.0.searchglobal.0.ini/0.1.1.1.0.0.searchglobal.0_16.16.LTT.2.2.1_Small.final.json,/gpfs/projects/HeinzGroup/asoubki/FlexFringe/data/MLRegTest/Small/16.16.LTT.2.2.1_Train.txt,2025-12-29 22:58:59.799645
0.1.1.1.0.0.searchglobal.0,Small,16,16,LTT,2,2,2,TestLR,0.9676,0.9493734143153687,0.98788,0.9682440114478379,0.0324,/gpfs/projects/HeinzGroup/caffeine_underground/mlrt/FlexFringe/FlexFringe/models-ps-small/0.1.1.1.0.0.searchglobal.0.ini/0.1.1.1.0.0.searchglobal.0_16.16.LTT.2.2.2_Small.final.json,/gpfs/projects/HeinzGroup/asoubki/FlexFringe/data/MLRegTest/Large/16.16.LTT.2.2.2_TestLR.txt,2025-12-29 23:25:33.784121
0.1.1.1.0.0.searchglobal.0,Small,16,16,LTT,2,2,2,TestSR,0.97619,0.9601136297756392,0.99366,0.9765988186383874,0.02381,/gpfs/projects/HeinzGroup/caffeine_underground/mlrt/FlexFringe/FlexFringe/models-ps-small/0.1.1.1.0.0.searchglobal.0.ini/0.1.1.1.0.0.searchglobal.0_16.16.LTT.2.2.2_Small.final.json,/gpfs/projects/HeinzGroup/asoubki/FlexFringe/data/MLRegTest/Large/16.16.LTT.2.2.2_TestSR.txt,2025-12-29 23:25:33.784121
0.1.1.1.0.0.searchglobal.0,Small,16,16,LTT,2,2,2,TestLA,0.93285,0.9445779667632136,0.91966,0.9319524528531328,0.06715,/gpfs/projects/HeinzGroup/caffeine_underground/mlrt/FlexFringe/FlexFringe/models-ps-small/0.1.1.1.0.0.searchglobal.0.ini/0.1.1.1.0.0.searchglobal.0_16.16.LTT.2.2.2_Small.final.json,/gpfs/projects/HeinzGroup/asoubki/FlexFringe/data/MLRegTest/Large/16.16.LTT.2.2.2_TestLA.txt,2025-12-29 23:25:33.784121
0.1.1.1.0.0.searchglobal.0,Small,16,16,LTT,2,2,2,TestSA,0.94537,0.9541162795440178,0.93574,0.9448387976210911,0.05463,/gpfs/projects/HeinzGroup/caffeine_underground/mlrt/FlexFringe/FlexFringe/models-ps-small/0.1.1.1.0.0.searchglobal.0.ini/0.1.1.1.0.0.searchglobal.0_16.16.LTT.2.2.2_Small.final.json,/gpfs/projects/HeinzGroup/asoubki/FlexFringe/data/MLRegTest/Large/16.16.LTT.2.2.2_TestSA.txt,2025-12-29 23:25:33.784121
0.1.1.1.0.0.searchglobal.0,Small,16,16,LTT,2,2,2,Dev,0.97721,0.9612418085867275,0.99452,0.9775977823868831,0.02279,/gpfs/projects/HeinzGroup/caffeine_underground/mlrt/FlexFringe/FlexFringe/models-ps-small/0.1.1.1.0.0.searchglobal.0.ini/0.1.1.1.0.0.searchglobal.0_16.16.LTT.2.2.2_Small.final.json,/gpfs/projects/HeinzGroup/asoubki/FlexFringe/data/MLRegTest/Large/16.16.LTT.2.2.2_Dev.txt,2025-12-29 23:25:33.784121
0.1.1.1.0.0.searchglobal.0,Small,16,16,LTT,2,2,2,Train,0.974,0.9702380952380952,0.978,0.9741035856573705,0.026,/gpfs/projects/HeinzGroup/caffeine_underground/mlrt/FlexFringe/FlexFringe/models-ps-small/0.1.1.1.0.0.searchglobal.0.ini/0.1.1.1.0.0.searchglobal.0_16.16.LTT.2.2.2_Small.final.json,/gpfs/projects/HeinzGroup/asoubki/FlexFringe/data/MLRegTest/Small/16.16.LTT.2.2.2_Train.txt,2025-12-29 23:25:33.784121
0.1.1.1.0.0.searchglobal.0,Small,16,16,LTT,2,2,3,TestLA,0.51966,0.5124087959807114,0.81184,0.628271603027442,0.48034,/gpfs/projects/HeinzGroup/caffeine_underground/mlrt/FlexFringe/FlexFringe/models-ps-small/0.1.1.1.0.0.searchglobal.0.ini/0.1.1.1.0.0.searchglobal.0_16.16.LTT.2.2.3_Small.final.json,/gpfs/projects/HeinzGroup/asoubki/FlexFringe/data/MLRegTest/Large/16.16.LTT.2.2.3_TestLA.txt,2025-12-29 22:03:12.073194
0.1.1.1.0.0.searchglobal.0,Small,16,16,LTT,2,2,3,TestSR,0.54725,0.527062165660546,0.92024,0.6702452312107153,0.45275,/gpfs/projects/HeinzGroup/caffeine_underground/mlrt/FlexFringe/FlexFringe/models-ps-small/0.1.1.1.0.0.searchglobal.0.ini/0.1.1.1.0.0.searchglobal.0_16.16.LTT.2.2.3_Small.final.json,/gpfs/projects/HeinzGroup/asoubki/FlexFringe/data/MLRegTest/Large/16.16.LTT.2.2.3_TestSR.txt,2025-12-29 22:03:12.073194
0.1.1.1.0.0.searchglobal.0,Small,16,16,LTT,2,2,3,TestSA,0.52132,0.5126441144375385,0.8644,0.6435953182237841,0.47868,/gpfs/projects/HeinzGroup/caffeine_underground/mlrt/FlexFringe/FlexFringe/models-ps-small/0.1.1.1.0.0.searchglobal.0.ini/0.1.1.1.0.0.searchglobal.0_16.16.LTT.2.2.3_Small.final.json,/gpfs/projects/HeinzGroup/asoubki/FlexFringe/data/MLRegTest/Large/16.16.LTT.2.2.3_TestSA.txt,2025-12-29 22:03:12.073194
0.1.1.1.0.0.searchglobal.0,Small,16,16,LTT,2,2,3,TestLR,0.54122,0.5250072801397787,0.86538,0.6535312953117448,0.45878,/gpfs/projects/HeinzGroup/caffeine_underground/mlrt/FlexFringe/FlexFringe/models-ps-small/0.1.1.1.0.0.searchglobal.0.ini/0.1.1.1.0.0.searchglobal.0_16.16.LTT.2.2.3_Small.final.json,/gpfs/projects/HeinzGroup/asoubki/FlexFringe/data/MLRegTest/Large/16.16.LTT.2.2.3_TestLR.txt,2025-12-29 22:03:12.073194
0.1.1.1.0.0.searchglobal.0,Small,16,16,LTT,2,2,3,Dev,0.5447,0.5255504492763564,0.91944,0.6688101022738845,0.4553,/gpfs/projects/HeinzGroup/caffeine_underground/mlrt/FlexFringe/FlexFringe/models-ps-small/0.1.1.1.0.0.searchglobal.0.ini/0.1.1.1.0.0.searchglobal.0_16.16.LTT.2.2.3_Small.final.json,/gpfs/projects/HeinzGroup/asoubki/FlexFringe/data/MLRegTest/Large/16.16.LTT.2.2.3_Dev.txt,2025-12-29 22:03:12.073194
0.1.1.1.0.0.searchglobal.0,Small,16,16,LTT,2,2,3,Train,0.531,0.5176738882554162,0.908,0.6594045025417574,0.469,/gpfs/projects/HeinzGroup/caffeine_underground/mlrt/FlexFringe/FlexFringe/models-ps-small/0.1.1.1.0.0.searchglobal.0.ini/0.1.1.1.0.0.searchglobal.0_16.16.LTT.2.2.3_Small.final.json,/gpfs/projects/HeinzGroup/asoubki/FlexFringe/data/MLRegTest/Small/16.16.LTT.2.2.3_Train.txt,2025-12-29 22:03:12.073194
0.1.1.1.0.0.searchglobal.0,Small,16,16,LTT,2,2,4,TestSR,0.87801,0.8806670560512376,0.87452,0.8775827638458219,0.12199,/gpfs/projects/HeinzGroup/caffeine_underground/mlrt/FlexFringe/FlexFringe/models-ps-small/0.1.1.1.0.0.searchglobal.0.ini/0.1.1.1.0.0.searchglobal.0_16.16.LTT.2.2.4_Small.final.json,/gpfs/projects/HeinzGroup/asoubki/FlexFringe/data/MLRegTest/Large/16.16.LTT.2.2.4_TestSR.txt,2025-12-29 22:15:11.587452
0.1.1.1.0.0.searchglobal.0,Small,16,16,LTT,2,2,4,TestLA,0.57393,0.5476089280424506,0.85036,0.6662018285374051,0.42607,/gpfs/projects/HeinzGroup/caffeine_underground/mlrt/FlexFringe/FlexFringe/models-ps-small/0.1.1.1.0.0.searchglobal.0.ini/0.1.1.1.0.0.searchglobal.0_16.16.LTT.2.2.4_Small.final.json,/gpfs/projects/HeinzGroup/asoubki/FlexFringe/data/MLRegTest/Large/16.16.LTT.2.2.4_TestLA.txt,2025-12-29 22:15:11.587452
0.1.1.1.0.0.searchglobal.0,Small,16,16,LTT,2,2,4,TestLR,0.83272,0.817954206643477,0.85594,0.8365160962451867,0.16728,/gpfs/projects/HeinzGroup/caffeine_underground/mlrt/FlexFringe/FlexFringe/models-ps-small/0.1.1.1.0.0.searchglobal.0.ini/0.1.1.1.0.0.searchglobal.0_16.16.LTT.2.2.4_Small.final.json,/gpfs/projects/HeinzGroup/asoubki/FlexFringe/data/MLRegTest/Large/16.16.LTT.2.2.4_TestLR.txt,2025-12-29 22:15:11.587452
0.1.1.1.0.0.searchglobal.0,Small,16,16,LTT,2,2,4,TestSA,0.59044,0.5580756190280489,0.86908,0.6796909216042044,0.40956,/gpfs/projects/HeinzGroup/caffeine_underground/mlrt/FlexFringe/FlexFringe/models-ps-small/0.1.1.1.0.0.searchglobal.0.ini/0.1.1.1.0.0.searchglobal.0_16.16.LTT.2.2.4_Small.final.json,/gpfs/projects/HeinzGroup/asoubki/FlexFringe/data/MLRegTest/Large/16.16.LTT.2.2.4_TestSA.txt,2025-12-29 22:15:11.587452
0.1.1.1.0.0.searchglobal.0,Small,16,16,LTT,2,2,4,Dev,0.87763,0.8812980876027383,0.87282,0.8770385554517228,0.12237,/gpfs/projects/HeinzGroup/caffeine_underground/mlrt/FlexFringe/FlexFringe/models-ps-small/0.1.1.1.0.0.searchglobal.0.ini/0.1.1.1.0.0.searchglobal.0_16.16.LTT.2.2.4_Small.final.json,/gpfs/projects/HeinzGroup/asoubki/FlexFringe/data/MLRegTest/Large/16.16.LTT.2.2.4_Dev.txt,2025-12-29 22:15:11.587452
0.1.1.1.0.0.searchglobal.0,Small,16,16,LTT,2,2,4,Train,0.874,0.8847736625514403,0.86,0.8722109533468559,0.126,/gpfs/projects/HeinzGroup/caffeine_underground/mlrt/FlexFringe/FlexFringe/models-ps-small/0.1.1.1.0.0.searchglobal.0.ini/0.1.1.1.0.0.searchglobal.0_16.16.LTT.2.2.4_Small.final.json,/gpfs/projects/HeinzGroup/asoubki/FlexFringe/data/MLRegTest/Small/16.16.LTT.2.2.4_Train.txt,2025-12-29 22:15:11.587452
0.1.1.1.0.0.searchglobal.0,Small,16,16,LTT,2,2,5,TestSR,0.56334,0.872062969924812,0.14846,0.2537257314738857,0.43666,/gpfs/projects/HeinzGroup/caffeine_underground/mlrt/FlexFringe/FlexFringe/models-ps-small/0.1.1.1.0.0.searchglobal.0.ini/0.1.1.1.0.0.searchglobal.0_16.16.LTT.2.2.5_Small.final.json,/gpfs/projects/HeinzGroup/asoubki/FlexFringe/data/MLRegTest/Large/16.16.LTT.2.2.5_TestSR.txt,2025-12-29 22:19:18.135444
0.1.1.1.0.0.searchglobal.0,Small,16,16,LTT,2,2,5,TestSA,0.51354,0.5495607613469985,0.15014,0.23584668551680804,0.48646,/gpfs/projects/HeinzGroup/caffeine_underground/mlrt/FlexFringe/FlexFringe/models-ps-small/0.1.1.1.0.0.searchglobal.0.ini/0.1.1.1.0.0.searchglobal.0_16.16.LTT.2.2.5_Small.final.json,/gpfs/projects/HeinzGroup/asoubki/FlexFringe/data/MLRegTest/Large/16.16.LTT.2.2.5_TestSA.txt,2025-12-29 22:19:18.135444
0.1.1.1.0.0.searchglobal.0,Small,16,16,LTT,2,2,5,TestLR,0.544,0.788108957569408,0.12036,0.2088278159483656,0.456,/gpfs/projects/HeinzGroup/caffeine_underground/mlrt/FlexFringe/FlexFringe/models-ps-small/0.1.1.1.0.0.searchglobal.0.ini/0.1.1.1.0.0.searchglobal.0_16.16.LTT.2.2.5_Small.final.json,/gpfs/projects/HeinzGroup/asoubki/FlexFringe/data/MLRegTest/Large/16.16.LTT.2.2.5_TestLR.txt,2025-12-29 22:19:18.135444
0.1.1.1.0.0.searchglobal.0,Small,16,16,LTT,2,2,5,TestLA,0.50721,0.5310214267274761,0.12342,0.20028886256308726,0.49279,/gpfs/projects/HeinzGroup/caffeine_underground/mlrt/FlexFringe/FlexFringe/models-ps-small/0.1.1.1.0.0.searchglobal.0.ini/0.1.1.1.0.0.searchglobal.0_16.16.LTT.2.2.5_Small.final.json,/gpfs/projects/HeinzGroup/asoubki/FlexFringe/data/MLRegTest/Large/16.16.LTT.2.2.5_TestLA.txt,2025-12-29 22:19:18.135444
0.1.1.1.0.0.searchglobal.0,Small,16,16,LTT,2,2,5,Dev,0.56355,0.8743961352657005,0.14842,0.2537657941080924,0.43645,/gpfs/projects/HeinzGroup/caffeine_underground/mlrt/FlexFringe/FlexFringe/models-ps-small/0.1.1.1.0.0.searchglobal.0.ini/0.1.1.1.0.0.searchglobal.0_16.16.LTT.2.2.5_Small.final.json,/gpfs/projects/HeinzGroup/asoubki/FlexFringe/data/MLRegTest/Large/16.16.LTT.2.2.5_Dev.txt,2025-12-29 22:19:18.135444
0.1.1.1.0.0.searchglobal.0,Small,16,16,LTT,2,2,5,Train,0.565,0.8823529411764706,0.15,0.2564102564102564,0.435,/gpfs/projects/HeinzGroup/caffeine_underground/mlrt/FlexFringe/FlexFringe/models-ps-small/0.1.1.1.0.0.searchglobal.0.ini/0.1.1.1.0.0.searchglobal.0_16.16.LTT.2.2.5_Small.final.json,/gpfs/projects/HeinzGroup/asoubki/FlexFringe/data/MLRegTest/Small/16.16.LTT.2.2.5_Train.txt,2025-12-29 22:19:18.135444
0.1.1.1.0.0.searchglobal.0,Small,16,16,LTT,2,2,6,TestSR,0.49963,0.49700210662777505,0.06134,0.10920225739260472,0.50037,/gpfs/projects/HeinzGroup/caffeine_underground/mlrt/FlexFringe/FlexFringe/models-ps-small/0.1.1.1.0.0.searchglobal.0.ini/0.1.1.1.0.0.searchglobal.0_16.16.LTT.2.2.6_Small.final.json,/gpfs/projects/HeinzGroup/asoubki/FlexFringe/data/MLRegTest/Large/16.16.LTT.2.2.6_TestSR.txt,2025-12-29 22:13:20.781704
0.1.1.1.0.0.searchglobal.0,Small,16,16,LTT,2,2,6,TestLA,0.50014,0.5011268512556343,0.06226,0.11075926848359781,0.49986,/gpfs/projects/HeinzGroup/caffeine_underground/mlrt/FlexFringe/FlexFringe/models-ps-small/0.1.1.1.0.0.searchglobal.0.ini/0.1.1.1.0.0.searchglobal.0_16.16.LTT.2.2.6_Small.final.json,/gpfs/projects/HeinzGroup/asoubki/FlexFringe/data/MLRegTest/Large/16.16.LTT.2.2.6_TestLA.txt,2025-12-29 22:13:20.781704
0.1.1.1.0.0.searchglobal.0,Small,16,16,LTT,2,2,6,TestLR,0.5,0.5,0.06124,0.10911552989808282,0.5,/gpfs/projects/HeinzGroup/caffeine_underground/mlrt/FlexFringe/FlexFringe/models-ps-small/0.1.1.1.0.0.searchglobal.0.ini/0.1.1.1.0.0.searchglobal.0_16.16.LTT.2.2.6_Small.final.json,/gpfs/projects/HeinzGroup/asoubki/FlexFringe/data/MLRegTest/Large/16.16.LTT.2.2.6_TestLR.txt,2025-12-29 22:13:20.781704
0.1.1.1.0.0.searchglobal.0,Small,16,16,LTT,2,2,6,TestSA,0.50006,0.500498670212766,0.06022,0.10750499857183662,0.49994,/gpfs/projects/HeinzGroup/caffeine_underground/mlrt/FlexFringe/FlexFringe/models-ps-small/0.1.1.1.0.0.searchglobal.0.ini/0.1.1.1.0.0.searchglobal.0_16.16.LTT.2.2.6_Small.final.json,/gpfs/projects/HeinzGroup/asoubki/FlexFringe/data/MLRegTest/Large/16.16.LTT.2.2.6_TestSA.txt,2025-12-29 22:13:20.781704
0.1.1.1.0.0.searchglobal.0,Small,16,16,LTT,2,2,6,Dev,0.49936,0.49493510604621715,0.06254,0.11104797755602117,0.50064,/gpfs/projects/HeinzGroup/caffeine_underground/mlrt/FlexFringe/FlexFringe/models-ps-small/0.1.1.1.0.0.searchglobal.0.ini/0.1.1.1.0.0.searchglobal.0_16.16.LTT.2.2.6_Small.final.json,/gpfs/projects/HeinzGroup/asoubki/FlexFringe/data/MLRegTest/Large/16.16.LTT.2.2.6_Dev.txt,2025-12-29 22:13:20.781704
0.1.1.1.0.0.searchglobal.0,Small,16,16,LTT,2,2,6,Train,0.495,0.4666666666666667,0.07,0.12173913043478261,0.505,/gpfs/projects/HeinzGroup/caffeine_underground/mlrt/FlexFringe/FlexFringe/models-ps-small/0.1.1.1.0.0.searchglobal.0.ini/0.1.1.1.0.0.searchglobal.0_16.16.LTT.2.2.6_Small.final.json,/gpfs/projects/HeinzGroup/asoubki/FlexFringe/data/MLRegTest/Small/16.16.LTT.2.2.6_Train.txt,2025-12-29 22:13:20.781704
0.1.1.1.0.0.searchglobal.0,Small,16,16,LTT,2,2,7,TestSR,0.49955,0.4961413136683245,0.05786,0.10363418172699755,0.50045,/gpfs/projects/HeinzGroup/caffeine_underground/mlrt/FlexFringe/FlexFringe/models-ps-small/0.1.1.1.0.0.searchglobal.0.ini/0.1.1.1.0.0.searchglobal.0_16.16.LTT.2.2.7_Small.final.json,/gpfs/projects/HeinzGroup/asoubki/FlexFringe/data/MLRegTest/Large/16.16.LTT.2.2.7_TestSR.txt,2025-12-29 22:20:30.199223
0.1.1.1.0.0.searchglobal.0,Small,16,16,LTT,2,2,7,TestSA,0.50236,0.5193951347797502,0.0632,0.1126881106911062,0.49764,/gpfs/projects/HeinzGroup/caffeine_underground/mlrt/FlexFringe/FlexFringe/models-ps-small/0.1.1.1.0.0.searchglobal.0.ini/0.1.1.1.0.0.searchglobal.0_16.16.LTT.2.2.7_Small.final.json,/gpfs/projects/HeinzGroup/asoubki/FlexFringe/data/MLRegTest/Large/16.16.LTT.2.2.7_TestSA.txt,2025-12-29 22:20:30.199223
0.1.1.1.0.0.searchglobal.0,Small,16,16,LTT,2,2,7,TestLA,0.50133,0.5109971886886059,0.0618,0.11026459935411351,0.49867,/gpfs/projects/HeinzGroup/caffeine_underground/mlrt/FlexFringe/FlexFringe/models-ps-small/0.1.1.1.0.0.searchglobal.0.ini/0.1.1.1.0.0.searchglobal.0_16.16.LTT.2.2.7_Small.final.json,/gpfs/projects/HeinzGroup/asoubki/FlexFringe/data/MLRegTest/Large/16.16.LTT.2.2.7_TestLA.txt,2025-12-29 22:20:30.199223
0.1.1.1.0.0.searchglobal.0,Small,16,16,LTT,2,2,7,TestLR,0.49937,0.49456427955133736,0.05732,0.10273321982256474,0.50063,/gpfs/projects/HeinzGroup/caffeine_underground/mlrt/FlexFringe/FlexFringe/models-ps-small/0.1.1.1.0.0.searchglobal.0.ini/0.1.1.1.0.0.searchglobal.0_16.16.LTT.2.2.7_Small.final.json,/gpfs/projects/HeinzGroup/asoubki/FlexFringe/data/MLRegTest/Large/16.16.LTT.2.2.7_TestLR.txt,2025-12-29 22:20:30.199223
0.1.1.1.0.0.searchglobal.0,Small,16,16,LTT,2,2,7,Dev,0.5017,0.514261744966443,0.0613,0.10954253037884203,0.4983,/gpfs/projects/HeinzGroup/caffeine_underground/mlrt/FlexFringe/FlexFringe/models-ps-small/0.1.1.1.0.0.searchglobal.0.ini/0.1.1.1.0.0.searchglobal.0_16.16.LTT.2.2.7_Small.final.json,/gpfs/projects/HeinzGroup/asoubki/FlexFringe/data/MLRegTest/Large/16.16.LTT.2.2.7_Dev.txt,2025-12-29 22:20:30.199223
0.1.1.1.0.0.searchglobal.0,Small,16,16,LTT,2,2,7,Train,0.5,0.5,0.062,0.1103202846975089,0.5,/gpfs/projects/HeinzGroup/caffeine_underground/mlrt/FlexFringe/FlexFringe/models-ps-small/0.1.1.1.0.0.searchglobal.0.ini/0.1.1.1.0.0.searchglobal.0_16.16.LTT.2.2.7_Small.final.json,/gpfs/projects/HeinzGroup/asoubki/FlexFringe/data/MLRegTest/Small/16.16.LTT.2.2.7_Train.txt,2025-12-29 22:20:30.199223
0.1.1.1.0.0.searchglobal.0,Small,16,16,LTT,2,2,8,TestLR,0.49802,0.48427573062261753,0.06098,0.10832030694898394,0.50198,/gpfs/projects/HeinzGroup/caffeine_underground/mlrt/FlexFringe/FlexFringe/models-ps-small/0.1.1.1.0.0.searchglobal.0.ini/0.1.1.1.0.0.searchglobal.0_16.16.LTT.2.2.8_Small.final.json,/gpfs/projects/HeinzGroup/asoubki/FlexFringe/data/MLRegTest/Large/16.16.LTT.2.2.8_TestLR.txt,2025-12-29 23:30:28.117865
0.1.1.1.0.0.searchglobal.0,Small,16,16,LTT,2,2,8,TestSA,0.49816,0.48597988418165194,0.06378,0.1127612177787207,0.50184,/gpfs/projects/HeinzGroup/caffeine_underground/mlrt/FlexFringe/FlexFringe/models-ps-small/0.1.1.1.0.0.searchglobal.0.ini/0.1.1.1.0.0.searchglobal.0_16.16.LTT.2.2.8_Small.final.json,/gpfs/projects/HeinzGroup/asoubki/FlexFringe/data/MLRegTest/Large/16.16.LTT.2.2.8_TestSA.txt,2025-12-29 23:30:28.117865
0.1.1.1.0.0.searchglobal.0,Small,16,16,LTT,2,2,8,TestLA,0.49872,0.4901689708141321,0.06382,0.11293576358166696,0.50128,/gpfs/projects/HeinzGroup/caffeine_underground/mlrt/FlexFringe/FlexFringe/models-ps-small/0.1.1.1.0.0.searchglobal.0.ini/0.1.1.1.0.0.searchglobal.0_16.16.LTT.2.2.8_Small.final.json,/gpfs/projects/HeinzGroup/asoubki/FlexFringe/data/MLRegTest/Large/16.16.LTT.2.2.8_TestLA.txt,2025-12-29 23:30:28.117865
0.1.1.1.0.0.searchglobal.0,Small,16,16,LTT,2,2,8,TestSR,0.49918,0.493603744149766,0.06328,0.11217869172132601,0.50082,/gpfs/projects/HeinzGroup/caffeine_underground/mlrt/FlexFringe/FlexFringe/models-ps-small/0.1.1.1.0.0.searchglobal.0.ini/0.1.1.1.0.0.searchglobal.0_16.16.LTT.2.2.8_Small.final.json,/gpfs/projects/HeinzGroup/asoubki/FlexFringe/data/MLRegTest/Large/16.16.LTT.2.2.8_TestSR.txt,2025-12-29 23:30:28.117865
0.1.1.1.0.0.searchglobal.0,Small,16,16,LTT,2,2,8,Dev,0.49936,0.4948734380006408,0.06178,0.10984673375768998,0.50064,/gpfs/projects/HeinzGroup/caffeine_underground/mlrt/FlexFringe/FlexFringe/models-ps-small/0.1.1.1.0.0.searchglobal.0.ini/0.1.1.1.0.0.searchglobal.0_16.16.LTT.2.2.8_Small.final.json,/gpfs/projects/HeinzGroup/asoubki/FlexFringe/data/MLRegTest/Large/16.16.LTT.2.2.8_Dev.txt,2025-12-29 23:30:28.117865
0.1.1.1.0.0.searchglobal.0,Small,16,16,LTT,2,2,8,Train,0.49,0.42424242424242425,0.056,0.0989399293286219,0.51,/gpfs/projects/HeinzGroup/caffeine_underground/mlrt/FlexFringe/FlexFringe/models-ps-small/0.1.1.1.0.0.searchglobal.0.ini/0.1.1.1.0.0.searchglobal.0_16.16.LTT.2.2.8_Small.final.json,/gpfs/projects/HeinzGroup/asoubki/FlexFringe/data/MLRegTest/Small/16.16.LTT.2.2.8_Train.txt,2025-12-29 23:30:28.117865
0.1.1.1.0.0.searchglobal.0,Small,16,16,LTT,2,2,9,TestLA,0.56435,0.5503135310950914,0.70384,0.6176798392263205,0.43565,/gpfs/projects/HeinzGroup/caffeine_underground/mlrt/FlexFringe/FlexFringe/models-ps-small/0.1.1.1.0.0.searchglobal.0.ini/0.1.1.1.0.0.searchglobal.0_16.16.LTT.2.2.9_Small.final.json,/gpfs/projects/HeinzGroup/asoubki/FlexFringe/data/MLRegTest/Large/16.16.LTT.2.2.9_TestLA.txt,2025-12-29 23:16:15.689107
0.1.1.1.0.0.searchglobal.0,Small,16,16,LTT,2,2,9,TestSR,0.85289,0.9405068031456747,0.75344,0.8366442729443118,0.14711,/gpfs/projects/HeinzGroup/caffeine_underground/mlrt/FlexFringe/FlexFringe/models-ps-small/0.1.1.1.0.0.searchglobal.0.ini/0.1.1.1.0.0.searchglobal.0_16.16.LTT.2.2.9_Small.final.json,/gpfs/projects/HeinzGroup/asoubki/FlexFringe/data/MLRegTest/Large/16.16.LTT.2.2.9_TestSR.txt,2025-12-29 23:16:15.689107
0.1.1.1.0.0.searchglobal.0,Small,16,16,LTT,2,2,9,TestSA,0.58102,0.5601949537876312,0.754,0.6428072089890706,0.41898,/gpfs/projects/HeinzGroup/caffeine_underground/mlrt/FlexFringe/FlexFringe/models-ps-small/0.1.1.1.0.0.searchglobal.0.ini/0.1.1.1.0.0.searchglobal.0_16.16.LTT.2.2.9_Small.final.json,/gpfs/projects/HeinzGroup/asoubki/FlexFringe/data/MLRegTest/Large/16.16.LTT.2.2.9_TestSA.txt,2025-12-29 23:16:15.689107
0.1.1.1.0.0.searchglobal.0,Small,16,16,LTT,2,2,9,TestLR,0.81243,0.9012405928132946,0.70176,0.7890884148741187,0.18757,/gpfs/projects/HeinzGroup/caffeine_underground/mlrt/FlexFringe/FlexFringe/models-ps-small/0.1.1.1.0.0.searchglobal.0.ini/0.1.1.1.0.0.searchglobal.0_16.16.LTT.2.2.9_Small.final.json,/gpfs/projects/HeinzGroup/asoubki/FlexFringe/data/MLRegTest/Large/16.16.LTT.2.2.9_TestLR.txt,2025-12-29 23:16:15.689107
0.1.1.1.0.0.searchglobal.0,Small,16,16,LTT,2,2,9,Dev,0.85065,0.9402385436283741,0.7489,0.8337322571667131,0.14935,/gpfs/projects/HeinzGroup/caffeine_underground/mlrt/FlexFringe/FlexFringe/models-ps-small/0.1.1.1.0.0.searchglobal.0.ini/0.1.1.1.0.0.searchglobal.0_16.16.LTT.2.2.9_Small.final.json,/gpfs/projects/HeinzGroup/asoubki/FlexFringe/data/MLRegTest/Large/16.16.LTT.2.2.9_Dev.txt,2025-12-29 23:16:15.689107
0.1.1.1.0.0.searchglobal.0,Small,16,16,LTT,2,2,9,Train,0.841,0.9251870324189526,0.742,0.8235294117647058,0.159,/gpfs/projects/HeinzGroup/caffeine_underground/mlrt/FlexFringe/FlexFringe/models-ps-small/0.1.1.1.0.0.searchglobal.0.ini/0.1.1.1.0.0.searchglobal.0_16.16.LTT.2.2.9_Small.final.json,/gpfs/projects/HeinzGroup/asoubki/FlexFringe/data/MLRegTest/Small/16.16.LTT.2.2.9_Train.txt,2025-12-29 23:16:15.689107
0.1.1.1.0.0.searchglobal.0,Small,16,16,LTT,2,3,0,TestLA,0.6082,0.5662567971390781,0.92472,0.7023972290584267,0.3918,/gpfs/projects/HeinzGroup/caffeine_underground/mlrt/FlexFringe/FlexFringe/models-ps-small/0.1.1.1.0.0.searchglobal.0.ini/0.1.1.1.0.0.searchglobal.0_16.16.LTT.2.3.0_Small.final.json,/gpfs/projects/HeinzGroup/asoubki/FlexFringe/data/MLRegTest/Large/16.16.LTT.2.3.0_TestLA.txt,2025-12-29 23:14:05.194532
0.1.1.1.0.0.searchglobal.0,Small,16,16,LTT,2,3,0,TestSR,0.95982,0.9674107505895747,0.9517,0.9594910674678389,0.04018,/gpfs/projects/HeinzGroup/caffeine_underground/mlrt/FlexFringe/FlexFringe/models-ps-small/0.1.1.1.0.0.searchglobal.0.ini/0.1.1.1.0.0.searchglobal.0_16.16.LTT.2.3.0_Small.final.json,/gpfs/projects/HeinzGroup/asoubki/FlexFringe/data/MLRegTest/Large/16.16.LTT.2.3.0_TestSR.txt,2025-12-29 23:14:05.194532
0.1.1.1.0.0.searchglobal.0,Small,16,16,LTT,2,3,0,TestLR,0.93915,0.945286041653992,0.93226,0.9387278347816456,0.06085,/gpfs/projects/HeinzGroup/caffeine_underground/mlrt/FlexFringe/FlexFringe/models-ps-small/0.1.1.1.0.0.searchglobal.0.ini/0.1.1.1.0.0.searchglobal.0_16.16.LTT.2.3.0_Small.final.json,/gpfs/projects/HeinzGroup/asoubki/FlexFringe/data/MLRegTest/Large/16.16.LTT.2.3.0_TestLR.txt,2025-12-29 23:14:05.194532
0.1.1.1.0.0.searchglobal.0,Small,16,16,LTT,2,3,0,TestSA,0.61373,0.5684617329432585,0.94434,0.7097045715874674,0.38627,/gpfs/projects/HeinzGroup/caffeine_underground/mlrt/FlexFringe/FlexFringe/models-ps-small/0.1.1.1.0.0.searchglobal.0.ini/0.1.1.1.0.0.searchglobal.0_16.16.LTT.2.3.0_Small.final.json,/gpfs/projects/HeinzGroup/asoubki/FlexFringe/data/MLRegTest/Large/16.16.LTT.2.3.0_TestSA.txt,2025-12-29 23:14:05.194532
0.1.1.1.0.0.searchglobal.0,Small,16,16,LTT,2,3,0,Dev,0.95868,0.967449349802291,0.9493,0.95828874846056,0.04132,/gpfs/projects/HeinzGroup/caffeine_underground/mlrt/FlexFringe/FlexFringe/models-ps-small/0.1.1.1.0.0.searchglobal.0.ini/0.1.1.1.0.0.searchglobal.0_16.16.LTT.2.3.0_Small.final.json,/gpfs/projects/HeinzGroup/asoubki/FlexFringe/data/MLRegTest/Large/16.16.LTT.2.3.0_Dev.txt,2025-12-29 23:14:05.194532
0.1.1.1.0.0.searchglobal.0,Small,16,16,LTT,2,3,0,Train,0.962,0.962,0.962,0.962,0.038,/gpfs/projects/HeinzGroup/caffeine_underground/mlrt/FlexFringe/FlexFringe/models-ps-small/0.1.1.1.0.0.searchglobal.0.ini/0.1.1.1.0.0.searchglobal.0_16.16.LTT.2.3.0_Small.final.json,/gpfs/projects/HeinzGroup/asoubki/FlexFringe/data/MLRegTest/Small/16.16.LTT.2.3.0_Train.txt,2025-12-29 23:14:05.194532
0.1.1.1.0.0.searchglobal.0,Small,16,16,LTT,2,3,1,TestLA,0.52338,0.519011839708561,0.63826,0.5724921067738232,0.47662,/gpfs/projects/HeinzGroup/caffeine_underground/mlrt/FlexFringe/FlexFringe/models-ps-small/0.1.1.1.0.0.searchglobal.0.ini/0.1.1.1.0.0.searchglobal.0_16.16.LTT.2.3.1_Small.final.json,/gpfs/projects/HeinzGroup/asoubki/FlexFringe/data/MLRegTest/Large/16.16.LTT.2.3.1_TestLA.txt,2025-12-29 22:28:28.882564
0.1.1.1.0.0.searchglobal.0,Small,16,16,LTT,2,3,1,TestSA,0.53185,0.5288104929895975,0.5846,0.5553075279031109,0.46815,/gpfs/projects/HeinzGroup/caffeine_underground/mlrt/FlexFringe/FlexFringe/models-ps-small/0.1.1.1.0.0.searchglobal.0.ini/0.1.1.1.0.0.searchglobal.0_16.16.LTT.2.3.1_Small.final.json,/gpfs/projects/HeinzGroup/asoubki/FlexFringe/data/MLRegTest/Large/16.16.LTT.2.3.1_TestSA.txt,2025-12-29 22:28:28.882564
0.1.1.1.0.0.searchglobal.0,Small,16,16,LTT,2,3,1,TestSR,0.65375,0.6154608672143704,0.81956,0.7029962000669062,0.34625,/gpfs/projects/HeinzGroup/caffeine_underground/mlrt/FlexFringe/FlexFringe/models-ps-small/0.1.1.1.0.0.searchglobal.0.ini/0.1.1.1.0.0.searchglobal.0_16.16.LTT.2.3.1_Small.final.json,/gpfs/projects/HeinzGroup/asoubki/FlexFringe/data/MLRegTest/Large/16.16.LTT.2.3.1_TestSR.txt,2025-12-29 22:28:28.882564
0.1.1.1.0.0.searchglobal.0,Small,16,16,LTT,2,3,1,TestLR,0.60289,0.5744489949494218,0.7939,0.6665771068252996,0.39711,/gpfs/projects/HeinzGroup/caffeine_underground/mlrt/FlexFringe/FlexFringe/models-ps-small/0.1.1.1.0.0.searchglobal.0.ini/0.1.1.1.0.0.searchglobal.0_16.16.LTT.2.3.1_Small.final.json,/gpfs/projects/HeinzGroup/asoubki/FlexFringe/data/MLRegTest/Large/16.16.LTT.2.3.1_TestLR.txt,2025-12-29 22:28:28.882564
0.1.1.1.0.0.searchglobal.0,Small,16,16,LTT,2,3,1,Dev,0.6528,0.6146355370164751,0.81926,0.7023472729454932,0.3472,/gpfs/projects/HeinzGroup/caffeine_underground/mlrt/FlexFringe/FlexFringe/models-ps-small/0.1.1.1.0.0.searchglobal.0.ini/0.1.1.1.0.0.searchglobal.0_16.16.LTT.2.3.1_Small.final.json,/gpfs/projects/HeinzGroup/asoubki/FlexFringe/data/MLRegTest/Large/16.16.LTT.2.3.1_Dev.txt,2025-12-29 22:28:28.882564
0.1.1.1.0.0.searchglobal.0,Small,16,16,LTT,2,3,1,Train,0.652,0.6137724550898204,0.82,0.702054794520548,0.348,/gpfs/projects/HeinzGroup/caffeine_underground/mlrt/FlexFringe/FlexFringe/models-ps-small/0.1.1.1.0.0.searchglobal.0.ini/0.1.1.1.0.0.searchglobal.0_16.16.LTT.2.3.1_Small.final.json,/gpfs/projects/HeinzGroup/asoubki/FlexFringe/data/MLRegTest/Small/16.16.LTT.2.3.1_Train.txt,2025-12-29 22:28:28.882564
0.1.1.1.0.0.searchglobal.0,Small,16,16,LTT,2,3,2,TestLA,0.98834,0.9943913501255366,0.98222,0.9882682013925222,0.01166,/gpfs/projects/HeinzGroup/caffeine_underground/mlrt/FlexFringe/FlexFringe/models-ps-small/0.1.1.1.0.0.searchglobal.0.ini/0.1.1.1.0.0.searchglobal.0_16.16.LTT.2.3.2_Small.final.json,/gpfs/projects/HeinzGroup/asoubki/FlexFringe/data/MLRegTest/Large/16.16.LTT.2.3.2_TestLA.txt,2025-12-29 23:08:03.000238
0.1.1.1.0.0.searchglobal.0,Small,16,16,LTT,2,3,2,TestLR,0.9966,0.9949370116408867,0.99828,0.9966057024199345,0.0034,/gpfs/projects/HeinzGroup/caffeine_underground/mlrt/FlexFringe/FlexFringe/models-ps-small/0.1.1.1.0.0.searchglobal.0.ini/0.1.1.1.0.0.searchglobal.0_16.16.LTT.2.3.2_Small.final.json,/gpfs/projects/HeinzGroup/asoubki/FlexFringe/data/MLRegTest/Large/16.16.LTT.2.3.2_TestLR.txt,2025-12-29 23:08:03.000238
0.1.1.1.0.0.searchglobal.0,Small,16,16,LTT,2,3,2,TestSR,0.99803,0.9966691265931348,0.9994,0.9980326952075657,0.00197,/gpfs/projects/HeinzGroup/caffeine_underground/mlrt/FlexFringe/FlexFringe/models-ps-small/0.1.1.1.0.0.searchglobal.0.ini/0.1.1.1.0.0.searchglobal.0_16.16.LTT.2.3.2_Small.final.json,/gpfs/projects/HeinzGroup/asoubki/FlexFringe/data/MLRegTest/Large/16.16.LTT.2.3.2_TestSR.txt,2025-12-29 23:08:03.000238
0.1.1.1.0.0.searchglobal.0,Small,16,16,LTT,2,3,2,TestSA,0.99364,0.9976410339126578,0.98962,0.9936143296050122,0.00636,/gpfs/projects/HeinzGroup/caffeine_underground/mlrt/FlexFringe/FlexFringe/models-ps-small/0.1.1.1.0.0.searchglobal.0.ini/0.1.1.1.0.0.searchglobal.0_16.16.LTT.2.3.2_Small.final.json,/gpfs/projects/HeinzGroup/asoubki/FlexFringe/data/MLRegTest/Large/16.16.LTT.2.3.2_TestSA.txt,2025-12-29 23:08:03.000238
0.1.1.1.0.0.searchglobal.0,Small,16,16,LTT,2,3,2,Dev,0.99825,0.9968885254402936,0.99962,0.9982523942199187,0.00175,/gpfs/projects/HeinzGroup/caffeine_underground/mlrt/FlexFringe/FlexFringe/models-ps-small/0.1.1.1.0.0.searchglobal.0.ini/0.1.1.1.0.0.searchglobal.0_16.16.LTT.2.3.2_Small.final.json,/gpfs/projects/HeinzGroup/asoubki/FlexFringe/data/MLRegTest/Large/16.16.LTT.2.3.2_Dev.txt,2025-12-29 23:08:03.000238
0.1.1.1.0.0.searchglobal.0,Small,16,16,LTT,2,3,2,Train,0.995,0.9959919839679359,0.994,0.994994994994995,0.005,/gpfs/projects/HeinzGroup/caffeine_underground/mlrt/FlexFringe/FlexFringe/models-ps-small/0.1.1.1.0.0.searchglobal.0.ini/0.1.1.1.0.0.searchglobal.0_16.16.LTT.2.3.2_Small.final.json,/gpfs/projects/HeinzGroup/asoubki/FlexFringe/data/MLRegTest/Small/16.16.LTT.2.3.2_Train.txt,2025-12-29 23:08:03.000238
0.1.1.1.0.0.searchglobal.0,Small,16,16,LTT,2,3,3,TestLR,0.54868,0.5295675413022352,0.87188,0.6589177750906893,0.45132,/gpfs/projects/HeinzGroup/caffeine_underground/mlrt/FlexFringe/FlexFringe/models-ps-small/0.1.1.1.0.0.searchglobal.0.ini/0.1.1.1.0.0.searchglobal.0_16.16.LTT.2.3.3_Small.final.json,/gpfs/projects/HeinzGroup/asoubki/FlexFringe/data/MLRegTest/Large/16.16.LTT.2.3.3_TestLR.txt,2025-12-29 23:03:18.845979
0.1.1.1.0.0.searchglobal.0,Small,16,16,LTT,2,3,3,TestSR,0.54906,0.5281610910844259,0.92012,0.6711011917786238,0.45094,/gpfs/projects/HeinzGroup/caffeine_underground/mlrt/FlexFringe/FlexFringe/models-ps-small/0.1.1.1.0.0.searchglobal.0.ini/0.1.1.1.0.0.searchglobal.0_16.16.LTT.2.3.3_Small.final.json,/gpfs/projects/HeinzGroup/asoubki/FlexFringe/data/MLRegTest/Large/16.16.LTT.2.3.3_TestSR.txt,2025-12-29 23:03:18.845979
0.1.1.1.0.0.searchglobal.0,Small,16,16,LTT,2,3,3,TestSA,0.52489,0.5146396263924996,0.87498,0.6480901273248451,0.47511,/gpfs/projects/HeinzGroup/caffeine_underground/mlrt/FlexFringe/FlexFringe/models-ps-small/0.1.1.1.0.0.searchglobal.0.ini/0.1.1.1.0.0.searchglobal.0_16.16.LTT.2.3.3_Small.final.json,/gpfs/projects/HeinzGroup/asoubki/FlexFringe/data/MLRegTest/Large/16.16.LTT.2.3.3_TestSA.txt,2025-12-29 23:03:18.845979
0.1.1.1.0.0.searchglobal.0,Small,16,16,LTT,2,3,3,TestLA,0.52393,0.5149571848240515,0.82388,0.6337782222393169,0.47607,/gpfs/projects/HeinzGroup/caffeine_underground/mlrt/FlexFringe/FlexFringe/models-ps-small/0.1.1.1.0.0.searchglobal.0.ini/0.1.1.1.0.0.searchglobal.0_16.16.LTT.2.3.3_Small.final.json,/gpfs/projects/HeinzGroup/asoubki/FlexFringe/data/MLRegTest/Large/16.16.LTT.2.3.3_TestLA.txt,2025-12-29 23:03:18.845979
0.1.1.1.0.0.searchglobal.0,Small,16,16,LTT,2,3,3,Dev,0.54946,0.5283211177278974,0.92266,0.6719050393242062,0.45054,/gpfs/projects/HeinzGroup/caffeine_underground/mlrt/FlexFringe/FlexFringe/models-ps-small/0.1.1.1.0.0.searchglobal.0.ini/0.1.1.1.0.0.searchglobal.0_16.16.LTT.2.3.3_Small.final.json,/gpfs/projects/HeinzGroup/asoubki/FlexFringe/data/MLRegTest/Large/16.16.LTT.2.3.3_Dev.txt,2025-12-29 23:03:18.845979
0.1.1.1.0.0.searchglobal.0,Small,16,16,LTT,2,3,3,Train,0.551,0.5294797687861271,0.916,0.671062271062271,0.449,/gpfs/projects/HeinzGroup/caffeine_underground/mlrt/FlexFringe/FlexFringe/models-ps-small/0.1.1.1.0.0.searchglobal.0.ini/0.1.1.1.0.0.searchglobal.0_16.16.LTT.2.3.3_Small.final.json,/gpfs/projects/HeinzGroup/asoubki/FlexFringe/data/MLRegTest/Small/16.16.LTT.2.3.3_Train.txt,2025-12-29 23:03:18.845979
0.1.1.1.0.0.searchglobal.0,Small,16,16,LTT,2,3,4,TestLA,0.59312,0.5582611742329446,0.89228,0.6868130176421687,0.40688,/gpfs/projects/HeinzGroup/caffeine_underground/mlrt/FlexFringe/FlexFringe/models-ps-small/0.1.1.1.0.0.searchglobal.0.ini/0.1.1.1.0.0.searchglobal.0_16.16.LTT.2.3.4_Small.final.json,/gpfs/projects/HeinzGroup/asoubki/FlexFringe/data/MLRegTest/Large/16.16.LTT.2.3.4_TestLA.txt,2025-12-29 22:27:57.357589
0.1.1.1.0.0.searchglobal.0,Small,16,16,LTT,2,3,4,TestSR,0.94888,0.9663785221511096,0.93012,0.9479026537850067,0.05112,/gpfs/projects/HeinzGroup/caffeine_underground/mlrt/FlexFringe/FlexFringe/models-ps-small/0.1.1.1.0.0.searchglobal.0.ini/0.1.1.1.0.0.searchglobal.0_16.16.LTT.2.3.4_Small.final.json,/gpfs/projects/HeinzGroup/asoubki/FlexFringe/data/MLRegTest/Large/16.16.LTT.2.3.4_TestSR.txt,2025-12-29 22:27:57.357589
0.1.1.1.0.0.searchglobal.0,Small,16,16,LTT,2,3,4,TestLR,0.92004,0.9378335557038026,0.89972,0.9183815123305569,0.07996,/gpfs/projects/HeinzGroup/caffeine_underground/mlrt/FlexFringe/FlexFringe/models-ps-small/0.1.1.1.0.0.searchglobal.0.ini/0.1.1.1.0.0.searchglobal.0_16.16.LTT.2.3.4_Small.final.json,/gpfs/projects/HeinzGroup/asoubki/FlexFringe/data/MLRegTest/Large/16.16.LTT.2.3.4_TestLR.txt,2025-12-29 22:27:57.357589
0.1.1.1.0.0.searchglobal.0,Small,16,16,LTT,2,3,4,TestSA,0.60409,0.5639271369437313,0.91822,0.6987284363038664,0.39591,/gpfs/projects/HeinzGroup/caffeine_underground/mlrt/FlexFringe/FlexFringe/models-ps-small/0.1.1.1.0.0.searchglobal.0.ini/0.1.1.1.0.0.searchglobal.0_16.16.LTT.2.3.4_Small.final.json,/gpfs/projects/HeinzGroup/asoubki/FlexFringe/data/MLRegTest/Large/16.16.LTT.2.3.4_TestSA.txt,2025-12-29 22:27:57.357589
0.1.1.1.0.0.searchglobal.0,Small,16,16,LTT,2,3,4,Dev,0.94837,0.9661683059200267,0.92928,0.9473652017004618,0.05163,/gpfs/projects/HeinzGroup/caffeine_underground/mlrt/FlexFringe/FlexFringe/models-ps-small/0.1.1.1.0.0.searchglobal.0.ini/0.1.1.1.0.0.searchglobal.0_16.16.LTT.2.3.4_Small.final.json,/gpfs/projects/HeinzGroup/asoubki/FlexFringe/data/MLRegTest/Large/16.16.LTT.2.3.4_Dev.txt,2025-12-29 22:27:57.357589
0.1.1.1.0.0.searchglobal.0,Small,16,16,LTT,2,3,4,Train,0.94,0.9471544715447154,0.932,0.9395161290322581,0.06,/gpfs/projects/HeinzGroup/caffeine_underground/mlrt/FlexFringe/FlexFringe/models-ps-small/0.1.1.1.0.0.searchglobal.0.ini/0.1.1.1.0.0.searchglobal.0_16.16.LTT.2.3.4_Small.final.json,/gpfs/projects/HeinzGroup/asoubki/FlexFringe/data/MLRegTest/Small/16.16.LTT.2.3.4_Train.txt,2025-12-29 22:27:57.357589
0.1.1.1.0.0.searchglobal.0,Small,16,16,LTT,2,3,5,TestSA,0.54508,0.5245924891439544,0.96162,0.6788512855267059,0.45492,/gpfs/projects/HeinzGroup/caffeine_underground/mlrt/FlexFringe/FlexFringe/models-ps-small/0.1.1.1.0.0.searchglobal.0.ini/0.1.1.1.0.0.searchglobal.0_16.16.LTT.2.3.5_Small.final.json,/gpfs/projects/HeinzGroup/asoubki/FlexFringe/data/MLRegTest/Large/16.16.LTT.2.3.5_TestSA.txt,2025-12-29 22:55:31.293613
0.1.1.1.0.0.searchglobal.0,Small,16,16,LTT,2,3,5,TestLR,0.93017,0.9098028008002287,0.95502,0.9318631994926087,0.06983,/gpfs/projects/HeinzGroup/caffeine_underground/mlrt/FlexFringe/FlexFringe/models-ps-small/0.1.1.1.0.0.searchglobal.0.ini/0.1.1.1.0.0.searchglobal.0_16.16.LTT.2.3.5_Small.final.json,/gpfs/projects/HeinzGroup/asoubki/FlexFringe/data/MLRegTest/Large/16.16.LTT.2.3.5_TestLR.txt,2025-12-29 22:55:31.293613
0.1.1.1.0.0.searchglobal.0,Small,16,16,LTT,2,3,5,TestSR,0.95523,0.9471719612581285,0.96424,0.955629775720756,0.04477,/gpfs/projects/HeinzGroup/caffeine_underground/mlrt/FlexFringe/FlexFringe/models-ps-small/0.1.1.1.0.0.searchglobal.0.ini/0.1.1.1.0.0.searchglobal.0_16.16.LTT.2.3.5_Small.final.json,/gpfs/projects/HeinzGroup/asoubki/FlexFringe/data/MLRegTest/Large/16.16.LTT.2.3.5_TestSR.txt,2025-12-29 22:55:31.293613
0.1.1.1.0.0.searchglobal.0,Small,16,16,LTT,2,3,5,TestLA,0.53334,0.5181452051812343,0.95204,0.6710650595615705,0.46666,/gpfs/projects/HeinzGroup/caffeine_underground/mlrt/FlexFringe/FlexFringe/models-ps-small/0.1.1.1.0.0.searchglobal.0.ini/0.1.1.1.0.0.searchglobal.0_16.16.LTT.2.3.5_Small.final.json,/gpfs/projects/HeinzGroup/asoubki/FlexFringe/data/MLRegTest/Large/16.16.LTT.2.3.5_TestLA.txt,2025-12-29 22:55:31.293613
0.1.1.1.0.0.searchglobal.0,Small,16,16,LTT,2,3,5,Dev,0.95531,0.9495645648610754,0.9617,0.9555937558998002,0.04469,/gpfs/projects/HeinzGroup/caffeine_underground/mlrt/FlexFringe/FlexFringe/models-ps-small/0.1.1.1.0.0.searchglobal.0.ini/0.1.1.1.0.0.searchglobal.0_16.16.LTT.2.3.5_Small.final.json,/gpfs/projects/HeinzGroup/asoubki/FlexFringe/data/MLRegTest/Large/16.16.LTT.2.3.5_Dev.txt,2025-12-29 22:55:31.293613
0.1.1.1.0.0.searchglobal.0,Small,16,16,LTT,2,3,5,Train,0.949,0.9359223300970874,0.964,0.9497536945812808,0.051,/gpfs/projects/HeinzGroup/caffeine_underground/mlrt/FlexFringe/FlexFringe/models-ps-small/0.1.1.1.0.0.searchglobal.0.ini/0.1.1.1.0.0.searchglobal.0_16.16.LTT.2.3.5_Small.final.json,/gpfs/projects/HeinzGroup/asoubki/FlexFringe/data/MLRegTest/Small/16.16.LTT.2.3.5_Train.txt,2025-12-29 22:55:31.293613
0.1.1.1.0.0.searchglobal.0,Small,16,16,LTT,2,3,6,TestLR,0.50041,0.5032942310782581,0.06264,0.11141347846966544,0.49959,/gpfs/projects/HeinzGroup/caffeine_underground/mlrt/FlexFringe/FlexFringe/models-ps-small/0.1.1.1.0.0.searchglobal.0.ini/0.1.1.1.0.0.searchglobal.0_16.16.LTT.2.3.6_Small.final.json,/gpfs/projects/HeinzGroup/asoubki/FlexFringe/data/MLRegTest/Large/16.16.LTT.2.3.6_TestLR.txt,2025-12-29 22:03:14.577431
0.1.1.1.0.0.searchglobal.0,Small,16,16,LTT,2,3,6,TestLA,0.50001,0.500080866893094,0.06184,0.11006888204617055,0.49999,/gpfs/projects/HeinzGroup/caffeine_underground/mlrt/FlexFringe/FlexFringe/models-ps-small/0.1.1.1.0.0.searchglobal.0.ini/0.1.1.1.0.0.searchglobal.0_16.16.LTT.2.3.6_Small.final.json,/gpfs/projects/HeinzGroup/asoubki/FlexFringe/data/MLRegTest/Large/16.16.LTT.2.3.6_TestLA.txt,2025-12-29 22:03:14.577431
0.1.1.1.0.0.searchglobal.0,Small,16,16,LTT,2,3,6,TestSR,0.49901,0.49187058630316965,0.0599,0.10679455864786322,0.50099,/gpfs/projects/HeinzGroup/caffeine_underground/mlrt/FlexFringe/FlexFringe/models-ps-small/0.1.1.1.0.0.searchglobal.0.ini/0.1.1.1.0.0.searchglobal.0_16.16.LTT.2.3.6_Small.final.json,/gpfs/projects/HeinzGroup/asoubki/FlexFringe/data/MLRegTest/Large/16.16.LTT.2.3.6_TestSR.txt,2025-12-29 22:03:14.577431
0.1.1.1.0.0.searchglobal.0,Small,16,16,LTT,2,3,6,TestSA,0.50002,0.5001605136436598,0.06232,0.1108305175173395,0.49998,/gpfs/projects/HeinzGroup/caffeine_underground/mlrt/FlexFringe/FlexFringe/models-ps-small/0.1.1.1.0.0.searchglobal.0.ini/0.1.1.1.0.0.searchglobal.0_16.16.LTT.2.3.6_Small.final.json,/gpfs/projects/HeinzGroup/asoubki/FlexFringe/data/MLRegTest/Large/16.16.LTT.2.3.6_TestSA.txt,2025-12-29 22:03:14.577431
0.1.1.1.0.0.searchglobal.0,Small,16,16,LTT,2,3,6,Dev,0.49886,0.49098956686689854,0.06212,0.11028654617760891,0.50114,/gpfs/projects/HeinzGroup/caffeine_underground/mlrt/FlexFringe/FlexFringe/models-ps-small/0.1.1.1.0.0.searchglobal.0.ini/0.1.1.1.0.0.searchglobal.0_16.16.LTT.2.3.6_Small.final.json,/gpfs/projects/HeinzGroup/asoubki/FlexFringe/data/MLRegTest/Large/16.16.LTT.2.3.6_Dev.txt,2025-12-29 22:03:14.577431
0.1.1.1.0.0.searchglobal.0,Small,16,16,LTT,2,3,6,Train,0.485,0.38095238095238093,0.048,0.0852575488454707,0.515,/gpfs/projects/HeinzGroup/caffeine_underground/mlrt/FlexFringe/FlexFringe/models-ps-small/0.1.1.1.0.0.searchglobal.0.ini/0.1.1.1.0.0.searchglobal.0_16.16.LTT.2.3.6_Small.final.json,/gpfs/projects/HeinzGroup/asoubki/FlexFringe/data/MLRegTest/Small/16.16.LTT.2.3.6_Train.txt,2025-12-29 22:03:14.577431
0.1.1.1.0.0.searchglobal.0,Small,16,16,LTT,2,3,7,TestLR,0.50031,0.5026178010471204,0.05952,0.10643586488081401,0.49969,/gpfs/projects/HeinzGroup/caffeine_underground/mlrt/FlexFringe/FlexFringe/models-ps-small/0.1.1.1.0.0.searchglobal.0.ini/0.1.1.1.0.0.searchglobal.0_16.16.LTT.2.3.7_Small.final.json,/gpfs/projects/HeinzGroup/asoubki/FlexFringe/data/MLRegTest/Large/16.16.LTT.2.3.7_TestLR.txt,2025-12-29 23:24:58.699402
0.1.1.1.0.0.searchglobal.0,Small,16,16,LTT,2,3,7,TestSA,0.50288,0.5232934325461016,0.0647,0.11516143960699156,0.49712,/gpfs/projects/HeinzGroup/caffeine_underground/mlrt/FlexFringe/FlexFringe/models-ps-small/0.1.1.1.0.0.searchglobal.0.ini/0.1.1.1.0.0.searchglobal.0_16.16.LTT.2.3.7_Small.final.json,/gpfs/projects/HeinzGroup/asoubki/FlexFringe/data/MLRegTest/Large/16.16.LTT.2.3.7_TestSA.txt,2025-12-29 23:24:58.699402
0.1.1.1.0.0.searchglobal.0,Small,16,16,LTT,2,3,7,TestSR,0.50017,0.5014331478671388,0.05948,0.10634531833866728,0.49983,/gpfs/projects/HeinzGroup/caffeine_underground/mlrt/FlexFringe/FlexFringe/models-ps-small/0.1.1.1.0.0.searchglobal.0.ini/0.1.1.1.0.0.searchglobal.0_16.16.LTT.2.3.7_Small.final.json,/gpfs/projects/HeinzGroup/asoubki/FlexFringe/data/MLRegTest/Large/16.16.LTT.2.3.7_TestSR.txt,2025-12-29 23:24:58.699402
0.1.1.1.0.0.searchglobal.0,Small,16,16,LTT,2,3,7,TestLA,0.503,0.5248097915977505,0.06346,0.11322841951254327,0.497,/gpfs/projects/HeinzGroup/caffeine_underground/mlrt/FlexFringe/FlexFringe/models-ps-small/0.1.1.1.0.0.searchglobal.0.ini/0.1.1.1.0.0.searchglobal.0_16.16.LTT.2.3.7_Small.final.json,/gpfs/projects/HeinzGroup/asoubki/FlexFringe/data/MLRegTest/Large/16.16.LTT.2.3.7_TestLA.txt,2025-12-29 23:24:58.699402
0.1.1.1.0.0.searchglobal.0,Small,16,16,LTT,2,3,7,Dev,0.50025,0.5021161334010495,0.05932,0.10610478115441715,0.49975,/gpfs/projects/HeinzGroup/caffeine_underground/mlrt/FlexFringe/FlexFringe/models-ps-small/0.1.1.1.0.0.searchglobal.0.ini/0.1.1.1.0.0.searchglobal.0_16.16.LTT.2.3.7_Small.final.json,/gpfs/projects/HeinzGroup/asoubki/FlexFringe/data/MLRegTest/Large/16.16.LTT.2.3.7_Dev.txt,2025-12-29 23:24:58.699402
0.1.1.1.0.0.searchglobal.0,Small,16,16,LTT,2,3,7,Train,0.507,0.5614035087719298,0.064,0.11490125673249552,0.493,/gpfs/projects/HeinzGroup/caffeine_underground/mlrt/FlexFringe/FlexFringe/models-ps-small/0.1.1.1.0.0.searchglobal.0.ini/0.1.1.1.0.0.searchglobal.0_16.16.LTT.2.3.7_Small.final.json,/gpfs/projects/HeinzGroup/asoubki/FlexFringe/data/MLRegTest/Small/16.16.LTT.2.3.7_Train.txt,2025-12-29 23:24:58.699402
0.1.1.1.0.0.searchglobal.0,Small,16,16,LTT,2,3,8,TestSR,0.50115,0.5097905670015325,0.05988,0.10717162135557425,0.49885,/gpfs/projects/HeinzGroup/caffeine_underground/mlrt/FlexFringe/FlexFringe/models-ps-small/0.1.1.1.0.0.searchglobal.0.ini/0.1.1.1.0.0.searchglobal.0_16.16.LTT.2.3.8_Small.final.json,/gpfs/projects/HeinzGroup/asoubki/FlexFringe/data/MLRegTest/Large/16.16.LTT.2.3.8_TestSR.txt,2025-12-29 23:24:21.075617
0.1.1.1.0.0.searchglobal.0,Small,16,16,LTT,2,3,8,TestLR,0.49994,0.49949511948838776,0.05936,0.10610989953880805,0.50006,/gpfs/projects/HeinzGroup/caffeine_underground/mlrt/FlexFringe/FlexFringe/models-ps-small/0.1.1.1.0.0.searchglobal.0.ini/0.1.1.1.0.0.searchglobal.0_16.16.LTT.2.3.8_Small.final.json,/gpfs/projects/HeinzGroup/asoubki/FlexFringe/data/MLRegTest/Large/16.16.LTT.2.3.8_TestLR.txt,2025-12-29 23:24:21.075617
0.1.1.1.0.0.searchglobal.0,Small,16,16,LTT,2,3,8,TestLA,0.50089,0.5073323447025869,0.06158,0.10982896074479659,0.49911,/gpfs/projects/HeinzGroup/caffeine_underground/mlrt/FlexFringe/FlexFringe/models-ps-small/0.1.1.1.0.0.searchglobal.0.ini/0.1.1.1.0.0.searchglobal.0_16.16.LTT.2.3.8_Small.final.json,/gpfs/projects/HeinzGroup/asoubki/FlexFringe/data/MLRegTest/Large/16.16.LTT.2.3.8_TestLA.txt,2025-12-29 23:24:21.075617
0.1.1.1.0.0.searchglobal.0,Small,16,16,LTT,2,3,8,TestSA,0.50092,0.5077886894683373,0.05998,0.107287232139663,0.49908,/gpfs/projects/HeinzGroup/caffeine_underground/mlrt/FlexFringe/FlexFringe/models-ps-small/0.1.1.1.0.0.searchglobal.0.ini/0.1.1.1.0.0.searchglobal.0_16.16.LTT.2.3.8_Small.final.json,/gpfs/projects/HeinzGroup/asoubki/FlexFringe/data/MLRegTest/Large/16.16.LTT.2.3.8_TestSA.txt,2025-12-29 23:24:21.075617
0.1.1.1.0.0.searchglobal.0,Small,16,16,LTT,2,3,8,Dev,0.50127,0.5110415579899148,0.05878,0.10543308640203763,0.49873,/gpfs/projects/HeinzGroup/caffeine_underground/mlrt/FlexFringe/FlexFringe/models-ps-small/0.1.1.1.0.0.searchglobal.0.ini/0.1.1.1.0.0.searchglobal.0_16.16.LTT.2.3.8_Small.final.json,/gpfs/projects/HeinzGroup/asoubki/FlexFringe/data/MLRegTest/Large/16.16.LTT.2.3.8_Dev.txt,2025-12-29 23:24:21.075617
0.1.1.1.0.0.searchglobal.0,Small,16,16,LTT,2,3,8,Train,0.5,0.5,0.058,0.1039426523297491,0.5,/gpfs/projects/HeinzGroup/caffeine_underground/mlrt/FlexFringe/FlexFringe/models-ps-small/0.1.1.1.0.0.searchglobal.0.ini/0.1.1.1.0.0.searchglobal.0_16.16.LTT.2.3.8_Small.final.json,/gpfs/projects/HeinzGroup/asoubki/FlexFringe/data/MLRegTest/Small/16.16.LTT.2.3.8_Train.txt,2025-12-29 23:24:21.075617
0.1.1.1.0.0.searchglobal.0,Small,16,16,LTT,2,3,9,TestLR,0.64146,0.9233808212618221,0.30852,0.46250712079872874,0.35854,/gpfs/projects/HeinzGroup/caffeine_underground/mlrt/FlexFringe/FlexFringe/models-ps-small/0.1.1.1.0.0.searchglobal.0.ini/0.1.1.1.0.0.searchglobal.0_16.16.LTT.2.3.9_Small.final.json,/gpfs/projects/HeinzGroup/asoubki/FlexFringe/data/MLRegTest/Large/16.16.LTT.2.3.9_TestLR.txt,2025-12-29 22:50:41.064041
0.1.1.1.0.0.searchglobal.0,Small,16,16,LTT,2,3,9,TestSR,0.68425,0.9555456658260396,0.38648,0.5503609928371046,0.31575,/gpfs/projects/HeinzGroup/caffeine_underground/mlrt/FlexFringe/FlexFringe/models-ps-small/0.1.1.1.0.0.searchglobal.0.ini/0.1.1.1.0.0.searchglobal.0_16.16.LTT.2.3.9_Small.final.json,/gpfs/projects/HeinzGroup/asoubki/FlexFringe/data/MLRegTest/Large/16.16.LTT.2.3.9_TestSR.txt,2025-12-29 22:50:41.064041
0.1.1.1.0.0.searchglobal.0,Small,16,16,LTT,2,3,9,TestLA,0.51289,0.5216050417351078,0.3112,0.38982350214828826,0.48711,/gpfs/projects/HeinzGroup/caffeine_underground/mlrt/FlexFringe/FlexFringe/models-ps-small/0.1.1.1.0.0.searchglobal.0.ini/0.1.1.1.0.0.searchglobal.0_16.16.LTT.2.3.9_Small.final.json,/gpfs/projects/HeinzGroup/asoubki/FlexFringe/data/MLRegTest/Large/16.16.LTT.2.3.9_TestLA.txt,2025-12-29 22:50:41.064041
0.1.1.1.0.0.searchglobal.0,Small,16,16,LTT,2,3,9,TestSA,0.51768,0.5241108444250491,0.38432,0.44345979876303887,0.48232,/gpfs/projects/HeinzGroup/caffeine_underground/mlrt/FlexFringe/FlexFringe/models-ps-small/0.1.1.1.0.0.searchglobal.0.ini/0.1.1.1.0.0.searchglobal.0_16.16.LTT.2.3.9_Small.final.json,/gpfs/projects/HeinzGroup/asoubki/FlexFringe/data/MLRegTest/Large/16.16.LTT.2.3.9_TestSA.txt,2025-12-29 22:50:41.064041
0.1.1.1.0.0.searchglobal.0,Small,16,16,LTT,2,3,9,Dev,0.68599,0.957314974182444,0.38934,0.5535508637236084,0.31401,/gpfs/projects/HeinzGroup/caffeine_underground/mlrt/FlexFringe/FlexFringe/models-ps-small/0.1.1.1.0.0.searchglobal.0.ini/0.1.1.1.0.0.searchglobal.0_16.16.LTT.2.3.9_Small.final.json,/gpfs/projects/HeinzGroup/asoubki/FlexFringe/data/MLRegTest/Large/16.16.LTT.2.3.9_Dev.txt,2025-12-29 22:50:41.064041
0.1.1.1.0.0.searchglobal.0,Small,16,16,LTT,2,3,9,Train,0.687,0.9651741293532339,0.388,0.5534950071326676,0.313,/gpfs/projects/HeinzGroup/caffeine_underground/mlrt/FlexFringe/FlexFringe/models-ps-small/0.1.1.1.0.0.searchglobal.0.ini/0.1.1.1.0.0.searchglobal.0_16.16.LTT.2.3.9_Small.final.json,/gpfs/projects/HeinzGroup/asoubki/FlexFringe/data/MLRegTest/Small/16.16.LTT.2.3.9_Train.txt,2025-12-29 22:50:41.064041
0.1.1.1.0.0.searchglobal.0,Small,16,16,LTT,2,5,0,TestSR,0.95056,0.9717510575030364,0.9281,0.9494240644884097,0.04944,/gpfs/projects/HeinzGroup/caffeine_underground/mlrt/FlexFringe/FlexFringe/models-ps-small/0.1.1.1.0.0.searchglobal.0.ini/0.1.1.1.0.0.searchglobal.0_16.16.LTT.2.5.0_Small.final.json,/gpfs/projects/HeinzGroup/asoubki/FlexFringe/data/MLRegTest/Large/16.16.LTT.2.5.0_TestSR.txt,2025-12-29 23:30:05.229866
0.1.1.1.0.0.searchglobal.0,Small,16,16,LTT,2,5,0,TestLA,0.51988,0.5114268634754219,0.88976,0.6495167459923497,0.48012,/gpfs/projects/HeinzGroup/caffeine_underground/mlrt/FlexFringe/FlexFringe/models-ps-small/0.1.1.1.0.0.searchglobal.0.ini/0.1.1.1.0.0.searchglobal.0_16.16.LTT.2.5.0_Small.final.json,/gpfs/projects/HeinzGroup/asoubki/FlexFringe/data/MLRegTest/Large/16.16.LTT.2.5.0_TestLA.txt,2025-12-29 23:30:05.229866
0.1.1.1.0.0.searchglobal.0,Small,16,16,LTT,2,5,0,TestLR,0.92226,0.9479166666666666,0.89362,0.9199678800856531,0.07774,/gpfs/projects/HeinzGroup/caffeine_underground/mlrt/FlexFringe/FlexFringe/models-ps-small/0.1.1.1.0.0.searchglobal.0.ini/0.1.1.1.0.0.searchglobal.0_16.16.LTT.2.5.0_Small.final.json,/gpfs/projects/HeinzGroup/asoubki/FlexFringe/data/MLRegTest/Large/16.16.LTT.2.5.0_TestLR.txt,2025-12-29 23:30:05.229866
0.1.1.1.0.0.searchglobal.0,Small,16,16,LTT,2,5,0,TestSA,0.51673,0.5091750666330302,0.92844,0.6576704847312833,0.48327,/gpfs/projects/HeinzGroup/caffeine_underground/mlrt/FlexFringe/FlexFringe/models-ps-small/0.1.1.1.0.0.searchglobal.0.ini/0.1.1.1.0.0.searchglobal.0_16.16.LTT.2.5.0_Small.final.json,/gpfs/projects/HeinzGroup/asoubki/FlexFringe/data/MLRegTest/Large/16.16.LTT.2.5.0_TestSA.txt,2025-12-29 23:30:05.229866
0.1.1.1.0.0.searchglobal.0,Small,16,16,LTT,2,5,0,Dev,0.95255,0.9721636792354402,0.93178,0.9515435597357107,0.04745,/gpfs/projects/HeinzGroup/caffeine_underground/mlrt/FlexFringe/FlexFringe/models-ps-small/0.1.1.1.0.0.searchglobal.0.ini/0.1.1.1.0.0.searchglobal.0_16.16.LTT.2.5.0_Small.final.json,/gpfs/projects/HeinzGroup/asoubki/FlexFringe/data/MLRegTest/Large/16.16.LTT.2.5.0_Dev.txt,2025-12-29 23:30:05.229866
0.1.1.1.0.0.searchglobal.0,Small,16,16,LTT,2,5,0,Train,0.93,0.9479166666666666,0.91,0.9285714285714286,0.07,/gpfs/projects/HeinzGroup/caffeine_underground/mlrt/FlexFringe/FlexFringe/models-ps-small/0.1.1.1.0.0.searchglobal.0.ini/0.1.1.1.0.0.searchglobal.0_16.16.LTT.2.5.0_Small.final.json,/gpfs/projects/HeinzGroup/asoubki/FlexFringe/data/MLRegTest/Small/16.16.LTT.2.5.0_Train.txt,2025-12-29 23:30:05.229866
0.1.1.1.0.0.searchglobal.0,Small,16,16,LTT,2,5,1,TestLA,0.50201,0.5015973425306356,0.63118,0.5589769476695272,0.49799,/gpfs/projects/HeinzGroup/caffeine_underground/mlrt/FlexFringe/FlexFringe/models-ps-small/0.1.1.1.0.0.searchglobal.0.ini/0.1.1.1.0.0.searchglobal.0_16.16.LTT.2.5.1_Small.final.json,/gpfs/projects/HeinzGroup/asoubki/FlexFringe/data/MLRegTest/Large/16.16.LTT.2.5.1_TestLA.txt,2025-12-29 22:08:11.495763
0.1.1.1.0.0.searchglobal.0,Small,16,16,LTT,2,5,1,TestLR,0.52491,0.5191624228810561,0.67488,0.5868674834995695,0.47509,/gpfs/projects/HeinzGroup/caffeine_underground/mlrt/FlexFringe/FlexFringe/models-ps-small/0.1.1.1.0.0.searchglobal.0.ini/0.1.1.1.0.0.searchglobal.0_16.16.LTT.2.5.1_Small.final.json,/gpfs/projects/HeinzGroup/asoubki/FlexFringe/data/MLRegTest/Large/16.16.LTT.2.5.1_TestLR.txt,2025-12-29 22:08:11.495763
0.1.1.1.0.0.searchglobal.0,Small,16,16,LTT,2,5,1,TestSA,0.50604,0.504930612244898,0.61854,0.5559910112359551,0.49396,/gpfs/projects/HeinzGroup/caffeine_underground/mlrt/FlexFringe/FlexFringe/models-ps-small/0.1.1.1.0.0.searchglobal.0.ini/0.1.1.1.0.0.searchglobal.0_16.16.LTT.2.5.1_Small.final.json,/gpfs/projects/HeinzGroup/asoubki/FlexFringe/data/MLRegTest/Large/16.16.LTT.2.5.1_TestSA.txt,2025-12-29 22:08:11.495763
0.1.1.1.0.0.searchglobal.0,Small,16,16,LTT,2,5,1,TestSR,0.53731,0.528840653649336,0.68414,0.5965487474167924,0.46269,/gpfs/projects/HeinzGroup/caffeine_underground/mlrt/FlexFringe/FlexFringe/models-ps-small/0.1.1.1.0.0.searchglobal.0.ini/0.1.1.1.0.0.searchglobal.0_16.16.LTT.2.5.1_Small.final.json,/gpfs/projects/HeinzGroup/asoubki/FlexFringe/data/MLRegTest/Large/16.16.LTT.2.5.1_TestSR.txt,2025-12-29 22:08:11.495763
0.1.1.1.0.0.searchglobal.0,Small,16,16,LTT,2,5,1,Dev,0.54216,0.5327828061335573,0.68518,0.5994470787912722,0.45784,/gpfs/projects/HeinzGroup/caffeine_underground/mlrt/FlexFringe/FlexFringe/models-ps-small/0.1.1.1.0.0.searchglobal.0.ini/0.1.1.1.0.0.searchglobal.0_16.16.LTT.2.5.1_Small.final.json,/gpfs/projects/HeinzGroup/asoubki/FlexFringe/data/MLRegTest/Large/16.16.LTT.2.5.1_Dev.txt,2025-12-29 22:08:11.495763
0.1.1.1.0.0.searchglobal.0,Small,16,16,LTT,2,5,1,Train,0.548,0.5371517027863777,0.694,0.6055846422338569,0.452,/gpfs/projects/HeinzGroup/caffeine_underground/mlrt/FlexFringe/FlexFringe/models-ps-small/0.1.1.1.0.0.searchglobal.0.ini/0.1.1.1.0.0.searchglobal.0_16.16.LTT.2.5.1_Small.final.json,/gpfs/projects/HeinzGroup/asoubki/FlexFringe/data/MLRegTest/Small/16.16.LTT.2.5.1_Train.txt,2025-12-29 22:08:11.495763
0.1.1.1.0.0.searchglobal.0,Small,16,16,LTT,2,5,2,TestLR,0.99997,1.0,0.99994,0.999969999099973,3e-05,/gpfs/projects/HeinzGroup/caffeine_underground/mlrt/FlexFringe/FlexFringe/models-ps-small/0.1.1.1.0.0.searchglobal.0.ini/0.1.1.1.0.0.searchglobal.0_16.16.LTT.2.5.2_Small.final.json,/gpfs/projects/HeinzGroup/asoubki/FlexFringe/data/MLRegTest/Large/16.16.LTT.2.5.2_TestLR.txt,2025-12-29 22:29:09.986078
0.1.1.1.0.0.searchglobal.0,Small,16,16,LTT,2,5,2,TestSR,1.0,1.0,1.0,1.0,0.0,/gpfs/projects/HeinzGroup/caffeine_underground/mlrt/FlexFringe/FlexFringe/models-ps-small/0.1.1.1.0.0.searchglobal.0.ini/0.1.1.1.0.0.searchglobal.0_16.16.LTT.2.5.2_Small.final.json,/gpfs/projects/HeinzGroup/asoubki/FlexFringe/data/MLRegTest/Large/16.16.LTT.2.5.2_TestSR.txt,2025-12-29 22:29:09.986078
0.1.1.1.0.0.searchglobal.0,Small,16,16,LTT,2,5,2,TestSA,0.99993,1.0,0.99986,0.999929995099657,7e-05,/gpfs/projects/HeinzGroup/caffeine_underground/mlrt/FlexFringe/FlexFringe/models-ps-small/0.1.1.1.0.0.searchglobal.0.ini/0.1.1.1.0.0.searchglobal.0_16.16.LTT.2.5.2_Small.final.json,/gpfs/projects/HeinzGroup/asoubki/FlexFringe/data/MLRegTest/Large/16.16.LTT.2.5.2_TestSA.txt,2025-12-29 22:29:09.986078
0.1.1.1.0.0.searchglobal.0,Small,16,16,LTT,2,5,2,TestLA,0.99986,1.0,0.99972,0.9998599803972557,0.00014,/gpfs/projects/HeinzGroup/caffeine_underground/mlrt/FlexFringe/FlexFringe/models-ps-small/0.1.1.1.0.0.searchglobal.0.ini/0.1.1.1.0.0.searchglobal.0_16.16.LTT.2.5.2_Small.final.json,/gpfs/projects/HeinzGroup/asoubki/FlexFringe/data/MLRegTest/Large/16.16.LTT.2.5.2_TestLA.txt,2025-12-29 22:29:09.986078
0.1.1.1.0.0.searchglobal.0,Small,16,16,LTT,2,5,2,Dev,1.0,1.0,1.0,1.0,0.0,/gpfs/projects/HeinzGroup/caffeine_underground/mlrt/FlexFringe/FlexFringe/models-ps-small/0.1.1.1.0.0.searchglobal.0.ini/0.1.1.1.0.0.searchglobal.0_16.16.LTT.2.5.2_Small.final.json,/gpfs/projects/HeinzGroup/asoubki/FlexFringe/data/MLRegTest/Large/16.16.LTT.2.5.2_Dev.txt,2025-12-29 22:29:09.986078
0.1.1.1.0.0.searchglobal.0,Small,16,16,LTT,2,5,2,Train,1.0,1.0,1.0,1.0,0.0,/gpfs/projects/HeinzGroup/caffeine_underground/mlrt/FlexFringe/FlexFringe/models-ps-small/0.1.1.1.0.0.searchglobal.0.ini/0.1.1.1.0.0.searchglobal.0_16.16.LTT.2.5.2_Small.final.json,/gpfs/projects/HeinzGroup/asoubki/FlexFringe/data/MLRegTest/Small/16.16.LTT.2.5.2_Train.txt,2025-12-29 22:29:09.986078
0.1.1.1.0.0.searchglobal.0,Small,16,16,LTT,2,5,3,TestLR,0.54562,0.5277534433250596,0.8675,0.6562622930977093,0.45438,/gpfs/projects/HeinzGroup/caffeine_underground/mlrt/FlexFringe/FlexFringe/models-ps-small/0.1.1.1.0.0.searchglobal.0.ini/0.1.1.1.0.0.searchglobal.0_16.16.LTT.2.5.3_Small.final.json,/gpfs/projects/HeinzGroup/asoubki/FlexFringe/data/MLRegTest/Large/16.16.LTT.2.5.3_TestLR.txt,2025-12-29 22:20:24.778720
0.1.1.1.0.0.searchglobal.0,Small,16,16,LTT,2,5,3,TestLA,0.5246,0.5152590313616514,0.83068,0.6360100453264731,0.4754,/gpfs/projects/HeinzGroup/caffeine_underground/mlrt/FlexFringe/FlexFringe/models-ps-small/0.1.1.1.0.0.searchglobal.0.ini/0.1.1.1.0.0.searchglobal.0_16.16.LTT.2.5.3_Small.final.json,/gpfs/projects/HeinzGroup/asoubki/FlexFringe/data/MLRegTest/Large/16.16.LTT.2.5.3_TestLA.txt,2025-12-29 22:20:24.778720
0.1.1.1.0.0.searchglobal.0,Small,16,16,LTT,2,5,3,TestSR,0.55042,0.5289616984123338,0.92088,0.6719495643798432,0.44958,/gpfs/projects/HeinzGroup/caffeine_underground/mlrt/FlexFringe/FlexFringe/models-ps-small/0.1.1.1.0.0.searchglobal.0.ini/0.1.1.1.0.0.searchglobal.0_16.16.LTT.2.5.3_Small.final.json,/gpfs/projects/HeinzGroup/asoubki/FlexFringe/data/MLRegTest/Large/16.16.LTT.2.5.3_TestSR.txt,2025-12-29 22:20:24.778720
0.1.1.1.0.0.searchglobal.0,Small,16,16,LTT,2,5,3,TestSA,0.52593,0.5152412860753541,0.87658,0.6490060341317143,0.47407,/gpfs/projects/HeinzGroup/caffeine_underground/mlrt/FlexFringe/FlexFringe/models-ps-small/0.1.1.1.0.0.searchglobal.0.ini/0.1.1.1.0.0.searchglobal.0_16.16.LTT.2.5.3_Small.final.json,/gpfs/projects/HeinzGroup/asoubki/FlexFringe/data/MLRegTest/Large/16.16.LTT.2.5.3_TestSA.txt,2025-12-29 22:20:24.778720
0.1.1.1.0.0.searchglobal.0,Small,16,16,LTT,2,5,3,Dev,0.54912,0.5282558674643351,0.91832,0.6706982179374817,0.45088,/gpfs/projects/HeinzGroup/caffeine_underground/mlrt/FlexFringe/FlexFringe/models-ps-small/0.1.1.1.0.0.searchglobal.0.ini/0.1.1.1.0.0.searchglobal.0_16.16.LTT.2.5.3_Small.final.json,/gpfs/projects/HeinzGroup/asoubki/FlexFringe/data/MLRegTest/Large/16.16.LTT.2.5.3_Dev.txt,2025-12-29 22:20:24.778720
0.1.1.1.0.0.searchglobal.0,Small,16,16,LTT,2,5,3,Train,0.547,0.5264937993235626,0.934,0.6733958183129055,0.453,/gpfs/projects/HeinzGroup/caffeine_underground/mlrt/FlexFringe/FlexFringe/models-ps-small/0.1.1.1.0.0.searchglobal.0.ini/0.1.1.1.0.0.searchglobal.0_16.16.LTT.2.5.3_Small.final.json,/gpfs/projects/HeinzGroup/asoubki/FlexFringe/data/MLRegTest/Small/16.16.LTT.2.5.3_Train.txt,2025-12-29 22:20:24.778720
0.1.1.1.0.0.searchglobal.0,Small,16,16,LTT,2,5,4,TestLA,0.52807,0.515796819251072,0.91654,0.6601078885391835,0.47193,/gpfs/projects/HeinzGroup/caffeine_underground/mlrt/FlexFringe/FlexFringe/models-ps-small/0.1.1.1.0.0.searchglobal.0.ini/0.1.1.1.0.0.searchglobal.0_16.16.LTT.2.5.4_Small.final.json,/gpfs/projects/HeinzGroup/asoubki/FlexFringe/data/MLRegTest/Large/16.16.LTT.2.5.4_TestLA.txt,2025-12-29 23:26:36.411733
0.1.1.1.0.0.searchglobal.0,Small,16,16,LTT,2,5,4,TestSA,0.52014,0.5106418954621351,0.9664,0.6682062699652898,0.47986,/gpfs/projects/HeinzGroup/caffeine_underground/mlrt/FlexFringe/FlexFringe/models-ps-small/0.1.1.1.0.0.searchglobal.0.ini/0.1.1.1.0.0.searchglobal.0_16.16.LTT.2.5.4_Small.final.json,/gpfs/projects/HeinzGroup/asoubki/FlexFringe/data/MLRegTest/Large/16.16.LTT.2.5.4_TestSA.txt,2025-12-29 23:26:36.411733
0.1.1.1.0.0.searchglobal.0,Small,16,16,LTT,2,5,4,TestSR,0.97096,0.9760249049890839,0.96564,0.9708046809024008,0.02904,/gpfs/projects/HeinzGroup/caffeine_underground/mlrt/FlexFringe/FlexFringe/models-ps-small/0.1.1.1.0.0.searchglobal.0.ini/0.1.1.1.0.0.searchglobal.0_16.16.LTT.2.5.4_Small.final.json,/gpfs/projects/HeinzGroup/asoubki/FlexFringe/data/MLRegTest/Large/16.16.LTT.2.5.4_TestSR.txt,2025-12-29 23:26:36.411733
0.1.1.1.0.0.searchglobal.0,Small,16,16,LTT,2,5,4,TestLR,0.93886,0.9581767309780339,0.91778,0.9375434151922527,0.06114,/gpfs/projects/HeinzGroup/caffeine_underground/mlrt/FlexFringe/FlexFringe/models-ps-small/0.1.1.1.0.0.searchglobal.0.ini/0.1.1.1.0.0.searchglobal.0_16.16.LTT.2.5.4_Small.final.json,/gpfs/projects/HeinzGroup/asoubki/FlexFringe/data/MLRegTest/Large/16.16.LTT.2.5.4_TestLR.txt,2025-12-29 23:26:36.411733
0.1.1.1.0.0.searchglobal.0,Small,16,16,LTT,2,5,4,Dev,0.97138,0.9773951792586592,0.96508,0.971198550870484,0.02862,/gpfs/projects/HeinzGroup/caffeine_underground/mlrt/FlexFringe/FlexFringe/models-ps-small/0.1.1.1.0.0.searchglobal.0.ini/0.1.1.1.0.0.searchglobal.0_16.16.LTT.2.5.4_Small.final.json,/gpfs/projects/HeinzGroup/asoubki/FlexFringe/data/MLRegTest/Large/16.16.LTT.2.5.4_Dev.txt,2025-12-29 23:26:36.411733
0.1.1.1.0.0.searchglobal.0,Small,16,16,LTT,2,5,4,Train,0.959,0.9580838323353293,0.96,0.9590409590409591,0.041,/gpfs/projects/HeinzGroup/caffeine_underground/mlrt/FlexFringe/FlexFringe/models-ps-small/0.1.1.1.0.0.searchglobal.0.ini/0.1.1.1.0.0.searchglobal.0_16.16.LTT.2.5.4_Small.final.json,/gpfs/projects/HeinzGroup/asoubki/FlexFringe/data/MLRegTest/Small/16.16.LTT.2.5.4_Train.txt,2025-12-29 23:26:36.411733
0.1.1.1.0.0.searchglobal.0,Small,16,16,LTT,2,5,5,TestLR,0.96943,0.9850986876097965,0.95328,0.9689281902729074,0.03057,/gpfs/projects/HeinzGroup/caffeine_underground/mlrt/FlexFringe/FlexFringe/models-ps-small/0.1.1.1.0.0.searchglobal.0.ini/0.1.1.1.0.0.searchglobal.0_16.16.LTT.2.5.5_Small.final.json,/gpfs/projects/HeinzGroup/asoubki/FlexFringe/data/MLRegTest/Large/16.16.LTT.2.5.5_TestLR.txt,2025-12-29 23:20:47.797021
0.1.1.1.0.0.searchglobal.0,Small,16,16,LTT,2,5,5,TestSA,0.53359,0.5178235999533053,0.97588,0.6766184331861137,0.46641,/gpfs/projects/HeinzGroup/caffeine_underground/mlrt/FlexFringe/FlexFringe/models-ps-small/0.1.1.1.0.0.searchglobal.0.ini/0.1.1.1.0.0.searchglobal.0_16.16.LTT.2.5.5_Small.final.json,/gpfs/projects/HeinzGroup/asoubki/FlexFringe/data/MLRegTest/Large/16.16.LTT.2.5.5_TestSA.txt,2025-12-29 23:20:47.797021
0.1.1.1.0.0.searchglobal.0,Small,16,16,LTT,2,5,5,TestSR,0.98326,0.9896449704142012,0.97674,0.9831501389056649,0.01674,/gpfs/projects/HeinzGroup/caffeine_underground/mlrt/FlexFringe/FlexFringe/models-ps-small/0.1.1.1.0.0.searchglobal.0.ini/0.1.1.1.0.0.searchglobal.0_16.16.LTT.2.5.5_Small.final.json,/gpfs/projects/HeinzGroup/asoubki/FlexFringe/data/MLRegTest/Large/16.16.LTT.2.5.5_TestSR.txt,2025-12-29 23:20:47.797021
0.1.1.1.0.0.searchglobal.0,Small,16,16,LTT,2,5,5,TestLA,0.5467,0.5258834744823305,0.94882,0.6767038484580492,0.4533,/gpfs/projects/HeinzGroup/caffeine_underground/mlrt/FlexFringe/FlexFringe/models-ps-small/0.1.1.1.0.0.searchglobal.0.ini/0.1.1.1.0.0.searchglobal.0_16.16.LTT.2.5.5_Small.final.json,/gpfs/projects/HeinzGroup/asoubki/FlexFringe/data/MLRegTest/Large/16.16.LTT.2.5.5_TestLA.txt,2025-12-29 23:20:47.797021
0.1.1.1.0.0.searchglobal.0,Small,16,16,LTT,2,5,5,Dev,0.98375,0.9899925045074246,0.97738,0.9836458238982317,0.01625,/gpfs/projects/HeinzGroup/caffeine_underground/mlrt/FlexFringe/FlexFringe/models-ps-small/0.1.1.1.0.0.searchglobal.0.ini/0.1.1.1.0.0.searchglobal.0_16.16.LTT.2.5.5_Small.final.json,/gpfs/projects/HeinzGroup/asoubki/FlexFringe/data/MLRegTest/Large/16.16.LTT.2.5.5_Dev.txt,2025-12-29 23:20:47.797021
0.1.1.1.0.0.searchglobal.0,Small,16,16,LTT,2,5,5,Train,0.977,0.974155069582505,0.98,0.9770687936191426,0.023,/gpfs/projects/HeinzGroup/caffeine_underground/mlrt/FlexFringe/FlexFringe/models-ps-small/0.1.1.1.0.0.searchglobal.0.ini/0.1.1.1.0.0.searchglobal.0_16.16.LTT.2.5.5_Small.final.json,/gpfs/projects/HeinzGroup/asoubki/FlexFringe/data/MLRegTest/Small/16.16.LTT.2.5.5_Train.txt,2025-12-29 23:20:47.797021
0.1.1.1.0.0.searchglobal.0,Small,16,16,LTT,2,5,6,TestLR,0.50012,0.5009551098376314,0.06294,0.11182971465122064,0.49988,/gpfs/projects/HeinzGroup/caffeine_underground/mlrt/FlexFringe/FlexFringe/models-ps-small/0.1.1.1.0.0.searchglobal.0.ini/0.1.1.1.0.0.searchglobal.0_16.16.LTT.2.5.6_Small.final.json,/gpfs/projects/HeinzGroup/asoubki/FlexFringe/data/MLRegTest/Large/16.16.LTT.2.5.6_TestLR.txt,2025-12-29 23:16:37.927995
0.1.1.1.0.0.searchglobal.0,Small,16,16,LTT,2,5,6,TestLA,0.5,0.5,0.06152,0.10955976634848269,0.5,/gpfs/projects/HeinzGroup/caffeine_underground/mlrt/FlexFringe/FlexFringe/models-ps-small/0.1.1.1.0.0.searchglobal.0.ini/0.1.1.1.0.0.searchglobal.0_16.16.LTT.2.5.6_Small.final.json,/gpfs/projects/HeinzGroup/asoubki/FlexFringe/data/MLRegTest/Large/16.16.LTT.2.5.6_TestLA.txt,2025-12-29 23:16:37.927995
0.1.1.1.0.0.searchglobal.0,Small,16,16,LTT,2,5,6,TestSR,0.50001,0.5000811556565493,0.06162,0.10972026851373728,0.49999,/gpfs/projects/HeinzGroup/caffeine_underground/mlrt/FlexFringe/FlexFringe/models-ps-small/0.1.1.1.0.0.searchglobal.0.ini/0.1.1.1.0.0.searchglobal.0_16.16.LTT.2.5.6_Small.final.json,/gpfs/projects/HeinzGroup/asoubki/FlexFringe/data/MLRegTest/Large/16.16.LTT.2.5.6_TestSR.txt,2025-12-29 23:16:37.927995
0.1.1.1.0.0.searchglobal.0,Small,16,16,LTT,2,5,6,TestSA,0.5,0.5,0.0631,0.11205824897886699,0.5,/gpfs/projects/HeinzGroup/caffeine_underground/mlrt/FlexFringe/FlexFringe/models-ps-small/0.1.1.1.0.0.searchglobal.0.ini/0.1.1.1.0.0.searchglobal.0_16.16.LTT.2.5.6_Small.final.json,/gpfs/projects/HeinzGroup/asoubki/FlexFringe/data/MLRegTest/Large/16.16.LTT.2.5.6_TestSA.txt,2025-12-29 23:16:37.927995
0.1.1.1.0.0.searchglobal.0,Small,16,16,LTT,2,5,6,Dev,0.50028,0.5022314313037934,0.06302,0.11198777410527064,0.49972,/gpfs/projects/HeinzGroup/caffeine_underground/mlrt/FlexFringe/FlexFringe/models-ps-small/0.1.1.1.0.0.searchglobal.0.ini/0.1.1.1.0.0.searchglobal.0_16.16.LTT.2.5.6_Small.final.json,/gpfs/projects/HeinzGroup/asoubki/FlexFringe/data/MLRegTest/Large/16.16.LTT.2.5.6_Dev.txt,2025-12-29 23:16:37.927995
0.1.1.1.0.0.searchglobal.0,Small,16,16,LTT,2,5,6,Train,0.499,0.4909090909090909,0.054,0.0972972972972973,0.501,/gpfs/projects/HeinzGroup/caffeine_underground/mlrt/FlexFringe/FlexFringe/models-ps-small/0.1.1.1.0.0.searchglobal.0.ini/0.1.1.1.0.0.searchglobal.0_16.16.LTT.2.5.6_Small.final.json,/gpfs/projects/HeinzGroup/asoubki/FlexFringe/data/MLRegTest/Small/16.16.LTT.2.5.6_Train.txt,2025-12-29 23:16:37.927995
0.1.1.1.0.0.searchglobal.0,Small,16,16,LTT,2,5,7,TestLA,0.5026,0.5215231788079471,0.063,0.11241970021413276,0.4974,/gpfs/projects/HeinzGroup/caffeine_underground/mlrt/FlexFringe/FlexFringe/models-ps-small/0.1.1.1.0.0.searchglobal.0.ini/0.1.1.1.0.0.searchglobal.0_16.16.LTT.2.5.7_Small.final.json,/gpfs/projects/HeinzGroup/asoubki/FlexFringe/data/MLRegTest/Large/16.16.LTT.2.5.7_TestLA.txt,2025-12-29 23:30:11.016957
0.1.1.1.0.0.searchglobal.0,Small,16,16,LTT,2,5,7,TestSR,0.5009,0.5079225352112676,0.0577,0.10362787356321838,0.4991,/gpfs/projects/HeinzGroup/caffeine_underground/mlrt/FlexFringe/FlexFringe/models-ps-small/0.1.1.1.0.0.searchglobal.0.ini/0.1.1.1.0.0.searchglobal.0_16.16.LTT.2.5.7_Small.final.json,/gpfs/projects/HeinzGroup/asoubki/FlexFringe/data/MLRegTest/Large/16.16.LTT.2.5.7_TestSR.txt,2025-12-29 23:30:11.016957
0.1.1.1.0.0.searchglobal.0,Small,16,16,LTT,2,5,7,TestSA,0.50261,0.5215453194650818,0.06318,0.1127067092423783,0.49739,/gpfs/projects/HeinzGroup/caffeine_underground/mlrt/FlexFringe/FlexFringe/models-ps-small/0.1.1.1.0.0.searchglobal.0.ini/0.1.1.1.0.0.searchglobal.0_16.16.LTT.2.5.7_Small.final.json,/gpfs/projects/HeinzGroup/asoubki/FlexFringe/data/MLRegTest/Large/16.16.LTT.2.5.7_TestSA.txt,2025-12-29 23:30:11.016957
0.1.1.1.0.0.searchglobal.0,Small,16,16,LTT,2,5,7,TestLR,0.49979,0.49819432502149613,0.05794,0.10380722028128639,0.50021,/gpfs/projects/HeinzGroup/caffeine_underground/mlrt/FlexFringe/FlexFringe/models-ps-small/0.1.1.1.0.0.searchglobal.0.ini/0.1.1.1.0.0.searchglobal.0_16.16.LTT.2.5.7_Small.final.json,/gpfs/projects/HeinzGroup/asoubki/FlexFringe/data/MLRegTest/Large/16.16.LTT.2.5.7_TestLR.txt,2025-12-29 23:30:11.016957
0.1.1.1.0.0.searchglobal.0,Small,16,16,LTT,2,5,7,Dev,0.50126,0.5109679665738162,0.0587,0.10530281285878301,0.49874,/gpfs/projects/HeinzGroup/caffeine_underground/mlrt/FlexFringe/FlexFringe/models-ps-small/0.1.1.1.0.0.searchglobal.0.ini/0.1.1.1.0.0.searchglobal.0_16.16.LTT.2.5.7_Small.final.json,/gpfs/projects/HeinzGroup/asoubki/FlexFringe/data/MLRegTest/Large/16.16.LTT.2.5.7_Dev.txt,2025-12-29 23:30:11.016957
0.1.1.1.0.0.searchglobal.0,Small,16,16,LTT,2,5,7,Train,0.506,0.5454545454545454,0.072,0.127208480565371,0.494,/gpfs/projects/HeinzGroup/caffeine_underground/mlrt/FlexFringe/FlexFringe/models-ps-small/0.1.1.1.0.0.searchglobal.0.ini/0.1.1.1.0.0.searchglobal.0_16.16.LTT.2.5.7_Small.final.json,/gpfs/projects/HeinzGroup/asoubki/FlexFringe/data/MLRegTest/Small/16.16.LTT.2.5.7_Train.txt,2025-12-29 23:30:11.016957
0.1.1.1.0.0.searchglobal.0,Small,16,16,LTT,2,5,8,TestLR,0.49933,0.49556232613591206,0.07482,0.130010947192827,0.50067,/gpfs/projects/HeinzGroup/caffeine_underground/mlrt/FlexFringe/FlexFringe/models-ps-small/0.1.1.1.0.0.searchglobal.0.ini/0.1.1.1.0.0.searchglobal.0_16.16.LTT.2.5.8_Small.final.json,/gpfs/projects/HeinzGroup/asoubki/FlexFringe/data/MLRegTest/Large/16.16.LTT.2.5.8_TestLR.txt,2025-12-29 22:50:10.971562
0.1.1.1.0.0.searchglobal.0,Small,16,16,LTT,2,5,8,TestLA,0.50087,0.5057501652346332,0.07652,0.13292799444106662,0.49913,/gpfs/projects/HeinzGroup/caffeine_underground/mlrt/FlexFringe/FlexFringe/models-ps-small/0.1.1.1.0.0.searchglobal.0.ini/0.1.1.1.0.0.searchglobal.0_16.16.LTT.2.5.8_Small.final.json,/gpfs/projects/HeinzGroup/asoubki/FlexFringe/data/MLRegTest/Large/16.16.LTT.2.5.8_TestLA.txt,2025-12-29 22:50:10.971562
0.1.1.1.0.0.searchglobal.0,Small,16,16,LTT,2,5,8,TestSR,0.50022,0.5014278296988577,0.07726,0.133890198253154,0.49978,/gpfs/projects/HeinzGroup/caffeine_underground/mlrt/FlexFringe/FlexFringe/models-ps-small/0.1.1.1.0.0.searchglobal.0.ini/0.1.1.1.0.0.searchglobal.0_16.16.LTT.2.5.8_Small.final.json,/gpfs/projects/HeinzGroup/asoubki/FlexFringe/data/MLRegTest/Large/16.16.LTT.2.5.8_TestSR.txt,2025-12-29 22:50:10.971562
0.1.1.1.0.0.searchglobal.0,Small,16,16,LTT,2,5,8,TestSA,0.50086,0.5057656208098686,0.07544,0.1312959030944342,0.49914,/gpfs/projects/HeinzGroup/caffeine_underground/mlrt/FlexFringe/FlexFringe/models-ps-small/0.1.1.1.0.0.searchglobal.0.ini/0.1.1.1.0.0.searchglobal.0_16.16.LTT.2.5.8_Small.final.json,/gpfs/projects/HeinzGroup/asoubki/FlexFringe/data/MLRegTest/Large/16.16.LTT.2.5.8_TestSA.txt,2025-12-29 22:50:10.971562
0.1.1.1.0.0.searchglobal.0,Small,16,16,LTT,2,5,8,Dev,0.50097,0.5064606367390435,0.07604,0.1322273810144852,0.49903,/gpfs/projects/HeinzGroup/caffeine_underground/mlrt/FlexFringe/FlexFringe/models-ps-small/0.1.1.1.0.0.searchglobal.0.ini/0.1.1.1.0.0.searchglobal.0_16.16.LTT.2.5.8_Small.final.json,/gpfs/projects/HeinzGroup/asoubki/FlexFringe/data/MLRegTest/Large/16.16.LTT.2.5.8_Dev.txt,2025-12-29 22:50:10.971562
0.1.1.1.0.0.searchglobal.0,Small,16,16,LTT,2,5,8,Train,0.488,0.4318181818181818,0.076,0.1292517006802721,0.512,/gpfs/projects/HeinzGroup/caffeine_underground/mlrt/FlexFringe/FlexFringe/models-ps-small/0.1.1.1.0.0.searchglobal.0.ini/0.1.1.1.0.0.searchglobal.0_16.16.LTT.2.5.8_Small.final.json,/gpfs/projects/HeinzGroup/asoubki/FlexFringe/data/MLRegTest/Small/16.16.LTT.2.5.8_Train.txt,2025-12-29 22:50:10.971562
0.1.1.1.0.0.searchglobal.0,Small,16,16,LTT,2,5,9,TestSA,0.56407,0.5365050424477238,0.94162,0.6835468767013901,0.43593,/gpfs/projects/HeinzGroup/caffeine_underground/mlrt/FlexFringe/FlexFringe/models-ps-small/0.1.1.1.0.0.searchglobal.0.ini/0.1.1.1.0.0.searchglobal.0_16.16.LTT.2.5.9_Small.final.json,/gpfs/projects/HeinzGroup/asoubki/FlexFringe/data/MLRegTest/Large/16.16.LTT.2.5.9_TestSA.txt,2025-12-29 23:09:13.967296
0.1.1.1.0.0.searchglobal.0,Small,16,16,LTT,2,5,9,TestLR,0.94345,0.9924923924390839,0.89366,0.9404868397512129,0.05655,/gpfs/projects/HeinzGroup/caffeine_underground/mlrt/FlexFringe/FlexFringe/models-ps-small/0.1.1.1.0.0.searchglobal.0.ini/0.1.1.1.0.0.searchglobal.0_16.16.LTT.2.5.9_Small.final.json,/gpfs/projects/HeinzGroup/asoubki/FlexFringe/data/MLRegTest/Large/16.16.LTT.2.5.9_TestLR.txt,2025-12-29 23:09:13.967296
0.1.1.1.0.0.searchglobal.0,Small,16,16,LTT,2,5,9,TestSR,0.97009,0.995300811294911,0.94464,0.9693089118054486,0.02991,/gpfs/projects/HeinzGroup/caffeine_underground/mlrt/FlexFringe/FlexFringe/models-ps-small/0.1.1.1.0.0.searchglobal.0.ini/0.1.1.1.0.0.searchglobal.0_16.16.LTT.2.5.9_Small.final.json,/gpfs/projects/HeinzGroup/asoubki/FlexFringe/data/MLRegTest/Large/16.16.LTT.2.5.9_TestSR.txt,2025-12-29 23:09:13.967296
0.1.1.1.0.0.searchglobal.0,Small,16,16,LTT,2,5,9,TestLA,0.57578,0.5466798078107675,0.88748,0.6765876343676146,0.42422,/gpfs/projects/HeinzGroup/caffeine_underground/mlrt/FlexFringe/FlexFringe/models-ps-small/0.1.1.1.0.0.searchglobal.0.ini/0.1.1.1.0.0.searchglobal.0_16.16.LTT.2.5.9_Small.final.json,/gpfs/projects/HeinzGroup/asoubki/FlexFringe/data/MLRegTest/Large/16.16.LTT.2.5.9_TestLA.txt,2025-12-29 23:09:13.967296
0.1.1.1.0.0.searchglobal.0,Small,16,16,LTT,2,5,9,Dev,0.97104,0.9953935467586555,0.94646,0.9703102253388284,0.02896,/gpfs/projects/HeinzGroup/caffeine_underground/mlrt/FlexFringe/FlexFringe/models-ps-small/0.1.1.1.0.0.searchglobal.0.ini/0.1.1.1.0.0.searchglobal.0_16.16.LTT.2.5.9_Small.final.json,/gpfs/projects/HeinzGroup/asoubki/FlexFringe/data/MLRegTest/Large/16.16.LTT.2.5.9_Dev.txt,2025-12-29 23:09:13.967296
0.1.1.1.0.0.searchglobal.0,Small,16,16,LTT,2,5,9,Train,0.971,0.9796334012219959,0.962,0.970736629667003,0.029,/gpfs/projects/HeinzGroup/caffeine_underground/mlrt/FlexFringe/FlexFringe/models-ps-small/0.1.1.1.0.0.searchglobal.0.ini/0.1.1.1.0.0.searchglobal.0_16.16.LTT.2.5.9_Small.final.json,/gpfs/projects/HeinzGroup/asoubki/FlexFringe/data/MLRegTest/Small/16.16.LTT.2.5.9_Train.txt,2025-12-29 23:09:13.967296
0.1.1.1.0.0.searchglobal.0,Small,16,16,LTT,4,2,0,TestLR,0.99694,1.0,0.99388,0.9969306076594379,0.00306,/gpfs/projects/HeinzGroup/caffeine_underground/mlrt/FlexFringe/FlexFringe/models-ps-small/0.1.1.1.0.0.searchglobal.0.ini/0.1.1.1.0.0.searchglobal.0_16.16.LTT.4.2.0_Small.final.json,/gpfs/projects/HeinzGroup/asoubki/FlexFringe/data/MLRegTest/Large/16.16.LTT.4.2.0_TestLR.txt,2025-12-29 23:04:59.707060
0.1.1.1.0.0.searchglobal.0,Small,16,16,LTT,4,2,0,TestLA,0.99635,1.0,0.9927,0.9963366286947358,0.00365,/gpfs/projects/HeinzGroup/caffeine_underground/mlrt/FlexFringe/FlexFringe/models-ps-small/0.1.1.1.0.0.searchglobal.0.ini/0.1.1.1.0.0.searchglobal.0_16.16.LTT.4.2.0_Small.final.json,/gpfs/projects/HeinzGroup/asoubki/FlexFringe/data/MLRegTest/Large/16.16.LTT.4.2.0_TestLA.txt,2025-12-29 23:04:59.707060
0.1.1.1.0.0.searchglobal.0,Small,16,16,LTT,4,2,0,TestSA,0.99796,1.0,0.99592,0.9979558298929817,0.00204,/gpfs/projects/HeinzGroup/caffeine_underground/mlrt/FlexFringe/FlexFringe/models-ps-small/0.1.1.1.0.0.searchglobal.0.ini/0.1.1.1.0.0.searchglobal.0_16.16.LTT.4.2.0_Small.final.json,/gpfs/projects/HeinzGroup/asoubki/FlexFringe/data/MLRegTest/Large/16.16.LTT.4.2.0_TestSA.txt,2025-12-29 23:04:59.707060
0.1.1.1.0.0.searchglobal.0,Small,16,16,LTT,4,2,0,TestSR,0.99847,1.0,0.99694,0.9984676555129348,0.00153,/gpfs/projects/HeinzGroup/caffeine_underground/mlrt/FlexFringe/FlexFringe/models-ps-small/0.1.1.1.0.0.searchglobal.0.ini/0.1.1.1.0.0.searchglobal.0_16.16.LTT.4.2.0_Small.final.json,/gpfs/projects/HeinzGroup/asoubki/FlexFringe/data/MLRegTest/Large/16.16.LTT.4.2.0_TestSR.txt,2025-12-29 23:04:59.707060
0.1.1.1.0.0.searchglobal.0,Small,16,16,LTT,4,2,0,Dev,0.99833,1.0,0.99666,0.998327206434746,0.00167,/gpfs/projects/HeinzGroup/caffeine_underground/mlrt/FlexFringe/FlexFringe/models-ps-small/0.1.1.1.0.0.searchglobal.0.ini/0.1.1.1.0.0.searchglobal.0_16.16.LTT.4.2.0_Small.final.json,/gpfs/projects/HeinzGroup/asoubki/FlexFringe/data/MLRegTest/Large/16.16.LTT.4.2.0_Dev.txt,2025-12-29 23:04:59.707060
0.1.1.1.0.0.searchglobal.0,Small,16,16,LTT,4,2,0,Train,0.998,1.0,0.996,0.9979959919839679,0.002,/gpfs/projects/HeinzGroup/caffeine_underground/mlrt/FlexFringe/FlexFringe/models-ps-small/0.1.1.1.0.0.searchglobal.0.ini/0.1.1.1.0.0.searchglobal.0_16.16.LTT.4.2.0_Small.final.json,/gpfs/projects/HeinzGroup/asoubki/FlexFringe/data/MLRegTest/Small/16.16.LTT.4.2.0_Train.txt,2025-12-29 23:04:59.707060
0.1.1.1.0.0.searchglobal.0,Small,16,16,LTT,4,2,1,TestLA,0.54666,0.5975334448160535,0.28586,0.386715367965368,0.45334,/gpfs/projects/HeinzGroup/caffeine_underground/mlrt/FlexFringe/FlexFringe/models-ps-small/0.1.1.1.0.0.searchglobal.0.ini/0.1.1.1.0.0.searchglobal.0_16.16.LTT.4.2.1_Small.final.json,/gpfs/projects/HeinzGroup/asoubki/FlexFringe/data/MLRegTest/Large/16.16.LTT.4.2.1_TestLA.txt,2025-12-29 22:52:47.069081
0.1.1.1.0.0.searchglobal.0,Small,16,16,LTT,4,2,1,TestSA,0.54146,0.6268510586219557,0.20488,0.30882397274727924,0.45854,/gpfs/projects/HeinzGroup/caffeine_underground/mlrt/FlexFringe/FlexFringe/models-ps-small/0.1.1.1.0.0.searchglobal.0.ini/0.1.1.1.0.0.searchglobal.0_16.16.LTT.4.2.1_Small.final.json,/gpfs/projects/HeinzGroup/asoubki/FlexFringe/data/MLRegTest/Large/16.16.LTT.4.2.1_TestSA.txt,2025-12-29 22:52:47.069081
0.1.1.1.0.0.searchglobal.0,Small,16,16,LTT,4,2,1,TestSR,0.92854,0.8929108446107016,0.97388,0.9316394665850345,0.07146,/gpfs/projects/HeinzGroup/caffeine_underground/mlrt/FlexFringe/FlexFringe/models-ps-small/0.1.1.1.0.0.searchglobal.0.ini/0.1.1.1.0.0.searchglobal.0_16.16.LTT.4.2.1_Small.final.json,/gpfs/projects/HeinzGroup/asoubki/FlexFringe/data/MLRegTest/Large/16.16.LTT.4.2.1_TestSR.txt,2025-12-29 22:52:47.069081
0.1.1.1.0.0.searchglobal.0,Small,16,16,LTT,4,2,1,TestLR,0.88656,0.8362677894150805,0.96134,0.894452818251177,0.11344,/gpfs/projects/HeinzGroup/caffeine_underground/mlrt/FlexFringe/FlexFringe/models-ps-small/0.1.1.1.0.0.searchglobal.0.ini/0.1.1.1.0.0.searchglobal.0_16.16.LTT.4.2.1_Small.final.json,/gpfs/projects/HeinzGroup/asoubki/FlexFringe/data/MLRegTest/Large/16.16.LTT.4.2.1_TestLR.txt,2025-12-29 22:52:47.069081
0.1.1.1.0.0.searchglobal.0,Small,16,16,LTT,4,2,1,Dev,0.92636,0.8895548571010891,0.9736,0.9296818303349758,0.07364,/gpfs/projects/HeinzGroup/caffeine_underground/mlrt/FlexFringe/FlexFringe/models-ps-small/0.1.1.1.0.0.searchglobal.0.ini/0.1.1.1.0.0.searchglobal.0_16.16.LTT.4.2.1_Small.final.json,/gpfs/projects/HeinzGroup/asoubki/FlexFringe/data/MLRegTest/Large/16.16.LTT.4.2.1_Dev.txt,2025-12-29 22:52:47.069081
0.1.1.1.0.0.searchglobal.0,Small,16,16,LTT,4,2,1,Train,0.923,0.8838475499092558,0.974,0.9267364414843007,0.077,/gpfs/projects/HeinzGroup/caffeine_underground/mlrt/FlexFringe/FlexFringe/models-ps-small/0.1.1.1.0.0.searchglobal.0.ini/0.1.1.1.0.0.searchglobal.0_16.16.LTT.4.2.1_Small.final.json,/gpfs/projects/HeinzGroup/asoubki/FlexFringe/data/MLRegTest/Small/16.16.LTT.4.2.1_Train.txt,2025-12-29 22:52:47.069081
0.1.1.1.0.0.searchglobal.0,Small,16,16,LTT,4,2,2,TestLA,0.72695,1.0,0.4539,0.6243895728729624,0.27305,/gpfs/projects/HeinzGroup/caffeine_underground/mlrt/FlexFringe/FlexFringe/models-ps-small/0.1.1.1.0.0.searchglobal.0.ini/0.1.1.1.0.0.searchglobal.0_16.16.LTT.4.2.2_Small.final.json,/gpfs/projects/HeinzGroup/asoubki/FlexFringe/data/MLRegTest/Large/16.16.LTT.4.2.2_TestLA.txt,2025-12-29 22:42:20.409988
0.1.1.1.0.0.searchglobal.0,Small,16,16,LTT,4,2,2,TestSA,0.73083,1.0,0.46166,0.6316927329201045,0.26917,/gpfs/projects/HeinzGroup/caffeine_underground/mlrt/FlexFringe/FlexFringe/models-ps-small/0.1.1.1.0.0.searchglobal.0.ini/0.1.1.1.0.0.searchglobal.0_16.16.LTT.4.2.2_Small.final.json,/gpfs/projects/HeinzGroup/asoubki/FlexFringe/data/MLRegTest/Large/16.16.LTT.4.2.2_TestSA.txt,2025-12-29 22:42:20.409988
0.1.1.1.0.0.searchglobal.0,Small,16,16,LTT,4,2,2,TestSR,0.99843,1.0,0.99686,0.9984275312240217,0.00157,/gpfs/projects/HeinzGroup/caffeine_underground/mlrt/FlexFringe/FlexFringe/models-ps-small/0.1.1.1.0.0.searchglobal.0.ini/0.1.1.1.0.0.searchglobal.0_16.16.LTT.4.2.2_Small.final.json,/gpfs/projects/HeinzGroup/asoubki/FlexFringe/data/MLRegTest/Large/16.16.LTT.4.2.2_TestSR.txt,2025-12-29 22:42:20.409988
0.1.1.1.0.0.searchglobal.0,Small,16,16,LTT,4,2,2,TestLR,0.997,1.0,0.994,0.9969909729187563,0.003,/gpfs/projects/HeinzGroup/caffeine_underground/mlrt/FlexFringe/FlexFringe/models-ps-small/0.1.1.1.0.0.searchglobal.0.ini/0.1.1.1.0.0.searchglobal.0_16.16.LTT.4.2.2_Small.final.json,/gpfs/projects/HeinzGroup/asoubki/FlexFringe/data/MLRegTest/Large/16.16.LTT.4.2.2_TestLR.txt,2025-12-29 22:42:20.409988
0.1.1.1.0.0.searchglobal.0,Small,16,16,LTT,4,2,2,Dev,0.99825,1.0,0.9965,0.9982469321312296,0.00175,/gpfs/projects/HeinzGroup/caffeine_underground/mlrt/FlexFringe/FlexFringe/models-ps-small/0.1.1.1.0.0.searchglobal.0.ini/0.1.1.1.0.0.searchglobal.0_16.16.LTT.4.2.2_Small.final.json,/gpfs/projects/HeinzGroup/asoubki/FlexFringe/data/MLRegTest/Large/16.16.LTT.4.2.2_Dev.txt,2025-12-29 22:42:20.409988
0.1.1.1.0.0.searchglobal.0,Small,16,16,LTT,4,2,2,Train,0.995,1.0,0.99,0.9949748743718593,0.005,/gpfs/projects/HeinzGroup/caffeine_underground/mlrt/FlexFringe/FlexFringe/models-ps-small/0.1.1.1.0.0.searchglobal.0.ini/0.1.1.1.0.0.searchglobal.0_16.16.LTT.4.2.2_Small.final.json,/gpfs/projects/HeinzGroup/asoubki/FlexFringe/data/MLRegTest/Small/16.16.LTT.4.2.2_Train.txt,2025-12-29 22:42:20.409988
0.1.1.1.0.0.searchglobal.0,Small,16,16,LTT,4,2,3,TestSA,0.62952,0.6214462530942915,0.66276,0.6414385815493012,0.37048,/gpfs/projects/HeinzGroup/caffeine_underground/mlrt/FlexFringe/FlexFringe/models-ps-small/0.1.1.1.0.0.searchglobal.0.ini/0.1.1.1.0.0.searchglobal.0_16.16.LTT.4.2.3_Small.final.json,/gpfs/projects/HeinzGroup/asoubki/FlexFringe/data/MLRegTest/Large/16.16.LTT.4.2.3_TestSA.txt,2025-12-29 23:19:04.330703
0.1.1.1.0.0.searchglobal.0,Small,16,16,LTT,4,2,3,TestLR,0.74827,0.6867056717854618,0.91314,0.7838986324654253,0.25173,/gpfs/projects/HeinzGroup/caffeine_underground/mlrt/FlexFringe/FlexFringe/models-ps-small/0.1.1.1.0.0.searchglobal.0.ini/0.1.1.1.0.0.searchglobal.0_16.16.LTT.4.2.3_Small.final.json,/gpfs/projects/HeinzGroup/asoubki/FlexFringe/data/MLRegTest/Large/16.16.LTT.4.2.3_TestLR.txt,2025-12-29 23:19:04.330703
0.1.1.1.0.0.searchglobal.0,Small,16,16,LTT,4,2,3,TestLA,0.6174,0.6097278301181397,0.65236,0.6303238772512947,0.3826,/gpfs/projects/HeinzGroup/caffeine_underground/mlrt/FlexFringe/FlexFringe/models-ps-small/0.1.1.1.0.0.searchglobal.0.ini/0.1.1.1.0.0.searchglobal.0_16.16.LTT.4.2.3_Small.final.json,/gpfs/projects/HeinzGroup/asoubki/FlexFringe/data/MLRegTest/Large/16.16.LTT.4.2.3_TestLA.txt,2025-12-29 23:19:04.330703
0.1.1.1.0.0.searchglobal.0,Small,16,16,LTT,4,2,3,TestSR,0.7696,0.6994968181145479,0.9453,0.8040316407246747,0.2304,/gpfs/projects/HeinzGroup/caffeine_underground/mlrt/FlexFringe/FlexFringe/models-ps-small/0.1.1.1.0.0.searchglobal.0.ini/0.1.1.1.0.0.searchglobal.0_16.16.LTT.4.2.3_Small.final.json,/gpfs/projects/HeinzGroup/asoubki/FlexFringe/data/MLRegTest/Large/16.16.LTT.4.2.3_TestSR.txt,2025-12-29 23:19:04.330703
0.1.1.1.0.0.searchglobal.0,Small,16,16,LTT,4,2,3,Dev,0.77096,0.7012238593155894,0.94424,0.8047865812082368,0.22904,/gpfs/projects/HeinzGroup/caffeine_underground/mlrt/FlexFringe/FlexFringe/models-ps-small/0.1.1.1.0.0.searchglobal.0.ini/0.1.1.1.0.0.searchglobal.0_16.16.LTT.4.2.3_Small.final.json,/gpfs/projects/HeinzGroup/asoubki/FlexFringe/data/MLRegTest/Large/16.16.LTT.4.2.3_Dev.txt,2025-12-29 23:19:04.330703
0.1.1.1.0.0.searchglobal.0,Small,16,16,LTT,4,2,3,Train,0.762,0.6882183908045977,0.958,0.8010033444816054,0.238,/gpfs/projects/HeinzGroup/caffeine_underground/mlrt/FlexFringe/FlexFringe/models-ps-small/0.1.1.1.0.0.searchglobal.0.ini/0.1.1.1.0.0.searchglobal.0_16.16.LTT.4.2.3_Small.final.json,/gpfs/projects/HeinzGroup/asoubki/FlexFringe/data/MLRegTest/Small/16.16.LTT.4.2.3_Train.txt,2025-12-29 23:19:04.330703
0.1.1.1.0.0.searchglobal.0,Small,16,16,LTT,4,2,4,TestSR,0.99872,1.0,0.99744,0.9987183595001602,0.00128,/gpfs/projects/HeinzGroup/caffeine_underground/mlrt/FlexFringe/FlexFringe/models-ps-small/0.1.1.1.0.0.searchglobal.0.ini/0.1.1.1.0.0.searchglobal.0_16.16.LTT.4.2.4_Small.final.json,/gpfs/projects/HeinzGroup/asoubki/FlexFringe/data/MLRegTest/Large/16.16.LTT.4.2.4_TestSR.txt,2025-12-29 22:50:08.821005
0.1.1.1.0.0.searchglobal.0,Small,16,16,LTT,4,2,4,TestSA,0.99823,1.0,0.99646,0.9982268615449346,0.00177,/gpfs/projects/HeinzGroup/caffeine_underground/mlrt/FlexFringe/FlexFringe/models-ps-small/0.1.1.1.0.0.searchglobal.0.ini/0.1.1.1.0.0.searchglobal.0_16.16.LTT.4.2.4_Small.final.json,/gpfs/projects/HeinzGroup/asoubki/FlexFringe/data/MLRegTest/Large/16.16.LTT.4.2.4_TestSA.txt,2025-12-29 22:50:08.821005
0.1.1.1.0.0.searchglobal.0,Small,16,16,LTT,4,2,4,TestLA,0.99665,1.0,0.9933,0.9966387397782571,0.00335,/gpfs/projects/HeinzGroup/caffeine_underground/mlrt/FlexFringe/FlexFringe/models-ps-small/0.1.1.1.0.0.searchglobal.0.ini/0.1.1.1.0.0.searchglobal.0_16.16.LTT.4.2.4_Small.final.json,/gpfs/projects/HeinzGroup/asoubki/FlexFringe/data/MLRegTest/Large/16.16.LTT.4.2.4_TestLA.txt,2025-12-29 22:50:08.821005
0.1.1.1.0.0.searchglobal.0,Small,16,16,LTT,4,2,4,TestLR,0.99716,1.0,0.99432,0.9971519114284568,0.00284,/gpfs/projects/HeinzGroup/caffeine_underground/mlrt/FlexFringe/FlexFringe/models-ps-small/0.1.1.1.0.0.searchglobal.0.ini/0.1.1.1.0.0.searchglobal.0_16.16.LTT.4.2.4_Small.final.json,/gpfs/projects/HeinzGroup/asoubki/FlexFringe/data/MLRegTest/Large/16.16.LTT.4.2.4_TestLR.txt,2025-12-29 22:50:08.821005
0.1.1.1.0.0.searchglobal.0,Small,16,16,LTT,4,2,4,Dev,0.99883,1.0,0.99766,0.998828629496511,0.00117,/gpfs/projects/HeinzGroup/caffeine_underground/mlrt/FlexFringe/FlexFringe/models-ps-small/0.1.1.1.0.0.searchglobal.0.ini/0.1.1.1.0.0.searchglobal.0_16.16.LTT.4.2.4_Small.final.json,/gpfs/projects/HeinzGroup/asoubki/FlexFringe/data/MLRegTest/Large/16.16.LTT.4.2.4_Dev.txt,2025-12-29 22:50:08.821005
0.1.1.1.0.0.searchglobal.0,Small,16,16,LTT,4,2,4,Train,0.998,1.0,0.996,0.9979959919839679,0.002,/gpfs/projects/HeinzGroup/caffeine_underground/mlrt/FlexFringe/FlexFringe/models-ps-small/0.1.1.1.0.0.searchglobal.0.ini/0.1.1.1.0.0.searchglobal.0_16.16.LTT.4.2.4_Small.final.json,/gpfs/projects/HeinzGroup/asoubki/FlexFringe/data/MLRegTest/Small/16.16.LTT.4.2.4_Train.txt,2025-12-29 22:50:08.821005
0.1.1.1.0.0.searchglobal.0,Small,16,16,LTT,4,2,5,TestLA,0.50003,0.6153846153846154,0.00016,0.00031991682162637713,0.49997,/gpfs/projects/HeinzGroup/caffeine_underground/mlrt/FlexFringe/FlexFringe/models-ps-small/0.1.1.1.0.0.searchglobal.0.ini/0.1.1.1.0.0.searchglobal.0_16.16.LTT.4.2.5_Small.final.json,/gpfs/projects/HeinzGroup/asoubki/FlexFringe/data/MLRegTest/Large/16.16.LTT.4.2.5_TestLA.txt,2025-12-29 22:46:52.129803
0.1.1.1.0.0.searchglobal.0,Small,16,16,LTT,4,2,5,TestSR,0.50009,0.8461538461538461,0.00022,0.00043988562973626855,0.49991,/gpfs/projects/HeinzGroup/caffeine_underground/mlrt/FlexFringe/FlexFringe/models-ps-small/0.1.1.1.0.0.searchglobal.0.ini/0.1.1.1.0.0.searchglobal.0_16.16.LTT.4.2.5_Small.final.json,/gpfs/projects/HeinzGroup/asoubki/FlexFringe/data/MLRegTest/Large/16.16.LTT.4.2.5_TestSR.txt,2025-12-29 22:46:52.129803
0.1.1.1.0.0.searchglobal.0,Small,16,16,LTT,4,2,5,TestLR,0.50003,0.8,8e-05,0.00015998400159984,0.49997,/gpfs/projects/HeinzGroup/caffeine_underground/mlrt/FlexFringe/FlexFringe/models-ps-small/0.1.1.1.0.0.searchglobal.0.ini/0.1.1.1.0.0.searchglobal.0_16.16.LTT.4.2.5_Small.final.json,/gpfs/projects/HeinzGroup/asoubki/FlexFringe/data/MLRegTest/Large/16.16.LTT.4.2.5_TestLR.txt,2025-12-29 22:46:52.129803
0.1.1.1.0.0.searchglobal.0,Small,16,16,LTT,4,2,5,TestSA,0.50001,0.5263157894736842,0.0002,0.0003998480577380595,0.49999,/gpfs/projects/HeinzGroup/caffeine_underground/mlrt/FlexFringe/FlexFringe/models-ps-small/0.1.1.1.0.0.searchglobal.0.ini/0.1.1.1.0.0.searchglobal.0_16.16.LTT.4.2.5_Small.final.json,/gpfs/projects/HeinzGroup/asoubki/FlexFringe/data/MLRegTest/Large/16.16.LTT.4.2.5_TestSA.txt,2025-12-29 22:46:52.129803
0.1.1.1.0.0.searchglobal.0,Small,16,16,LTT,4,2,5,Dev,0.50013,0.9333333333333333,0.00028,0.0005598320503848845,0.49987,/gpfs/projects/HeinzGroup/caffeine_underground/mlrt/FlexFringe/FlexFringe/models-ps-small/0.1.1.1.0.0.searchglobal.0.ini/0.1.1.1.0.0.searchglobal.0_16.16.LTT.4.2.5_Small.final.json,/gpfs/projects/HeinzGroup/asoubki/FlexFringe/data/MLRegTest/Large/16.16.LTT.4.2.5_Dev.txt,2025-12-29 22:46:52.129803
0.1.1.1.0.0.searchglobal.0,Small,16,16,LTT,4,2,5,Train,0.5,0.0,0.0,0.0,0.5,/gpfs/projects/HeinzGroup/caffeine_underground/mlrt/FlexFringe/FlexFringe/models-ps-small/0.1.1.1.0.0.searchglobal.0.ini/0.1.1.1.0.0.searchglobal.0_16.16.LTT.4.2.5_Small.final.json,/gpfs/projects/HeinzGroup/asoubki/FlexFringe/data/MLRegTest/Small/16.16.LTT.4.2.5_Train.txt,2025-12-29 22:46:52.129803
0.1.1.1.0.0.searchglobal.0,Small,16,16,LTT,4,2,6,TestLR,0.4999,0.2222222222222222,8e-05,0.00015994242072853772,0.5001,/gpfs/projects/HeinzGroup/caffeine_underground/mlrt/FlexFringe/FlexFringe/models-ps-small/0.1.1.1.0.0.searchglobal.0.ini/0.1.1.1.0.0.searchglobal.0_16.16.LTT.4.2.6_Small.final.json,/gpfs/projects/HeinzGroup/asoubki/FlexFringe/data/MLRegTest/Large/16.16.LTT.4.2.6_TestLR.txt,2025-12-29 22:13:18.130957
0.1.1.1.0.0.searchglobal.0,Small,16,16,LTT,4,2,6,TestSA,0.49992,0.16666666666666666,4e-05,7.998080460689434e-05,0.50008,/gpfs/projects/HeinzGroup/caffeine_underground/mlrt/FlexFringe/FlexFringe/models-ps-small/0.1.1.1.0.0.searchglobal.0.ini/0.1.1.1.0.0.searchglobal.0_16.16.LTT.4.2.6_Small.final.json,/gpfs/projects/HeinzGroup/asoubki/FlexFringe/data/MLRegTest/Large/16.16.LTT.4.2.6_TestSA.txt,2025-12-29 22:13:18.130957
0.1.1.1.0.0.searchglobal.0,Small,16,16,LTT,4,2,6,TestSR,0.49993,0.18181818181818182,4e-05,7.998240387114835e-05,0.50007,/gpfs/projects/HeinzGroup/caffeine_underground/mlrt/FlexFringe/FlexFringe/models-ps-small/0.1.1.1.0.0.searchglobal.0.ini/0.1.1.1.0.0.searchglobal.0_16.16.LTT.4.2.6_Small.final.json,/gpfs/projects/HeinzGroup/asoubki/FlexFringe/data/MLRegTest/Large/16.16.LTT.4.2.6_TestSR.txt,2025-12-29 22:13:18.130957
0.1.1.1.0.0.searchglobal.0,Small,16,16,LTT,4,2,6,TestLA,0.49994,0.25,6e-05,0.00011997120691034152,0.50006,/gpfs/projects/HeinzGroup/caffeine_underground/mlrt/FlexFringe/FlexFringe/models-ps-small/0.1.1.1.0.0.searchglobal.0.ini/0.1.1.1.0.0.searchglobal.0_16.16.LTT.4.2.6_Small.final.json,/gpfs/projects/HeinzGroup/asoubki/FlexFringe/data/MLRegTest/Large/16.16.LTT.4.2.6_TestLA.txt,2025-12-29 22:13:18.130957
0.1.1.1.0.0.searchglobal.0,Small,16,16,LTT,4,2,6,Dev,0.49991,0.23529411764705882,8e-05,0.0001599456184897135,0.50009,/gpfs/projects/HeinzGroup/caffeine_underground/mlrt/FlexFringe/FlexFringe/models-ps-small/0.1.1.1.0.0.searchglobal.0.ini/0.1.1.1.0.0.searchglobal.0_16.16.LTT.4.2.6_Small.final.json,/gpfs/projects/HeinzGroup/asoubki/FlexFringe/data/MLRegTest/Large/16.16.LTT.4.2.6_Dev.txt,2025-12-29 22:13:18.130957
0.1.1.1.0.0.searchglobal.0,Small,16,16,LTT,4,2,6,Train,0.5,0.0,0.0,0.0,0.5,/gpfs/projects/HeinzGroup/caffeine_underground/mlrt/FlexFringe/FlexFringe/models-ps-small/0.1.1.1.0.0.searchglobal.0.ini/0.1.1.1.0.0.searchglobal.0_16.16.LTT.4.2.6_Small.final.json,/gpfs/projects/HeinzGroup/asoubki/FlexFringe/data/MLRegTest/Small/16.16.LTT.4.2.6_Train.txt,2025-12-29 22:13:18.130957
0.1.1.1.0.0.searchglobal.0,Small,16,16,LTT,4,2,7,TestLA,0.49989,0.36585365853658536,0.0003,0.0005995084031094502,0.50011,/gpfs/projects/HeinzGroup/caffeine_underground/mlrt/FlexFringe/FlexFringe/models-ps-small/0.1.1.1.0.0.searchglobal.0.ini/0.1.1.1.0.0.searchglobal.0_16.16.LTT.4.2.7_Small.final.json,/gpfs/projects/HeinzGroup/asoubki/FlexFringe/data/MLRegTest/Large/16.16.LTT.4.2.7_TestLA.txt,2025-12-29 22:38:30.767708
0.1.1.1.0.0.searchglobal.0,Small,16,16,LTT,4,2,7,TestSA,0.49989,0.39622641509433965,0.00042,0.0008391105428246059,0.50011,/gpfs/projects/HeinzGroup/caffeine_underground/mlrt/FlexFringe/FlexFringe/models-ps-small/0.1.1.1.0.0.searchglobal.0.ini/0.1.1.1.0.0.searchglobal.0_16.16.LTT.4.2.7_Small.final.json,/gpfs/projects/HeinzGroup/asoubki/FlexFringe/data/MLRegTest/Large/16.16.LTT.4.2.7_TestSA.txt,2025-12-29 22:38:30.767708
0.1.1.1.0.0.searchglobal.0,Small,16,16,LTT,4,2,7,TestLR,0.49984,0.3,0.00024,0.00047961630695443646,0.50016,/gpfs/projects/HeinzGroup/caffeine_underground/mlrt/FlexFringe/FlexFringe/models-ps-small/0.1.1.1.0.0.searchglobal.0.ini/0.1.1.1.0.0.searchglobal.0_16.16.LTT.4.2.7_Small.final.json,/gpfs/projects/HeinzGroup/asoubki/FlexFringe/data/MLRegTest/Large/16.16.LTT.4.2.7_TestLR.txt,2025-12-29 22:38:30.767708
0.1.1.1.0.0.searchglobal.0,Small,16,16,LTT,4,2,7,TestSR,0.49991,0.3902439024390244,0.00032,0.0006394756299834136,0.50009,/gpfs/projects/HeinzGroup/caffeine_underground/mlrt/FlexFringe/FlexFringe/models-ps-small/0.1.1.1.0.0.searchglobal.0.ini/0.1.1.1.0.0.searchglobal.0_16.16.LTT.4.2.7_Small.final.json,/gpfs/projects/HeinzGroup/asoubki/FlexFringe/data/MLRegTest/Large/16.16.LTT.4.2.7_TestSR.txt,2025-12-29 22:38:30.767708
0.1.1.1.0.0.searchglobal.0,Small,16,16,LTT,4,2,7,Dev,0.49991,0.38461538461538464,0.0003,0.0005995323647554907,0.50009,/gpfs/projects/HeinzGroup/caffeine_underground/mlrt/FlexFringe/FlexFringe/models-ps-small/0.1.1.1.0.0.searchglobal.0.ini/0.1.1.1.0.0.searchglobal.0_16.16.LTT.4.2.7_Small.final.json,/gpfs/projects/HeinzGroup/asoubki/FlexFringe/data/MLRegTest/Large/16.16.LTT.4.2.7_Dev.txt,2025-12-29 22:38:30.767708
0.1.1.1.0.0.searchglobal.0,Small,16,16,LTT,4,2,7,Train,0.5,0.0,0.0,0.0,0.5,/gpfs/projects/HeinzGroup/caffeine_underground/mlrt/FlexFringe/FlexFringe/models-ps-small/0.1.1.1.0.0.searchglobal.0.ini/0.1.1.1.0.0.searchglobal.0_16.16.LTT.4.2.7_Small.final.json,/gpfs/projects/HeinzGroup/asoubki/FlexFringe/data/MLRegTest/Small/16.16.LTT.4.2.7_Train.txt,2025-12-29 22:38:30.767708
0.1.1.1.0.0.searchglobal.0,Small,16,16,LTT,4,2,8,TestSR,0.49992,0.21428571428571427,6e-05,0.0001199664094053665,0.50008,/gpfs/projects/HeinzGroup/caffeine_underground/mlrt/FlexFringe/FlexFringe/models-ps-small/0.1.1.1.0.0.searchglobal.0.ini/0.1.1.1.0.0.searchglobal.0_16.16.LTT.4.2.8_Small.final.json,/gpfs/projects/HeinzGroup/asoubki/FlexFringe/data/MLRegTest/Large/16.16.LTT.4.2.8_TestSR.txt,2025-12-29 22:48:48.625419
0.1.1.1.0.0.searchglobal.0,Small,16,16,LTT,4,2,8,TestLA,0.49994,0.25,6e-05,0.00011997120691034152,0.50006,/gpfs/projects/HeinzGroup/caffeine_underground/mlrt/FlexFringe/FlexFringe/models-ps-small/0.1.1.1.0.0.searchglobal.0.ini/0.1.1.1.0.0.searchglobal.0_16.16.LTT.4.2.8_Small.final.json,/gpfs/projects/HeinzGroup/asoubki/FlexFringe/data/MLRegTest/Large/16.16.LTT.4.2.8_TestLA.txt,2025-12-29 22:48:48.625419
0.1.1.1.0.0.searchglobal.0,Small,16,16,LTT,4,2,8,TestSA,0.49988,0.0,0.0,0.0,0.50012,/gpfs/projects/HeinzGroup/caffeine_underground/mlrt/FlexFringe/FlexFringe/models-ps-small/0.1.1.1.0.0.searchglobal.0.ini/0.1.1.1.0.0.searchglobal.0_16.16.LTT.4.2.8_Small.final.json,/gpfs/projects/HeinzGroup/asoubki/FlexFringe/data/MLRegTest/Large/16.16.LTT.4.2.8_TestSA.txt,2025-12-29 22:48:48.625419
0.1.1.1.0.0.searchglobal.0,Small,16,16,LTT,4,2,8,TestLR,0.49995,0.3076923076923077,8e-05,0.00015995841081318856,0.50005,/gpfs/projects/HeinzGroup/caffeine_underground/mlrt/FlexFringe/FlexFringe/models-ps-small/0.1.1.1.0.0.searchglobal.0.ini/0.1.1.1.0.0.searchglobal.0_16.16.LTT.4.2.8_Small.final.json,/gpfs/projects/HeinzGroup/asoubki/FlexFringe/data/MLRegTest/Large/16.16.LTT.4.2.8_TestLR.txt,2025-12-29 22:48:48.625419
0.1.1.1.0.0.searchglobal.0,Small,16,16,LTT,4,2,8,Dev,0.49993,0.1111111111111111,2e-05,3.9992801295766765e-05,0.50007,/gpfs/projects/HeinzGroup/caffeine_underground/mlrt/FlexFringe/FlexFringe/models-ps-small/0.1.1.1.0.0.searchglobal.0.ini/0.1.1.1.0.0.searchglobal.0_16.16.LTT.4.2.8_Small.final.json,/gpfs/projects/HeinzGroup/asoubki/FlexFringe/data/MLRegTest/Large/16.16.LTT.4.2.8_Dev.txt,2025-12-29 22:48:48.625419
0.1.1.1.0.0.searchglobal.0,Small,16,16,LTT,4,2,8,Train,0.5,0.0,0.0,0.0,0.5,/gpfs/projects/HeinzGroup/caffeine_underground/mlrt/FlexFringe/FlexFringe/models-ps-small/0.1.1.1.0.0.searchglobal.0.ini/0.1.1.1.0.0.searchglobal.0_16.16.LTT.4.2.8_Small.final.json,/gpfs/projects/HeinzGroup/asoubki/FlexFringe/data/MLRegTest/Small/16.16.LTT.4.2.8_Train.txt,2025-12-29 22:48:48.625419
0.1.1.1.0.0.searchglobal.0,Small,16,16,LTT,4,2,9,TestSA,0.49999,0.4444444444444444,8e-05,0.00015997120518306706,0.50001,/gpfs/projects/HeinzGroup/caffeine_underground/mlrt/FlexFringe/FlexFringe/models-ps-small/0.1.1.1.0.0.searchglobal.0.ini/0.1.1.1.0.0.searchglobal.0_16.16.LTT.4.2.9_Small.final.json,/gpfs/projects/HeinzGroup/asoubki/FlexFringe/data/MLRegTest/Large/16.16.LTT.4.2.9_TestSA.txt,2025-12-29 22:07:50.337908
0.1.1.1.0.0.searchglobal.0,Small,16,16,LTT,4,2,9,TestLA,0.50003,0.6,0.00018,0.0003598920323902829,0.49997,/gpfs/projects/HeinzGroup/caffeine_underground/mlrt/FlexFringe/FlexFringe/models-ps-small/0.1.1.1.0.0.searchglobal.0.ini/0.1.1.1.0.0.searchglobal.0_16.16.LTT.4.2.9_Small.final.json,/gpfs/projects/HeinzGroup/asoubki/FlexFringe/data/MLRegTest/Large/16.16.LTT.4.2.9_TestLA.txt,2025-12-29 22:07:50.337908
0.1.1.1.0.0.searchglobal.0,Small,16,16,LTT,4,2,9,TestSR,0.5,0.0,0.0,0.0,0.5,/gpfs/projects/HeinzGroup/caffeine_underground/mlrt/FlexFringe/FlexFringe/models-ps-small/0.1.1.1.0.0.searchglobal.0.ini/0.1.1.1.0.0.searchglobal.0_16.16.LTT.4.2.9_Small.final.json,/gpfs/projects/HeinzGroup/asoubki/FlexFringe/data/MLRegTest/Large/16.16.LTT.4.2.9_TestSR.txt,2025-12-29 22:07:50.337908
0.1.1.1.0.0.searchglobal.0,Small,16,16,LTT,4,2,9,TestLR,0.50007,1.0,0.00014,0.00027996080548723176,0.49993,/gpfs/projects/HeinzGroup/caffeine_underground/mlrt/FlexFringe/FlexFringe/models-ps-small/0.1.1.1.0.0.searchglobal.0.ini/0.1.1.1.0.0.searchglobal.0_16.16.LTT.4.2.9_Small.final.json,/gpfs/projects/HeinzGroup/asoubki/FlexFringe/data/MLRegTest/Large/16.16.LTT.4.2.9_TestLR.txt,2025-12-29 22:07:50.337908
0.1.1.1.0.0.searchglobal.0,Small,16,16,LTT,4,2,9,Dev,0.50003,1.0,6e-05,0.00011999280043197408,0.49997,/gpfs/projects/HeinzGroup/caffeine_underground/mlrt/FlexFringe/FlexFringe/models-ps-small/0.1.1.1.0.0.searchglobal.0.ini/0.1.1.1.0.0.searchglobal.0_16.16.LTT.4.2.9_Small.final.json,/gpfs/projects/HeinzGroup/asoubki/FlexFringe/data/MLRegTest/Large/16.16.LTT.4.2.9_Dev.txt,2025-12-29 22:07:50.337908
0.1.1.1.0.0.searchglobal.0,Small,16,16,LTT,4,2,9,Train,0.5,0.0,0.0,0.0,0.5,/gpfs/projects/HeinzGroup/caffeine_underground/mlrt/FlexFringe/FlexFringe/models-ps-small/0.1.1.1.0.0.searchglobal.0.ini/0.1.1.1.0.0.searchglobal.0_16.16.LTT.4.2.9_Small.final.json,/gpfs/projects/HeinzGroup/asoubki/FlexFringe/data/MLRegTest/Small/16.16.LTT.4.2.9_Train.txt,2025-12-29 22:07:50.337908
0.1.1.1.0.0.searchglobal.0,Small,16,16,LTT,4,3,0,TestSR,0.99816,0.999779284883021,0.99654,0.9981570143632685,0.00184,/gpfs/projects/HeinzGroup/caffeine_underground/mlrt/FlexFringe/FlexFringe/models-ps-small/0.1.1.1.0.0.searchglobal.0.ini/0.1.1.1.0.0.searchglobal.0_16.16.LTT.4.3.0_Small.final.json,/gpfs/projects/HeinzGroup/asoubki/FlexFringe/data/MLRegTest/Large/16.16.LTT.4.3.0_TestSR.txt,2025-12-29 23:26:52.178842
0.1.1.1.0.0.searchglobal.0,Small,16,16,LTT,4,3,0,TestLA,0.60172,0.5569298618728873,0.9951,0.714162683546484,0.39828,/gpfs/projects/HeinzGroup/caffeine_underground/mlrt/FlexFringe/FlexFringe/models-ps-small/0.1.1.1.0.0.searchglobal.0.ini/0.1.1.1.0.0.searchglobal.0_16.16.LTT.4.3.0_Small.final.json,/gpfs/projects/HeinzGroup/asoubki/FlexFringe/data/MLRegTest/Large/16.16.LTT.4.3.0_TestLA.txt,2025-12-29 23:26:52.178842
0.1.1.1.0.0.searchglobal.0,Small,16,16,LTT,4,3,0,TestSA,0.59358,0.5518196114913505,0.99652,0.7103083524598344,0.40642,/gpfs/projects/HeinzGroup/caffeine_underground/mlrt/FlexFringe/FlexFringe/models-ps-small/0.1.1.1.0.0.searchglobal.0.ini/0.1.1.1.0.0.searchglobal.0_16.16.LTT.4.3.0_Small.final.json,/gpfs/projects/HeinzGroup/asoubki/FlexFringe/data/MLRegTest/Large/16.16.LTT.4.3.0_TestSA.txt,2025-12-29 23:26:52.178842
0.1.1.1.0.0.searchglobal.0,Small,16,16,LTT,4,3,0,TestLR,0.99688,0.9994371180443873,0.99432,0.9968719923002888,0.00312,/gpfs/projects/HeinzGroup/caffeine_underground/mlrt/FlexFringe/FlexFringe/models-ps-small/0.1.1.1.0.0.searchglobal.0.ini/0.1.1.1.0.0.searchglobal.0_16.16.LTT.4.3.0_Small.final.json,/gpfs/projects/HeinzGroup/asoubki/FlexFringe/data/MLRegTest/Large/16.16.LTT.4.3.0_TestLR.txt,2025-12-29 23:26:52.178842
0.1.1.1.0.0.searchglobal.0,Small,16,16,LTT,4,3,0,Dev,0.99828,0.9998394992376214,0.99672,0.9982773126076679,0.00172,/gpfs/projects/HeinzGroup/caffeine_underground/mlrt/FlexFringe/FlexFringe/models-ps-small/0.1.1.1.0.0.searchglobal.0.ini/0.1.1.1.0.0.searchglobal.0_16.16.LTT.4.3.0_Small.final.json,/gpfs/projects/HeinzGroup/asoubki/FlexFringe/data/MLRegTest/Large/16.16.LTT.4.3.0_Dev.txt,2025-12-29 23:26:52.178842
0.1.1.1.0.0.searchglobal.0,Small,16,16,LTT,4,3,0,Train,0.997,0.9960079840319361,0.998,0.997002997002997,0.003,/gpfs/projects/HeinzGroup/caffeine_underground/mlrt/FlexFringe/FlexFringe/models-ps-small/0.1.1.1.0.0.searchglobal.0.ini/0.1.1.1.0.0.searchglobal.0_16.16.LTT.4.3.0_Small.final.json,/gpfs/projects/HeinzGroup/asoubki/FlexFringe/data/MLRegTest/Small/16.16.LTT.4.3.0_Train.txt,2025-12-29 23:26:52.178842
0.1.1.1.0.0.searchglobal.0,Small,16,16,LTT,4,3,1,TestLA,0.53123,0.5253075314824719,0.64824,0.5803350014771578,0.46877,/gpfs/projects/HeinzGroup/caffeine_underground/mlrt/FlexFringe/FlexFringe/models-ps-small/0.1.1.1.0.0.searchglobal.0.ini/0.1.1.1.0.0.searchglobal.0_16.16.LTT.4.3.1_Small.final.json,/gpfs/projects/HeinzGroup/asoubki/FlexFringe/data/MLRegTest/Large/16.16.LTT.4.3.1_TestLA.txt,2025-12-29 22:10:54.999078
0.1.1.1.0.0.searchglobal.0,Small,16,16,LTT,4,3,1,TestSA,0.53046,0.5309590600479733,0.5224,0.5266447567393189,0.46954,/gpfs/projects/HeinzGroup/caffeine_underground/mlrt/FlexFringe/FlexFringe/models-ps-small/0.1.1.1.0.0.searchglobal.0.ini/0.1.1.1.0.0.searchglobal.0_16.16.LTT.4.3.1_Small.final.json,/gpfs/projects/HeinzGroup/asoubki/FlexFringe/data/MLRegTest/Large/16.16.LTT.4.3.1_TestSA.txt,2025-12-29 22:10:54.999078
0.1.1.1.0.0.searchglobal.0,Small,16,16,LTT,4,3,1,TestLR,0.70236,0.6285903106095267,0.9892,0.7687047340772746,0.29764,/gpfs/projects/HeinzGroup/caffeine_underground/mlrt/FlexFringe/FlexFringe/models-ps-small/0.1.1.1.0.0.searchglobal.0.ini/0.1.1.1.0.0.searchglobal.0_16.16.LTT.4.3.1_Small.final.json,/gpfs/projects/HeinzGroup/asoubki/FlexFringe/data/MLRegTest/Large/16.16.LTT.4.3.1_TestLR.txt,2025-12-29 22:10:54.999078
0.1.1.1.0.0.searchglobal.0,Small,16,16,LTT,4,3,1,TestSR,0.76693,0.684509573512131,0.99028,0.8094821596436016,0.23307,/gpfs/projects/HeinzGroup/caffeine_underground/mlrt/FlexFringe/FlexFringe/models-ps-small/0.1.1.1.0.0.searchglobal.0.ini/0.1.1.1.0.0.searchglobal.0_16.16.LTT.4.3.1_Small.final.json,/gpfs/projects/HeinzGroup/asoubki/FlexFringe/data/MLRegTest/Large/16.16.LTT.4.3.1_TestSR.txt,2025-12-29 22:10:54.999078
0.1.1.1.0.0.searchglobal.0,Small,16,16,LTT,4,3,1,Dev,0.76967,0.6871226945334943,0.99024,0.81129308437861,0.23033,/gpfs/projects/HeinzGroup/caffeine_underground/mlrt/FlexFringe/FlexFringe/models-ps-small/0.1.1.1.0.0.searchglobal.0.ini/0.1.1.1.0.0.searchglobal.0_16.16.LTT.4.3.1_Small.final.json,/gpfs/projects/HeinzGroup/asoubki/FlexFringe/data/MLRegTest/Large/16.16.LTT.4.3.1_Dev.txt,2025-12-29 22:10:54.999078
0.1.1.1.0.0.searchglobal.0,Small,16,16,LTT,4,3,1,Train,0.786,0.7042857142857143,0.986,0.8216666666666667,0.214,/gpfs/projects/HeinzGroup/caffeine_underground/mlrt/FlexFringe/FlexFringe/models-ps-small/0.1.1.1.0.0.searchglobal.0.ini/0.1.1.1.0.0.searchglobal.0_16.16.LTT.4.3.1_Small.final.json,/gpfs/projects/HeinzGroup/asoubki/FlexFringe/data/MLRegTest/Small/16.16.LTT.4.3.1_Train.txt,2025-12-29 22:10:54.999078
0.1.1.1.0.0.searchglobal.0,Small,16,16,LTT,4,3,2,TestSR,0.99852,1.0,0.99704,0.998517806353403,0.00148,/gpfs/projects/HeinzGroup/caffeine_underground/mlrt/FlexFringe/FlexFringe/models-ps-small/0.1.1.1.0.0.searchglobal.0.ini/0.1.1.1.0.0.searchglobal.0_16.16.LTT.4.3.2_Small.final.json,/gpfs/projects/HeinzGroup/asoubki/FlexFringe/data/MLRegTest/Large/16.16.LTT.4.3.2_TestSR.txt,2025-12-29 22:41:18.733469
0.1.1.1.0.0.searchglobal.0,Small,16,16,LTT,4,3,2,TestSA,0.73041,1.0,0.46082,0.6309059295464191,0.26959,/gpfs/projects/HeinzGroup/caffeine_underground/mlrt/FlexFringe/FlexFringe/models-ps-small/0.1.1.1.0.0.searchglobal.0.ini/0.1.1.1.0.0.searchglobal.0_16.16.LTT.4.3.2_Small.final.json,/gpfs/projects/HeinzGroup/asoubki/FlexFringe/data/MLRegTest/Large/16.16.LTT.4.3.2_TestSA.txt,2025-12-29 22:41:18.733469
0.1.1.1.0.0.searchglobal.0,Small,16,16,LTT,4,3,2,TestLR,0.99673,1.0,0.99346,0.9967192720195038,0.00327,/gpfs/projects/HeinzGroup/caffeine_underground/mlrt/FlexFringe/FlexFringe/models-ps-small/0.1.1.1.0.0.searchglobal.0.ini/0.1.1.1.0.0.searchglobal.0_16.16.LTT.4.3.2_Small.final.json,/gpfs/projects/HeinzGroup/asoubki/FlexFringe/data/MLRegTest/Large/16.16.LTT.4.3.2_TestLR.txt,2025-12-29 22:41:18.733469
0.1.1.1.0.0.searchglobal.0,Small,16,16,LTT,4,3,2,TestLA,0.72764,1.0,0.45528,0.6256940245176186,0.27236,/gpfs/projects/HeinzGroup/caffeine_underground/mlrt/FlexFringe/FlexFringe/models-ps-small/0.1.1.1.0.0.searchglobal.0.ini/0.1.1.1.0.0.searchglobal.0_16.16.LTT.4.3.2_Small.final.json,/gpfs/projects/HeinzGroup/asoubki/FlexFringe/data/MLRegTest/Large/16.16.LTT.4.3.2_TestLA.txt,2025-12-29 22:41:18.733469
0.1.1.1.0.0.searchglobal.0,Small,16,16,LTT,4,3,2,Dev,0.9984,1.0,0.9968,0.9983974358974359,0.0016,/gpfs/projects/HeinzGroup/caffeine_underground/mlrt/FlexFringe/FlexFringe/models-ps-small/0.1.1.1.0.0.searchglobal.0.ini/0.1.1.1.0.0.searchglobal.0_16.16.LTT.4.3.2_Small.final.json,/gpfs/projects/HeinzGroup/asoubki/FlexFringe/data/MLRegTest/Large/16.16.LTT.4.3.2_Dev.txt,2025-12-29 22:41:18.733469
0.1.1.1.0.0.searchglobal.0,Small,16,16,LTT,4,3,2,Train,0.993,1.0,0.986,0.9929506545820745,0.007,/gpfs/projects/HeinzGroup/caffeine_underground/mlrt/FlexFringe/FlexFringe/models-ps-small/0.1.1.1.0.0.searchglobal.0.ini/0.1.1.1.0.0.searchglobal.0_16.16.LTT.4.3.2_Small.final.json,/gpfs/projects/HeinzGroup/asoubki/FlexFringe/data/MLRegTest/Small/16.16.LTT.4.3.2_Train.txt,2025-12-29 22:41:18.733469
0.1.1.1.0.0.searchglobal.0,Small,16,16,LTT,4,3,3,TestLR,0.95808,0.942692025203912,0.97546,0.9587961233757298,0.04192,/gpfs/projects/HeinzGroup/caffeine_underground/mlrt/FlexFringe/FlexFringe/models-ps-small/0.1.1.1.0.0.searchglobal.0.ini/0.1.1.1.0.0.searchglobal.0_16.16.LTT.4.3.3_Small.final.json,/gpfs/projects/HeinzGroup/asoubki/FlexFringe/data/MLRegTest/Large/16.16.LTT.4.3.3_TestLR.txt,2025-12-29 23:10:03.975216
0.1.1.1.0.0.searchglobal.0,Small,16,16,LTT,4,3,3,TestSR,0.96478,0.9474890241084495,0.9841,0.965447553270808,0.03522,/gpfs/projects/HeinzGroup/caffeine_underground/mlrt/FlexFringe/FlexFringe/models-ps-small/0.1.1.1.0.0.searchglobal.0.ini/0.1.1.1.0.0.searchglobal.0_16.16.LTT.4.3.3_Small.final.json,/gpfs/projects/HeinzGroup/asoubki/FlexFringe/data/MLRegTest/Large/16.16.LTT.4.3.3_TestSR.txt,2025-12-29 23:10:03.975216
0.1.1.1.0.0.searchglobal.0,Small,16,16,LTT,4,3,3,TestLA,0.80772,0.9251450676982592,0.66962,0.7769114746490312,0.19228,/gpfs/projects/HeinzGroup/caffeine_underground/mlrt/FlexFringe/FlexFringe/models-ps-small/0.1.1.1.0.0.searchglobal.0.ini/0.1.1.1.0.0.searchglobal.0_16.16.LTT.4.3.3_Small.final.json,/gpfs/projects/HeinzGroup/asoubki/FlexFringe/data/MLRegTest/Large/16.16.LTT.4.3.3_TestLA.txt,2025-12-29 23:10:03.975216
0.1.1.1.0.0.searchglobal.0,Small,16,16,LTT,4,3,3,TestSA,0.81455,0.9318013343217197,0.67878,0.785415919373315,0.18545,/gpfs/projects/HeinzGroup/caffeine_underground/mlrt/FlexFringe/FlexFringe/models-ps-small/0.1.1.1.0.0.searchglobal.0.ini/0.1.1.1.0.0.searchglobal.0_16.16.LTT.4.3.3_Small.final.json,/gpfs/projects/HeinzGroup/asoubki/FlexFringe/data/MLRegTest/Large/16.16.LTT.4.3.3_TestSA.txt,2025-12-29 23:10:03.975216
0.1.1.1.0.0.searchglobal.0,Small,16,16,LTT,4,3,3,Dev,0.96444,0.9461650783891792,0.98492,0.965153653182816,0.03556,/gpfs/projects/HeinzGroup/caffeine_underground/mlrt/FlexFringe/FlexFringe/models-ps-small/0.1.1.1.0.0.searchglobal.0.ini/0.1.1.1.0.0.searchglobal.0_16.16.LTT.4.3.3_Small.final.json,/gpfs/projects/HeinzGroup/asoubki/FlexFringe/data/MLRegTest/Large/16.16.LTT.4.3.3_Dev.txt,2025-12-29 23:10:03.975216
0.1.1.1.0.0.searchglobal.0,Small,16,16,LTT,4,3,3,Train,0.976,0.9594594594594594,0.994,0.9764243614931237,0.024,/gpfs/projects/HeinzGroup/caffeine_underground/mlrt/FlexFringe/FlexFringe/models-ps-small/0.1.1.1.0.0.searchglobal.0.ini/0.1.1.1.0.0.searchglobal.0_16.16.LTT.4.3.3_Small.final.json,/gpfs/projects/HeinzGroup/asoubki/FlexFringe/data/MLRegTest/Small/16.16.LTT.4.3.3_Train.txt,2025-12-29 23:10:03.975216
0.1.1.1.0.0.searchglobal.0,Small,16,16,LTT,4,3,4,TestSR,0.9987,1.0,0.9974,0.9986983078001401,0.0013,/gpfs/projects/HeinzGroup/caffeine_underground/mlrt/FlexFringe/FlexFringe/models-ps-small/0.1.1.1.0.0.searchglobal.0.ini/0.1.1.1.0.0.searchglobal.0_16.16.LTT.4.3.4_Small.final.json,/gpfs/projects/HeinzGroup/asoubki/FlexFringe/data/MLRegTest/Large/16.16.LTT.4.3.4_TestSR.txt,2025-12-29 23:01:37.282519
0.1.1.1.0.0.searchglobal.0,Small,16,16,LTT,4,3,4,TestLR,0.99743,1.0,0.99486,0.9974233780816699,0.00257,/gpfs/projects/HeinzGroup/caffeine_underground/mlrt/FlexFringe/FlexFringe/models-ps-small/0.1.1.1.0.0.searchglobal.0.ini/0.1.1.1.0.0.searchglobal.0_16.16.LTT.4.3.4_Small.final.json,/gpfs/projects/HeinzGroup/asoubki/FlexFringe/data/MLRegTest/Large/16.16.LTT.4.3.4_TestLR.txt,2025-12-29 23:01:37.282519
0.1.1.1.0.0.searchglobal.0,Small,16,16,LTT,4,3,4,TestLA,0.8023,0.7188423003416923,0.99298,0.833960425975073,0.1977,/gpfs/projects/HeinzGroup/caffeine_underground/mlrt/FlexFringe/FlexFringe/models-ps-small/0.1.1.1.0.0.searchglobal.0.ini/0.1.1.1.0.0.searchglobal.0_16.16.LTT.4.3.4_Small.final.json,/gpfs/projects/HeinzGroup/asoubki/FlexFringe/data/MLRegTest/Large/16.16.LTT.4.3.4_TestLA.txt,2025-12-29 23:01:37.282519
0.1.1.1.0.0.searchglobal.0,Small,16,16,LTT,4,3,4,TestSA,0.80737,0.7229224989483761,0.99678,0.8380457537770828,0.19263,/gpfs/projects/HeinzGroup/caffeine_underground/mlrt/FlexFringe/FlexFringe/models-ps-small/0.1.1.1.0.0.searchglobal.0.ini/0.1.1.1.0.0.searchglobal.0_16.16.LTT.4.3.4_Small.final.json,/gpfs/projects/HeinzGroup/asoubki/FlexFringe/data/MLRegTest/Large/16.16.LTT.4.3.4_TestSA.txt,2025-12-29 23:01:37.282519
0.1.1.1.0.0.searchglobal.0,Small,16,16,LTT,4,3,4,Dev,0.99868,0.9999799478644475,0.99738,0.9986782817662961,0.00132,/gpfs/projects/HeinzGroup/caffeine_underground/mlrt/FlexFringe/FlexFringe/models-ps-small/0.1.1.1.0.0.searchglobal.0.ini/0.1.1.1.0.0.searchglobal.0_16.16.LTT.4.3.4_Small.final.json,/gpfs/projects/HeinzGroup/asoubki/FlexFringe/data/MLRegTest/Large/16.16.LTT.4.3.4_Dev.txt,2025-12-29 23:01:37.282519
0.1.1.1.0.0.searchglobal.0,Small,16,16,LTT,4,3,4,Train,0.999,1.0,0.998,0.998998998998999,0.001,/gpfs/projects/HeinzGroup/caffeine_underground/mlrt/FlexFringe/FlexFringe/models-ps-small/0.1.1.1.0.0.searchglobal.0.ini/0.1.1.1.0.0.searchglobal.0_16.16.LTT.4.3.4_Small.final.json,/gpfs/projects/HeinzGroup/asoubki/FlexFringe/data/MLRegTest/Small/16.16.LTT.4.3.4_Train.txt,2025-12-29 23:01:37.282519
0.1.1.1.0.0.searchglobal.0,Small,16,16,LTT,4,3,5,TestSA,0.49995,0.3076923076923077,8e-05,0.00015995841081318856,0.50005,/gpfs/projects/HeinzGroup/caffeine_underground/mlrt/FlexFringe/FlexFringe/models-ps-small/0.1.1.1.0.0.searchglobal.0.ini/0.1.1.1.0.0.searchglobal.0_16.16.LTT.4.3.5_Small.final.json,/gpfs/projects/HeinzGroup/asoubki/FlexFringe/data/MLRegTest/Large/16.16.LTT.4.3.5_TestSA.txt,2025-12-29 22:22:03.760049
0.1.1.1.0.0.searchglobal.0,Small,16,16,LTT,4,3,5,TestLR,0.50002,1.0,4e-05,7.999680012799488e-05,0.49998,/gpfs/projects/HeinzGroup/caffeine_underground/mlrt/FlexFringe/FlexFringe/models-ps-small/0.1.1.1.0.0.searchglobal.0.ini/0.1.1.1.0.0.searchglobal.0_16.16.LTT.4.3.5_Small.final.json,/gpfs/projects/HeinzGroup/asoubki/FlexFringe/data/MLRegTest/Large/16.16.LTT.4.3.5_TestLR.txt,2025-12-29 22:22:03.760049
0.1.1.1.0.0.searchglobal.0,Small,16,16,LTT,4,3,5,TestLA,0.49997,0.36363636363636365,8e-05,0.0001599648077422967,0.50003,/gpfs/projects/HeinzGroup/caffeine_underground/mlrt/FlexFringe/FlexFringe/models-ps-small/0.1.1.1.0.0.searchglobal.0.ini/0.1.1.1.0.0.searchglobal.0_16.16.LTT.4.3.5_Small.final.json,/gpfs/projects/HeinzGroup/asoubki/FlexFringe/data/MLRegTest/Large/16.16.LTT.4.3.5_TestLA.txt,2025-12-29 22:22:03.760049
0.1.1.1.0.0.searchglobal.0,Small,16,16,LTT,4,3,5,TestSR,0.50004,0.8333333333333334,0.0001,0.00019997600287965445,0.49996,/gpfs/projects/HeinzGroup/caffeine_underground/mlrt/FlexFringe/FlexFringe/models-ps-small/0.1.1.1.0.0.searchglobal.0.ini/0.1.1.1.0.0.searchglobal.0_16.16.LTT.4.3.5_Small.final.json,/gpfs/projects/HeinzGroup/asoubki/FlexFringe/data/MLRegTest/Large/16.16.LTT.4.3.5_TestSR.txt,2025-12-29 22:22:03.760049
0.1.1.1.0.0.searchglobal.0,Small,16,16,LTT,4,3,5,Dev,0.50003,1.0,6e-05,0.00011999280043197408,0.49997,/gpfs/projects/HeinzGroup/caffeine_underground/mlrt/FlexFringe/FlexFringe/models-ps-small/0.1.1.1.0.0.searchglobal.0.ini/0.1.1.1.0.0.searchglobal.0_16.16.LTT.4.3.5_Small.final.json,/gpfs/projects/HeinzGroup/asoubki/FlexFringe/data/MLRegTest/Large/16.16.LTT.4.3.5_Dev.txt,2025-12-29 22:22:03.760049
0.1.1.1.0.0.searchglobal.0,Small,16,16,LTT,4,3,5,Train,0.5,0.0,0.0,0.0,0.5,/gpfs/projects/HeinzGroup/caffeine_underground/mlrt/FlexFringe/FlexFringe/models-ps-small/0.1.1.1.0.0.searchglobal.0.ini/0.1.1.1.0.0.searchglobal.0_16.16.LTT.4.3.5_Small.final.json,/gpfs/projects/HeinzGroup/asoubki/FlexFringe/data/MLRegTest/Small/16.16.LTT.4.3.5_Train.txt,2025-12-29 22:22:03.760049
0.1.1.1.0.0.searchglobal.0,Small,16,16,LTT,4,3,6,TestLR,0.49989,0.13333333333333333,4e-05,7.997600719784065e-05,0.50011,/gpfs/projects/HeinzGroup/caffeine_underground/mlrt/FlexFringe/FlexFringe/models-ps-small/0.1.1.1.0.0.searchglobal.0.ini/0.1.1.1.0.0.searchglobal.0_16.16.LTT.4.3.6_Small.final.json,/gpfs/projects/HeinzGroup/asoubki/FlexFringe/data/MLRegTest/Large/16.16.LTT.4.3.6_TestLR.txt,2025-12-29 23:22:45.753601
0.1.1.1.0.0.searchglobal.0,Small,16,16,LTT,4,3,6,TestSA,0.49995,0.3333333333333333,0.0001,0.00019994001799460162,0.50005,/gpfs/projects/HeinzGroup/caffeine_underground/mlrt/FlexFringe/FlexFringe/models-ps-small/0.1.1.1.0.0.searchglobal.0.ini/0.1.1.1.0.0.searchglobal.0_16.16.LTT.4.3.6_Small.final.json,/gpfs/projects/HeinzGroup/asoubki/FlexFringe/data/MLRegTest/Large/16.16.LTT.4.3.6_TestSA.txt,2025-12-29 23:22:45.753601
0.1.1.1.0.0.searchglobal.0,Small,16,16,LTT,4,3,6,TestSR,0.49995,0.3076923076923077,8e-05,0.00015995841081318856,0.50005,/gpfs/projects/HeinzGroup/caffeine_underground/mlrt/FlexFringe/FlexFringe/models-ps-small/0.1.1.1.0.0.searchglobal.0.ini/0.1.1.1.0.0.searchglobal.0_16.16.LTT.4.3.6_Small.final.json,/gpfs/projects/HeinzGroup/asoubki/FlexFringe/data/MLRegTest/Large/16.16.LTT.4.3.6_TestSR.txt,2025-12-29 23:22:45.753601
0.1.1.1.0.0.searchglobal.0,Small,16,16,LTT,4,3,6,TestLA,0.49993,0.26666666666666666,8e-05,0.0001599520143956813,0.50007,/gpfs/projects/HeinzGroup/caffeine_underground/mlrt/FlexFringe/FlexFringe/models-ps-small/0.1.1.1.0.0.searchglobal.0.ini/0.1.1.1.0.0.searchglobal.0_16.16.LTT.4.3.6_Small.final.json,/gpfs/projects/HeinzGroup/asoubki/FlexFringe/data/MLRegTest/Large/16.16.LTT.4.3.6_TestLA.txt,2025-12-29 23:22:45.753601
0.1.1.1.0.0.searchglobal.0,Small,16,16,LTT,4,3,6,Dev,0.49988,0.25,0.00012,0.00023988485526947067,0.50012,/gpfs/projects/HeinzGroup/caffeine_underground/mlrt/FlexFringe/FlexFringe/models-ps-small/0.1.1.1.0.0.searchglobal.0.ini/0.1.1.1.0.0.searchglobal.0_16.16.LTT.4.3.6_Small.final.json,/gpfs/projects/HeinzGroup/asoubki/FlexFringe/data/MLRegTest/Large/16.16.LTT.4.3.6_Dev.txt,2025-12-29 23:22:45.753601
0.1.1.1.0.0.searchglobal.0,Small,16,16,LTT,4,3,6,Train,0.5,0.0,0.0,0.0,0.5,/gpfs/projects/HeinzGroup/caffeine_underground/mlrt/FlexFringe/FlexFringe/models-ps-small/0.1.1.1.0.0.searchglobal.0.ini/0.1.1.1.0.0.searchglobal.0_16.16.LTT.4.3.6_Small.final.json,/gpfs/projects/HeinzGroup/asoubki/FlexFringe/data/MLRegTest/Small/16.16.LTT.4.3.6_Train.txt,2025-12-29 23:22:45.753601
0.1.1.1.0.0.searchglobal.0,Small,16,16,LTT,4,3,7,TestSA,0.49993,0.0,0.0,0.0,0.50007,/gpfs/projects/HeinzGroup/caffeine_underground/mlrt/FlexFringe/FlexFringe/models-ps-small/0.1.1.1.0.0.searchglobal.0.ini/0.1.1.1.0.0.searchglobal.0_16.16.LTT.4.3.7_Small.final.json,/gpfs/projects/HeinzGroup/asoubki/FlexFringe/data/MLRegTest/Large/16.16.LTT.4.3.7_TestSA.txt,2025-12-29 22:37:41.313449
0.1.1.1.0.0.searchglobal.0,Small,16,16,LTT,4,3,7,TestSR,0.49986,0.0625,2e-05,3.99872040946897e-05,0.50014,/gpfs/projects/HeinzGroup/caffeine_underground/mlrt/FlexFringe/FlexFringe/models-ps-small/0.1.1.1.0.0.searchglobal.0.ini/0.1.1.1.0.0.searchglobal.0_16.16.LTT.4.3.7_Small.final.json,/gpfs/projects/HeinzGroup/asoubki/FlexFringe/data/MLRegTest/Large/16.16.LTT.4.3.7_TestSR.txt,2025-12-29 22:37:41.313449
0.1.1.1.0.0.searchglobal.0,Small,16,16,LTT,4,3,7,TestLR,0.49987,0.06666666666666667,2e-05,3.9988003598920326e-05,0.50013,/gpfs/projects/HeinzGroup/caffeine_underground/mlrt/FlexFringe/FlexFringe/models-ps-small/0.1.1.1.0.0.searchglobal.0.ini/0.1.1.1.0.0.searchglobal.0_16.16.LTT.4.3.7_Small.final.json,/gpfs/projects/HeinzGroup/asoubki/FlexFringe/data/MLRegTest/Large/16.16.LTT.4.3.7_TestLR.txt,2025-12-29 22:37:41.313449
0.1.1.1.0.0.searchglobal.0,Small,16,16,LTT,4,3,7,TestLA,0.49993,0.1111111111111111,2e-05,3.9992801295766765e-05,0.50007,/gpfs/projects/HeinzGroup/caffeine_underground/mlrt/FlexFringe/FlexFringe/models-ps-small/0.1.1.1.0.0.searchglobal.0.ini/0.1.1.1.0.0.searchglobal.0_16.16.LTT.4.3.7_Small.final.json,/gpfs/projects/HeinzGroup/asoubki/FlexFringe/data/MLRegTest/Large/16.16.LTT.4.3.7_TestLA.txt,2025-12-29 22:37:41.313449
0.1.1.1.0.0.searchglobal.0,Small,16,16,LTT,4,3,7,Dev,0.49991,0.2,6e-05,0.00011996401079676097,0.50009,/gpfs/projects/HeinzGroup/caffeine_underground/mlrt/FlexFringe/FlexFringe/models-ps-small/0.1.1.1.0.0.searchglobal.0.ini/0.1.1.1.0.0.searchglobal.0_16.16.LTT.4.3.7_Small.final.json,/gpfs/projects/HeinzGroup/asoubki/FlexFringe/data/MLRegTest/Large/16.16.LTT.4.3.7_Dev.txt,2025-12-29 22:37:41.313449
0.1.1.1.0.0.searchglobal.0,Small,16,16,LTT,4,3,7,Train,0.5,0.0,0.0,0.0,0.5,/gpfs/projects/HeinzGroup/caffeine_underground/mlrt/FlexFringe/FlexFringe/models-ps-small/0.1.1.1.0.0.searchglobal.0.ini/0.1.1.1.0.0.searchglobal.0_16.16.LTT.4.3.7_Small.final.json,/gpfs/projects/HeinzGroup/asoubki/FlexFringe/data/MLRegTest/Small/16.16.LTT.4.3.7_Train.txt,2025-12-29 22:37:41.313449
0.1.1.1.0.0.searchglobal.0,Small,16,16,LTT,4,3,8,TestSR,0.49992,0.1,2e-05,3.9992001599680064e-05,0.50008,/gpfs/projects/HeinzGroup/caffeine_underground/mlrt/FlexFringe/FlexFringe/models-ps-small/0.1.1.1.0.0.searchglobal.0.ini/0.1.1.1.0.0.searchglobal.0_16.16.LTT.4.3.8_Small.final.json,/gpfs/projects/HeinzGroup/asoubki/FlexFringe/data/MLRegTest/Large/16.16.LTT.4.3.8_TestSR.txt,2025-12-29 23:23:24.533464
0.1.1.1.0.0.searchglobal.0,Small,16,16,LTT,4,3,8,TestLA,0.49994,0.2,4e-05,7.998400319936013e-05,0.50006,/gpfs/projects/HeinzGroup/caffeine_underground/mlrt/FlexFringe/FlexFringe/models-ps-small/0.1.1.1.0.0.searchglobal.0.ini/0.1.1.1.0.0.searchglobal.0_16.16.LTT.4.3.8_Small.final.json,/gpfs/projects/HeinzGroup/asoubki/FlexFringe/data/MLRegTest/Large/16.16.LTT.4.3.8_TestLA.txt,2025-12-29 23:23:24.533464
0.1.1.1.0.0.searchglobal.0,Small,16,16,LTT,4,3,8,TestSA,0.49993,0.18181818181818182,4e-05,7.998240387114835e-05,0.50007,/gpfs/projects/HeinzGroup/caffeine_underground/mlrt/FlexFringe/FlexFringe/models-ps-small/0.1.1.1.0.0.searchglobal.0.ini/0.1.1.1.0.0.searchglobal.0_16.16.LTT.4.3.8_Small.final.json,/gpfs/projects/HeinzGroup/asoubki/FlexFringe/data/MLRegTest/Large/16.16.LTT.4.3.8_TestSA.txt,2025-12-29 23:23:24.533464
0.1.1.1.0.0.searchglobal.0,Small,16,16,LTT,4,3,8,TestLR,0.49985,0.0,0.0,0.0,0.50015,/gpfs/projects/HeinzGroup/caffeine_underground/mlrt/FlexFringe/FlexFringe/models-ps-small/0.1.1.1.0.0.searchglobal.0.ini/0.1.1.1.0.0.searchglobal.0_16.16.LTT.4.3.8_Small.final.json,/gpfs/projects/HeinzGroup/asoubki/FlexFringe/data/MLRegTest/Large/16.16.LTT.4.3.8_TestLR.txt,2025-12-29 23:23:24.533464
0.1.1.1.0.0.searchglobal.0,Small,16,16,LTT,4,3,8,Dev,0.5,0.5,0.0001,0.0001999600079984003,0.5,/gpfs/projects/HeinzGroup/caffeine_underground/mlrt/FlexFringe/FlexFringe/models-ps-small/0.1.1.1.0.0.searchglobal.0.ini/0.1.1.1.0.0.searchglobal.0_16.16.LTT.4.3.8_Small.final.json,/gpfs/projects/HeinzGroup/asoubki/FlexFringe/data/MLRegTest/Large/16.16.LTT.4.3.8_Dev.txt,2025-12-29 23:23:24.533464
0.1.1.1.0.0.searchglobal.0,Small,16,16,LTT,4,3,8,Train,0.5,0.0,0.0,0.0,0.5,/gpfs/projects/HeinzGroup/caffeine_underground/mlrt/FlexFringe/FlexFringe/models-ps-small/0.1.1.1.0.0.searchglobal.0.ini/0.1.1.1.0.0.searchglobal.0_16.16.LTT.4.3.8_Small.final.json,/gpfs/projects/HeinzGroup/asoubki/FlexFringe/data/MLRegTest/Small/16.16.LTT.4.3.8_Train.txt,2025-12-29 23:23:24.533464
0.1.1.1.0.0.searchglobal.0,Small,16,16,LTT,4,3,9,TestLA,0.49996,0.0,0.0,0.0,0.50004,/gpfs/projects/HeinzGroup/caffeine_underground/mlrt/FlexFringe/FlexFringe/models-ps-small/0.1.1.1.0.0.searchglobal.0.ini/0.1.1.1.0.0.searchglobal.0_16.16.LTT.4.3.9_Small.final.json,/gpfs/projects/HeinzGroup/asoubki/FlexFringe/data/MLRegTest/Large/16.16.LTT.4.3.9_TestLA.txt,2025-12-29 22:42:36.331279
0.1.1.1.0.0.searchglobal.0,Small,16,16,LTT,4,3,9,TestLR,0.5,0.0,0.0,0.0,0.5,/gpfs/projects/HeinzGroup/caffeine_underground/mlrt/FlexFringe/FlexFringe/models-ps-small/0.1.1.1.0.0.searchglobal.0.ini/0.1.1.1.0.0.searchglobal.0_16.16.LTT.4.3.9_Small.final.json,/gpfs/projects/HeinzGroup/asoubki/FlexFringe/data/MLRegTest/Large/16.16.LTT.4.3.9_TestLR.txt,2025-12-29 22:42:36.331279
0.1.1.1.0.0.searchglobal.0,Small,16,16,LTT,4,3,9,TestSR,0.5,0.0,0.0,0.0,0.5,/gpfs/projects/HeinzGroup/caffeine_underground/mlrt/FlexFringe/FlexFringe/models-ps-small/0.1.1.1.0.0.searchglobal.0.ini/0.1.1.1.0.0.searchglobal.0_16.16.LTT.4.3.9_Small.final.json,/gpfs/projects/HeinzGroup/asoubki/FlexFringe/data/MLRegTest/Large/16.16.LTT.4.3.9_TestSR.txt,2025-12-29 22:42:36.331279
0.1.1.1.0.0.searchglobal.0,Small,16,16,LTT,4,3,9,TestSA,0.49995,0.14285714285714285,2e-05,3.999440078389026e-05,0.50005,/gpfs/projects/HeinzGroup/caffeine_underground/mlrt/FlexFringe/FlexFringe/models-ps-small/0.1.1.1.0.0.searchglobal.0.ini/0.1.1.1.0.0.searchglobal.0_16.16.LTT.4.3.9_Small.final.json,/gpfs/projects/HeinzGroup/asoubki/FlexFringe/data/MLRegTest/Large/16.16.LTT.4.3.9_TestSA.txt,2025-12-29 22:42:36.331279
0.1.1.1.0.0.searchglobal.0,Small,16,16,LTT,4,3,9,Dev,0.5,0.0,0.0,0.0,0.5,/gpfs/projects/HeinzGroup/caffeine_underground/mlrt/FlexFringe/FlexFringe/models-ps-small/0.1.1.1.0.0.searchglobal.0.ini/0.1.1.1.0.0.searchglobal.0_16.16.LTT.4.3.9_Small.final.json,/gpfs/projects/HeinzGroup/asoubki/FlexFringe/data/MLRegTest/Large/16.16.LTT.4.3.9_Dev.txt,2025-12-29 22:42:36.331279
0.1.1.1.0.0.searchglobal.0,Small,16,16,LTT,4,3,9,Train,0.5,0.0,0.0,0.0,0.5,/gpfs/projects/HeinzGroup/caffeine_underground/mlrt/FlexFringe/FlexFringe/models-ps-small/0.1.1.1.0.0.searchglobal.0.ini/0.1.1.1.0.0.searchglobal.0_16.16.LTT.4.3.9_Small.final.json,/gpfs/projects/HeinzGroup/asoubki/FlexFringe/data/MLRegTest/Small/16.16.LTT.4.3.9_Train.txt,2025-12-29 22:42:36.331279
0.1.1.1.0.0.searchglobal.0,Small,16,16,LTT,6,2,0,TestLA,0.55698,0.5302627945019226,0.9984,0.6926503031732597,0.44302,/gpfs/projects/HeinzGroup/caffeine_underground/mlrt/FlexFringe/FlexFringe/models-ps-small/0.1.1.1.0.0.searchglobal.0.ini/0.1.1.1.0.0.searchglobal.0_16.16.LTT.6.2.0_Small.final.json,/gpfs/projects/HeinzGroup/asoubki/FlexFringe/data/MLRegTest/Large/16.16.LTT.6.2.0_TestLA.txt,2025-12-29 22:43:35.590812
0.1.1.1.0.0.searchglobal.0,Small,16,16,LTT,6,2,0,TestSR,0.99945,0.9996598571399988,0.99924,0.9994498844757399,0.00055,/gpfs/projects/HeinzGroup/caffeine_underground/mlrt/FlexFringe/FlexFringe/models-ps-small/0.1.1.1.0.0.searchglobal.0.ini/0.1.1.1.0.0.searchglobal.0_16.16.LTT.6.2.0_Small.final.json,/gpfs/projects/HeinzGroup/asoubki/FlexFringe/data/MLRegTest/Large/16.16.LTT.6.2.0_TestSR.txt,2025-12-29 22:43:35.590812
0.1.1.1.0.0.searchglobal.0,Small,16,16,LTT,6,2,0,TestLR,0.99891,0.9993194419423927,0.9985,0.9989095529166958,0.00109,/gpfs/projects/HeinzGroup/caffeine_underground/mlrt/FlexFringe/FlexFringe/models-ps-small/0.1.1.1.0.0.searchglobal.0.ini/0.1.1.1.0.0.searchglobal.0_16.16.LTT.6.2.0_Small.final.json,/gpfs/projects/HeinzGroup/asoubki/FlexFringe/data/MLRegTest/Large/16.16.LTT.6.2.0_TestLR.txt,2025-12-29 22:43:35.590812
0.1.1.1.0.0.searchglobal.0,Small,16,16,LTT,6,2,0,TestSA,0.55603,0.5297042825485352,0.99916,0.6923561979863214,0.44397,/gpfs/projects/HeinzGroup/caffeine_underground/mlrt/FlexFringe/FlexFringe/models-ps-small/0.1.1.1.0.0.searchglobal.0.ini/0.1.1.1.0.0.searchglobal.0_16.16.LTT.6.2.0_Small.final.json,/gpfs/projects/HeinzGroup/asoubki/FlexFringe/data/MLRegTest/Large/16.16.LTT.6.2.0_TestSA.txt,2025-12-29 22:43:35.590812
0.1.1.1.0.0.searchglobal.0,Small,16,16,LTT,6,2,0,Dev,0.9995,0.9998398911259656,0.99916,0.9994998299421803,0.0005,/gpfs/projects/HeinzGroup/caffeine_underground/mlrt/FlexFringe/FlexFringe/models-ps-small/0.1.1.1.0.0.searchglobal.0.ini/0.1.1.1.0.0.searchglobal.0_16.16.LTT.6.2.0_Small.final.json,/gpfs/projects/HeinzGroup/asoubki/FlexFringe/data/MLRegTest/Large/16.16.LTT.6.2.0_Dev.txt,2025-12-29 22:43:35.590812
0.1.1.1.0.0.searchglobal.0,Small,16,16,LTT,6,2,0,Train,0.999,1.0,0.998,0.998998998998999,0.001,/gpfs/projects/HeinzGroup/caffeine_underground/mlrt/FlexFringe/FlexFringe/models-ps-small/0.1.1.1.0.0.searchglobal.0.ini/0.1.1.1.0.0.searchglobal.0_16.16.LTT.6.2.0_Small.final.json,/gpfs/projects/HeinzGroup/asoubki/FlexFringe/data/MLRegTest/Small/16.16.LTT.6.2.0_Train.txt,2025-12-29 22:43:35.590812
0.1.1.1.0.0.searchglobal.0,Small,16,16,LTT,6,2,1,TestSA,0.53281,0.5389029856055396,0.4545,0.49311590664974125,0.46719,/gpfs/projects/HeinzGroup/caffeine_underground/mlrt/FlexFringe/FlexFringe/models-ps-small/0.1.1.1.0.0.searchglobal.0.ini/0.1.1.1.0.0.searchglobal.0_16.16.LTT.6.2.1_Small.final.json,/gpfs/projects/HeinzGroup/asoubki/FlexFringe/data/MLRegTest/Large/16.16.LTT.6.2.1_TestSA.txt,2025-12-29 23:24:41.423977
0.1.1.1.0.0.searchglobal.0,Small,16,16,LTT,6,2,1,TestLA,0.52878,0.5289548875206246,0.52576,0.5273526048666974,0.47122,/gpfs/projects/HeinzGroup/caffeine_underground/mlrt/FlexFringe/FlexFringe/models-ps-small/0.1.1.1.0.0.searchglobal.0.ini/0.1.1.1.0.0.searchglobal.0_16.16.LTT.6.2.1_Small.final.json,/gpfs/projects/HeinzGroup/asoubki/FlexFringe/data/MLRegTest/Large/16.16.LTT.6.2.1_TestLA.txt,2025-12-29 23:24:41.423977
0.1.1.1.0.0.searchglobal.0,Small,16,16,LTT,6,2,1,TestSR,0.79627,0.7169999267560243,0.97892,0.8277343254555447,0.20373,/gpfs/projects/HeinzGroup/caffeine_underground/mlrt/FlexFringe/FlexFringe/models-ps-small/0.1.1.1.0.0.searchglobal.0.ini/0.1.1.1.0.0.searchglobal.0_16.16.LTT.6.2.1_Small.final.json,/gpfs/projects/HeinzGroup/asoubki/FlexFringe/data/MLRegTest/Large/16.16.LTT.6.2.1_TestSR.txt,2025-12-29 23:24:41.423977
0.1.1.1.0.0.searchglobal.0,Small,16,16,LTT,6,2,1,TestLR,0.74811,0.6722292410001527,0.9684,0.7935818534938416,0.25189,/gpfs/projects/HeinzGroup/caffeine_underground/mlrt/FlexFringe/FlexFringe/models-ps-small/0.1.1.1.0.0.searchglobal.0.ini/0.1.1.1.0.0.searchglobal.0_16.16.LTT.6.2.1_Small.final.json,/gpfs/projects/HeinzGroup/asoubki/FlexFringe/data/MLRegTest/Large/16.16.LTT.6.2.1_TestLR.txt,2025-12-29 23:24:41.423977
0.1.1.1.0.0.searchglobal.0,Small,16,16,LTT,6,2,1,Dev,0.79442,0.7155091643731335,0.9775,0.8262332217601515,0.20558,/gpfs/projects/HeinzGroup/caffeine_underground/mlrt/FlexFringe/FlexFringe/models-ps-small/0.1.1.1.0.0.searchglobal.0.ini/0.1.1.1.0.0.searchglobal.0_16.16.LTT.6.2.1_Small.final.json,/gpfs/projects/HeinzGroup/asoubki/FlexFringe/data/MLRegTest/Large/16.16.LTT.6.2.1_Dev.txt,2025-12-29 23:24:41.423977
0.1.1.1.0.0.searchglobal.0,Small,16,16,LTT,6,2,1,Train,0.781,0.7045123726346434,0.968,0.8155012636899748,0.219,/gpfs/projects/HeinzGroup/caffeine_underground/mlrt/FlexFringe/FlexFringe/models-ps-small/0.1.1.1.0.0.searchglobal.0.ini/0.1.1.1.0.0.searchglobal.0_16.16.LTT.6.2.1_Small.final.json,/gpfs/projects/HeinzGroup/asoubki/FlexFringe/data/MLRegTest/Small/16.16.LTT.6.2.1_Train.txt,2025-12-29 23:24:41.423977
0.1.1.1.0.0.searchglobal.0,Small,16,16,LTT,6,2,2,TestLA,0.54214,0.6763770299681902,0.1616,0.26087237271171665,0.45786,/gpfs/projects/HeinzGroup/caffeine_underground/mlrt/FlexFringe/FlexFringe/models-ps-small/0.1.1.1.0.0.searchglobal.0.ini/0.1.1.1.0.0.searchglobal.0_16.16.LTT.6.2.2_Small.final.json,/gpfs/projects/HeinzGroup/asoubki/FlexFringe/data/MLRegTest/Large/16.16.LTT.6.2.2_TestLA.txt,2025-12-29 22:03:12.838261
0.1.1.1.0.0.searchglobal.0,Small,16,16,LTT,6,2,2,TestSA,0.55126,0.736395498985427,0.15968,0.26245028105584955,0.44874,/gpfs/projects/HeinzGroup/caffeine_underground/mlrt/FlexFringe/FlexFringe/models-ps-small/0.1.1.1.0.0.searchglobal.0.ini/0.1.1.1.0.0.searchglobal.0_16.16.LTT.6.2.2_Small.final.json,/gpfs/projects/HeinzGroup/asoubki/FlexFringe/data/MLRegTest/Large/16.16.LTT.6.2.2_TestSA.txt,2025-12-29 22:03:12.838261
0.1.1.1.0.0.searchglobal.0,Small,16,16,LTT,6,2,2,TestSR,0.96971,0.9466707240533293,0.9955,0.970471539008959,0.03029,/gpfs/projects/HeinzGroup/caffeine_underground/mlrt/FlexFringe/FlexFringe/models-ps-small/0.1.1.1.0.0.searchglobal.0.ini/0.1.1.1.0.0.searchglobal.0_16.16.LTT.6.2.2_Small.final.json,/gpfs/projects/HeinzGroup/asoubki/FlexFringe/data/MLRegTest/Large/16.16.LTT.6.2.2_TestSR.txt,2025-12-29 22:03:12.838261
0.1.1.1.0.0.searchglobal.0,Small,16,16,LTT,6,2,2,TestLR,0.95763,0.9271725940446187,0.99328,0.9590884951479747,0.04237,/gpfs/projects/HeinzGroup/caffeine_underground/mlrt/FlexFringe/FlexFringe/models-ps-small/0.1.1.1.0.0.searchglobal.0.ini/0.1.1.1.0.0.searchglobal.0_16.16.LTT.6.2.2_Small.final.json,/gpfs/projects/HeinzGroup/asoubki/FlexFringe/data/MLRegTest/Large/16.16.LTT.6.2.2_TestLR.txt,2025-12-29 22:03:12.838261
0.1.1.1.0.0.searchglobal.0,Small,16,16,LTT,6,2,2,Dev,0.96865,0.9445466790612965,0.99576,0.9694774658994655,0.03135,/gpfs/projects/HeinzGroup/caffeine_underground/mlrt/FlexFringe/FlexFringe/models-ps-small/0.1.1.1.0.0.searchglobal.0.ini/0.1.1.1.0.0.searchglobal.0_16.16.LTT.6.2.2_Small.final.json,/gpfs/projects/HeinzGroup/asoubki/FlexFringe/data/MLRegTest/Large/16.16.LTT.6.2.2_Dev.txt,2025-12-29 22:03:12.838261
0.1.1.1.0.0.searchglobal.0,Small,16,16,LTT,6,2,2,Train,0.96,0.9406130268199234,0.982,0.9608610567514677,0.04,/gpfs/projects/HeinzGroup/caffeine_underground/mlrt/FlexFringe/FlexFringe/models-ps-small/0.1.1.1.0.0.searchglobal.0.ini/0.1.1.1.0.0.searchglobal.0_16.16.LTT.6.2.2_Small.final.json,/gpfs/projects/HeinzGroup/asoubki/FlexFringe/data/MLRegTest/Small/16.16.LTT.6.2.2_Train.txt,2025-12-29 22:03:12.838261
0.1.1.1.0.0.searchglobal.0,Small,16,16,LTT,6,2,3,TestSR,0.98987,0.9837457784448878,0.9962,0.9899337195552155,0.01013,/gpfs/projects/HeinzGroup/caffeine_underground/mlrt/FlexFringe/FlexFringe/models-ps-small/0.1.1.1.0.0.searchglobal.0.ini/0.1.1.1.0.0.searchglobal.0_16.16.LTT.6.2.3_Small.final.json,/gpfs/projects/HeinzGroup/asoubki/FlexFringe/data/MLRegTest/Large/16.16.LTT.6.2.3_TestSR.txt,2025-12-29 23:03:59.082195
0.1.1.1.0.0.searchglobal.0,Small,16,16,LTT,6,2,3,TestSA,0.7222,0.9682231962238705,0.45948,0.6232096354166666,0.2778,/gpfs/projects/HeinzGroup/caffeine_underground/mlrt/FlexFringe/FlexFringe/models-ps-small/0.1.1.1.0.0.searchglobal.0.ini/0.1.1.1.0.0.searchglobal.0_16.16.LTT.6.2.3_Small.final.json,/gpfs/projects/HeinzGroup/asoubki/FlexFringe/data/MLRegTest/Large/16.16.LTT.6.2.3_TestSA.txt,2025-12-29 23:03:59.082195
0.1.1.1.0.0.searchglobal.0,Small,16,16,LTT,6,2,3,TestLR,0.9884,0.9832963901203293,0.99368,0.988460926309088,0.0116,/gpfs/projects/HeinzGroup/caffeine_underground/mlrt/FlexFringe/FlexFringe/models-ps-small/0.1.1.1.0.0.searchglobal.0.ini/0.1.1.1.0.0.searchglobal.0_16.16.LTT.6.2.3_Small.final.json,/gpfs/projects/HeinzGroup/asoubki/FlexFringe/data/MLRegTest/Large/16.16.LTT.6.2.3_TestLR.txt,2025-12-29 23:03:59.082195
0.1.1.1.0.0.searchglobal.0,Small,16,16,LTT,6,2,3,TestLA,0.72208,0.967773190664757,0.45946,0.6230979956060647,0.27792,/gpfs/projects/HeinzGroup/caffeine_underground/mlrt/FlexFringe/FlexFringe/models-ps-small/0.1.1.1.0.0.searchglobal.0.ini/0.1.1.1.0.0.searchglobal.0_16.16.LTT.6.2.3_Small.final.json,/gpfs/projects/HeinzGroup/asoubki/FlexFringe/data/MLRegTest/Large/16.16.LTT.6.2.3_TestLA.txt,2025-12-29 23:03:59.082195
0.1.1.1.0.0.searchglobal.0,Small,16,16,LTT,6,2,3,Dev,0.98991,0.9839382025801608,0.99608,0.9899718735402566,0.01009,/gpfs/projects/HeinzGroup/caffeine_underground/mlrt/FlexFringe/FlexFringe/models-ps-small/0.1.1.1.0.0.searchglobal.0.ini/0.1.1.1.0.0.searchglobal.0_16.16.LTT.6.2.3_Small.final.json,/gpfs/projects/HeinzGroup/asoubki/FlexFringe/data/MLRegTest/Large/16.16.LTT.6.2.3_Dev.txt,2025-12-29 23:03:59.082195
0.1.1.1.0.0.searchglobal.0,Small,16,16,LTT,6,2,3,Train,0.992,0.9900398406374502,0.994,0.9920159680638723,0.008,/gpfs/projects/HeinzGroup/caffeine_underground/mlrt/FlexFringe/FlexFringe/models-ps-small/0.1.1.1.0.0.searchglobal.0.ini/0.1.1.1.0.0.searchglobal.0_16.16.LTT.6.2.3_Small.final.json,/gpfs/projects/HeinzGroup/asoubki/FlexFringe/data/MLRegTest/Small/16.16.LTT.6.2.3_Train.txt,2025-12-29 23:03:59.082195
0.1.1.1.0.0.searchglobal.0,Small,16,16,LTT,6,2,4,TestSR,0.99954,1.0,0.99908,0.9995397883026192,0.00046,/gpfs/projects/HeinzGroup/caffeine_underground/mlrt/FlexFringe/FlexFringe/models-ps-small/0.1.1.1.0.0.searchglobal.0.ini/0.1.1.1.0.0.searchglobal.0_16.16.LTT.6.2.4_Small.final.json,/gpfs/projects/HeinzGroup/asoubki/FlexFringe/data/MLRegTest/Large/16.16.LTT.6.2.4_TestSR.txt,2025-12-29 23:09:35.730317
0.1.1.1.0.0.searchglobal.0,Small,16,16,LTT,6,2,4,TestLA,0.68467,0.6135494423060369,0.99784,0.759871151488383,0.31533,/gpfs/projects/HeinzGroup/caffeine_underground/mlrt/FlexFringe/FlexFringe/models-ps-small/0.1.1.1.0.0.searchglobal.0.ini/0.1.1.1.0.0.searchglobal.0_16.16.LTT.6.2.4_Small.final.json,/gpfs/projects/HeinzGroup/asoubki/FlexFringe/data/MLRegTest/Large/16.16.LTT.6.2.4_TestLA.txt,2025-12-29 23:09:35.730317
0.1.1.1.0.0.searchglobal.0,Small,16,16,LTT,6,2,4,TestLR,0.99913,0.9999799659421016,0.99828,0.9991292598708903,0.00087,/gpfs/projects/HeinzGroup/caffeine_underground/mlrt/FlexFringe/FlexFringe/models-ps-small/0.1.1.1.0.0.searchglobal.0.ini/0.1.1.1.0.0.searchglobal.0_16.16.LTT.6.2.4_Small.final.json,/gpfs/projects/HeinzGroup/asoubki/FlexFringe/data/MLRegTest/Large/16.16.LTT.6.2.4_TestLR.txt,2025-12-29 23:09:35.730317
0.1.1.1.0.0.searchglobal.0,Small,16,16,LTT,6,2,4,TestSA,0.68414,0.613002601993225,0.9989,0.7597584349995437,0.31586,/gpfs/projects/HeinzGroup/caffeine_underground/mlrt/FlexFringe/FlexFringe/models-ps-small/0.1.1.1.0.0.searchglobal.0.ini/0.1.1.1.0.0.searchglobal.0_16.16.LTT.6.2.4_Small.final.json,/gpfs/projects/HeinzGroup/asoubki/FlexFringe/data/MLRegTest/Large/16.16.LTT.6.2.4_TestSA.txt,2025-12-29 23:09:35.730317
0.1.1.1.0.0.searchglobal.0,Small,16,16,LTT,6,2,4,Dev,0.99951,0.9999799811823114,0.99904,0.9995097695917081,0.00049,/gpfs/projects/HeinzGroup/caffeine_underground/mlrt/FlexFringe/FlexFringe/models-ps-small/0.1.1.1.0.0.searchglobal.0.ini/0.1.1.1.0.0.searchglobal.0_16.16.LTT.6.2.4_Small.final.json,/gpfs/projects/HeinzGroup/asoubki/FlexFringe/data/MLRegTest/Large/16.16.LTT.6.2.4_Dev.txt,2025-12-29 23:09:35.730317
0.1.1.1.0.0.searchglobal.0,Small,16,16,LTT,6,2,4,Train,0.998,1.0,0.996,0.9979959919839679,0.002,/gpfs/projects/HeinzGroup/caffeine_underground/mlrt/FlexFringe/FlexFringe/models-ps-small/0.1.1.1.0.0.searchglobal.0.ini/0.1.1.1.0.0.searchglobal.0_16.16.LTT.6.2.4_Small.final.json,/gpfs/projects/HeinzGroup/asoubki/FlexFringe/data/MLRegTest/Small/16.16.LTT.6.2.4_Train.txt,2025-12-29 23:09:35.730317
0.1.1.1.0.0.searchglobal.0,Small,16,16,LTT,6,2,5,TestSR,0.54042,1.0,0.08084,0.14958735798082973,0.45958,/gpfs/projects/HeinzGroup/caffeine_underground/mlrt/FlexFringe/FlexFringe/models-ps-small/0.1.1.1.0.0.searchglobal.0.ini/0.1.1.1.0.0.searchglobal.0_16.16.LTT.6.2.5_Small.final.json,/gpfs/projects/HeinzGroup/asoubki/FlexFringe/data/MLRegTest/Large/16.16.LTT.6.2.5_TestSR.txt,2025-12-29 23:14:42.412035
0.1.1.1.0.0.searchglobal.0,Small,16,16,LTT,6,2,5,TestLR,0.51949,1.0,0.03898,0.0750351306088664,0.48051,/gpfs/projects/HeinzGroup/caffeine_underground/mlrt/FlexFringe/FlexFringe/models-ps-small/0.1.1.1.0.0.searchglobal.0.ini/0.1.1.1.0.0.searchglobal.0_16.16.LTT.6.2.5_Small.final.json,/gpfs/projects/HeinzGroup/asoubki/FlexFringe/data/MLRegTest/Large/16.16.LTT.6.2.5_TestLR.txt,2025-12-29 23:14:42.412035
0.1.1.1.0.0.searchglobal.0,Small,16,16,LTT,6,2,5,TestSA,0.52775,0.7520435967302452,0.0828,0.1491757499324385,0.47225,/gpfs/projects/HeinzGroup/caffeine_underground/mlrt/FlexFringe/FlexFringe/models-ps-small/0.1.1.1.0.0.searchglobal.0.ini/0.1.1.1.0.0.searchglobal.0_16.16.LTT.6.2.5_Small.final.json,/gpfs/projects/HeinzGroup/asoubki/FlexFringe/data/MLRegTest/Large/16.16.LTT.6.2.5_TestSA.txt,2025-12-29 23:14:42.412035
0.1.1.1.0.0.searchglobal.0,Small,16,16,LTT,6,2,5,TestLA,0.51235,0.7439747135519558,0.03766,0.0716910015038739,0.48765,/gpfs/projects/HeinzGroup/caffeine_underground/mlrt/FlexFringe/FlexFringe/models-ps-small/0.1.1.1.0.0.searchglobal.0.ini/0.1.1.1.0.0.searchglobal.0_16.16.LTT.6.2.5_Small.final.json,/gpfs/projects/HeinzGroup/asoubki/FlexFringe/data/MLRegTest/Large/16.16.LTT.6.2.5_TestLA.txt,2025-12-29 23:14:42.412035
0.1.1.1.0.0.searchglobal.0,Small,16,16,LTT,6,2,5,Dev,0.54132,1.0,0.08264,0.1526638587157319,0.45868,/gpfs/projects/HeinzGroup/caffeine_underground/mlrt/FlexFringe/FlexFringe/models-ps-small/0.1.1.1.0.0.searchglobal.0.ini/0.1.1.1.0.0.searchglobal.0_16.16.LTT.6.2.5_Small.final.json,/gpfs/projects/HeinzGroup/asoubki/FlexFringe/data/MLRegTest/Large/16.16.LTT.6.2.5_Dev.txt,2025-12-29 23:14:42.412035
0.1.1.1.0.0.searchglobal.0,Small,16,16,LTT,6,2,5,Train,0.532,1.0,0.064,0.12030075187969924,0.468,/gpfs/projects/HeinzGroup/caffeine_underground/mlrt/FlexFringe/FlexFringe/models-ps-small/0.1.1.1.0.0.searchglobal.0.ini/0.1.1.1.0.0.searchglobal.0_16.16.LTT.6.2.5_Small.final.json,/gpfs/projects/HeinzGroup/asoubki/FlexFringe/data/MLRegTest/Small/16.16.LTT.6.2.5_Train.txt,2025-12-29 23:14:42.412035
0.1.1.1.0.0.searchglobal.0,Small,16,16,LTT,6,2,6,TestSA,0.5,0.0,0.0,0.0,0.5,/gpfs/projects/HeinzGroup/caffeine_underground/mlrt/FlexFringe/FlexFringe/models-ps-small/0.1.1.1.0.0.searchglobal.0.ini/0.1.1.1.0.0.searchglobal.0_16.16.LTT.6.2.6_Small.final.json,/gpfs/projects/HeinzGroup/asoubki/FlexFringe/data/MLRegTest/Large/16.16.LTT.6.2.6_TestSA.txt,2025-12-29 22:24:19.299373
0.1.1.1.0.0.searchglobal.0,Small,16,16,LTT,6,2,6,TestLR,0.49999,0.0,0.0,0.0,0.50001,/gpfs/projects/HeinzGroup/caffeine_underground/mlrt/FlexFringe/FlexFringe/models-ps-small/0.1.1.1.0.0.searchglobal.0.ini/0.1.1.1.0.0.searchglobal.0_16.16.LTT.6.2.6_Small.final.json,/gpfs/projects/HeinzGroup/asoubki/FlexFringe/data/MLRegTest/Large/16.16.LTT.6.2.6_TestLR.txt,2025-12-29 22:24:19.299373
0.1.1.1.0.0.searchglobal.0,Small,16,16,LTT,6,2,6,TestSR,0.49998,0.0,0.0,0.0,0.50002,/gpfs/projects/HeinzGroup/caffeine_underground/mlrt/FlexFringe/FlexFringe/models-ps-small/0.1.1.1.0.0.searchglobal.0.ini/0.1.1.1.0.0.searchglobal.0_16.16.LTT.6.2.6_Small.final.json,/gpfs/projects/HeinzGroup/asoubki/FlexFringe/data/MLRegTest/Large/16.16.LTT.6.2.6_TestSR.txt,2025-12-29 22:24:19.299373
0.1.1.1.0.0.searchglobal.0,Small,16,16,LTT,6,2,6,TestLA,0.5,0.0,0.0,0.0,0.5,/gpfs/projects/HeinzGroup/caffeine_underground/mlrt/FlexFringe/FlexFringe/models-ps-small/0.1.1.1.0.0.searchglobal.0.ini/0.1.1.1.0.0.searchglobal.0_16.16.LTT.6.2.6_Small.final.json,/gpfs/projects/HeinzGroup/asoubki/FlexFringe/data/MLRegTest/Large/16.16.LTT.6.2.6_TestLA.txt,2025-12-29 22:24:19.299373
0.1.1.1.0.0.searchglobal.0,Small,16,16,LTT,6,2,6,Dev,0.50001,1.0,2e-05,3.999920001599968e-05,0.49999,/gpfs/projects/HeinzGroup/caffeine_underground/mlrt/FlexFringe/FlexFringe/models-ps-small/0.1.1.1.0.0.searchglobal.0.ini/0.1.1.1.0.0.searchglobal.0_16.16.LTT.6.2.6_Small.final.json,/gpfs/projects/HeinzGroup/asoubki/FlexFringe/data/MLRegTest/Large/16.16.LTT.6.2.6_Dev.txt,2025-12-29 22:24:19.299373
0.1.1.1.0.0.searchglobal.0,Small,16,16,LTT,6,2,6,Train,0.5,0.0,0.0,0.0,0.5,/gpfs/projects/HeinzGroup/caffeine_underground/mlrt/FlexFringe/FlexFringe/models-ps-small/0.1.1.1.0.0.searchglobal.0.ini/0.1.1.1.0.0.searchglobal.0_16.16.LTT.6.2.6_Small.final.json,/gpfs/projects/HeinzGroup/asoubki/FlexFringe/data/MLRegTest/Small/16.16.LTT.6.2.6_Train.txt,2025-12-29 22:24:19.299373
0.1.1.1.0.0.searchglobal.0,Small,16,16,LTT,6,2,7,TestSA,0.5,0.0,0.0,0.0,0.5,/gpfs/projects/HeinzGroup/caffeine_underground/mlrt/FlexFringe/FlexFringe/models-ps-small/0.1.1.1.0.0.searchglobal.0.ini/0.1.1.1.0.0.searchglobal.0_16.16.LTT.6.2.7_Small.final.json,/gpfs/projects/HeinzGroup/asoubki/FlexFringe/data/MLRegTest/Large/16.16.LTT.6.2.7_TestSA.txt,2025-12-29 22:54:32.903791
0.1.1.1.0.0.searchglobal.0,Small,16,16,LTT,6,2,7,TestLA,0.49999,0.0,0.0,0.0,0.50001,/gpfs/projects/HeinzGroup/caffeine_underground/mlrt/FlexFringe/FlexFringe/models-ps-small/0.1.1.1.0.0.searchglobal.0.ini/0.1.1.1.0.0.searchglobal.0_16.16.LTT.6.2.7_Small.final.json,/gpfs/projects/HeinzGroup/asoubki/FlexFringe/data/MLRegTest/Large/16.16.LTT.6.2.7_TestLA.txt,2025-12-29 22:54:32.903791
0.1.1.1.0.0.searchglobal.0,Small,16,16,LTT,6,2,7,TestLR,0.5,0.0,0.0,0.0,0.5,/gpfs/projects/HeinzGroup/caffeine_underground/mlrt/FlexFringe/FlexFringe/models-ps-small/0.1.1.1.0.0.searchglobal.0.ini/0.1.1.1.0.0.searchglobal.0_16.16.LTT.6.2.7_Small.final.json,/gpfs/projects/HeinzGroup/asoubki/FlexFringe/data/MLRegTest/Large/16.16.LTT.6.2.7_TestLR.txt,2025-12-29 22:54:32.903791
0.1.1.1.0.0.searchglobal.0,Small,16,16,LTT,6,2,7,TestSR,0.5,0.0,0.0,0.0,0.5,/gpfs/projects/HeinzGroup/caffeine_underground/mlrt/FlexFringe/FlexFringe/models-ps-small/0.1.1.1.0.0.searchglobal.0.ini/0.1.1.1.0.0.searchglobal.0_16.16.LTT.6.2.7_Small.final.json,/gpfs/projects/HeinzGroup/asoubki/FlexFringe/data/MLRegTest/Large/16.16.LTT.6.2.7_TestSR.txt,2025-12-29 22:54:32.903791
0.1.1.1.0.0.searchglobal.0,Small,16,16,LTT,6,2,7,Dev,0.5,0.0,0.0,0.0,0.5,/gpfs/projects/HeinzGroup/caffeine_underground/mlrt/FlexFringe/FlexFringe/models-ps-small/0.1.1.1.0.0.searchglobal.0.ini/0.1.1.1.0.0.searchglobal.0_16.16.LTT.6.2.7_Small.final.json,/gpfs/projects/HeinzGroup/asoubki/FlexFringe/data/MLRegTest/Large/16.16.LTT.6.2.7_Dev.txt,2025-12-29 22:54:32.903791
0.1.1.1.0.0.searchglobal.0,Small,16,16,LTT,6,2,7,Train,0.5,0.0,0.0,0.0,0.5,/gpfs/projects/HeinzGroup/caffeine_underground/mlrt/FlexFringe/FlexFringe/models-ps-small/0.1.1.1.0.0.searchglobal.0.ini/0.1.1.1.0.0.searchglobal.0_16.16.LTT.6.2.7_Small.final.json,/gpfs/projects/HeinzGroup/asoubki/FlexFringe/data/MLRegTest/Small/16.16.LTT.6.2.7_Train.txt,2025-12-29 22:54:32.903791
0.1.1.1.0.0.searchglobal.0,Small,16,16,LTT,6,2,8,TestSA,0.5,0.0,0.0,0.0,0.5,/gpfs/projects/HeinzGroup/caffeine_underground/mlrt/FlexFringe/FlexFringe/models-ps-small/0.1.1.1.0.0.searchglobal.0.ini/0.1.1.1.0.0.searchglobal.0_16.16.LTT.6.2.8_Small.final.json,/gpfs/projects/HeinzGroup/asoubki/FlexFringe/data/MLRegTest/Large/16.16.LTT.6.2.8_TestSA.txt,2025-12-29 23:06:31.727098
0.1.1.1.0.0.searchglobal.0,Small,16,16,LTT,6,2,8,TestLA,0.5,0.0,0.0,0.0,0.5,/gpfs/projects/HeinzGroup/caffeine_underground/mlrt/FlexFringe/FlexFringe/models-ps-small/0.1.1.1.0.0.searchglobal.0.ini/0.1.1.1.0.0.searchglobal.0_16.16.LTT.6.2.8_Small.final.json,/gpfs/projects/HeinzGroup/asoubki/FlexFringe/data/MLRegTest/Large/16.16.LTT.6.2.8_TestLA.txt,2025-12-29 23:06:31.727098
0.1.1.1.0.0.searchglobal.0,Small,16,16,LTT,6,2,8,TestLR,0.5,0.0,0.0,0.0,0.5,/gpfs/projects/HeinzGroup/caffeine_underground/mlrt/FlexFringe/FlexFringe/models-ps-small/0.1.1.1.0.0.searchglobal.0.ini/0.1.1.1.0.0.searchglobal.0_16.16.LTT.6.2.8_Small.final.json,/gpfs/projects/HeinzGroup/asoubki/FlexFringe/data/MLRegTest/Large/16.16.LTT.6.2.8_TestLR.txt,2025-12-29 23:06:31.727098
0.1.1.1.0.0.searchglobal.0,Small,16,16,LTT,6,2,8,TestSR,0.5,0.0,0.0,0.0,0.5,/gpfs/projects/HeinzGroup/caffeine_underground/mlrt/FlexFringe/FlexFringe/models-ps-small/0.1.1.1.0.0.searchglobal.0.ini/0.1.1.1.0.0.searchglobal.0_16.16.LTT.6.2.8_Small.final.json,/gpfs/projects/HeinzGroup/asoubki/FlexFringe/data/MLRegTest/Large/16.16.LTT.6.2.8_TestSR.txt,2025-12-29 23:06:31.727098
0.1.1.1.0.0.searchglobal.0,Small,16,16,LTT,6,2,8,Dev,0.5,0.0,0.0,0.0,0.5,/gpfs/projects/HeinzGroup/caffeine_underground/mlrt/FlexFringe/FlexFringe/models-ps-small/0.1.1.1.0.0.searchglobal.0.ini/0.1.1.1.0.0.searchglobal.0_16.16.LTT.6.2.8_Small.final.json,/gpfs/projects/HeinzGroup/asoubki/FlexFringe/data/MLRegTest/Large/16.16.LTT.6.2.8_Dev.txt,2025-12-29 23:06:31.727098
0.1.1.1.0.0.searchglobal.0,Small,16,16,LTT,6,2,8,Train,0.5,0.0,0.0,0.0,0.5,/gpfs/projects/HeinzGroup/caffeine_underground/mlrt/FlexFringe/FlexFringe/models-ps-small/0.1.1.1.0.0.searchglobal.0.ini/0.1.1.1.0.0.searchglobal.0_16.16.LTT.6.2.8_Small.final.json,/gpfs/projects/HeinzGroup/asoubki/FlexFringe/data/MLRegTest/Small/16.16.LTT.6.2.8_Train.txt,2025-12-29 23:06:31.727098
0.1.1.1.0.0.searchglobal.0,Small,16,16,LTT,6,2,9,TestLR,0.5,0.0,0.0,0.0,0.5,/gpfs/projects/HeinzGroup/caffeine_underground/mlrt/FlexFringe/FlexFringe/models-ps-small/0.1.1.1.0.0.searchglobal.0.ini/0.1.1.1.0.0.searchglobal.0_16.16.LTT.6.2.9_Small.final.json,/gpfs/projects/HeinzGroup/asoubki/FlexFringe/data/MLRegTest/Large/16.16.LTT.6.2.9_TestLR.txt,2025-12-29 22:24:42.834964
0.1.1.1.0.0.searchglobal.0,Small,16,16,LTT,6,2,9,TestSA,0.5,0.0,0.0,0.0,0.5,/gpfs/projects/HeinzGroup/caffeine_underground/mlrt/FlexFringe/FlexFringe/models-ps-small/0.1.1.1.0.0.searchglobal.0.ini/0.1.1.1.0.0.searchglobal.0_16.16.LTT.6.2.9_Small.final.json,/gpfs/projects/HeinzGroup/asoubki/FlexFringe/data/MLRegTest/Large/16.16.LTT.6.2.9_TestSA.txt,2025-12-29 22:24:42.834964
0.1.1.1.0.0.searchglobal.0,Small,16,16,LTT,6,2,9,TestLA,0.5,0.0,0.0,0.0,0.5,/gpfs/projects/HeinzGroup/caffeine_underground/mlrt/FlexFringe/FlexFringe/models-ps-small/0.1.1.1.0.0.searchglobal.0.ini/0.1.1.1.0.0.searchglobal.0_16.16.LTT.6.2.9_Small.final.json,/gpfs/projects/HeinzGroup/asoubki/FlexFringe/data/MLRegTest/Large/16.16.LTT.6.2.9_TestLA.txt,2025-12-29 22:24:42.834964
0.1.1.1.0.0.searchglobal.0,Small,16,16,LTT,6,2,9,TestSR,0.5,0.0,0.0,0.0,0.5,/gpfs/projects/HeinzGroup/caffeine_underground/mlrt/FlexFringe/FlexFringe/models-ps-small/0.1.1.1.0.0.searchglobal.0.ini/0.1.1.1.0.0.searchglobal.0_16.16.LTT.6.2.9_Small.final.json,/gpfs/projects/HeinzGroup/asoubki/FlexFringe/data/MLRegTest/Large/16.16.LTT.6.2.9_TestSR.txt,2025-12-29 22:24:42.834964
0.1.1.1.0.0.searchglobal.0,Small,16,16,LTT,6,2,9,Dev,0.5,0.0,0.0,0.0,0.5,/gpfs/projects/HeinzGroup/caffeine_underground/mlrt/FlexFringe/FlexFringe/models-ps-small/0.1.1.1.0.0.searchglobal.0.ini/0.1.1.1.0.0.searchglobal.0_16.16.LTT.6.2.9_Small.final.json,/gpfs/projects/HeinzGroup/asoubki/FlexFringe/data/MLRegTest/Large/16.16.LTT.6.2.9_Dev.txt,2025-12-29 22:24:42.834964
0.1.1.1.0.0.searchglobal.0,Small,16,16,LTT,6,2,9,Train,0.5,0.0,0.0,0.0,0.5,/gpfs/projects/HeinzGroup/caffeine_underground/mlrt/FlexFringe/FlexFringe/models-ps-small/0.1.1.1.0.0.searchglobal.0.ini/0.1.1.1.0.0.searchglobal.0_16.16.LTT.6.2.9_Small.final.json,/gpfs/projects/HeinzGroup/asoubki/FlexFringe/data/MLRegTest/Small/16.16.LTT.6.2.9_Train.txt,2025-12-29 22:24:42.834964
0.1.1.1.0.0.searchglobal.0,Small,16,16,PLT,2,2,0,TestSA,0.64025,0.5940934158090356,0.88552,0.7111068282380528,0.35975,/gpfs/projects/HeinzGroup/caffeine_underground/mlrt/FlexFringe/FlexFringe/models-ps-small/0.1.1.1.0.0.searchglobal.0.ini/0.1.1.1.0.0.searchglobal.0_16.16.PLT.2.2.0_Small.final.json,/gpfs/projects/HeinzGroup/asoubki/FlexFringe/data/MLRegTest/Large/16.16.PLT.2.2.0_TestSA.txt,2025-12-29 22:10:58.565758
0.1.1.1.0.0.searchglobal.0,Small,16,16,PLT,2,2,0,TestSR,0.67771,0.6115470077959251,0.97428,0.7514287697540434,0.32229,/gpfs/projects/HeinzGroup/caffeine_underground/mlrt/FlexFringe/FlexFringe/models-ps-small/0.1.1.1.0.0.searchglobal.0.ini/0.1.1.1.0.0.searchglobal.0_16.16.PLT.2.2.0_Small.final.json,/gpfs/projects/HeinzGroup/asoubki/FlexFringe/data/MLRegTest/Large/16.16.PLT.2.2.0_TestSR.txt,2025-12-29 22:10:58.565758
0.1.1.1.0.0.searchglobal.0,Small,16,16,PLT,2,2,0,TestLR,0.75905,0.6849221192695916,0.95948,0.7992802579075832,0.24095,/gpfs/projects/HeinzGroup/caffeine_underground/mlrt/FlexFringe/FlexFringe/models-ps-small/0.1.1.1.0.0.searchglobal.0.ini/0.1.1.1.0.0.searchglobal.0_16.16.PLT.2.2.0_Small.final.json,/gpfs/projects/HeinzGroup/asoubki/FlexFringe/data/MLRegTest/Large/16.16.PLT.2.2.0_TestLR.txt,2025-12-29 22:10:58.565758
0.1.1.1.0.0.searchglobal.0,Small,16,16,PLT,2,2,0,TestLA,0.71204,0.6660038204991702,0.8507,0.7471062476946586,0.28796,/gpfs/projects/HeinzGroup/caffeine_underground/mlrt/FlexFringe/FlexFringe/models-ps-small/0.1.1.1.0.0.searchglobal.0.ini/0.1.1.1.0.0.searchglobal.0_16.16.PLT.2.2.0_Small.final.json,/gpfs/projects/HeinzGroup/asoubki/FlexFringe/data/MLRegTest/Large/16.16.PLT.2.2.0_TestLA.txt,2025-12-29 22:10:58.565758
0.1.1.1.0.0.searchglobal.0,Small,16,16,PLT,2,2,0,Dev,0.67792,0.6118459101310065,0.9733,0.7513625345458476,0.32208,/gpfs/projects/HeinzGroup/caffeine_underground/mlrt/FlexFringe/FlexFringe/models-ps-small/0.1.1.1.0.0.searchglobal.0.ini/0.1.1.1.0.0.searchglobal.0_16.16.PLT.2.2.0_Small.final.json,/gpfs/projects/HeinzGroup/asoubki/FlexFringe/data/MLRegTest/Large/16.16.PLT.2.2.0_Dev.txt,2025-12-29 22:10:58.565758
0.1.1.1.0.0.searchglobal.0,Small,16,16,PLT,2,2,0,Train,0.649,0.5916359163591636,0.962,0.7326732673267327,0.351,/gpfs/projects/HeinzGroup/caffeine_underground/mlrt/FlexFringe/FlexFringe/models-ps-small/0.1.1.1.0.0.searchglobal.0.ini/0.1.1.1.0.0.searchglobal.0_16.16.PLT.2.2.0_Small.final.json,/gpfs/projects/HeinzGroup/asoubki/FlexFringe/data/MLRegTest/Small/16.16.PLT.2.2.0_Train.txt,2025-12-29 22:10:58.565758
0.1.1.1.0.0.searchglobal.0,Small,16,16,PLT,2,2,1,TestLA,0.82071,0.8658316793283599,0.75904,0.80892649707459,0.17929,/gpfs/projects/HeinzGroup/caffeine_underground/mlrt/FlexFringe/FlexFringe/models-ps-small/0.1.1.1.0.0.searchglobal.0.ini/0.1.1.1.0.0.searchglobal.0_16.16.PLT.2.2.1_Small.final.json,/gpfs/projects/HeinzGroup/asoubki/FlexFringe/data/MLRegTest/Large/16.16.PLT.2.2.1_TestLA.txt,2025-12-29 22:27:11.952315
0.1.1.1.0.0.searchglobal.0,Small,16,16,PLT,2,2,1,TestLR,0.89114,0.8814957865168539,0.90378,0.8924988149786696,0.10886,/gpfs/projects/HeinzGroup/caffeine_underground/mlrt/FlexFringe/FlexFringe/models-ps-small/0.1.1.1.0.0.searchglobal.0.ini/0.1.1.1.0.0.searchglobal.0_16.16.PLT.2.2.1_Small.final.json,/gpfs/projects/HeinzGroup/asoubki/FlexFringe/data/MLRegTest/Large/16.16.PLT.2.2.1_TestLR.txt,2025-12-29 22:27:11.952315
0.1.1.1.0.0.searchglobal.0,Small,16,16,PLT,2,2,1,TestSA,0.82774,0.9052576911662875,0.7321,0.8095227564244327,0.17226,/gpfs/projects/HeinzGroup/caffeine_underground/mlrt/FlexFringe/FlexFringe/models-ps-small/0.1.1.1.0.0.searchglobal.0.ini/0.1.1.1.0.0.searchglobal.0_16.16.PLT.2.2.1_Small.final.json,/gpfs/projects/HeinzGroup/asoubki/FlexFringe/data/MLRegTest/Large/16.16.PLT.2.2.1_TestSA.txt,2025-12-29 22:27:11.952315
0.1.1.1.0.0.searchglobal.0,Small,16,16,PLT,2,2,1,TestSR,0.92527,0.9211511418328745,0.93016,0.9256336514444367,0.07473,/gpfs/projects/HeinzGroup/caffeine_underground/mlrt/FlexFringe/FlexFringe/models-ps-small/0.1.1.1.0.0.searchglobal.0.ini/0.1.1.1.0.0.searchglobal.0_16.16.PLT.2.2.1_Small.final.json,/gpfs/projects/HeinzGroup/asoubki/FlexFringe/data/MLRegTest/Large/16.16.PLT.2.2.1_TestSR.txt,2025-12-29 22:27:11.952315
0.1.1.1.0.0.searchglobal.0,Small,16,16,PLT,2,2,1,Dev,0.92604,0.9241229642018078,0.9283,0.9262067726937122,0.07396,/gpfs/projects/HeinzGroup/caffeine_underground/mlrt/FlexFringe/FlexFringe/models-ps-small/0.1.1.1.0.0.searchglobal.0.ini/0.1.1.1.0.0.searchglobal.0_16.16.PLT.2.2.1_Small.final.json,/gpfs/projects/HeinzGroup/asoubki/FlexFringe/data/MLRegTest/Large/16.16.PLT.2.2.1_Dev.txt,2025-12-29 22:27:11.952315
0.1.1.1.0.0.searchglobal.0,Small,16,16,PLT,2,2,1,Train,0.924,0.924,0.924,0.924,0.076,/gpfs/projects/HeinzGroup/caffeine_underground/mlrt/FlexFringe/FlexFringe/models-ps-small/0.1.1.1.0.0.searchglobal.0.ini/0.1.1.1.0.0.searchglobal.0_16.16.PLT.2.2.1_Small.final.json,/gpfs/projects/HeinzGroup/asoubki/FlexFringe/data/MLRegTest/Small/16.16.PLT.2.2.1_Train.txt,2025-12-29 22:27:11.952315
0.1.1.1.0.0.searchglobal.0,Small,16,16,PLT,2,2,2,TestLA,0.51166,0.5307197807988197,0.20144,0.2920351416393633,0.48834,/gpfs/projects/HeinzGroup/caffeine_underground/mlrt/FlexFringe/FlexFringe/models-ps-small/0.1.1.1.0.0.searchglobal.0.ini/0.1.1.1.0.0.searchglobal.0_16.16.PLT.2.2.2_Small.final.json,/gpfs/projects/HeinzGroup/asoubki/FlexFringe/data/MLRegTest/Large/16.16.PLT.2.2.2_TestLA.txt,2025-12-29 23:26:35.042659
0.1.1.1.0.0.searchglobal.0,Small,16,16,PLT,2,2,2,TestSA,0.51297,0.5415358995708704,0.1691,0.2577233170255894,0.48703,/gpfs/projects/HeinzGroup/caffeine_underground/mlrt/FlexFringe/FlexFringe/models-ps-small/0.1.1.1.0.0.searchglobal.0.ini/0.1.1.1.0.0.searchglobal.0_16.16.PLT.2.2.2_Small.final.json,/gpfs/projects/HeinzGroup/asoubki/FlexFringe/data/MLRegTest/Large/16.16.PLT.2.2.2_TestSA.txt,2025-12-29 23:26:35.042659
0.1.1.1.0.0.searchglobal.0,Small,16,16,PLT,2,2,2,TestSR,0.5437,0.670863309352518,0.17158,0.27326877747340256,0.4563,/gpfs/projects/HeinzGroup/caffeine_underground/mlrt/FlexFringe/FlexFringe/models-ps-small/0.1.1.1.0.0.searchglobal.0.ini/0.1.1.1.0.0.searchglobal.0_16.16.PLT.2.2.2_Small.final.json,/gpfs/projects/HeinzGroup/asoubki/FlexFringe/data/MLRegTest/Large/16.16.PLT.2.2.2_TestSR.txt,2025-12-29 23:26:35.042659
0.1.1.1.0.0.searchglobal.0,Small,16,16,PLT,2,2,2,TestLR,0.5399,0.618215216876037,0.20866,0.3120102876966326,0.4601,/gpfs/projects/HeinzGroup/caffeine_underground/mlrt/FlexFringe/FlexFringe/models-ps-small/0.1.1.1.0.0.searchglobal.0.ini/0.1.1.1.0.0.searchglobal.0_16.16.PLT.2.2.2_Small.final.json,/gpfs/projects/HeinzGroup/asoubki/FlexFringe/data/MLRegTest/Large/16.16.PLT.2.2.2_TestLR.txt,2025-12-29 23:26:35.042659
0.1.1.1.0.0.searchglobal.0,Small,16,16,PLT,2,2,2,Dev,0.54323,0.6678574202065699,0.172,0.27354994672137667,0.45677,/gpfs/projects/HeinzGroup/caffeine_underground/mlrt/FlexFringe/FlexFringe/models-ps-small/0.1.1.1.0.0.searchglobal.0.ini/0.1.1.1.0.0.searchglobal.0_16.16.PLT.2.2.2_Small.final.json,/gpfs/projects/HeinzGroup/asoubki/FlexFringe/data/MLRegTest/Large/16.16.PLT.2.2.2_Dev.txt,2025-12-29 23:26:35.042659
0.1.1.1.0.0.searchglobal.0,Small,16,16,PLT,2,2,2,Train,0.532,0.6212121212121212,0.164,0.25949367088607594,0.468,/gpfs/projects/HeinzGroup/caffeine_underground/mlrt/FlexFringe/FlexFringe/models-ps-small/0.1.1.1.0.0.searchglobal.0.ini/0.1.1.1.0.0.searchglobal.0_16.16.PLT.2.2.2_Small.final.json,/gpfs/projects/HeinzGroup/asoubki/FlexFringe/data/MLRegTest/Small/16.16.PLT.2.2.2_Train.txt,2025-12-29 23:26:35.042659
0.1.1.1.0.0.searchglobal.0,Small,16,16,PLT,2,2,3,TestLA,0.8985,0.9203586497890295,0.8725,0.8957905544147844,0.1015,/gpfs/projects/HeinzGroup/caffeine_underground/mlrt/FlexFringe/FlexFringe/models-ps-small/0.1.1.1.0.0.searchglobal.0.ini/0.1.1.1.0.0.searchglobal.0_16.16.PLT.2.2.3_Small.final.json,/gpfs/projects/HeinzGroup/asoubki/FlexFringe/data/MLRegTest/Large/16.16.PLT.2.2.3_TestLA.txt,2025-12-29 23:08:37.063985
0.1.1.1.0.0.searchglobal.0,Small,16,16,PLT,2,2,3,TestLR,0.92523,0.9560694137583389,0.89142,0.9226135646197953,0.07477,/gpfs/projects/HeinzGroup/caffeine_underground/mlrt/FlexFringe/FlexFringe/models-ps-small/0.1.1.1.0.0.searchglobal.0.ini/0.1.1.1.0.0.searchglobal.0_16.16.PLT.2.2.3_Small.final.json,/gpfs/projects/HeinzGroup/asoubki/FlexFringe/data/MLRegTest/Large/16.16.PLT.2.2.3_TestLR.txt,2025-12-29 23:08:37.063985
0.1.1.1.0.0.searchglobal.0,Small,16,16,PLT,2,2,3,TestSR,0.92567,0.964898101832638,0.88348,0.9223958822731022,0.07433,/gpfs/projects/HeinzGroup/caffeine_underground/mlrt/FlexFringe/FlexFringe/models-ps-small/0.1.1.1.0.0.searchglobal.0.ini/0.1.1.1.0.0.searchglobal.0_16.16.PLT.2.2.3_Small.final.json,/gpfs/projects/HeinzGroup/asoubki/FlexFringe/data/MLRegTest/Large/16.16.PLT.2.2.3_TestSR.txt,2025-12-29 23:08:37.063985
0.1.1.1.0.0.searchglobal.0,Small,16,16,PLT,2,2,3,TestSA,0.8981,0.9283224307109658,0.86282,0.894373496973215,0.1019,/gpfs/projects/HeinzGroup/caffeine_underground/mlrt/FlexFringe/FlexFringe/models-ps-small/0.1.1.1.0.0.searchglobal.0.ini/0.1.1.1.0.0.searchglobal.0_16.16.PLT.2.2.3_Small.final.json,/gpfs/projects/HeinzGroup/asoubki/FlexFringe/data/MLRegTest/Large/16.16.PLT.2.2.3_TestSA.txt,2025-12-29 23:08:37.063985
0.1.1.1.0.0.searchglobal.0,Small,16,16,PLT,2,2,3,Dev,0.92389,0.9643944871710598,0.88028,0.9204194941394201,0.07611,/gpfs/projects/HeinzGroup/caffeine_underground/mlrt/FlexFringe/FlexFringe/models-ps-small/0.1.1.1.0.0.searchglobal.0.ini/0.1.1.1.0.0.searchglobal.0_16.16.PLT.2.2.3_Small.final.json,/gpfs/projects/HeinzGroup/asoubki/FlexFringe/data/MLRegTest/Large/16.16.PLT.2.2.3_Dev.txt,2025-12-29 23:08:37.063985
0.1.1.1.0.0.searchglobal.0,Small,16,16,PLT,2,2,3,Train,0.928,0.9533898305084746,0.9,0.9259259259259259,0.072,/gpfs/projects/HeinzGroup/caffeine_underground/mlrt/FlexFringe/FlexFringe/models-ps-small/0.1.1.1.0.0.searchglobal.0.ini/0.1.1.1.0.0.searchglobal.0_16.16.PLT.2.2.3_Small.final.json,/gpfs/projects/HeinzGroup/asoubki/FlexFringe/data/MLRegTest/Small/16.16.PLT.2.2.3_Train.txt,2025-12-29 23:08:37.063985
0.1.1.1.0.0.searchglobal.0,Small,16,16,PLT,2,2,4,TestLA,0.93713,1.0,0.87426,0.9329121893440612,0.06287,/gpfs/projects/HeinzGroup/caffeine_underground/mlrt/FlexFringe/FlexFringe/models-ps-small/0.1.1.1.0.0.searchglobal.0.ini/0.1.1.1.0.0.searchglobal.0_16.16.PLT.2.2.4_Small.final.json,/gpfs/projects/HeinzGroup/asoubki/FlexFringe/data/MLRegTest/Large/16.16.PLT.2.2.4_TestLA.txt,2025-12-29 23:05:49.825573
0.1.1.1.0.0.searchglobal.0,Small,16,16,PLT,2,2,4,TestSA,0.95676,1.0,0.91352,0.9548058029181822,0.04324,/gpfs/projects/HeinzGroup/caffeine_underground/mlrt/FlexFringe/FlexFringe/models-ps-small/0.1.1.1.0.0.searchglobal.0.ini/0.1.1.1.0.0.searchglobal.0_16.16.PLT.2.2.4_Small.final.json,/gpfs/projects/HeinzGroup/asoubki/FlexFringe/data/MLRegTest/Large/16.16.PLT.2.2.4_TestSA.txt,2025-12-29 23:05:49.825573
0.1.1.1.0.0.searchglobal.0,Small,16,16,PLT,2,2,4,TestSR,0.9982,1.0,0.9964,0.9981967541574834,0.0018,/gpfs/projects/HeinzGroup/caffeine_underground/mlrt/FlexFringe/FlexFringe/models-ps-small/0.1.1.1.0.0.searchglobal.0.ini/0.1.1.1.0.0.searchglobal.0_16.16.PLT.2.2.4_Small.final.json,/gpfs/projects/HeinzGroup/asoubki/FlexFringe/data/MLRegTest/Large/16.16.PLT.2.2.4_TestSR.txt,2025-12-29 23:05:49.825573
0.1.1.1.0.0.searchglobal.0,Small,16,16,PLT,2,2,4,TestLR,0.99465,1.0,0.9893,0.9946212235459709,0.00535,/gpfs/projects/HeinzGroup/caffeine_underground/mlrt/FlexFringe/FlexFringe/models-ps-small/0.1.1.1.0.0.searchglobal.0.ini/0.1.1.1.0.0.searchglobal.0_16.16.PLT.2.2.4_Small.final.json,/gpfs/projects/HeinzGroup/asoubki/FlexFringe/data/MLRegTest/Large/16.16.PLT.2.2.4_TestLR.txt,2025-12-29 23:05:49.825573
0.1.1.1.0.0.searchglobal.0,Small,16,16,PLT,2,2,4,Dev,0.99833,1.0,0.99666,0.998327206434746,0.00167,/gpfs/projects/HeinzGroup/caffeine_underground/mlrt/FlexFringe/FlexFringe/models-ps-small/0.1.1.1.0.0.searchglobal.0.ini/0.1.1.1.0.0.searchglobal.0_16.16.PLT.2.2.4_Small.final.json,/gpfs/projects/HeinzGroup/asoubki/FlexFringe/data/MLRegTest/Large/16.16.PLT.2.2.4_Dev.txt,2025-12-29 23:05:49.825573
0.1.1.1.0.0.searchglobal.0,Small,16,16,PLT,2,2,4,Train,0.998,1.0,0.996,0.9979959919839679,0.002,/gpfs/projects/HeinzGroup/caffeine_underground/mlrt/FlexFringe/FlexFringe/models-ps-small/0.1.1.1.0.0.searchglobal.0.ini/0.1.1.1.0.0.searchglobal.0_16.16.PLT.2.2.4_Small.final.json,/gpfs/projects/HeinzGroup/asoubki/FlexFringe/data/MLRegTest/Small/16.16.PLT.2.2.4_Train.txt,2025-12-29 23:05:49.825573
0.1.1.1.0.0.searchglobal.0,Small,16,16,PLT,2,2,5,TestSA,0.49993,0.4995027702798693,0.07032,0.12328406879503498,0.50007,/gpfs/projects/HeinzGroup/caffeine_underground/mlrt/FlexFringe/FlexFringe/models-ps-small/0.1.1.1.0.0.searchglobal.0.ini/0.1.1.1.0.0.searchglobal.0_16.16.PLT.2.2.5_Small.final.json,/gpfs/projects/HeinzGroup/asoubki/FlexFringe/data/MLRegTest/Large/16.16.PLT.2.2.5_TestSA.txt,2025-12-29 23:09:14.541681
0.1.1.1.0.0.searchglobal.0,Small,16,16,PLT,2,2,5,TestSR,0.50032,0.5023536334215946,0.0683,0.12025071305327652,0.49968,/gpfs/projects/HeinzGroup/caffeine_underground/mlrt/FlexFringe/FlexFringe/models-ps-small/0.1.1.1.0.0.searchglobal.0.ini/0.1.1.1.0.0.searchglobal.0_16.16.PLT.2.2.5_Small.final.json,/gpfs/projects/HeinzGroup/asoubki/FlexFringe/data/MLRegTest/Large/16.16.PLT.2.2.5_TestSR.txt,2025-12-29 23:09:14.541681
0.1.1.1.0.0.searchglobal.0,Small,16,16,PLT,2,2,5,TestLR,0.49939,0.4954511558538404,0.06644,0.11716779825412221,0.50061,/gpfs/projects/HeinzGroup/caffeine_underground/mlrt/FlexFringe/FlexFringe/models-ps-small/0.1.1.1.0.0.searchglobal.0.ini/0.1.1.1.0.0.searchglobal.0_16.16.PLT.2.2.5_Small.final.json,/gpfs/projects/HeinzGroup/asoubki/FlexFringe/data/MLRegTest/Large/16.16.PLT.2.2.5_TestLR.txt,2025-12-29 23:09:14.541681
0.1.1.1.0.0.searchglobal.0,Small,16,16,PLT,2,2,5,TestLA,0.4998,0.49853801169590645,0.0682,0.11998592540464462,0.5002,/gpfs/projects/HeinzGroup/caffeine_underground/mlrt/FlexFringe/FlexFringe/models-ps-small/0.1.1.1.0.0.searchglobal.0.ini/0.1.1.1.0.0.searchglobal.0_16.16.PLT.2.2.5_Small.final.json,/gpfs/projects/HeinzGroup/asoubki/FlexFringe/data/MLRegTest/Large/16.16.PLT.2.2.5_TestLA.txt,2025-12-29 23:09:14.541681
0.1.1.1.0.0.searchglobal.0,Small,16,16,PLT,2,2,5,Dev,0.50018,0.5012953367875648,0.06966,0.12232211842382525,0.49982,/gpfs/projects/HeinzGroup/caffeine_underground/mlrt/FlexFringe/FlexFringe/models-ps-small/0.1.1.1.0.0.searchglobal.0.ini/0.1.1.1.0.0.searchglobal.0_16.16.PLT.2.2.5_Small.final.json,/gpfs/projects/HeinzGroup/asoubki/FlexFringe/data/MLRegTest/Large/16.16.PLT.2.2.5_Dev.txt,2025-12-29 23:09:14.541681
0.1.1.1.0.0.searchglobal.0,Small,16,16,PLT,2,2,5,Train,0.509,0.5692307692307692,0.074,0.13097345132743363,0.491,/gpfs/projects/HeinzGroup/caffeine_underground/mlrt/FlexFringe/FlexFringe/models-ps-small/0.1.1.1.0.0.searchglobal.0.ini/0.1.1.1.0.0.searchglobal.0_16.16.PLT.2.2.5_Small.final.json,/gpfs/projects/HeinzGroup/asoubki/FlexFringe/data/MLRegTest/Small/16.16.PLT.2.2.5_Train.txt,2025-12-29 23:09:14.541681
0.1.1.1.0.0.searchglobal.0,Small,16,16,PLT,2,2,6,TestLR,0.50019,0.5013344570866695,0.07138,0.12496717379505944,0.49981,/gpfs/projects/HeinzGroup/caffeine_underground/mlrt/FlexFringe/FlexFringe/models-ps-small/0.1.1.1.0.0.searchglobal.0.ini/0.1.1.1.0.0.searchglobal.0_16.16.PLT.2.2.6_Small.final.json,/gpfs/projects/HeinzGroup/asoubki/FlexFringe/data/MLRegTest/Large/16.16.PLT.2.2.6_TestLR.txt,2025-12-29 22:11:20.440717
0.1.1.1.0.0.searchglobal.0,Small,16,16,PLT,2,2,6,TestSR,0.5009,0.506318449873631,0.07212,0.1262560834704667,0.4991,/gpfs/projects/HeinzGroup/caffeine_underground/mlrt/FlexFringe/FlexFringe/models-ps-small/0.1.1.1.0.0.searchglobal.0.ini/0.1.1.1.0.0.searchglobal.0_16.16.PLT.2.2.6_Small.final.json,/gpfs/projects/HeinzGroup/asoubki/FlexFringe/data/MLRegTest/Large/16.16.PLT.2.2.6_TestSR.txt,2025-12-29 22:11:20.440717
0.1.1.1.0.0.searchglobal.0,Small,16,16,PLT,2,2,6,TestSA,0.50018,0.5013250883392226,0.0681,0.119911255106353,0.49982,/gpfs/projects/HeinzGroup/caffeine_underground/mlrt/FlexFringe/FlexFringe/models-ps-small/0.1.1.1.0.0.searchglobal.0.ini/0.1.1.1.0.0.searchglobal.0_16.16.PLT.2.2.6_Small.final.json,/gpfs/projects/HeinzGroup/asoubki/FlexFringe/data/MLRegTest/Large/16.16.PLT.2.2.6_TestSA.txt,2025-12-29 22:11:20.440717
0.1.1.1.0.0.searchglobal.0,Small,16,16,PLT,2,2,6,TestLA,0.50024,0.501713796058269,0.07026,0.12325883302340268,0.49976,/gpfs/projects/HeinzGroup/caffeine_underground/mlrt/FlexFringe/FlexFringe/models-ps-small/0.1.1.1.0.0.searchglobal.0.ini/0.1.1.1.0.0.searchglobal.0_16.16.PLT.2.2.6_Small.final.json,/gpfs/projects/HeinzGroup/asoubki/FlexFringe/data/MLRegTest/Large/16.16.PLT.2.2.6_TestLA.txt,2025-12-29 22:11:20.440717
0.1.1.1.0.0.searchglobal.0,Small,16,16,PLT,2,2,6,Dev,0.50149,0.5105389729806196,0.07218,0.12647847342690427,0.49851,/gpfs/projects/HeinzGroup/caffeine_underground/mlrt/FlexFringe/FlexFringe/models-ps-small/0.1.1.1.0.0.searchglobal.0.ini/0.1.1.1.0.0.searchglobal.0_16.16.PLT.2.2.6_Small.final.json,/gpfs/projects/HeinzGroup/asoubki/FlexFringe/data/MLRegTest/Large/16.16.PLT.2.2.6_Dev.txt,2025-12-29 22:11:20.440717
0.1.1.1.0.0.searchglobal.0,Small,16,16,PLT,2,2,6,Train,0.485,0.38461538461538464,0.05,0.08849557522123894,0.515,/gpfs/projects/HeinzGroup/caffeine_underground/mlrt/FlexFringe/FlexFringe/models-ps-small/0.1.1.1.0.0.searchglobal.0.ini/0.1.1.1.0.0.searchglobal.0_16.16.PLT.2.2.6_Small.final.json,/gpfs/projects/HeinzGroup/asoubki/FlexFringe/data/MLRegTest/Small/16.16.PLT.2.2.6_Train.txt,2025-12-29 22:11:20.440717
0.1.1.1.0.0.searchglobal.0,Small,16,16,PLT,2,2,7,TestLR,0.50674,0.5593101020767336,0.06356,0.11414819869975935,0.49326,/gpfs/projects/HeinzGroup/caffeine_underground/mlrt/FlexFringe/FlexFringe/models-ps-small/0.1.1.1.0.0.searchglobal.0.ini/0.1.1.1.0.0.searchglobal.0_16.16.PLT.2.2.7_Small.final.json,/gpfs/projects/HeinzGroup/asoubki/FlexFringe/data/MLRegTest/Large/16.16.PLT.2.2.7_TestLR.txt,2025-12-29 22:51:25.783281
0.1.1.1.0.0.searchglobal.0,Small,16,16,PLT,2,2,7,TestSR,0.50555,0.5900097307817062,0.03638,0.06853418231825631,0.49445,/gpfs/projects/HeinzGroup/caffeine_underground/mlrt/FlexFringe/FlexFringe/models-ps-small/0.1.1.1.0.0.searchglobal.0.ini/0.1.1.1.0.0.searchglobal.0_16.16.PLT.2.2.7_Small.final.json,/gpfs/projects/HeinzGroup/asoubki/FlexFringe/data/MLRegTest/Large/16.16.PLT.2.2.7_TestSR.txt,2025-12-29 22:51:25.783281
0.1.1.1.0.0.searchglobal.0,Small,16,16,PLT,2,2,7,TestSA,0.50103,0.514317486794551,0.037,0.06903371457357688,0.49897,/gpfs/projects/HeinzGroup/caffeine_underground/mlrt/FlexFringe/FlexFringe/models-ps-small/0.1.1.1.0.0.searchglobal.0.ini/0.1.1.1.0.0.searchglobal.0_16.16.PLT.2.2.7_Small.final.json,/gpfs/projects/HeinzGroup/asoubki/FlexFringe/data/MLRegTest/Large/16.16.PLT.2.2.7_TestSA.txt,2025-12-29 22:51:25.783281
0.1.1.1.0.0.searchglobal.0,Small,16,16,PLT,2,2,7,TestLA,0.50188,0.5148593107809042,0.06514,0.11564819088875475,0.49812,/gpfs/projects/HeinzGroup/caffeine_underground/mlrt/FlexFringe/FlexFringe/models-ps-small/0.1.1.1.0.0.searchglobal.0.ini/0.1.1.1.0.0.searchglobal.0_16.16.PLT.2.2.7_Small.final.json,/gpfs/projects/HeinzGroup/asoubki/FlexFringe/data/MLRegTest/Large/16.16.PLT.2.2.7_TestLA.txt,2025-12-29 22:51:25.783281
0.1.1.1.0.0.searchglobal.0,Small,16,16,PLT,2,2,7,Dev,0.50442,0.5719401041666666,0.03514,0.06621193849864335,0.49558,/gpfs/projects/HeinzGroup/caffeine_underground/mlrt/FlexFringe/FlexFringe/models-ps-small/0.1.1.1.0.0.searchglobal.0.ini/0.1.1.1.0.0.searchglobal.0_16.16.PLT.2.2.7_Small.final.json,/gpfs/projects/HeinzGroup/asoubki/FlexFringe/data/MLRegTest/Large/16.16.PLT.2.2.7_Dev.txt,2025-12-29 22:51:25.783281
0.1.1.1.0.0.searchglobal.0,Small,16,16,PLT,2,2,7,Train,0.496,0.4411764705882353,0.03,0.056179775280898875,0.504,/gpfs/projects/HeinzGroup/caffeine_underground/mlrt/FlexFringe/FlexFringe/models-ps-small/0.1.1.1.0.0.searchglobal.0.ini/0.1.1.1.0.0.searchglobal.0_16.16.PLT.2.2.7_Small.final.json,/gpfs/projects/HeinzGroup/asoubki/FlexFringe/data/MLRegTest/Small/16.16.PLT.2.2.7_Train.txt,2025-12-29 22:51:25.783281
0.1.1.1.0.0.searchglobal.0,Small,16,16,PLT,2,2,8,TestLR,0.50662,0.5506891271056662,0.07192,0.12722448257562358,0.49338,/gpfs/projects/HeinzGroup/caffeine_underground/mlrt/FlexFringe/FlexFringe/models-ps-small/0.1.1.1.0.0.searchglobal.0.ini/0.1.1.1.0.0.searchglobal.0_16.16.PLT.2.2.8_Small.final.json,/gpfs/projects/HeinzGroup/asoubki/FlexFringe/data/MLRegTest/Large/16.16.PLT.2.2.8_TestLR.txt,2025-12-29 23:34:23.257892
0.1.1.1.0.0.searchglobal.0,Small,16,16,PLT,2,2,8,TestSR,0.51337,0.5994347761416035,0.0806,0.14209403592898825,0.48663,/gpfs/projects/HeinzGroup/caffeine_underground/mlrt/FlexFringe/FlexFringe/models-ps-small/0.1.1.1.0.0.searchglobal.0.ini/0.1.1.1.0.0.searchglobal.0_16.16.PLT.2.2.8_Small.final.json,/gpfs/projects/HeinzGroup/asoubki/FlexFringe/data/MLRegTest/Large/16.16.PLT.2.2.8_TestSR.txt,2025-12-29 23:34:23.257892
0.1.1.1.0.0.searchglobal.0,Small,16,16,PLT,2,2,8,TestSA,0.50652,0.5429625724828677,0.0824,0.1430853650065986,0.49348,/gpfs/projects/HeinzGroup/caffeine_underground/mlrt/FlexFringe/FlexFringe/models-ps-small/0.1.1.1.0.0.searchglobal.0.ini/0.1.1.1.0.0.searchglobal.0_16.16.PLT.2.2.8_Small.final.json,/gpfs/projects/HeinzGroup/asoubki/FlexFringe/data/MLRegTest/Large/16.16.PLT.2.2.8_TestSA.txt,2025-12-29 23:34:23.257892
0.1.1.1.0.0.searchglobal.0,Small,16,16,PLT,2,2,8,TestLA,0.50325,0.5231712533865678,0.07338,0.12870748776594812,0.49675,/gpfs/projects/HeinzGroup/caffeine_underground/mlrt/FlexFringe/FlexFringe/models-ps-small/0.1.1.1.0.0.searchglobal.0.ini/0.1.1.1.0.0.searchglobal.0_16.16.PLT.2.2.8_Small.final.json,/gpfs/projects/HeinzGroup/asoubki/FlexFringe/data/MLRegTest/Large/16.16.PLT.2.2.8_TestLA.txt,2025-12-29 23:34:23.257892
0.1.1.1.0.0.searchglobal.0,Small,16,16,PLT,2,2,8,Dev,0.51492,0.6107482185273159,0.08228,0.1450225606316977,0.48508,/gpfs/projects/HeinzGroup/caffeine_underground/mlrt/FlexFringe/FlexFringe/models-ps-small/0.1.1.1.0.0.searchglobal.0.ini/0.1.1.1.0.0.searchglobal.0_16.16.PLT.2.2.8_Small.final.json,/gpfs/projects/HeinzGroup/asoubki/FlexFringe/data/MLRegTest/Large/16.16.PLT.2.2.8_Dev.txt,2025-12-29 23:34:23.257892
0.1.1.1.0.0.searchglobal.0,Small,16,16,PLT,2,2,8,Train,0.517,0.6133333333333333,0.092,0.16,0.483,/gpfs/projects/HeinzGroup/caffeine_underground/mlrt/FlexFringe/FlexFringe/models-ps-small/0.1.1.1.0.0.searchglobal.0.ini/0.1.1.1.0.0.searchglobal.0_16.16.PLT.2.2.8_Small.final.json,/gpfs/projects/HeinzGroup/asoubki/FlexFringe/data/MLRegTest/Small/16.16.PLT.2.2.8_Train.txt,2025-12-29 23:34:23.257892
0.1.1.1.0.0.searchglobal.0,Small,16,16,PLT,2,2,9,TestLR,0.50095,0.507664999193158,0.06292,0.11196327206078616,0.49905,/gpfs/projects/HeinzGroup/caffeine_underground/mlrt/FlexFringe/FlexFringe/models-ps-small/0.1.1.1.0.0.searchglobal.0.ini/0.1.1.1.0.0.searchglobal.0_16.16.PLT.2.2.9_Small.final.json,/gpfs/projects/HeinzGroup/asoubki/FlexFringe/data/MLRegTest/Large/16.16.PLT.2.2.9_TestLR.txt,2025-12-29 23:25:26.745673
0.1.1.1.0.0.searchglobal.0,Small,16,16,PLT,2,2,9,TestSR,0.49888,0.4910742747848263,0.06162,0.10949994668941251,0.50112,/gpfs/projects/HeinzGroup/caffeine_underground/mlrt/FlexFringe/FlexFringe/models-ps-small/0.1.1.1.0.0.searchglobal.0.ini/0.1.1.1.0.0.searchglobal.0_16.16.PLT.2.2.9_Small.final.json,/gpfs/projects/HeinzGroup/asoubki/FlexFringe/data/MLRegTest/Large/16.16.PLT.2.2.9_TestSR.txt,2025-12-29 23:25:26.745673
0.1.1.1.0.0.searchglobal.0,Small,16,16,PLT,2,2,9,TestSA,0.49982,0.4985474499677211,0.06178,0.10993665029539469,0.50018,/gpfs/projects/HeinzGroup/caffeine_underground/mlrt/FlexFringe/FlexFringe/models-ps-small/0.1.1.1.0.0.searchglobal.0.ini/0.1.1.1.0.0.searchglobal.0_16.16.PLT.2.2.9_Small.final.json,/gpfs/projects/HeinzGroup/asoubki/FlexFringe/data/MLRegTest/Large/16.16.PLT.2.2.9_TestSA.txt,2025-12-29 23:25:26.745673
0.1.1.1.0.0.searchglobal.0,Small,16,16,PLT,2,2,9,TestLA,0.49983,0.49867868801492304,0.06416,0.11369234313256428,0.50017,/gpfs/projects/HeinzGroup/caffeine_underground/mlrt/FlexFringe/FlexFringe/models-ps-small/0.1.1.1.0.0.searchglobal.0.ini/0.1.1.1.0.0.searchglobal.0_16.16.PLT.2.2.9_Small.final.json,/gpfs/projects/HeinzGroup/asoubki/FlexFringe/data/MLRegTest/Large/16.16.PLT.2.2.9_TestLA.txt,2025-12-29 23:25:26.745673
0.1.1.1.0.0.searchglobal.0,Small,16,16,PLT,2,2,9,Dev,0.50015,0.5012052064920456,0.06238,0.11095103427422941,0.49985,/gpfs/projects/HeinzGroup/caffeine_underground/mlrt/FlexFringe/FlexFringe/models-ps-small/0.1.1.1.0.0.searchglobal.0.ini/0.1.1.1.0.0.searchglobal.0_16.16.PLT.2.2.9_Small.final.json,/gpfs/projects/HeinzGroup/asoubki/FlexFringe/data/MLRegTest/Large/16.16.PLT.2.2.9_Dev.txt,2025-12-29 23:25:26.745673
0.1.1.1.0.0.searchglobal.0,Small,16,16,PLT,2,2,9,Train,0.489,0.37777777777777777,0.034,0.062385321100917435,0.511,/gpfs/projects/HeinzGroup/caffeine_underground/mlrt/FlexFringe/FlexFringe/models-ps-small/0.1.1.1.0.0.searchglobal.0.ini/0.1.1.1.0.0.searchglobal.0_16.16.PLT.2.2.9_Small.final.json,/gpfs/projects/HeinzGroup/asoubki/FlexFringe/data/MLRegTest/Small/16.16.PLT.2.2.9_Train.txt,2025-12-29 23:25:26.745673
0.1.1.1.0.0.searchglobal.0,Small,16,16,PLT,4,2,0,TestLA,0.58142,1.0,0.16284,0.2800729249079839,0.41858,/gpfs/projects/HeinzGroup/caffeine_underground/mlrt/FlexFringe/FlexFringe/models-ps-small/0.1.1.1.0.0.searchglobal.0.ini/0.1.1.1.0.0.searchglobal.0_16.16.PLT.4.2.0_Small.final.json,/gpfs/projects/HeinzGroup/asoubki/FlexFringe/data/MLRegTest/Large/16.16.PLT.4.2.0_TestLA.txt,2025-12-29 22:19:48.247411
0.1.1.1.0.0.searchglobal.0,Small,16,16,PLT,4,2,0,TestLR,0.9832,1.0,0.9664,0.9829129373474369,0.0168,/gpfs/projects/HeinzGroup/caffeine_underground/mlrt/FlexFringe/FlexFringe/models-ps-small/0.1.1.1.0.0.searchglobal.0.ini/0.1.1.1.0.0.searchglobal.0_16.16.PLT.4.2.0_Small.final.json,/gpfs/projects/HeinzGroup/asoubki/FlexFringe/data/MLRegTest/Large/16.16.PLT.4.2.0_TestLR.txt,2025-12-29 22:19:48.247411
0.1.1.1.0.0.searchglobal.0,Small,16,16,PLT,4,2,0,TestSA,0.57915,1.0,0.1583,0.27333160666494,0.42085,/gpfs/projects/HeinzGroup/caffeine_underground/mlrt/FlexFringe/FlexFringe/models-ps-small/0.1.1.1.0.0.searchglobal.0.ini/0.1.1.1.0.0.searchglobal.0_16.16.PLT.4.2.0_Small.final.json,/gpfs/projects/HeinzGroup/asoubki/FlexFringe/data/MLRegTest/Large/16.16.PLT.4.2.0_TestSA.txt,2025-12-29 22:19:48.247411
0.1.1.1.0.0.searchglobal.0,Small,16,16,PLT,4,2,0,TestSR,0.98979,1.0,0.97958,0.9896846805888118,0.01021,/gpfs/projects/HeinzGroup/caffeine_underground/mlrt/FlexFringe/FlexFringe/models-ps-small/0.1.1.1.0.0.searchglobal.0.ini/0.1.1.1.0.0.searchglobal.0_16.16.PLT.4.2.0_Small.final.json,/gpfs/projects/HeinzGroup/asoubki/FlexFringe/data/MLRegTest/Large/16.16.PLT.4.2.0_TestSR.txt,2025-12-29 22:19:48.247411
0.1.1.1.0.0.searchglobal.0,Small,16,16,PLT,4,2,0,Dev,0.98967,1.0,0.97934,0.9895621772914204,0.01033,/gpfs/projects/HeinzGroup/caffeine_underground/mlrt/FlexFringe/FlexFringe/models-ps-small/0.1.1.1.0.0.searchglobal.0.ini/0.1.1.1.0.0.searchglobal.0_16.16.PLT.4.2.0_Small.final.json,/gpfs/projects/HeinzGroup/asoubki/FlexFringe/data/MLRegTest/Large/16.16.PLT.4.2.0_Dev.txt,2025-12-29 22:19:48.247411
0.1.1.1.0.0.searchglobal.0,Small,16,16,PLT,4,2,0,Train,0.994,1.0,0.988,0.993963782696177,0.006,/gpfs/projects/HeinzGroup/caffeine_underground/mlrt/FlexFringe/FlexFringe/models-ps-small/0.1.1.1.0.0.searchglobal.0.ini/0.1.1.1.0.0.searchglobal.0_16.16.PLT.4.2.0_Small.final.json,/gpfs/projects/HeinzGroup/asoubki/FlexFringe/data/MLRegTest/Small/16.16.PLT.4.2.0_Train.txt,2025-12-29 22:19:48.247411
0.1.1.1.0.0.searchglobal.0,Small,16,16,PLT,4,2,1,TestLR,0.99237,1.0,0.98474,0.9923113354897871,0.00763,/gpfs/projects/HeinzGroup/caffeine_underground/mlrt/FlexFringe/FlexFringe/models-ps-small/0.1.1.1.0.0.searchglobal.0.ini/0.1.1.1.0.0.searchglobal.0_16.16.PLT.4.2.1_Small.final.json,/gpfs/projects/HeinzGroup/asoubki/FlexFringe/data/MLRegTest/Large/16.16.PLT.4.2.1_TestLR.txt,2025-12-29 22:37:40.827454
0.1.1.1.0.0.searchglobal.0,Small,16,16,PLT,4,2,1,TestLA,0.68505,1.0,0.3701,0.5402525363112182,0.31495,/gpfs/projects/HeinzGroup/caffeine_underground/mlrt/FlexFringe/FlexFringe/models-ps-small/0.1.1.1.0.0.searchglobal.0.ini/0.1.1.1.0.0.searchglobal.0_16.16.PLT.4.2.1_Small.final.json,/gpfs/projects/HeinzGroup/asoubki/FlexFringe/data/MLRegTest/Large/16.16.PLT.4.2.1_TestLA.txt,2025-12-29 22:37:40.827454
0.1.1.1.0.0.searchglobal.0,Small,16,16,PLT,4,2,1,TestSR,0.99564,1.0,0.99128,0.9956209071551967,0.00436,/gpfs/projects/HeinzGroup/caffeine_underground/mlrt/FlexFringe/FlexFringe/models-ps-small/0.1.1.1.0.0.searchglobal.0.ini/0.1.1.1.0.0.searchglobal.0_16.16.PLT.4.2.1_Small.final.json,/gpfs/projects/HeinzGroup/asoubki/FlexFringe/data/MLRegTest/Large/16.16.PLT.4.2.1_TestSR.txt,2025-12-29 22:37:40.827454
0.1.1.1.0.0.searchglobal.0,Small,16,16,PLT,4,2,1,TestSA,0.67644,1.0,0.35288,0.5216722843119863,0.32356,/gpfs/projects/HeinzGroup/caffeine_underground/mlrt/FlexFringe/FlexFringe/models-ps-small/0.1.1.1.0.0.searchglobal.0.ini/0.1.1.1.0.0.searchglobal.0_16.16.PLT.4.2.1_Small.final.json,/gpfs/projects/HeinzGroup/asoubki/FlexFringe/data/MLRegTest/Large/16.16.PLT.4.2.1_TestSA.txt,2025-12-29 22:37:40.827454
0.1.1.1.0.0.searchglobal.0,Small,16,16,PLT,4,2,1,Dev,0.99571,1.0,0.99142,0.9956915166062408,0.00429,/gpfs/projects/HeinzGroup/caffeine_underground/mlrt/FlexFringe/FlexFringe/models-ps-small/0.1.1.1.0.0.searchglobal.0.ini/0.1.1.1.0.0.searchglobal.0_16.16.PLT.4.2.1_Small.final.json,/gpfs/projects/HeinzGroup/asoubki/FlexFringe/data/MLRegTest/Large/16.16.PLT.4.2.1_Dev.txt,2025-12-29 22:37:40.827454
0.1.1.1.0.0.searchglobal.0,Small,16,16,PLT,4,2,1,Train,0.991,1.0,0.982,0.9909182643794148,0.009,/gpfs/projects/HeinzGroup/caffeine_underground/mlrt/FlexFringe/FlexFringe/models-ps-small/0.1.1.1.0.0.searchglobal.0.ini/0.1.1.1.0.0.searchglobal.0_16.16.PLT.4.2.1_Small.final.json,/gpfs/projects/HeinzGroup/asoubki/FlexFringe/data/MLRegTest/Small/16.16.PLT.4.2.1_Train.txt,2025-12-29 22:37:40.827454
0.1.1.1.0.0.searchglobal.0,Small,16,16,PLT,4,2,2,TestLR,0.93069,0.991486933698505,0.86884,0.9261205564142194,0.06931,/gpfs/projects/HeinzGroup/caffeine_underground/mlrt/FlexFringe/FlexFringe/models-ps-small/0.1.1.1.0.0.searchglobal.0.ini/0.1.1.1.0.0.searchglobal.0_16.16.PLT.4.2.2_Small.final.json,/gpfs/projects/HeinzGroup/asoubki/FlexFringe/data/MLRegTest/Large/16.16.PLT.4.2.2_TestLR.txt,2025-12-29 22:45:27.013758
0.1.1.1.0.0.searchglobal.0,Small,16,16,PLT,4,2,2,TestLA,0.77288,0.7274909963985594,0.87264,0.7934822143013021,0.22712,/gpfs/projects/HeinzGroup/caffeine_underground/mlrt/FlexFringe/FlexFringe/models-ps-small/0.1.1.1.0.0.searchglobal.0.ini/0.1.1.1.0.0.searchglobal.0_16.16.PLT.4.2.2_Small.final.json,/gpfs/projects/HeinzGroup/asoubki/FlexFringe/data/MLRegTest/Large/16.16.PLT.4.2.2_TestLA.txt,2025-12-29 22:45:27.013758
0.1.1.1.0.0.searchglobal.0,Small,16,16,PLT,4,2,2,TestSR,0.95293,0.9947351174221737,0.91068,0.9508535630383712,0.04707,/gpfs/projects/HeinzGroup/caffeine_underground/mlrt/FlexFringe/FlexFringe/models-ps-small/0.1.1.1.0.0.searchglobal.0.ini/0.1.1.1.0.0.searchglobal.0_16.16.PLT.4.2.2_Small.final.json,/gpfs/projects/HeinzGroup/asoubki/FlexFringe/data/MLRegTest/Large/16.16.PLT.4.2.2_TestSR.txt,2025-12-29 22:45:27.013758
0.1.1.1.0.0.searchglobal.0,Small,16,16,PLT,4,2,2,TestSA,0.78127,0.7235672839996821,0.91032,0.8062707586023649,0.21873,/gpfs/projects/HeinzGroup/caffeine_underground/mlrt/FlexFringe/FlexFringe/models-ps-small/0.1.1.1.0.0.searchglobal.0.ini/0.1.1.1.0.0.searchglobal.0_16.16.PLT.4.2.2_Small.final.json,/gpfs/projects/HeinzGroup/asoubki/FlexFringe/data/MLRegTest/Large/16.16.PLT.4.2.2_TestSA.txt,2025-12-29 22:45:27.013758
0.1.1.1.0.0.searchglobal.0,Small,16,16,PLT,4,2,2,Dev,0.95284,0.9946692300970026,0.91056,0.9507580503696279,0.04716,/gpfs/projects/HeinzGroup/caffeine_underground/mlrt/FlexFringe/FlexFringe/models-ps-small/0.1.1.1.0.0.searchglobal.0.ini/0.1.1.1.0.0.searchglobal.0_16.16.PLT.4.2.2_Small.final.json,/gpfs/projects/HeinzGroup/asoubki/FlexFringe/data/MLRegTest/Large/16.16.PLT.4.2.2_Dev.txt,2025-12-29 22:45:27.013758
0.1.1.1.0.0.searchglobal.0,Small,16,16,PLT,4,2,2,Train,0.959,0.9914346895074947,0.926,0.9576008273009308,0.041,/gpfs/projects/HeinzGroup/caffeine_underground/mlrt/FlexFringe/FlexFringe/models-ps-small/0.1.1.1.0.0.searchglobal.0.ini/0.1.1.1.0.0.searchglobal.0_16.16.PLT.4.2.2_Small.final.json,/gpfs/projects/HeinzGroup/asoubki/FlexFringe/data/MLRegTest/Small/16.16.PLT.4.2.2_Train.txt,2025-12-29 22:45:27.013758
0.1.1.1.0.0.searchglobal.0,Small,16,16,PLT,4,2,3,TestLA,0.67622,0.7238339599634184,0.56986,0.6376840785998836,0.32378,/gpfs/projects/HeinzGroup/caffeine_underground/mlrt/FlexFringe/FlexFringe/models-ps-small/0.1.1.1.0.0.searchglobal.0.ini/0.1.1.1.0.0.searchglobal.0_16.16.PLT.4.2.3_Small.final.json,/gpfs/projects/HeinzGroup/asoubki/FlexFringe/data/MLRegTest/Large/16.16.PLT.4.2.3_TestLA.txt,2025-12-29 22:53:49.027193
0.1.1.1.0.0.searchglobal.0,Small,16,16,PLT,4,2,3,TestSR,0.67037,0.847197880578765,0.41572,0.5577513919635071,0.32963,/gpfs/projects/HeinzGroup/caffeine_underground/mlrt/FlexFringe/FlexFringe/models-ps-small/0.1.1.1.0.0.searchglobal.0.ini/0.1.1.1.0.0.searchglobal.0_16.16.PLT.4.2.3_Small.final.json,/gpfs/projects/HeinzGroup/asoubki/FlexFringe/data/MLRegTest/Large/16.16.PLT.4.2.3_TestSR.txt,2025-12-29 22:53:49.027193
0.1.1.1.0.0.searchglobal.0,Small,16,16,PLT,4,2,3,TestLR,0.71459,0.809162944820631,0.56164,0.6630541290360663,0.28541,/gpfs/projects/HeinzGroup/caffeine_underground/mlrt/FlexFringe/FlexFringe/models-ps-small/0.1.1.1.0.0.searchglobal.0.ini/0.1.1.1.0.0.searchglobal.0_16.16.PLT.4.2.3_Small.final.json,/gpfs/projects/HeinzGroup/asoubki/FlexFringe/data/MLRegTest/Large/16.16.PLT.4.2.3_TestLR.txt,2025-12-29 22:53:49.027193
0.1.1.1.0.0.searchglobal.0,Small,16,16,PLT,4,2,3,TestSA,0.63264,0.7337680648572436,0.41634,0.531249202500957,0.36736,/gpfs/projects/HeinzGroup/caffeine_underground/mlrt/FlexFringe/FlexFringe/models-ps-small/0.1.1.1.0.0.searchglobal.0.ini/0.1.1.1.0.0.searchglobal.0_16.16.PLT.4.2.3_Small.final.json,/gpfs/projects/HeinzGroup/asoubki/FlexFringe/data/MLRegTest/Large/16.16.PLT.4.2.3_TestSA.txt,2025-12-29 22:53:49.027193
0.1.1.1.0.0.searchglobal.0,Small,16,16,PLT,4,2,3,Dev,0.66648,0.8424668806056118,0.40954,0.5511533388959169,0.33352,/gpfs/projects/HeinzGroup/caffeine_underground/mlrt/FlexFringe/FlexFringe/models-ps-small/0.1.1.1.0.0.searchglobal.0.ini/0.1.1.1.0.0.searchglobal.0_16.16.PLT.4.2.3_Small.final.json,/gpfs/projects/HeinzGroup/asoubki/FlexFringe/data/MLRegTest/Large/16.16.PLT.4.2.3_Dev.txt,2025-12-29 22:53:49.027193
0.1.1.1.0.0.searchglobal.0,Small,16,16,PLT,4,2,3,Train,0.679,0.8537549407114624,0.432,0.5737051792828686,0.321,/gpfs/projects/HeinzGroup/caffeine_underground/mlrt/FlexFringe/FlexFringe/models-ps-small/0.1.1.1.0.0.searchglobal.0.ini/0.1.1.1.0.0.searchglobal.0_16.16.PLT.4.2.3_Small.final.json,/gpfs/projects/HeinzGroup/asoubki/FlexFringe/data/MLRegTest/Small/16.16.PLT.4.2.3_Train.txt,2025-12-29 22:53:49.027193
0.1.1.1.0.0.searchglobal.0,Small,16,16,PLT,4,2,4,TestLR,0.941,0.9536103682369883,0.9271,0.9401683399249569,0.059,/gpfs/projects/HeinzGroup/caffeine_underground/mlrt/FlexFringe/FlexFringe/models-ps-small/0.1.1.1.0.0.searchglobal.0.ini/0.1.1.1.0.0.searchglobal.0_16.16.PLT.4.2.4_Small.final.json,/gpfs/projects/HeinzGroup/asoubki/FlexFringe/data/MLRegTest/Large/16.16.PLT.4.2.4_TestLR.txt,2025-12-29 23:32:36.060187
0.1.1.1.0.0.searchglobal.0,Small,16,16,PLT,4,2,4,TestSA,0.56362,0.8410162950257289,0.1569,0.26446197411003236,0.43638,/gpfs/projects/HeinzGroup/caffeine_underground/mlrt/FlexFringe/FlexFringe/models-ps-small/0.1.1.1.0.0.searchglobal.0.ini/0.1.1.1.0.0.searchglobal.0_16.16.PLT.4.2.4_Small.final.json,/gpfs/projects/HeinzGroup/asoubki/FlexFringe/data/MLRegTest/Large/16.16.PLT.4.2.4_TestSA.txt,2025-12-29 23:32:36.060187
0.1.1.1.0.0.searchglobal.0,Small,16,16,PLT,4,2,4,TestSR,0.96194,0.9685560108735343,0.95488,0.9616693858642013,0.03806,/gpfs/projects/HeinzGroup/caffeine_underground/mlrt/FlexFringe/FlexFringe/models-ps-small/0.1.1.1.0.0.searchglobal.0.ini/0.1.1.1.0.0.searchglobal.0_16.16.PLT.4.2.4_Small.final.json,/gpfs/projects/HeinzGroup/asoubki/FlexFringe/data/MLRegTest/Large/16.16.PLT.4.2.4_TestSR.txt,2025-12-29 23:32:36.060187
0.1.1.1.0.0.searchglobal.0,Small,16,16,PLT,4,2,4,TestLA,0.5722,0.8134224691786769,0.18738,0.3045937774309958,0.4278,/gpfs/projects/HeinzGroup/caffeine_underground/mlrt/FlexFringe/FlexFringe/models-ps-small/0.1.1.1.0.0.searchglobal.0.ini/0.1.1.1.0.0.searchglobal.0_16.16.PLT.4.2.4_Small.final.json,/gpfs/projects/HeinzGroup/asoubki/FlexFringe/data/MLRegTest/Large/16.16.PLT.4.2.4_TestLA.txt,2025-12-29 23:32:36.060187
0.1.1.1.0.0.searchglobal.0,Small,16,16,PLT,4,2,4,Dev,0.96372,0.969656457624372,0.9574,0.963489252073102,0.03628,/gpfs/projects/HeinzGroup/caffeine_underground/mlrt/FlexFringe/FlexFringe/models-ps-small/0.1.1.1.0.0.searchglobal.0.ini/0.1.1.1.0.0.searchglobal.0_16.16.PLT.4.2.4_Small.final.json,/gpfs/projects/HeinzGroup/asoubki/FlexFringe/data/MLRegTest/Large/16.16.PLT.4.2.4_Dev.txt,2025-12-29 23:32:36.060187
0.1.1.1.0.0.searchglobal.0,Small,16,16,PLT,4,2,4,Train,0.959,0.971252566735113,0.946,0.9584599797365755,0.041,/gpfs/projects/HeinzGroup/caffeine_underground/mlrt/FlexFringe/FlexFringe/models-ps-small/0.1.1.1.0.0.searchglobal.0.ini/0.1.1.1.0.0.searchglobal.0_16.16.PLT.4.2.4_Small.final.json,/gpfs/projects/HeinzGroup/asoubki/FlexFringe/data/MLRegTest/Small/16.16.PLT.4.2.4_Train.txt,2025-12-29 23:32:36.060187
0.1.1.1.0.0.searchglobal.0,Small,16,16,PLT,4,2,5,TestLR,0.49974,0.49799568300955904,0.0646,0.11436462132209751,0.50026,/gpfs/projects/HeinzGroup/caffeine_underground/mlrt/FlexFringe/FlexFringe/models-ps-small/0.1.1.1.0.0.searchglobal.0.ini/0.1.1.1.0.0.searchglobal.0_16.16.PLT.4.2.5_Small.final.json,/gpfs/projects/HeinzGroup/asoubki/FlexFringe/data/MLRegTest/Large/16.16.PLT.4.2.5_TestLR.txt,2025-12-29 23:06:12.293575
0.1.1.1.0.0.searchglobal.0,Small,16,16,PLT,4,2,5,TestSA,0.5,0.5,0.06546,0.11576415661585258,0.5,/gpfs/projects/HeinzGroup/caffeine_underground/mlrt/FlexFringe/FlexFringe/models-ps-small/0.1.1.1.0.0.searchglobal.0.ini/0.1.1.1.0.0.searchglobal.0_16.16.PLT.4.2.5_Small.final.json,/gpfs/projects/HeinzGroup/asoubki/FlexFringe/data/MLRegTest/Large/16.16.PLT.4.2.5_TestSA.txt,2025-12-29 23:06:12.293575
0.1.1.1.0.0.searchglobal.0,Small,16,16,PLT,4,2,5,TestSR,0.49956,0.49664327128471164,0.0651,0.11511122113378364,0.50044,/gpfs/projects/HeinzGroup/caffeine_underground/mlrt/FlexFringe/FlexFringe/models-ps-small/0.1.1.1.0.0.searchglobal.0.ini/0.1.1.1.0.0.searchglobal.0_16.16.PLT.4.2.5_Small.final.json,/gpfs/projects/HeinzGroup/asoubki/FlexFringe/data/MLRegTest/Large/16.16.PLT.4.2.5_TestSR.txt,2025-12-29 23:06:12.293575
0.1.1.1.0.0.searchglobal.0,Small,16,16,PLT,4,2,5,TestLA,0.50001,0.5000750412727,0.06664,0.11760760990417027,0.49999,/gpfs/projects/HeinzGroup/caffeine_underground/mlrt/FlexFringe/FlexFringe/models-ps-small/0.1.1.1.0.0.searchglobal.0.ini/0.1.1.1.0.0.searchglobal.0_16.16.PLT.4.2.5_Small.final.json,/gpfs/projects/HeinzGroup/asoubki/FlexFringe/data/MLRegTest/Large/16.16.PLT.4.2.5_TestLA.txt,2025-12-29 23:06:12.293575
0.1.1.1.0.0.searchglobal.0,Small,16,16,PLT,4,2,5,Dev,0.50003,0.5002306627710288,0.06506,0.11514432861971931,0.49997,/gpfs/projects/HeinzGroup/caffeine_underground/mlrt/FlexFringe/FlexFringe/models-ps-small/0.1.1.1.0.0.searchglobal.0.ini/0.1.1.1.0.0.searchglobal.0_16.16.PLT.4.2.5_Small.final.json,/gpfs/projects/HeinzGroup/asoubki/FlexFringe/data/MLRegTest/Large/16.16.PLT.4.2.5_Dev.txt,2025-12-29 23:06:12.293575
0.1.1.1.0.0.searchglobal.0,Small,16,16,PLT,4,2,5,Train,0.495,0.4626865671641791,0.062,0.10934744268077601,0.505,/gpfs/projects/HeinzGroup/caffeine_underground/mlrt/FlexFringe/FlexFringe/models-ps-small/0.1.1.1.0.0.searchglobal.0.ini/0.1.1.1.0.0.searchglobal.0_16.16.PLT.4.2.5_Small.final.json,/gpfs/projects/HeinzGroup/asoubki/FlexFringe/data/MLRegTest/Small/16.16.PLT.4.2.5_Train.txt,2025-12-29 23:06:12.293575
0.1.1.1.0.0.searchglobal.0,Small,16,16,PLT,4,2,6,TestSA,0.50005,0.5001182536303864,0.21146,0.2972406910220548,0.49995,/gpfs/projects/HeinzGroup/caffeine_underground/mlrt/FlexFringe/FlexFringe/models-ps-small/0.1.1.1.0.0.searchglobal.0.ini/0.1.1.1.0.0.searchglobal.0_16.16.PLT.4.2.6_Small.final.json,/gpfs/projects/HeinzGroup/asoubki/FlexFringe/data/MLRegTest/Large/16.16.PLT.4.2.6_TestSA.txt,2025-12-29 23:19:46.879818
0.1.1.1.0.0.searchglobal.0,Small,16,16,PLT,4,2,6,TestLA,0.50008,0.5001903492909489,0.21022,0.2960261356915538,0.49992,/gpfs/projects/HeinzGroup/caffeine_underground/mlrt/FlexFringe/FlexFringe/models-ps-small/0.1.1.1.0.0.searchglobal.0.ini/0.1.1.1.0.0.searchglobal.0_16.16.PLT.4.2.6_Small.final.json,/gpfs/projects/HeinzGroup/asoubki/FlexFringe/data/MLRegTest/Large/16.16.PLT.4.2.6_TestLA.txt,2025-12-29 23:19:46.879818
0.1.1.1.0.0.searchglobal.0,Small,16,16,PLT,4,2,6,TestLR,0.50181,0.504306037969263,0.21198,0.29849191038765366,0.49819,/gpfs/projects/HeinzGroup/caffeine_underground/mlrt/FlexFringe/FlexFringe/models-ps-small/0.1.1.1.0.0.searchglobal.0.ini/0.1.1.1.0.0.searchglobal.0_16.16.PLT.4.2.6_Small.final.json,/gpfs/projects/HeinzGroup/asoubki/FlexFringe/data/MLRegTest/Large/16.16.PLT.4.2.6_TestLR.txt,2025-12-29 23:19:46.879818
0.1.1.1.0.0.searchglobal.0,Small,16,16,PLT,4,2,6,TestSR,0.50066,0.501559104223755,0.21232,0.29834471517297584,0.49934,/gpfs/projects/HeinzGroup/caffeine_underground/mlrt/FlexFringe/FlexFringe/models-ps-small/0.1.1.1.0.0.searchglobal.0.ini/0.1.1.1.0.0.searchglobal.0_16.16.PLT.4.2.6_Small.final.json,/gpfs/projects/HeinzGroup/asoubki/FlexFringe/data/MLRegTest/Large/16.16.PLT.4.2.6_TestSR.txt,2025-12-29 23:19:46.879818
0.1.1.1.0.0.searchglobal.0,Small,16,16,PLT,4,2,6,Dev,0.5018,0.5042269396956603,0.21472,0.3011838635471021,0.4982,/gpfs/projects/HeinzGroup/caffeine_underground/mlrt/FlexFringe/FlexFringe/models-ps-small/0.1.1.1.0.0.searchglobal.0.ini/0.1.1.1.0.0.searchglobal.0_16.16.PLT.4.2.6_Small.final.json,/gpfs/projects/HeinzGroup/asoubki/FlexFringe/data/MLRegTest/Large/16.16.PLT.4.2.6_Dev.txt,2025-12-29 23:19:46.879818
0.1.1.1.0.0.searchglobal.0,Small,16,16,PLT,4,2,6,Train,0.49,0.47641509433962265,0.202,0.28370786516853935,0.51,/gpfs/projects/HeinzGroup/caffeine_underground/mlrt/FlexFringe/FlexFringe/models-ps-small/0.1.1.1.0.0.searchglobal.0.ini/0.1.1.1.0.0.searchglobal.0_16.16.PLT.4.2.6_Small.final.json,/gpfs/projects/HeinzGroup/asoubki/FlexFringe/data/MLRegTest/Small/16.16.PLT.4.2.6_Train.txt,2025-12-29 23:19:46.879818
0.1.1.1.0.0.searchglobal.0,Small,16,16,PLT,4,2,7,TestLR,0.53165,0.9122167231049753,0.07004,0.13009156930849383,0.46835,/gpfs/projects/HeinzGroup/caffeine_underground/mlrt/FlexFringe/FlexFringe/models-ps-small/0.1.1.1.0.0.searchglobal.0.ini/0.1.1.1.0.0.searchglobal.0_16.16.PLT.4.2.7_Small.final.json,/gpfs/projects/HeinzGroup/asoubki/FlexFringe/data/MLRegTest/Large/16.16.PLT.4.2.7_TestLR.txt,2025-12-29 23:32:16.095755
0.1.1.1.0.0.searchglobal.0,Small,16,16,PLT,4,2,7,TestLA,0.5092,0.5729232720355104,0.07228,0.12836541876820345,0.4908,/gpfs/projects/HeinzGroup/caffeine_underground/mlrt/FlexFringe/FlexFringe/models-ps-small/0.1.1.1.0.0.searchglobal.0.ini/0.1.1.1.0.0.searchglobal.0_16.16.PLT.4.2.7_Small.final.json,/gpfs/projects/HeinzGroup/asoubki/FlexFringe/data/MLRegTest/Large/16.16.PLT.4.2.7_TestLA.txt,2025-12-29 23:32:16.095755
0.1.1.1.0.0.searchglobal.0,Small,16,16,PLT,4,2,7,TestSA,0.50695,0.559330715383302,0.06552,0.11729953273537784,0.49305,/gpfs/projects/HeinzGroup/caffeine_underground/mlrt/FlexFringe/FlexFringe/models-ps-small/0.1.1.1.0.0.searchglobal.0.ini/0.1.1.1.0.0.searchglobal.0_16.16.PLT.4.2.7_Small.final.json,/gpfs/projects/HeinzGroup/asoubki/FlexFringe/data/MLRegTest/Large/16.16.PLT.4.2.7_TestSA.txt,2025-12-29 23:32:16.095755
0.1.1.1.0.0.searchglobal.0,Small,16,16,PLT,4,2,7,TestSR,0.53035,0.9356876256101062,0.06518,0.1218705009068302,0.46965,/gpfs/projects/HeinzGroup/caffeine_underground/mlrt/FlexFringe/FlexFringe/models-ps-small/0.1.1.1.0.0.searchglobal.0.ini/0.1.1.1.0.0.searchglobal.0_16.16.PLT.4.2.7_Small.final.json,/gpfs/projects/HeinzGroup/asoubki/FlexFringe/data/MLRegTest/Large/16.16.PLT.4.2.7_TestSR.txt,2025-12-29 23:32:16.095755
0.1.1.1.0.0.searchglobal.0,Small,16,16,PLT,4,2,7,Dev,0.53112,0.9392998306041784,0.06654,0.12427626909715737,0.46888,/gpfs/projects/HeinzGroup/caffeine_underground/mlrt/FlexFringe/FlexFringe/models-ps-small/0.1.1.1.0.0.searchglobal.0.ini/0.1.1.1.0.0.searchglobal.0_16.16.PLT.4.2.7_Small.final.json,/gpfs/projects/HeinzGroup/asoubki/FlexFringe/data/MLRegTest/Large/16.16.PLT.4.2.7_Dev.txt,2025-12-29 23:32:16.095755
0.1.1.1.0.0.searchglobal.0,Small,16,16,PLT,4,2,7,Train,0.529,0.967741935483871,0.06,0.11299435028248588,0.471,/gpfs/projects/HeinzGroup/caffeine_underground/mlrt/FlexFringe/FlexFringe/models-ps-small/0.1.1.1.0.0.searchglobal.0.ini/0.1.1.1.0.0.searchglobal.0_16.16.PLT.4.2.7_Small.final.json,/gpfs/projects/HeinzGroup/asoubki/FlexFringe/data/MLRegTest/Small/16.16.PLT.4.2.7_Train.txt,2025-12-29 23:32:16.095755
0.1.1.1.0.0.searchglobal.0,Small,16,16,PLT,4,2,8,TestSR,0.53441,0.7086213168424882,0.11688,0.20066269507442444,0.46559,/gpfs/projects/HeinzGroup/caffeine_underground/mlrt/FlexFringe/FlexFringe/models-ps-small/0.1.1.1.0.0.searchglobal.0.ini/0.1.1.1.0.0.searchglobal.0_16.16.PLT.4.2.8_Small.final.json,/gpfs/projects/HeinzGroup/asoubki/FlexFringe/data/MLRegTest/Large/16.16.PLT.4.2.8_TestSR.txt,2025-12-29 23:21:00.950686
0.1.1.1.0.0.searchglobal.0,Small,16,16,PLT,4,2,8,TestLA,0.50392,0.5254942767950052,0.0808,0.14006379142976008,0.49608,/gpfs/projects/HeinzGroup/caffeine_underground/mlrt/FlexFringe/FlexFringe/models-ps-small/0.1.1.1.0.0.searchglobal.0.ini/0.1.1.1.0.0.searchglobal.0_16.16.PLT.4.2.8_Small.final.json,/gpfs/projects/HeinzGroup/asoubki/FlexFringe/data/MLRegTest/Large/16.16.PLT.4.2.8_TestLA.txt,2025-12-29 23:21:00.950686
0.1.1.1.0.0.searchglobal.0,Small,16,16,PLT,4,2,8,TestSA,0.51006,0.5483374975975399,0.11412,0.18892163030162568,0.48994,/gpfs/projects/HeinzGroup/caffeine_underground/mlrt/FlexFringe/FlexFringe/models-ps-small/0.1.1.1.0.0.searchglobal.0.ini/0.1.1.1.0.0.searchglobal.0_16.16.PLT.4.2.8_Small.final.json,/gpfs/projects/HeinzGroup/asoubki/FlexFringe/data/MLRegTest/Large/16.16.PLT.4.2.8_TestSA.txt,2025-12-29 23:21:00.950686
0.1.1.1.0.0.searchglobal.0,Small,16,16,PLT,4,2,8,TestLR,0.51475,0.6085356880058866,0.0827,0.14561140945505766,0.48525,/gpfs/projects/HeinzGroup/caffeine_underground/mlrt/FlexFringe/FlexFringe/models-ps-small/0.1.1.1.0.0.searchglobal.0.ini/0.1.1.1.0.0.searchglobal.0_16.16.PLT.4.2.8_Small.final.json,/gpfs/projects/HeinzGroup/asoubki/FlexFringe/data/MLRegTest/Large/16.16.PLT.4.2.8_TestLR.txt,2025-12-29 23:21:00.950686
0.1.1.1.0.0.searchglobal.0,Small,16,16,PLT,4,2,8,Dev,0.53301,0.6984012501502584,0.1162,0.1992489583154718,0.46699,/gpfs/projects/HeinzGroup/caffeine_underground/mlrt/FlexFringe/FlexFringe/models-ps-small/0.1.1.1.0.0.searchglobal.0.ini/0.1.1.1.0.0.searchglobal.0_16.16.PLT.4.2.8_Small.final.json,/gpfs/projects/HeinzGroup/asoubki/FlexFringe/data/MLRegTest/Large/16.16.PLT.4.2.8_Dev.txt,2025-12-29 23:21:00.950686
0.1.1.1.0.0.searchglobal.0,Small,16,16,PLT,4,2,8,Train,0.527,0.6421052631578947,0.122,0.20504201680672268,0.473,/gpfs/projects/HeinzGroup/caffeine_underground/mlrt/FlexFringe/FlexFringe/models-ps-small/0.1.1.1.0.0.searchglobal.0.ini/0.1.1.1.0.0.searchglobal.0_16.16.PLT.4.2.8_Small.final.json,/gpfs/projects/HeinzGroup/asoubki/FlexFringe/data/MLRegTest/Small/16.16.PLT.4.2.8_Train.txt,2025-12-29 23:21:00.950686
0.1.1.1.0.0.searchglobal.0,Small,16,16,PLT,4,2,9,TestSR,0.50012,0.5009658725048294,0.06224,0.11072368889205152,0.49988,/gpfs/projects/HeinzGroup/caffeine_underground/mlrt/FlexFringe/FlexFringe/models-ps-small/0.1.1.1.0.0.searchglobal.0.ini/0.1.1.1.0.0.searchglobal.0_16.16.PLT.4.2.9_Small.final.json,/gpfs/projects/HeinzGroup/asoubki/FlexFringe/data/MLRegTest/Large/16.16.PLT.4.2.9_TestSR.txt,2025-12-29 22:03:15.413713
0.1.1.1.0.0.searchglobal.0,Small,16,16,PLT,4,2,9,TestSA,0.5,0.5,0.06184,0.11006692296739286,0.5,/gpfs/projects/HeinzGroup/caffeine_underground/mlrt/FlexFringe/FlexFringe/models-ps-small/0.1.1.1.0.0.searchglobal.0.ini/0.1.1.1.0.0.searchglobal.0_16.16.PLT.4.2.9_Small.final.json,/gpfs/projects/HeinzGroup/asoubki/FlexFringe/data/MLRegTest/Large/16.16.PLT.4.2.9_TestSA.txt,2025-12-29 22:03:15.413713
0.1.1.1.0.0.searchglobal.0,Small,16,16,PLT,4,2,9,TestLA,0.5,0.5,0.0638,0.1131606952820149,0.5,/gpfs/projects/HeinzGroup/caffeine_underground/mlrt/FlexFringe/FlexFringe/models-ps-small/0.1.1.1.0.0.searchglobal.0.ini/0.1.1.1.0.0.searchglobal.0_16.16.PLT.4.2.9_Small.final.json,/gpfs/projects/HeinzGroup/asoubki/FlexFringe/data/MLRegTest/Large/16.16.PLT.4.2.9_TestLA.txt,2025-12-29 22:03:15.413713
0.1.1.1.0.0.searchglobal.0,Small,16,16,PLT,4,2,9,TestLR,0.50041,0.5032900016048788,0.06272,0.11153989792107556,0.49959,/gpfs/projects/HeinzGroup/caffeine_underground/mlrt/FlexFringe/FlexFringe/models-ps-small/0.1.1.1.0.0.searchglobal.0.ini/0.1.1.1.0.0.searchglobal.0_16.16.PLT.4.2.9_Small.final.json,/gpfs/projects/HeinzGroup/asoubki/FlexFringe/data/MLRegTest/Large/16.16.PLT.4.2.9_TestLR.txt,2025-12-29 22:03:15.413713
0.1.1.1.0.0.searchglobal.0,Small,16,16,PLT,4,2,9,Dev,0.49941,0.495310761405182,0.06232,0.11071041551935479,0.50059,/gpfs/projects/HeinzGroup/caffeine_underground/mlrt/FlexFringe/FlexFringe/models-ps-small/0.1.1.1.0.0.searchglobal.0.ini/0.1.1.1.0.0.searchglobal.0_16.16.PLT.4.2.9_Small.final.json,/gpfs/projects/HeinzGroup/asoubki/FlexFringe/data/MLRegTest/Large/16.16.PLT.4.2.9_Dev.txt,2025-12-29 22:03:15.413713
0.1.1.1.0.0.searchglobal.0,Small,16,16,PLT,4,2,9,Train,0.502,0.515625,0.066,0.11702127659574468,0.498,/gpfs/projects/HeinzGroup/caffeine_underground/mlrt/FlexFringe/FlexFringe/models-ps-small/0.1.1.1.0.0.searchglobal.0.ini/0.1.1.1.0.0.searchglobal.0_16.16.PLT.4.2.9_Small.final.json,/gpfs/projects/HeinzGroup/asoubki/FlexFringe/data/MLRegTest/Small/16.16.PLT.4.2.9_Train.txt,2025-12-29 22:03:15.413713
0.1.1.1.0.0.searchglobal.0,Small,16,16,PLT,6,3,0,TestSR,0.95058,0.9418837282284638,0.96042,0.9510615543056326,0.04942,/gpfs/projects/HeinzGroup/caffeine_underground/mlrt/FlexFringe/FlexFringe/models-ps-small/0.1.1.1.0.0.searchglobal.0.ini/0.1.1.1.0.0.searchglobal.0_16.16.PLT.6.3.0_Small.final.json,/gpfs/projects/HeinzGroup/asoubki/FlexFringe/data/MLRegTest/Large/16.16.PLT.6.3.0_TestSR.txt,2025-12-29 22:21:25.282608
0.1.1.1.0.0.searchglobal.0,Small,16,16,PLT,6,3,0,TestLR,0.902,0.8844535404154393,0.92482,0.9041864648716295,0.098,/gpfs/projects/HeinzGroup/caffeine_underground/mlrt/FlexFringe/FlexFringe/models-ps-small/0.1.1.1.0.0.searchglobal.0.ini/0.1.1.1.0.0.searchglobal.0_16.16.PLT.6.3.0_Small.final.json,/gpfs/projects/HeinzGroup/asoubki/FlexFringe/data/MLRegTest/Large/16.16.PLT.6.3.0_TestLR.txt,2025-12-29 22:21:25.282608
0.1.1.1.0.0.searchglobal.0,Small,16,16,PLT,6,3,0,TestLA,0.5295,0.5967086283766063,0.18202,0.2789493042358855,0.4705,/gpfs/projects/HeinzGroup/caffeine_underground/mlrt/FlexFringe/FlexFringe/models-ps-small/0.1.1.1.0.0.searchglobal.0.ini/0.1.1.1.0.0.searchglobal.0_16.16.PLT.6.3.0_Small.final.json,/gpfs/projects/HeinzGroup/asoubki/FlexFringe/data/MLRegTest/Large/16.16.PLT.6.3.0_TestLA.txt,2025-12-29 22:21:25.282608
0.1.1.1.0.0.searchglobal.0,Small,16,16,PLT,6,3,0,TestSA,0.54336,0.7124240642759161,0.14542,0.2415373883001694,0.45664,/gpfs/projects/HeinzGroup/caffeine_underground/mlrt/FlexFringe/FlexFringe/models-ps-small/0.1.1.1.0.0.searchglobal.0.ini/0.1.1.1.0.0.searchglobal.0_16.16.PLT.6.3.0_Small.final.json,/gpfs/projects/HeinzGroup/asoubki/FlexFringe/data/MLRegTest/Large/16.16.PLT.6.3.0_TestSA.txt,2025-12-29 22:21:25.282608
0.1.1.1.0.0.searchglobal.0,Small,16,16,PLT,6,3,0,Dev,0.952,0.9439380843875226,0.96108,0.9524319181828993,0.048,/gpfs/projects/HeinzGroup/caffeine_underground/mlrt/FlexFringe/FlexFringe/models-ps-small/0.1.1.1.0.0.searchglobal.0.ini/0.1.1.1.0.0.searchglobal.0_16.16.PLT.6.3.0_Small.final.json,/gpfs/projects/HeinzGroup/asoubki/FlexFringe/data/MLRegTest/Large/16.16.PLT.6.3.0_Dev.txt,2025-12-29 22:21:25.282608
0.1.1.1.0.0.searchglobal.0,Small,16,16,PLT,6,3,0,Train,0.947,0.9323017408123792,0.964,0.9478859390363815,0.053,/gpfs/projects/HeinzGroup/caffeine_underground/mlrt/FlexFringe/FlexFringe/models-ps-small/0.1.1.1.0.0.searchglobal.0.ini/0.1.1.1.0.0.searchglobal.0_16.16.PLT.6.3.0_Small.final.json,/gpfs/projects/HeinzGroup/asoubki/FlexFringe/data/MLRegTest/Small/16.16.PLT.6.3.0_Train.txt,2025-12-29 22:21:25.282608
0.1.1.1.0.0.searchglobal.0,Small,16,16,PLT,6,3,1,TestSR,0.99834,1.0,0.99668,0.9983372398180981,0.00166,/gpfs/projects/HeinzGroup/caffeine_underground/mlrt/FlexFringe/FlexFringe/models-ps-small/0.1.1.1.0.0.searchglobal.0.ini/0.1.1.1.0.0.searchglobal.0_16.16.PLT.6.3.1_Small.final.json,/gpfs/projects/HeinzGroup/asoubki/FlexFringe/data/MLRegTest/Large/16.16.PLT.6.3.1_TestSR.txt,2025-12-29 22:39:31.907643
0.1.1.1.0.0.searchglobal.0,Small,16,16,PLT,6,3,1,TestLR,0.99712,1.0,0.99424,0.9971116816431322,0.00288,/gpfs/projects/HeinzGroup/caffeine_underground/mlrt/FlexFringe/FlexFringe/models-ps-small/0.1.1.1.0.0.searchglobal.0.ini/0.1.1.1.0.0.searchglobal.0_16.16.PLT.6.3.1_Small.final.json,/gpfs/projects/HeinzGroup/asoubki/FlexFringe/data/MLRegTest/Large/16.16.PLT.6.3.1_TestLR.txt,2025-12-29 22:39:31.907643
0.1.1.1.0.0.searchglobal.0,Small,16,16,PLT,6,3,1,TestLA,0.51998,1.0,0.03996,0.07684910958113773,0.48002,/gpfs/projects/HeinzGroup/caffeine_underground/mlrt/FlexFringe/FlexFringe/models-ps-small/0.1.1.1.0.0.searchglobal.0.ini/0.1.1.1.0.0.searchglobal.0_16.16.PLT.6.3.1_Small.final.json,/gpfs/projects/HeinzGroup/asoubki/FlexFringe/data/MLRegTest/Large/16.16.PLT.6.3.1_TestLA.txt,2025-12-29 22:39:31.907643
0.1.1.1.0.0.searchglobal.0,Small,16,16,PLT,6,3,1,TestSA,0.51831,1.0,0.03662,0.07065269819220157,0.48169,/gpfs/projects/HeinzGroup/caffeine_underground/mlrt/FlexFringe/FlexFringe/models-ps-small/0.1.1.1.0.0.searchglobal.0.ini/0.1.1.1.0.0.searchglobal.0_16.16.PLT.6.3.1_Small.final.json,/gpfs/projects/HeinzGroup/asoubki/FlexFringe/data/MLRegTest/Large/16.16.PLT.6.3.1_TestSA.txt,2025-12-29 22:39:31.907643
0.1.1.1.0.0.searchglobal.0,Small,16,16,PLT,6,3,1,Dev,0.99824,1.0,0.99648,0.998236896938612,0.00176,/gpfs/projects/HeinzGroup/caffeine_underground/mlrt/FlexFringe/FlexFringe/models-ps-small/0.1.1.1.0.0.searchglobal.0.ini/0.1.1.1.0.0.searchglobal.0_16.16.PLT.6.3.1_Small.final.json,/gpfs/projects/HeinzGroup/asoubki/FlexFringe/data/MLRegTest/Large/16.16.PLT.6.3.1_Dev.txt,2025-12-29 22:39:31.907643
0.1.1.1.0.0.searchglobal.0,Small,16,16,PLT,6,3,1,Train,0.993,1.0,0.986,0.9929506545820745,0.007,/gpfs/projects/HeinzGroup/caffeine_underground/mlrt/FlexFringe/FlexFringe/models-ps-small/0.1.1.1.0.0.searchglobal.0.ini/0.1.1.1.0.0.searchglobal.0_16.16.PLT.6.3.1_Small.final.json,/gpfs/projects/HeinzGroup/asoubki/FlexFringe/data/MLRegTest/Small/16.16.PLT.6.3.1_Train.txt,2025-12-29 22:39:31.907643
0.1.1.1.0.0.searchglobal.0,Small,16,16,PLT,6,3,2,TestLA,0.57221,0.5389167340339531,0.99996,0.7003747154613903,0.42779,/gpfs/projects/HeinzGroup/caffeine_underground/mlrt/FlexFringe/FlexFringe/models-ps-small/0.1.1.1.0.0.searchglobal.0.ini/0.1.1.1.0.0.searchglobal.0_16.16.PLT.6.3.2_Small.final.json,/gpfs/projects/HeinzGroup/asoubki/FlexFringe/data/MLRegTest/Large/16.16.PLT.6.3.2_TestLA.txt,2025-12-29 22:32:19.334807
0.1.1.1.0.0.searchglobal.0,Small,16,16,PLT,6,3,2,TestSA,0.56809,0.5365348500295112,0.99994,0.6983552746446904,0.43191,/gpfs/projects/HeinzGroup/caffeine_underground/mlrt/FlexFringe/FlexFringe/models-ps-small/0.1.1.1.0.0.searchglobal.0.ini/0.1.1.1.0.0.searchglobal.0_16.16.PLT.6.3.2_Small.final.json,/gpfs/projects/HeinzGroup/asoubki/FlexFringe/data/MLRegTest/Large/16.16.PLT.6.3.2_TestSA.txt,2025-12-29 22:32:19.334807
0.1.1.1.0.0.searchglobal.0,Small,16,16,PLT,6,3,2,TestSR,0.99757,0.9952226446642912,0.99994,0.9975757454832048,0.00243,/gpfs/projects/HeinzGroup/caffeine_underground/mlrt/FlexFringe/FlexFringe/models-ps-small/0.1.1.1.0.0.searchglobal.0.ini/0.1.1.1.0.0.searchglobal.0_16.16.PLT.6.3.2_Small.final.json,/gpfs/projects/HeinzGroup/asoubki/FlexFringe/data/MLRegTest/Large/16.16.PLT.6.3.2_TestSR.txt,2025-12-29 22:32:19.334807
0.1.1.1.0.0.searchglobal.0,Small,16,16,PLT,6,3,2,TestLR,0.99612,0.9924365744233136,0.99986,0.9961344571303326,0.00388,/gpfs/projects/HeinzGroup/caffeine_underground/mlrt/FlexFringe/FlexFringe/models-ps-small/0.1.1.1.0.0.searchglobal.0.ini/0.1.1.1.0.0.searchglobal.0_16.16.PLT.6.3.2_Small.final.json,/gpfs/projects/HeinzGroup/asoubki/FlexFringe/data/MLRegTest/Large/16.16.PLT.6.3.2_TestLR.txt,2025-12-29 22:32:19.334807
0.1.1.1.0.0.searchglobal.0,Small,16,16,PLT,6,3,2,Dev,0.99779,0.9956389270565744,0.99996,0.9977947853158645,0.00221,/gpfs/projects/HeinzGroup/caffeine_underground/mlrt/FlexFringe/FlexFringe/models-ps-small/0.1.1.1.0.0.searchglobal.0.ini/0.1.1.1.0.0.searchglobal.0_16.16.PLT.6.3.2_Small.final.json,/gpfs/projects/HeinzGroup/asoubki/FlexFringe/data/MLRegTest/Large/16.16.PLT.6.3.2_Dev.txt,2025-12-29 22:32:19.334807
0.1.1.1.0.0.searchglobal.0,Small,16,16,PLT,6,3,2,Train,0.999,0.998003992015968,1.0,0.999000999000999,0.001,/gpfs/projects/HeinzGroup/caffeine_underground/mlrt/FlexFringe/FlexFringe/models-ps-small/0.1.1.1.0.0.searchglobal.0.ini/0.1.1.1.0.0.searchglobal.0_16.16.PLT.6.3.2_Small.final.json,/gpfs/projects/HeinzGroup/asoubki/FlexFringe/data/MLRegTest/Small/16.16.PLT.6.3.2_Train.txt,2025-12-29 22:32:19.334807
0.1.1.1.0.0.searchglobal.0,Small,16,16,PLT,6,3,3,TestLR,0.67014,0.7371090919226266,0.52892,0.6158969701204033,0.32986,/gpfs/projects/HeinzGroup/caffeine_underground/mlrt/FlexFringe/FlexFringe/models-ps-small/0.1.1.1.0.0.searchglobal.0.ini/0.1.1.1.0.0.searchglobal.0_16.16.PLT.6.3.3_Small.final.json,/gpfs/projects/HeinzGroup/asoubki/FlexFringe/data/MLRegTest/Large/16.16.PLT.6.3.3_TestLR.txt,2025-12-29 22:05:53.146602
0.1.1.1.0.0.searchglobal.0,Small,16,16,PLT,6,3,3,TestSA,0.5267,0.5275746684843227,0.51084,0.5190724896864267,0.4733,/gpfs/projects/HeinzGroup/caffeine_underground/mlrt/FlexFringe/FlexFringe/models-ps-small/0.1.1.1.0.0.searchglobal.0.ini/0.1.1.1.0.0.searchglobal.0_16.16.PLT.6.3.3_Small.final.json,/gpfs/projects/HeinzGroup/asoubki/FlexFringe/data/MLRegTest/Large/16.16.PLT.6.3.3_TestSA.txt,2025-12-29 22:05:53.146602
0.1.1.1.0.0.searchglobal.0,Small,16,16,PLT,6,3,3,TestLA,0.52785,0.5277130972993412,0.53032,0.529013337057468,0.47215,/gpfs/projects/HeinzGroup/caffeine_underground/mlrt/FlexFringe/FlexFringe/models-ps-small/0.1.1.1.0.0.searchglobal.0.ini/0.1.1.1.0.0.searchglobal.0_16.16.PLT.6.3.3_Small.final.json,/gpfs/projects/HeinzGroup/asoubki/FlexFringe/data/MLRegTest/Large/16.16.PLT.6.3.3_TestLA.txt,2025-12-29 22:05:53.146602
0.1.1.1.0.0.searchglobal.0,Small,16,16,PLT,6,3,3,TestSR,0.69133,0.8003139224611521,0.50988,0.6229063588052043,0.30867,/gpfs/projects/HeinzGroup/caffeine_underground/mlrt/FlexFringe/FlexFringe/models-ps-small/0.1.1.1.0.0.searchglobal.0.ini/0.1.1.1.0.0.searchglobal.0_16.16.PLT.6.3.3_Small.final.json,/gpfs/projects/HeinzGroup/asoubki/FlexFringe/data/MLRegTest/Large/16.16.PLT.6.3.3_TestSR.txt,2025-12-29 22:05:53.146602
0.1.1.1.0.0.searchglobal.0,Small,16,16,PLT,6,3,3,Dev,0.69197,0.8011105185556985,0.51074,0.623789342550411,0.30803,/gpfs/projects/HeinzGroup/caffeine_underground/mlrt/FlexFringe/FlexFringe/models-ps-small/0.1.1.1.0.0.searchglobal.0.ini/0.1.1.1.0.0.searchglobal.0_16.16.PLT.6.3.3_Small.final.json,/gpfs/projects/HeinzGroup/asoubki/FlexFringe/data/MLRegTest/Large/16.16.PLT.6.3.3_Dev.txt,2025-12-29 22:05:53.146602
0.1.1.1.0.0.searchglobal.0,Small,16,16,PLT,6,3,3,Train,0.681,0.7717717717717718,0.514,0.617046818727491,0.319,/gpfs/projects/HeinzGroup/caffeine_underground/mlrt/FlexFringe/FlexFringe/models-ps-small/0.1.1.1.0.0.searchglobal.0.ini/0.1.1.1.0.0.searchglobal.0_16.16.PLT.6.3.3_Small.final.json,/gpfs/projects/HeinzGroup/asoubki/FlexFringe/data/MLRegTest/Small/16.16.PLT.6.3.3_Train.txt,2025-12-29 22:05:53.146602
0.1.1.1.0.0.searchglobal.0,Small,16,16,PLT,6,3,4,TestLR,0.86647,0.7925160837151386,0.99288,0.8814552427624045,0.13353,/gpfs/projects/HeinzGroup/caffeine_underground/mlrt/FlexFringe/FlexFringe/models-ps-small/0.1.1.1.0.0.searchglobal.0.ini/0.1.1.1.0.0.searchglobal.0_16.16.PLT.6.3.4_Small.final.json,/gpfs/projects/HeinzGroup/asoubki/FlexFringe/data/MLRegTest/Large/16.16.PLT.6.3.4_TestLR.txt,2025-12-29 22:20:53.946947
0.1.1.1.0.0.searchglobal.0,Small,16,16,PLT,6,3,4,TestSR,0.8668,0.7916202893941803,0.9957,0.8820090353441403,0.1332,/gpfs/projects/HeinzGroup/caffeine_underground/mlrt/FlexFringe/FlexFringe/models-ps-small/0.1.1.1.0.0.searchglobal.0.ini/0.1.1.1.0.0.searchglobal.0_16.16.PLT.6.3.4_Small.final.json,/gpfs/projects/HeinzGroup/asoubki/FlexFringe/data/MLRegTest/Large/16.16.PLT.6.3.4_TestSR.txt,2025-12-29 22:20:53.946947
0.1.1.1.0.0.searchglobal.0,Small,16,16,PLT,6,3,4,TestSA,0.58821,0.6235953481855121,0.44506,0.5194141331621638,0.41179,/gpfs/projects/HeinzGroup/caffeine_underground/mlrt/FlexFringe/FlexFringe/models-ps-small/0.1.1.1.0.0.searchglobal.0.ini/0.1.1.1.0.0.searchglobal.0_16.16.PLT.6.3.4_Small.final.json,/gpfs/projects/HeinzGroup/asoubki/FlexFringe/data/MLRegTest/Large/16.16.PLT.6.3.4_TestSA.txt,2025-12-29 22:20:53.946947
0.1.1.1.0.0.searchglobal.0,Small,16,16,PLT,6,3,4,TestLA,0.59701,0.6355077524793966,0.45496,0.530287312780465,0.40299,/gpfs/projects/HeinzGroup/caffeine_underground/mlrt/FlexFringe/FlexFringe/models-ps-small/0.1.1.1.0.0.searchglobal.0.ini/0.1.1.1.0.0.searchglobal.0_16.16.PLT.6.3.4_Small.final.json,/gpfs/projects/HeinzGroup/asoubki/FlexFringe/data/MLRegTest/Large/16.16.PLT.6.3.4_TestLA.txt,2025-12-29 22:20:53.946947
0.1.1.1.0.0.searchglobal.0,Small,16,16,PLT,6,3,4,Dev,0.86394,0.7878816642936244,0.99604,0.8798162706474693,0.13606,/gpfs/projects/HeinzGroup/caffeine_underground/mlrt/FlexFringe/FlexFringe/models-ps-small/0.1.1.1.0.0.searchglobal.0.ini/0.1.1.1.0.0.searchglobal.0_16.16.PLT.6.3.4_Small.final.json,/gpfs/projects/HeinzGroup/asoubki/FlexFringe/data/MLRegTest/Large/16.16.PLT.6.3.4_Dev.txt,2025-12-29 22:20:53.946947
0.1.1.1.0.0.searchglobal.0,Small,16,16,PLT,6,3,4,Train,0.871,0.797752808988764,0.994,0.8851291184327693,0.129,/gpfs/projects/HeinzGroup/caffeine_underground/mlrt/FlexFringe/FlexFringe/models-ps-small/0.1.1.1.0.0.searchglobal.0.ini/0.1.1.1.0.0.searchglobal.0_16.16.PLT.6.3.4_Small.final.json,/gpfs/projects/HeinzGroup/asoubki/FlexFringe/data/MLRegTest/Small/16.16.PLT.6.3.4_Train.txt,2025-12-29 22:20:53.946947
0.1.1.1.0.0.searchglobal.0,Small,16,16,PLT,6,3,5,TestLA,0.5,0.5,0.0628,0.11158493248045487,0.5,/gpfs/projects/HeinzGroup/caffeine_underground/mlrt/FlexFringe/FlexFringe/models-ps-small/0.1.1.1.0.0.searchglobal.0.ini/0.1.1.1.0.0.searchglobal.0_16.16.PLT.6.3.5_Small.final.json,/gpfs/projects/HeinzGroup/asoubki/FlexFringe/data/MLRegTest/Large/16.16.PLT.6.3.5_TestLA.txt,2025-12-29 22:28:58.046729
0.1.1.1.0.0.searchglobal.0,Small,16,16,PLT,6,3,5,TestSR,0.49912,0.4929305912596401,0.06136,0.10913488901536711,0.50088,/gpfs/projects/HeinzGroup/caffeine_underground/mlrt/FlexFringe/FlexFringe/models-ps-small/0.1.1.1.0.0.searchglobal.0.ini/0.1.1.1.0.0.searchglobal.0_16.16.PLT.6.3.5_Small.final.json,/gpfs/projects/HeinzGroup/asoubki/FlexFringe/data/MLRegTest/Large/16.16.PLT.6.3.5_TestSR.txt,2025-12-29 22:28:58.046729
0.1.1.1.0.0.searchglobal.0,Small,16,16,PLT,6,3,5,TestSA,0.5,0.5,0.06228,0.11076332076545493,0.5,/gpfs/projects/HeinzGroup/caffeine_underground/mlrt/FlexFringe/FlexFringe/models-ps-small/0.1.1.1.0.0.searchglobal.0.ini/0.1.1.1.0.0.searchglobal.0_16.16.PLT.6.3.5_Small.final.json,/gpfs/projects/HeinzGroup/asoubki/FlexFringe/data/MLRegTest/Large/16.16.PLT.6.3.5_TestSA.txt,2025-12-29 22:28:58.046729
0.1.1.1.0.0.searchglobal.0,Small,16,16,PLT,6,3,5,TestLR,0.50113,0.508810229221893,0.06526,0.11568255543934909,0.49887,/gpfs/projects/HeinzGroup/caffeine_underground/mlrt/FlexFringe/FlexFringe/models-ps-small/0.1.1.1.0.0.searchglobal.0.ini/0.1.1.1.0.0.searchglobal.0_16.16.PLT.6.3.5_Small.final.json,/gpfs/projects/HeinzGroup/asoubki/FlexFringe/data/MLRegTest/Large/16.16.PLT.6.3.5_TestLR.txt,2025-12-29 22:28:58.046729
0.1.1.1.0.0.searchglobal.0,Small,16,16,PLT,6,3,5,Dev,0.49994,0.4995209198339189,0.06256,0.11119405637908357,0.50006,/gpfs/projects/HeinzGroup/caffeine_underground/mlrt/FlexFringe/FlexFringe/models-ps-small/0.1.1.1.0.0.searchglobal.0.ini/0.1.1.1.0.0.searchglobal.0_16.16.PLT.6.3.5_Small.final.json,/gpfs/projects/HeinzGroup/asoubki/FlexFringe/data/MLRegTest/Large/16.16.PLT.6.3.5_Dev.txt,2025-12-29 22:28:58.046729
0.1.1.1.0.0.searchglobal.0,Small,16,16,PLT,6,3,5,Train,0.497,0.4782608695652174,0.066,0.11599297012302284,0.503,/gpfs/projects/HeinzGroup/caffeine_underground/mlrt/FlexFringe/FlexFringe/models-ps-small/0.1.1.1.0.0.searchglobal.0.ini/0.1.1.1.0.0.searchglobal.0_16.16.PLT.6.3.5_Small.final.json,/gpfs/projects/HeinzGroup/asoubki/FlexFringe/data/MLRegTest/Small/16.16.PLT.6.3.5_Train.txt,2025-12-29 22:28:58.046729
0.1.1.1.0.0.searchglobal.0,Small,16,16,PLT,6,3,6,TestLA,0.5,0.5,0.06236,0.11088982146667616,0.5,/gpfs/projects/HeinzGroup/caffeine_underground/mlrt/FlexFringe/FlexFringe/models-ps-small/0.1.1.1.0.0.searchglobal.0.ini/0.1.1.1.0.0.searchglobal.0_16.16.PLT.6.3.6_Small.final.json,/gpfs/projects/HeinzGroup/asoubki/FlexFringe/data/MLRegTest/Large/16.16.PLT.6.3.6_TestLA.txt,2025-12-29 22:52:21.045578
0.1.1.1.0.0.searchglobal.0,Small,16,16,PLT,6,3,6,TestSA,0.5,0.5,0.0631,0.11205824897886699,0.5,/gpfs/projects/HeinzGroup/caffeine_underground/mlrt/FlexFringe/FlexFringe/models-ps-small/0.1.1.1.0.0.searchglobal.0.ini/0.1.1.1.0.0.searchglobal.0_16.16.PLT.6.3.6_Small.final.json,/gpfs/projects/HeinzGroup/asoubki/FlexFringe/data/MLRegTest/Large/16.16.PLT.6.3.6_TestSA.txt,2025-12-29 22:52:21.045578
0.1.1.1.0.0.searchglobal.0,Small,16,16,PLT,6,3,6,TestSR,0.50082,0.5065432492818385,0.06348,0.1128212419578431,0.49918,/gpfs/projects/HeinzGroup/caffeine_underground/mlrt/FlexFringe/FlexFringe/models-ps-small/0.1.1.1.0.0.searchglobal.0.ini/0.1.1.1.0.0.searchglobal.0_16.16.PLT.6.3.6_Small.final.json,/gpfs/projects/HeinzGroup/asoubki/FlexFringe/data/MLRegTest/Large/16.16.PLT.6.3.6_TestSR.txt,2025-12-29 22:52:21.045578
0.1.1.1.0.0.searchglobal.0,Small,16,16,PLT,6,3,6,TestLR,0.50043,0.5034896932316183,0.06204,0.11046811844518438,0.49957,/gpfs/projects/HeinzGroup/caffeine_underground/mlrt/FlexFringe/FlexFringe/models-ps-small/0.1.1.1.0.0.searchglobal.0.ini/0.1.1.1.0.0.searchglobal.0_16.16.PLT.6.3.6_Small.final.json,/gpfs/projects/HeinzGroup/asoubki/FlexFringe/data/MLRegTest/Large/16.16.PLT.6.3.6_TestLR.txt,2025-12-29 22:52:21.045578
0.1.1.1.0.0.searchglobal.0,Small,16,16,PLT,6,3,6,Dev,0.49884,0.490722968650032,0.06136,0.10908056602431913,0.50116,/gpfs/projects/HeinzGroup/caffeine_underground/mlrt/FlexFringe/FlexFringe/models-ps-small/0.1.1.1.0.0.searchglobal.0.ini/0.1.1.1.0.0.searchglobal.0_16.16.PLT.6.3.6_Small.final.json,/gpfs/projects/HeinzGroup/asoubki/FlexFringe/data/MLRegTest/Large/16.16.PLT.6.3.6_Dev.txt,2025-12-29 22:52:21.045578
0.1.1.1.0.0.searchglobal.0,Small,16,16,PLT,6,3,6,Train,0.507,0.5636363636363636,0.062,0.11171171171171171,0.493,/gpfs/projects/HeinzGroup/caffeine_underground/mlrt/FlexFringe/FlexFringe/models-ps-small/0.1.1.1.0.0.searchglobal.0.ini/0.1.1.1.0.0.searchglobal.0_16.16.PLT.6.3.6_Small.final.json,/gpfs/projects/HeinzGroup/asoubki/FlexFringe/data/MLRegTest/Small/16.16.PLT.6.3.6_Train.txt,2025-12-29 22:52:21.045578
0.1.1.1.0.0.searchglobal.0,Small,16,16,PLT,6,3,7,TestSA,0.78868,0.7197557930635486,0.9455,0.8173268097024602,0.21132,/gpfs/projects/HeinzGroup/caffeine_underground/mlrt/FlexFringe/FlexFringe/models-ps-small/0.1.1.1.0.0.searchglobal.0.ini/0.1.1.1.0.0.searchglobal.0_16.16.PLT.6.3.7_Small.final.json,/gpfs/projects/HeinzGroup/asoubki/FlexFringe/data/MLRegTest/Large/16.16.PLT.6.3.7_TestSA.txt,2025-12-29 23:06:44.513403
0.1.1.1.0.0.searchglobal.0,Small,16,16,PLT,6,3,7,TestSR,0.97389,0.9997047472425501,0.94806,0.9731976965006108,0.02611,/gpfs/projects/HeinzGroup/caffeine_underground/mlrt/FlexFringe/FlexFringe/models-ps-small/0.1.1.1.0.0.searchglobal.0.ini/0.1.1.1.0.0.searchglobal.0_16.16.PLT.6.3.7_Small.final.json,/gpfs/projects/HeinzGroup/asoubki/FlexFringe/data/MLRegTest/Large/16.16.PLT.6.3.7_TestSR.txt,2025-12-29 23:06:44.513403
0.1.1.1.0.0.searchglobal.0,Small,16,16,PLT,6,3,7,TestLR,0.97135,0.9994278327576342,0.94324,0.9705213552974102,0.02865,/gpfs/projects/HeinzGroup/caffeine_underground/mlrt/FlexFringe/FlexFringe/models-ps-small/0.1.1.1.0.0.searchglobal.0.ini/0.1.1.1.0.0.searchglobal.0_16.16.PLT.6.3.7_Small.final.json,/gpfs/projects/HeinzGroup/asoubki/FlexFringe/data/MLRegTest/Large/16.16.PLT.6.3.7_TestLR.txt,2025-12-29 23:06:44.513403
0.1.1.1.0.0.searchglobal.0,Small,16,16,PLT,6,3,7,TestLA,0.79052,0.7240214675673174,0.93894,0.8175928667212344,0.20948,/gpfs/projects/HeinzGroup/caffeine_underground/mlrt/FlexFringe/FlexFringe/models-ps-small/0.1.1.1.0.0.searchglobal.0.ini/0.1.1.1.0.0.searchglobal.0_16.16.PLT.6.3.7_Small.final.json,/gpfs/projects/HeinzGroup/asoubki/FlexFringe/data/MLRegTest/Large/16.16.PLT.6.3.7_TestLA.txt,2025-12-29 23:06:44.513403
0.1.1.1.0.0.searchglobal.0,Small,16,16,PLT,6,3,7,Dev,0.97415,0.9996627816300293,0.94862,0.9734727595513458,0.02585,/gpfs/projects/HeinzGroup/caffeine_underground/mlrt/FlexFringe/FlexFringe/models-ps-small/0.1.1.1.0.0.searchglobal.0.ini/0.1.1.1.0.0.searchglobal.0_16.16.PLT.6.3.7_Small.final.json,/gpfs/projects/HeinzGroup/asoubki/FlexFringe/data/MLRegTest/Large/16.16.PLT.6.3.7_Dev.txt,2025-12-29 23:06:44.513403
0.1.1.1.0.0.searchglobal.0,Small,16,16,PLT,6,3,7,Train,0.97,1.0,0.94,0.9690721649484536,0.03,/gpfs/projects/HeinzGroup/caffeine_underground/mlrt/FlexFringe/FlexFringe/models-ps-small/0.1.1.1.0.0.searchglobal.0.ini/0.1.1.1.0.0.searchglobal.0_16.16.PLT.6.3.7_Small.final.json,/gpfs/projects/HeinzGroup/asoubki/FlexFringe/data/MLRegTest/Small/16.16.PLT.6.3.7_Train.txt,2025-12-29 23:06:44.513403
0.1.1.1.0.0.searchglobal.0,Small,16,16,PLT,6,3,8,TestSR,0.50517,0.5491912464319696,0.05772,0.10446113473893766,0.49483,/gpfs/projects/HeinzGroup/caffeine_underground/mlrt/FlexFringe/FlexFringe/models-ps-small/0.1.1.1.0.0.searchglobal.0.ini/0.1.1.1.0.0.searchglobal.0_16.16.PLT.6.3.8_Small.final.json,/gpfs/projects/HeinzGroup/asoubki/FlexFringe/data/MLRegTest/Large/16.16.PLT.6.3.8_TestSR.txt,2025-12-29 23:06:57.092633
0.1.1.1.0.0.searchglobal.0,Small,16,16,PLT,6,3,8,TestLR,0.50038,0.5035916824196597,0.05328,0.0963646228974498,0.49962,/gpfs/projects/HeinzGroup/caffeine_underground/mlrt/FlexFringe/FlexFringe/models-ps-small/0.1.1.1.0.0.searchglobal.0.ini/0.1.1.1.0.0.searchglobal.0_16.16.PLT.6.3.8_Small.final.json,/gpfs/projects/HeinzGroup/asoubki/FlexFringe/data/MLRegTest/Large/16.16.PLT.6.3.8_TestLR.txt,2025-12-29 23:06:57.092633
0.1.1.1.0.0.searchglobal.0,Small,16,16,PLT,6,3,8,TestLA,0.49583,0.46380836660302033,0.05344,0.09583759258262943,0.50417,/gpfs/projects/HeinzGroup/caffeine_underground/mlrt/FlexFringe/FlexFringe/models-ps-small/0.1.1.1.0.0.searchglobal.0.ini/0.1.1.1.0.0.searchglobal.0_16.16.PLT.6.3.8_Small.final.json,/gpfs/projects/HeinzGroup/asoubki/FlexFringe/data/MLRegTest/Large/16.16.PLT.6.3.8_TestLA.txt,2025-12-29 23:06:57.092633
0.1.1.1.0.0.searchglobal.0,Small,16,16,PLT,6,3,8,TestSA,0.4942,0.4556439278066687,0.05958,0.10538045208532315,0.5058,/gpfs/projects/HeinzGroup/caffeine_underground/mlrt/FlexFringe/FlexFringe/models-ps-small/0.1.1.1.0.0.searchglobal.0.ini/0.1.1.1.0.0.searchglobal.0_16.16.PLT.6.3.8_Small.final.json,/gpfs/projects/HeinzGroup/asoubki/FlexFringe/data/MLRegTest/Large/16.16.PLT.6.3.8_TestSA.txt,2025-12-29 23:06:57.092633
0.1.1.1.0.0.searchglobal.0,Small,16,16,PLT,6,3,8,Dev,0.50544,0.552127251820621,0.05762,0.10435003078706219,0.49456,/gpfs/projects/HeinzGroup/caffeine_underground/mlrt/FlexFringe/FlexFringe/models-ps-small/0.1.1.1.0.0.searchglobal.0.ini/0.1.1.1.0.0.searchglobal.0_16.16.PLT.6.3.8_Small.final.json,/gpfs/projects/HeinzGroup/asoubki/FlexFringe/data/MLRegTest/Large/16.16.PLT.6.3.8_Dev.txt,2025-12-29 23:06:57.092633
0.1.1.1.0.0.searchglobal.0,Small,16,16,PLT,6,3,8,Train,0.502,0.52,0.052,0.09454545454545454,0.498,/gpfs/projects/HeinzGroup/caffeine_underground/mlrt/FlexFringe/FlexFringe/models-ps-small/0.1.1.1.0.0.searchglobal.0.ini/0.1.1.1.0.0.searchglobal.0_16.16.PLT.6.3.8_Small.final.json,/gpfs/projects/HeinzGroup/asoubki/FlexFringe/data/MLRegTest/Small/16.16.PLT.6.3.8_Train.txt,2025-12-29 23:06:57.092633
0.1.1.1.0.0.searchglobal.0,Small,16,16,PLT,6,3,9,TestLR,0.50043,0.5034649476228847,0.06248,0.11116448714527177,0.49957,/gpfs/projects/HeinzGroup/caffeine_underground/mlrt/FlexFringe/FlexFringe/models-ps-small/0.1.1.1.0.0.searchglobal.0.ini/0.1.1.1.0.0.searchglobal.0_16.16.PLT.6.3.9_Small.final.json,/gpfs/projects/HeinzGroup/asoubki/FlexFringe/data/MLRegTest/Large/16.16.PLT.6.3.9_TestLR.txt,2025-12-29 22:53:28.045806
0.1.1.1.0.0.searchglobal.0,Small,16,16,PLT,6,3,9,TestSA,0.5,0.5,0.06276,0.11152178548581988,0.5,/gpfs/projects/HeinzGroup/caffeine_underground/mlrt/FlexFringe/FlexFringe/models-ps-small/0.1.1.1.0.0.searchglobal.0.ini/0.1.1.1.0.0.searchglobal.0_16.16.PLT.6.3.9_Small.final.json,/gpfs/projects/HeinzGroup/asoubki/FlexFringe/data/MLRegTest/Large/16.16.PLT.6.3.9_TestSA.txt,2025-12-29 22:53:28.045806
0.1.1.1.0.0.searchglobal.0,Small,16,16,PLT,6,3,9,TestSR,0.5002,0.5015547263681592,0.06452,0.1143322937340516,0.4998,/gpfs/projects/HeinzGroup/caffeine_underground/mlrt/FlexFringe/FlexFringe/models-ps-small/0.1.1.1.0.0.searchglobal.0.ini/0.1.1.1.0.0.searchglobal.0_16.16.PLT.6.3.9_Small.final.json,/gpfs/projects/HeinzGroup/asoubki/FlexFringe/data/MLRegTest/Large/16.16.PLT.6.3.9_TestSR.txt,2025-12-29 22:53:28.045806
0.1.1.1.0.0.searchglobal.0,Small,16,16,PLT,6,3,9,TestLA,0.5,0.5,0.06292,0.11177431961912883,0.5,/gpfs/projects/HeinzGroup/caffeine_underground/mlrt/FlexFringe/FlexFringe/models-ps-small/0.1.1.1.0.0.searchglobal.0.ini/0.1.1.1.0.0.searchglobal.0_16.16.PLT.6.3.9_Small.final.json,/gpfs/projects/HeinzGroup/asoubki/FlexFringe/data/MLRegTest/Large/16.16.PLT.6.3.9_TestLA.txt,2025-12-29 22:53:28.045806
0.1.1.1.0.0.searchglobal.0,Small,16,16,PLT,6,3,9,Dev,0.50076,0.5062193126022914,0.06186,0.1102477276777758,0.49924,/gpfs/projects/HeinzGroup/caffeine_underground/mlrt/FlexFringe/FlexFringe/models-ps-small/0.1.1.1.0.0.searchglobal.0.ini/0.1.1.1.0.0.searchglobal.0_16.16.PLT.6.3.9_Small.final.json,/gpfs/projects/HeinzGroup/asoubki/FlexFringe/data/MLRegTest/Large/16.16.PLT.6.3.9_Dev.txt,2025-12-29 22:53:28.045806
0.1.1.1.0.0.searchglobal.0,Small,16,16,PLT,6,3,9,Train,0.509,0.5849056603773585,0.062,0.11211573236889692,0.491,/gpfs/projects/HeinzGroup/caffeine_underground/mlrt/FlexFringe/FlexFringe/models-ps-small/0.1.1.1.0.0.searchglobal.0.ini/0.1.1.1.0.0.searchglobal.0_16.16.PLT.6.3.9_Small.final.json,/gpfs/projects/HeinzGroup/asoubki/FlexFringe/data/MLRegTest/Small/16.16.PLT.6.3.9_Train.txt,2025-12-29 22:53:28.045806
0.1.1.1.0.0.searchglobal.0,Small,16,16,PT,2,1,0,TestLR,0.51672,0.5148495506057054,0.5797,0.5453536284784286,0.48328,/gpfs/projects/HeinzGroup/caffeine_underground/mlrt/FlexFringe/FlexFringe/models-ps-small/0.1.1.1.0.0.searchglobal.0.ini/0.1.1.1.0.0.searchglobal.0_16.16.PT.2.1.0_Small.final.json,/gpfs/projects/HeinzGroup/asoubki/FlexFringe/data/MLRegTest/Large/16.16.PT.2.1.0_TestLR.txt,2025-12-29 22:03:14.045379
0.1.1.1.0.0.searchglobal.0,Small,16,16,PT,2,1,0,TestSR,0.53862,0.532358066894564,0.63538,0.5793245559648419,0.46138,/gpfs/projects/HeinzGroup/caffeine_underground/mlrt/FlexFringe/FlexFringe/models-ps-small/0.1.1.1.0.0.searchglobal.0.ini/0.1.1.1.0.0.searchglobal.0_16.16.PT.2.1.0_Small.final.json,/gpfs/projects/HeinzGroup/asoubki/FlexFringe/data/MLRegTest/Large/16.16.PT.2.1.0_TestSR.txt,2025-12-29 22:03:14.045379
0.1.1.1.0.0.searchglobal.0,Small,16,16,PT,2,1,0,TestLA,0.50902,0.5080106571936057,0.57202,0.5381185324553152,0.49098,/gpfs/projects/HeinzGroup/caffeine_underground/mlrt/FlexFringe/FlexFringe/models-ps-small/0.1.1.1.0.0.searchglobal.0.ini/0.1.1.1.0.0.searchglobal.0_16.16.PT.2.1.0_Small.final.json,/gpfs/projects/HeinzGroup/asoubki/FlexFringe/data/MLRegTest/Large/16.16.PT.2.1.0_TestLA.txt,2025-12-29 22:03:14.045379
0.1.1.1.0.0.searchglobal.0,Small,16,16,PT,2,1,0,TestSA,0.52347,0.5197782010011293,0.6168,0.5641480614270166,0.47653,/gpfs/projects/HeinzGroup/caffeine_underground/mlrt/FlexFringe/FlexFringe/models-ps-small/0.1.1.1.0.0.searchglobal.0.ini/0.1.1.1.0.0.searchglobal.0_16.16.PT.2.1.0_Small.final.json,/gpfs/projects/HeinzGroup/asoubki/FlexFringe/data/MLRegTest/Large/16.16.PT.2.1.0_TestSA.txt,2025-12-29 22:03:14.045379
0.1.1.1.0.0.searchglobal.0,Small,16,16,PT,2,1,0,Dev,0.537,0.5309851606203732,0.63406,0.5779629190746176,0.463,/gpfs/projects/HeinzGroup/caffeine_underground/mlrt/FlexFringe/FlexFringe/models-ps-small/0.1.1.1.0.0.searchglobal.0.ini/0.1.1.1.0.0.searchglobal.0_16.16.PT.2.1.0_Small.final.json,/gpfs/projects/HeinzGroup/asoubki/FlexFringe/data/MLRegTest/Large/16.16.PT.2.1.0_Dev.txt,2025-12-29 22:03:14.045379
0.1.1.1.0.0.searchglobal.0,Small,16,16,PT,2,1,0,Train,0.563,0.5515548281505729,0.674,0.6066606660666066,0.437,/gpfs/projects/HeinzGroup/caffeine_underground/mlrt/FlexFringe/FlexFringe/models-ps-small/0.1.1.1.0.0.searchglobal.0.ini/0.1.1.1.0.0.searchglobal.0_16.16.PT.2.1.0_Small.final.json,/gpfs/projects/HeinzGroup/asoubki/FlexFringe/data/MLRegTest/Small/16.16.PT.2.1.0_Train.txt,2025-12-29 22:03:14.045379
0.1.1.1.0.0.searchglobal.0,Small,16,16,PT,2,1,1,TestSR,0.55021,0.5412551558674182,0.65874,0.5942464344672674,0.44979,/gpfs/projects/HeinzGroup/caffeine_underground/mlrt/FlexFringe/FlexFringe/models-ps-small/0.1.1.1.0.0.searchglobal.0.ini/0.1.1.1.0.0.searchglobal.0_16.16.PT.2.1.1_Small.final.json,/gpfs/projects/HeinzGroup/asoubki/FlexFringe/data/MLRegTest/Large/16.16.PT.2.1.1_TestSR.txt,2025-12-29 22:38:45.119094
0.1.1.1.0.0.searchglobal.0,Small,16,16,PT,2,1,1,TestLR,0.52661,0.5264560259290927,0.52952,0.5279835678176507,0.47339,/gpfs/projects/HeinzGroup/caffeine_underground/mlrt/FlexFringe/FlexFringe/models-ps-small/0.1.1.1.0.0.searchglobal.0.ini/0.1.1.1.0.0.searchglobal.0_16.16.PT.2.1.1_Small.final.json,/gpfs/projects/HeinzGroup/asoubki/FlexFringe/data/MLRegTest/Large/16.16.PT.2.1.1_TestLR.txt,2025-12-29 22:38:45.119094
0.1.1.1.0.0.searchglobal.0,Small,16,16,PT,2,1,1,TestLA,0.52107,0.5204614757123157,0.53594,0.5280873412358233,0.47893,/gpfs/projects/HeinzGroup/caffeine_underground/mlrt/FlexFringe/FlexFringe/models-ps-small/0.1.1.1.0.0.searchglobal.0.ini/0.1.1.1.0.0.searchglobal.0_16.16.PT.2.1.1_Small.final.json,/gpfs/projects/HeinzGroup/asoubki/FlexFringe/data/MLRegTest/Large/16.16.PT.2.1.1_TestLA.txt,2025-12-29 22:38:45.119094
0.1.1.1.0.0.searchglobal.0,Small,16,16,PT,2,1,1,TestSA,0.54227,0.5347380878026331,0.65068,0.5870390920327315,0.45773,/gpfs/projects/HeinzGroup/caffeine_underground/mlrt/FlexFringe/FlexFringe/models-ps-small/0.1.1.1.0.0.searchglobal.0.ini/0.1.1.1.0.0.searchglobal.0_16.16.PT.2.1.1_Small.final.json,/gpfs/projects/HeinzGroup/asoubki/FlexFringe/data/MLRegTest/Large/16.16.PT.2.1.1_TestSA.txt,2025-12-29 22:38:45.119094
0.1.1.1.0.0.searchglobal.0,Small,16,16,PT,2,1,1,Dev,0.55343,0.543863393810032,0.66248,0.5973400658221,0.44657,/gpfs/projects/HeinzGroup/caffeine_underground/mlrt/FlexFringe/FlexFringe/models-ps-small/0.1.1.1.0.0.searchglobal.0.ini/0.1.1.1.0.0.searchglobal.0_16.16.PT.2.1.1_Small.final.json,/gpfs/projects/HeinzGroup/asoubki/FlexFringe/data/MLRegTest/Large/16.16.PT.2.1.1_Dev.txt,2025-12-29 22:38:45.119094
0.1.1.1.0.0.searchglobal.0,Small,16,16,PT,2,1,1,Train,0.526,0.5209677419354839,0.646,0.5767857142857142,0.474,/gpfs/projects/HeinzGroup/caffeine_underground/mlrt/FlexFringe/FlexFringe/models-ps-small/0.1.1.1.0.0.searchglobal.0.ini/0.1.1.1.0.0.searchglobal.0_16.16.PT.2.1.1_Small.final.json,/gpfs/projects/HeinzGroup/asoubki/FlexFringe/data/MLRegTest/Small/16.16.PT.2.1.1_Train.txt,2025-12-29 22:38:45.119094
0.1.1.1.0.0.searchglobal.0,Small,16,16,PT,2,1,2,TestSR,0.40173,0.43128836929617254,0.61682,0.5076331794352682,0.59827,/gpfs/projects/HeinzGroup/caffeine_underground/mlrt/FlexFringe/FlexFringe/models-ps-small/0.1.1.1.0.0.searchglobal.0.ini/0.1.1.1.0.0.searchglobal.0_16.16.PT.2.1.2_Small.final.json,/gpfs/projects/HeinzGroup/asoubki/FlexFringe/data/MLRegTest/Large/16.16.PT.2.1.2_TestSR.txt,2025-12-29 23:14:17.925918
0.1.1.1.0.0.searchglobal.0,Small,16,16,PT,2,1,2,TestLA,0.46764,0.4783138989411607,0.71374,0.5727790707005859,0.53236,/gpfs/projects/HeinzGroup/caffeine_underground/mlrt/FlexFringe/FlexFringe/models-ps-small/0.1.1.1.0.0.searchglobal.0.ini/0.1.1.1.0.0.searchglobal.0_16.16.PT.2.1.2_Small.final.json,/gpfs/projects/HeinzGroup/asoubki/FlexFringe/data/MLRegTest/Large/16.16.PT.2.1.2_TestLA.txt,2025-12-29 23:14:17.925918
0.1.1.1.0.0.searchglobal.0,Small,16,16,PT,2,1,2,TestSA,0.45159,0.46778208148650985,0.70288,0.5617243005218614,0.54841,/gpfs/projects/HeinzGroup/caffeine_underground/mlrt/FlexFringe/FlexFringe/models-ps-small/0.1.1.1.0.0.searchglobal.0.ini/0.1.1.1.0.0.searchglobal.0_16.16.PT.2.1.2_Small.final.json,/gpfs/projects/HeinzGroup/asoubki/FlexFringe/data/MLRegTest/Large/16.16.PT.2.1.2_TestSA.txt,2025-12-29 23:14:17.925918
0.1.1.1.0.0.searchglobal.0,Small,16,16,PT,2,1,2,TestLR,0.41077,0.4357123301488494,0.60476,0.5065034045511269,0.58923,/gpfs/projects/HeinzGroup/caffeine_underground/mlrt/FlexFringe/FlexFringe/models-ps-small/0.1.1.1.0.0.searchglobal.0.ini/0.1.1.1.0.0.searchglobal.0_16.16.PT.2.1.2_Small.final.json,/gpfs/projects/HeinzGroup/asoubki/FlexFringe/data/MLRegTest/Large/16.16.PT.2.1.2_TestLR.txt,2025-12-29 23:14:17.925918
0.1.1.1.0.0.searchglobal.0,Small,16,16,PT,2,1,2,Dev,0.4035,0.4322616874912256,0.6158,0.5079600758888064,0.5965,/gpfs/projects/HeinzGroup/caffeine_underground/mlrt/FlexFringe/FlexFringe/models-ps-small/0.1.1.1.0.0.searchglobal.0.ini/0.1.1.1.0.0.searchglobal.0_16.16.PT.2.1.2_Small.final.json,/gpfs/projects/HeinzGroup/asoubki/FlexFringe/data/MLRegTest/Large/16.16.PT.2.1.2_Dev.txt,2025-12-29 23:14:17.925918
0.1.1.1.0.0.searchglobal.0,Small,16,16,PT,2,1,2,Train,0.397,0.42736248236953456,0.606,0.5012406947890818,0.603,/gpfs/projects/HeinzGroup/caffeine_underground/mlrt/FlexFringe/FlexFringe/models-ps-small/0.1.1.1.0.0.searchglobal.0.ini/0.1.1.1.0.0.searchglobal.0_16.16.PT.2.1.2_Small.final.json,/gpfs/projects/HeinzGroup/asoubki/FlexFringe/data/MLRegTest/Small/16.16.PT.2.1.2_Train.txt,2025-12-29 23:14:17.925918
0.1.1.1.0.0.searchglobal.0,Small,16,16,PT,2,1,3,TestLA,0.46748,0.48141586851669826,0.84242,0.6126958267269844,0.53252,/gpfs/projects/HeinzGroup/caffeine_underground/mlrt/FlexFringe/FlexFringe/models-ps-small/0.1.1.1.0.0.searchglobal.0.ini/0.1.1.1.0.0.searchglobal.0_16.16.PT.2.1.3_Small.final.json,/gpfs/projects/HeinzGroup/asoubki/FlexFringe/data/MLRegTest/Large/16.16.PT.2.1.3_TestLA.txt,2025-12-29 22:50:30.659895
0.1.1.1.0.0.searchglobal.0,Small,16,16,PT,2,1,3,TestSA,0.46762,0.4819718498062447,0.86566,0.6191954450516437,0.53238,/gpfs/projects/HeinzGroup/caffeine_underground/mlrt/FlexFringe/FlexFringe/models-ps-small/0.1.1.1.0.0.searchglobal.0.ini/0.1.1.1.0.0.searchglobal.0_16.16.PT.2.1.3_Small.final.json,/gpfs/projects/HeinzGroup/asoubki/FlexFringe/data/MLRegTest/Large/16.16.PT.2.1.3_TestSA.txt,2025-12-29 22:50:30.659895
0.1.1.1.0.0.searchglobal.0,Small,16,16,PT,2,1,3,TestSR,0.38553,0.43007928460608136,0.7041,0.5339875774513299,0.61447,/gpfs/projects/HeinzGroup/caffeine_underground/mlrt/FlexFringe/FlexFringe/models-ps-small/0.1.1.1.0.0.searchglobal.0.ini/0.1.1.1.0.0.searchglobal.0_16.16.PT.2.1.3_Small.final.json,/gpfs/projects/HeinzGroup/asoubki/FlexFringe/data/MLRegTest/Large/16.16.PT.2.1.3_TestSR.txt,2025-12-29 22:50:30.659895
0.1.1.1.0.0.searchglobal.0,Small,16,16,PT,2,1,3,TestLR,0.38243,0.4257155493776458,0.67378,0.5217640453788671,0.61757,/gpfs/projects/HeinzGroup/caffeine_underground/mlrt/FlexFringe/FlexFringe/models-ps-small/0.1.1.1.0.0.searchglobal.0.ini/0.1.1.1.0.0.searchglobal.0_16.16.PT.2.1.3_Small.final.json,/gpfs/projects/HeinzGroup/asoubki/FlexFringe/data/MLRegTest/Large/16.16.PT.2.1.3_TestLR.txt,2025-12-29 22:50:30.659895
0.1.1.1.0.0.searchglobal.0,Small,16,16,PT,2,1,3,Dev,0.38517,0.4298113714991259,0.70318,0.5335164376598053,0.61483,/gpfs/projects/HeinzGroup/caffeine_underground/mlrt/FlexFringe/FlexFringe/models-ps-small/0.1.1.1.0.0.searchglobal.0.ini/0.1.1.1.0.0.searchglobal.0_16.16.PT.2.1.3_Small.final.json,/gpfs/projects/HeinzGroup/asoubki/FlexFringe/data/MLRegTest/Large/16.16.PT.2.1.3_Dev.txt,2025-12-29 22:50:30.659895
0.1.1.1.0.0.searchglobal.0,Small,16,16,PT,2,1,3,Train,0.39,0.43209876543209874,0.7,0.5343511450381679,0.61,/gpfs/projects/HeinzGroup/caffeine_underground/mlrt/FlexFringe/FlexFringe/models-ps-small/0.1.1.1.0.0.searchglobal.0.ini/0.1.1.1.0.0.searchglobal.0_16.16.PT.2.1.3_Small.final.json,/gpfs/projects/HeinzGroup/asoubki/FlexFringe/data/MLRegTest/Small/16.16.PT.2.1.3_Train.txt,2025-12-29 22:50:30.659895
0.1.1.1.0.0.searchglobal.0,Small,16,16,PT,2,1,4,TestLR,0.62476,0.6082535054838262,0.701,0.6513417081691816,0.37524,/gpfs/projects/HeinzGroup/caffeine_underground/mlrt/FlexFringe/FlexFringe/models-ps-small/0.1.1.1.0.0.searchglobal.0.ini/0.1.1.1.0.0.searchglobal.0_16.16.PT.2.1.4_Small.final.json,/gpfs/projects/HeinzGroup/asoubki/FlexFringe/data/MLRegTest/Large/16.16.PT.2.1.4_TestLR.txt,2025-12-29 23:35:44.417495
0.1.1.1.0.0.searchglobal.0,Small,16,16,PT,2,1,4,TestSR,0.60013,0.5762198371013169,0.75698,0.6543458529627869,0.39987,/gpfs/projects/HeinzGroup/caffeine_underground/mlrt/FlexFringe/FlexFringe/models-ps-small/0.1.1.1.0.0.searchglobal.0.ini/0.1.1.1.0.0.searchglobal.0_16.16.PT.2.1.4_Small.final.json,/gpfs/projects/HeinzGroup/asoubki/FlexFringe/data/MLRegTest/Large/16.16.PT.2.1.4_TestSR.txt,2025-12-29 23:35:44.417495
0.1.1.1.0.0.searchglobal.0,Small,16,16,PT,2,1,4,TestLA,0.55455,0.5506847787709289,0.59268,0.570911157562155,0.44545,/gpfs/projects/HeinzGroup/caffeine_underground/mlrt/FlexFringe/FlexFringe/models-ps-small/0.1.1.1.0.0.searchglobal.0.ini/0.1.1.1.0.0.searchglobal.0_16.16.PT.2.1.4_Small.final.json,/gpfs/projects/HeinzGroup/asoubki/FlexFringe/data/MLRegTest/Large/16.16.PT.2.1.4_TestLA.txt,2025-12-29 23:35:44.417495
0.1.1.1.0.0.searchglobal.0,Small,16,16,PT,2,1,4,TestSA,0.55203,0.5411219828335678,0.68466,0.6044869021657558,0.44797,/gpfs/projects/HeinzGroup/caffeine_underground/mlrt/FlexFringe/FlexFringe/models-ps-small/0.1.1.1.0.0.searchglobal.0.ini/0.1.1.1.0.0.searchglobal.0_16.16.PT.2.1.4_Small.final.json,/gpfs/projects/HeinzGroup/asoubki/FlexFringe/data/MLRegTest/Large/16.16.PT.2.1.4_TestSA.txt,2025-12-29 23:35:44.417495
0.1.1.1.0.0.searchglobal.0,Small,16,16,PT,2,1,4,Dev,0.60138,0.5770434994072408,0.75932,0.6557507297442009,0.39862,/gpfs/projects/HeinzGroup/caffeine_underground/mlrt/FlexFringe/FlexFringe/models-ps-small/0.1.1.1.0.0.searchglobal.0.ini/0.1.1.1.0.0.searchglobal.0_16.16.PT.2.1.4_Small.final.json,/gpfs/projects/HeinzGroup/asoubki/FlexFringe/data/MLRegTest/Large/16.16.PT.2.1.4_Dev.txt,2025-12-29 23:35:44.417495
0.1.1.1.0.0.searchglobal.0,Small,16,16,PT,2,1,4,Train,0.614,0.5838235294117647,0.794,0.6728813559322034,0.386,/gpfs/projects/HeinzGroup/caffeine_underground/mlrt/FlexFringe/FlexFringe/models-ps-small/0.1.1.1.0.0.searchglobal.0.ini/0.1.1.1.0.0.searchglobal.0_16.16.PT.2.1.4_Small.final.json,/gpfs/projects/HeinzGroup/asoubki/FlexFringe/data/MLRegTest/Small/16.16.PT.2.1.4_Train.txt,2025-12-29 23:35:44.417495
0.1.1.1.0.0.searchglobal.0,Small,16,16,PT,2,1,6,TestLR,0.50876,0.5067940683750077,0.65344,0.5708494950553866,0.49124,/gpfs/projects/HeinzGroup/caffeine_underground/mlrt/FlexFringe/FlexFringe/models-ps-small/0.1.1.1.0.0.searchglobal.0.ini/0.1.1.1.0.0.searchglobal.0_16.16.PT.2.1.6_Small.final.json,/gpfs/projects/HeinzGroup/asoubki/FlexFringe/data/MLRegTest/Large/16.16.PT.2.1.6_TestLR.txt,2025-12-29 22:43:14.560066
0.1.1.1.0.0.searchglobal.0,Small,16,16,PT,2,1,6,TestSR,0.5209,0.5159003073552235,0.67812,0.5859905635920568,0.4791,/gpfs/projects/HeinzGroup/caffeine_underground/mlrt/FlexFringe/FlexFringe/models-ps-small/0.1.1.1.0.0.searchglobal.0.ini/0.1.1.1.0.0.searchglobal.0_16.16.PT.2.1.6_Small.final.json,/gpfs/projects/HeinzGroup/asoubki/FlexFringe/data/MLRegTest/Large/16.16.PT.2.1.6_TestSR.txt,2025-12-29 22:43:14.560066
0.1.1.1.0.0.searchglobal.0,Small,16,16,PT,2,1,6,TestSA,0.51203,0.5090238084522256,0.6786,0.5817053412997077,0.48797,/gpfs/projects/HeinzGroup/caffeine_underground/mlrt/FlexFringe/FlexFringe/models-ps-small/0.1.1.1.0.0.searchglobal.0.ini/0.1.1.1.0.0.searchglobal.0_16.16.PT.2.1.6_Small.final.json,/gpfs/projects/HeinzGroup/asoubki/FlexFringe/data/MLRegTest/Large/16.16.PT.2.1.6_TestSA.txt,2025-12-29 22:43:14.560066
0.1.1.1.0.0.searchglobal.0,Small,16,16,PT,2,1,6,TestLA,0.50483,0.5036550482042589,0.66556,0.5733977755378081,0.49517,/gpfs/projects/HeinzGroup/caffeine_underground/mlrt/FlexFringe/FlexFringe/models-ps-small/0.1.1.1.0.0.searchglobal.0.ini/0.1.1.1.0.0.searchglobal.0_16.16.PT.2.1.6_Small.final.json,/gpfs/projects/HeinzGroup/asoubki/FlexFringe/data/MLRegTest/Large/16.16.PT.2.1.6_TestLA.txt,2025-12-29 22:43:14.560066
0.1.1.1.0.0.searchglobal.0,Small,16,16,PT,2,1,6,Dev,0.51933,0.5147649673841641,0.67392,0.5836877159857612,0.48067,/gpfs/projects/HeinzGroup/caffeine_underground/mlrt/FlexFringe/FlexFringe/models-ps-small/0.1.1.1.0.0.searchglobal.0.ini/0.1.1.1.0.0.searchglobal.0_16.16.PT.2.1.6_Small.final.json,/gpfs/projects/HeinzGroup/asoubki/FlexFringe/data/MLRegTest/Large/16.16.PT.2.1.6_Dev.txt,2025-12-29 22:43:14.560066
0.1.1.1.0.0.searchglobal.0,Small,16,16,PT,2,1,6,Train,0.52,0.515527950310559,0.664,0.5804195804195804,0.48,/gpfs/projects/HeinzGroup/caffeine_underground/mlrt/FlexFringe/FlexFringe/models-ps-small/0.1.1.1.0.0.searchglobal.0.ini/0.1.1.1.0.0.searchglobal.0_16.16.PT.2.1.6_Small.final.json,/gpfs/projects/HeinzGroup/asoubki/FlexFringe/data/MLRegTest/Small/16.16.PT.2.1.6_Train.txt,2025-12-29 22:43:14.560066
0.1.1.1.0.0.searchglobal.0,Small,16,16,PT,2,1,7,TestLA,0.48478,0.489089605734767,0.68228,0.5697536534446764,0.51522,/gpfs/projects/HeinzGroup/caffeine_underground/mlrt/FlexFringe/FlexFringe/models-ps-small/0.1.1.1.0.0.searchglobal.0.ini/0.1.1.1.0.0.searchglobal.0_16.16.PT.2.1.7_Small.final.json,/gpfs/projects/HeinzGroup/asoubki/FlexFringe/data/MLRegTest/Large/16.16.PT.2.1.7_TestLA.txt,2025-12-29 22:33:52.582111
0.1.1.1.0.0.searchglobal.0,Small,16,16,PT,2,1,7,TestSR,0.45337,0.46351729857449103,0.59244,0.5201085095735996,0.54663,/gpfs/projects/HeinzGroup/caffeine_underground/mlrt/FlexFringe/FlexFringe/models-ps-small/0.1.1.1.0.0.searchglobal.0.ini/0.1.1.1.0.0.searchglobal.0_16.16.PT.2.1.7_Small.final.json,/gpfs/projects/HeinzGroup/asoubki/FlexFringe/data/MLRegTest/Large/16.16.PT.2.1.7_TestSR.txt,2025-12-29 22:33:52.582111
0.1.1.1.0.0.searchglobal.0,Small,16,16,PT,2,1,7,TestLR,0.43089,0.4463189945783039,0.5746,0.5024000839373618,0.56911,/gpfs/projects/HeinzGroup/caffeine_underground/mlrt/FlexFringe/FlexFringe/models-ps-small/0.1.1.1.0.0.searchglobal.0.ini/0.1.1.1.0.0.searchglobal.0_16.16.PT.2.1.7_Small.final.json,/gpfs/projects/HeinzGroup/asoubki/FlexFringe/data/MLRegTest/Large/16.16.PT.2.1.7_TestLR.txt,2025-12-29 22:33:52.582111
0.1.1.1.0.0.searchglobal.0,Small,16,16,PT,2,1,7,TestSA,0.49411,0.49571106094808126,0.68076,0.5736822146378461,0.50589,/gpfs/projects/HeinzGroup/caffeine_underground/mlrt/FlexFringe/FlexFringe/models-ps-small/0.1.1.1.0.0.searchglobal.0.ini/0.1.1.1.0.0.searchglobal.0_16.16.PT.2.1.7_Small.final.json,/gpfs/projects/HeinzGroup/asoubki/FlexFringe/data/MLRegTest/Large/16.16.PT.2.1.7_TestSA.txt,2025-12-29 22:33:52.582111
0.1.1.1.0.0.searchglobal.0,Small,16,16,PT,2,1,7,Dev,0.45505,0.46491186985777405,0.59558,0.522195821241002,0.54495,/gpfs/projects/HeinzGroup/caffeine_underground/mlrt/FlexFringe/FlexFringe/models-ps-small/0.1.1.1.0.0.searchglobal.0.ini/0.1.1.1.0.0.searchglobal.0_16.16.PT.2.1.7_Small.final.json,/gpfs/projects/HeinzGroup/asoubki/FlexFringe/data/MLRegTest/Large/16.16.PT.2.1.7_Dev.txt,2025-12-29 22:33:52.582111
0.1.1.1.0.0.searchglobal.0,Small,16,16,PT,2,1,7,Train,0.457,0.4654895666131621,0.58,0.5164737310774711,0.543,/gpfs/projects/HeinzGroup/caffeine_underground/mlrt/FlexFringe/FlexFringe/models-ps-small/0.1.1.1.0.0.searchglobal.0.ini/0.1.1.1.0.0.searchglobal.0_16.16.PT.2.1.7_Small.final.json,/gpfs/projects/HeinzGroup/asoubki/FlexFringe/data/MLRegTest/Small/16.16.PT.2.1.7_Train.txt,2025-12-29 22:33:52.582111
0.1.1.1.0.0.searchglobal.0,Small,16,16,PT,2,1,8,TestLR,0.46938,0.47577914886884987,0.60148,0.5312958219238583,0.53062,/gpfs/projects/HeinzGroup/caffeine_underground/mlrt/FlexFringe/FlexFringe/models-ps-small/0.1.1.1.0.0.searchglobal.0.ini/0.1.1.1.0.0.searchglobal.0_16.16.PT.2.1.8_Small.final.json,/gpfs/projects/HeinzGroup/asoubki/FlexFringe/data/MLRegTest/Large/16.16.PT.2.1.8_TestLR.txt,2025-12-29 23:12:20.727832
0.1.1.1.0.0.searchglobal.0,Small,16,16,PT,2,1,8,TestSR,0.4871,0.4898801305384712,0.62446,0.5490433987479778,0.5129,/gpfs/projects/HeinzGroup/caffeine_underground/mlrt/FlexFringe/FlexFringe/models-ps-small/0.1.1.1.0.0.searchglobal.0.ini/0.1.1.1.0.0.searchglobal.0_16.16.PT.2.1.8_Small.final.json,/gpfs/projects/HeinzGroup/asoubki/FlexFringe/data/MLRegTest/Large/16.16.PT.2.1.8_TestSR.txt,2025-12-29 23:12:20.727832
0.1.1.1.0.0.searchglobal.0,Small,16,16,PT,2,1,8,TestLA,0.49494,0.4961753590325019,0.65644,0.5651657339647008,0.50506,/gpfs/projects/HeinzGroup/caffeine_underground/mlrt/FlexFringe/FlexFringe/models-ps-small/0.1.1.1.0.0.searchglobal.0.ini/0.1.1.1.0.0.searchglobal.0_16.16.PT.2.1.8_Small.final.json,/gpfs/projects/HeinzGroup/asoubki/FlexFringe/data/MLRegTest/Large/16.16.PT.2.1.8_TestLA.txt,2025-12-29 23:12:20.727832
0.1.1.1.0.0.searchglobal.0,Small,16,16,PT,2,1,8,TestSA,0.50394,0.5029833116273434,0.66428,0.5724873743902649,0.49606,/gpfs/projects/HeinzGroup/caffeine_underground/mlrt/FlexFringe/FlexFringe/models-ps-small/0.1.1.1.0.0.searchglobal.0.ini/0.1.1.1.0.0.searchglobal.0_16.16.PT.2.1.8_Small.final.json,/gpfs/projects/HeinzGroup/asoubki/FlexFringe/data/MLRegTest/Large/16.16.PT.2.1.8_TestSA.txt,2025-12-29 23:12:20.727832
0.1.1.1.0.0.searchglobal.0,Small,16,16,PT,2,1,8,Dev,0.48495,0.48818365968939903,0.62178,0.5469419350298638,0.51505,/gpfs/projects/HeinzGroup/caffeine_underground/mlrt/FlexFringe/FlexFringe/models-ps-small/0.1.1.1.0.0.searchglobal.0.ini/0.1.1.1.0.0.searchglobal.0_16.16.PT.2.1.8_Small.final.json,/gpfs/projects/HeinzGroup/asoubki/FlexFringe/data/MLRegTest/Large/16.16.PT.2.1.8_Dev.txt,2025-12-29 23:12:20.727832
0.1.1.1.0.0.searchglobal.0,Small,16,16,PT,2,1,8,Train,0.461,0.4694835680751174,0.6,0.5267778753292361,0.539,/gpfs/projects/HeinzGroup/caffeine_underground/mlrt/FlexFringe/FlexFringe/models-ps-small/0.1.1.1.0.0.searchglobal.0.ini/0.1.1.1.0.0.searchglobal.0_16.16.PT.2.1.8_Small.final.json,/gpfs/projects/HeinzGroup/asoubki/FlexFringe/data/MLRegTest/Small/16.16.PT.2.1.8_Train.txt,2025-12-29 23:12:20.727832
0.1.1.1.0.0.searchglobal.0,Small,16,16,PT,2,1,9,TestLA,0.50627,0.5049892575793745,0.63462,0.5624318695440245,0.49373,/gpfs/projects/HeinzGroup/caffeine_underground/mlrt/FlexFringe/FlexFringe/models-ps-small/0.1.1.1.0.0.searchglobal.0.ini/0.1.1.1.0.0.searchglobal.0_16.16.PT.2.1.9_Small.final.json,/gpfs/projects/HeinzGroup/asoubki/FlexFringe/data/MLRegTest/Large/16.16.PT.2.1.9_TestLA.txt,2025-12-29 23:27:34.472291
0.1.1.1.0.0.searchglobal.0,Small,16,16,PT,2,1,9,TestLR,0.51103,0.5088561655934354,0.63376,0.5644812198836764,0.48897,/gpfs/projects/HeinzGroup/caffeine_underground/mlrt/FlexFringe/FlexFringe/models-ps-small/0.1.1.1.0.0.searchglobal.0.ini/0.1.1.1.0.0.searchglobal.0_16.16.PT.2.1.9_Small.final.json,/gpfs/projects/HeinzGroup/asoubki/FlexFringe/data/MLRegTest/Large/16.16.PT.2.1.9_TestLR.txt,2025-12-29 23:27:34.472291
0.1.1.1.0.0.searchglobal.0,Small,16,16,PT,2,1,9,TestSR,0.53026,0.5237467432589383,0.6674,0.5869110223895035,0.46974,/gpfs/projects/HeinzGroup/caffeine_underground/mlrt/FlexFringe/FlexFringe/models-ps-small/0.1.1.1.0.0.searchglobal.0.ini/0.1.1.1.0.0.searchglobal.0_16.16.PT.2.1.9_Small.final.json,/gpfs/projects/HeinzGroup/asoubki/FlexFringe/data/MLRegTest/Large/16.16.PT.2.1.9_TestSR.txt,2025-12-29 23:27:34.472291
0.1.1.1.0.0.searchglobal.0,Small,16,16,PT,2,1,9,TestSA,0.51227,0.5095681467271792,0.65346,0.5726127989204252,0.48773,/gpfs/projects/HeinzGroup/caffeine_underground/mlrt/FlexFringe/FlexFringe/models-ps-small/0.1.1.1.0.0.searchglobal.0.ini/0.1.1.1.0.0.searchglobal.0_16.16.PT.2.1.9_Small.final.json,/gpfs/projects/HeinzGroup/asoubki/FlexFringe/data/MLRegTest/Large/16.16.PT.2.1.9_TestSA.txt,2025-12-29 23:27:34.472291
0.1.1.1.0.0.searchglobal.0,Small,16,16,PT,2,1,9,Dev,0.52616,0.520472687431523,0.66506,0.5839494248836596,0.47384,/gpfs/projects/HeinzGroup/caffeine_underground/mlrt/FlexFringe/FlexFringe/models-ps-small/0.1.1.1.0.0.searchglobal.0.ini/0.1.1.1.0.0.searchglobal.0_16.16.PT.2.1.9_Small.final.json,/gpfs/projects/HeinzGroup/asoubki/FlexFringe/data/MLRegTest/Large/16.16.PT.2.1.9_Dev.txt,2025-12-29 23:27:34.472291
0.1.1.1.0.0.searchglobal.0,Small,16,16,PT,2,1,9,Train,0.499,0.49921996879875197,0.64,0.5609114811568799,0.501,/gpfs/projects/HeinzGroup/caffeine_underground/mlrt/FlexFringe/FlexFringe/models-ps-small/0.1.1.1.0.0.searchglobal.0.ini/0.1.1.1.0.0.searchglobal.0_16.16.PT.2.1.9_Small.final.json,/gpfs/projects/HeinzGroup/asoubki/FlexFringe/data/MLRegTest/Small/16.16.PT.2.1.9_Train.txt,2025-12-29 23:27:34.472291
0.1.1.1.0.0.searchglobal.0,Small,16,16,PT,4,1,0,TestSR,0.63209,0.6190965647822558,0.68664,0.6511213313735716,0.36791,/gpfs/projects/HeinzGroup/caffeine_underground/mlrt/FlexFringe/FlexFringe/models-ps-small/0.1.1.1.0.0.searchglobal.0.ini/0.1.1.1.0.0.searchglobal.0_16.16.PT.4.1.0_Small.final.json,/gpfs/projects/HeinzGroup/asoubki/FlexFringe/data/MLRegTest/Large/16.16.PT.4.1.0_TestSR.txt,2025-12-29 22:49:08.114689
0.1.1.1.0.0.searchglobal.0,Small,16,16,PT,4,1,0,TestSA,0.59908,0.5924495203971186,0.63494,0.6129592802116116,0.40092,/gpfs/projects/HeinzGroup/caffeine_underground/mlrt/FlexFringe/FlexFringe/models-ps-small/0.1.1.1.0.0.searchglobal.0.ini/0.1.1.1.0.0.searchglobal.0_16.16.PT.4.1.0_Small.final.json,/gpfs/projects/HeinzGroup/asoubki/FlexFringe/data/MLRegTest/Large/16.16.PT.4.1.0_TestSA.txt,2025-12-29 22:49:08.114689
0.1.1.1.0.0.searchglobal.0,Small,16,16,PT,4,1,0,TestLR,0.58969,0.6209379466573177,0.4605,0.5288179970372412,0.41031,/gpfs/projects/HeinzGroup/caffeine_underground/mlrt/FlexFringe/FlexFringe/models-ps-small/0.1.1.1.0.0.searchglobal.0.ini/0.1.1.1.0.0.searchglobal.0_16.16.PT.4.1.0_Small.final.json,/gpfs/projects/HeinzGroup/asoubki/FlexFringe/data/MLRegTest/Large/16.16.PT.4.1.0_TestLR.txt,2025-12-29 22:49:08.114689
0.1.1.1.0.0.searchglobal.0,Small,16,16,PT,4,1,0,TestLA,0.57002,0.5929831084670137,0.44654,0.5094464473143796,0.42998,/gpfs/projects/HeinzGroup/caffeine_underground/mlrt/FlexFringe/FlexFringe/models-ps-small/0.1.1.1.0.0.searchglobal.0.ini/0.1.1.1.0.0.searchglobal.0_16.16.PT.4.1.0_Small.final.json,/gpfs/projects/HeinzGroup/asoubki/FlexFringe/data/MLRegTest/Large/16.16.PT.4.1.0_TestLA.txt,2025-12-29 22:49:08.114689
0.1.1.1.0.0.searchglobal.0,Small,16,16,PT,4,1,0,Dev,0.63537,0.6221464277335643,0.6895,0.6540938973371406,0.36463,/gpfs/projects/HeinzGroup/caffeine_underground/mlrt/FlexFringe/FlexFringe/models-ps-small/0.1.1.1.0.0.searchglobal.0.ini/0.1.1.1.0.0.searchglobal.0_16.16.PT.4.1.0_Small.final.json,/gpfs/projects/HeinzGroup/asoubki/FlexFringe/data/MLRegTest/Large/16.16.PT.4.1.0_Dev.txt,2025-12-29 22:49:08.114689
0.1.1.1.0.0.searchglobal.0,Small,16,16,PT,4,1,0,Train,0.624,0.6087719298245614,0.694,0.6485981308411215,0.376,/gpfs/projects/HeinzGroup/caffeine_underground/mlrt/FlexFringe/FlexFringe/models-ps-small/0.1.1.1.0.0.searchglobal.0.ini/0.1.1.1.0.0.searchglobal.0_16.16.PT.4.1.0_Small.final.json,/gpfs/projects/HeinzGroup/asoubki/FlexFringe/data/MLRegTest/Small/16.16.PT.4.1.0_Train.txt,2025-12-29 22:49:08.114689
0.1.1.1.0.0.searchglobal.0,Small,16,16,PT,4,1,1,TestLA,0.55778,0.5772294696321643,0.43186,0.49407376899139666,0.44222,/gpfs/projects/HeinzGroup/caffeine_underground/mlrt/FlexFringe/FlexFringe/models-ps-small/0.1.1.1.0.0.searchglobal.0.ini/0.1.1.1.0.0.searchglobal.0_16.16.PT.4.1.1_Small.final.json,/gpfs/projects/HeinzGroup/asoubki/FlexFringe/data/MLRegTest/Large/16.16.PT.4.1.1_TestLA.txt,2025-12-29 22:08:56.981320
0.1.1.1.0.0.searchglobal.0,Small,16,16,PT,4,1,1,TestSR,0.61582,0.604712136554318,0.66886,0.6351705538251159,0.38418,/gpfs/projects/HeinzGroup/caffeine_underground/mlrt/FlexFringe/FlexFringe/models-ps-small/0.1.1.1.0.0.searchglobal.0.ini/0.1.1.1.0.0.searchglobal.0_16.16.PT.4.1.1_Small.final.json,/gpfs/projects/HeinzGroup/asoubki/FlexFringe/data/MLRegTest/Large/16.16.PT.4.1.1_TestSR.txt,2025-12-29 22:08:56.981320
0.1.1.1.0.0.searchglobal.0,Small,16,16,PT,4,1,1,TestLR,0.55828,0.580796317861698,0.41894,0.48676597030186136,0.44172,/gpfs/projects/HeinzGroup/caffeine_underground/mlrt/FlexFringe/FlexFringe/models-ps-small/0.1.1.1.0.0.searchglobal.0.ini/0.1.1.1.0.0.searchglobal.0_16.16.PT.4.1.1_Small.final.json,/gpfs/projects/HeinzGroup/asoubki/FlexFringe/data/MLRegTest/Large/16.16.PT.4.1.1_TestLR.txt,2025-12-29 22:08:56.981320
0.1.1.1.0.0.searchglobal.0,Small,16,16,PT,4,1,1,TestSA,0.59146,0.5863449265511121,0.62108,0.6032128358035003,0.40854,/gpfs/projects/HeinzGroup/caffeine_underground/mlrt/FlexFringe/FlexFringe/models-ps-small/0.1.1.1.0.0.searchglobal.0.ini/0.1.1.1.0.0.searchglobal.0_16.16.PT.4.1.1_Small.final.json,/gpfs/projects/HeinzGroup/asoubki/FlexFringe/data/MLRegTest/Large/16.16.PT.4.1.1_TestSA.txt,2025-12-29 22:08:56.981320
0.1.1.1.0.0.searchglobal.0,Small,16,16,PT,4,1,1,Dev,0.61533,0.6037345517998165,0.67122,0.6356912178351911,0.38467,/gpfs/projects/HeinzGroup/caffeine_underground/mlrt/FlexFringe/FlexFringe/models-ps-small/0.1.1.1.0.0.searchglobal.0.ini/0.1.1.1.0.0.searchglobal.0_16.16.PT.4.1.1_Small.final.json,/gpfs/projects/HeinzGroup/asoubki/FlexFringe/data/MLRegTest/Large/16.16.PT.4.1.1_Dev.txt,2025-12-29 22:08:56.981320
0.1.1.1.0.0.searchglobal.0,Small,16,16,PT,4,1,1,Train,0.613,0.6007130124777184,0.674,0.6352497643732328,0.387,/gpfs/projects/HeinzGroup/caffeine_underground/mlrt/FlexFringe/FlexFringe/models-ps-small/0.1.1.1.0.0.searchglobal.0.ini/0.1.1.1.0.0.searchglobal.0_16.16.PT.4.1.1_Small.final.json,/gpfs/projects/HeinzGroup/asoubki/FlexFringe/data/MLRegTest/Small/16.16.PT.4.1.1_Train.txt,2025-12-29 22:08:56.981320
0.1.1.1.0.0.searchglobal.0,Small,16,16,PT,4,1,2,TestSR,0.50598,0.5052513260037234,0.57536,0.5380313826703323,0.49402,/gpfs/projects/HeinzGroup/caffeine_underground/mlrt/FlexFringe/FlexFringe/models-ps-small/0.1.1.1.0.0.searchglobal.0.ini/0.1.1.1.0.0.searchglobal.0_16.16.PT.4.1.2_Small.final.json,/gpfs/projects/HeinzGroup/asoubki/FlexFringe/data/MLRegTest/Large/16.16.PT.4.1.2_TestSR.txt,2025-12-29 22:41:20.350979
0.1.1.1.0.0.searchglobal.0,Small,16,16,PT,4,1,2,TestSA,0.5232,0.5204398082886946,0.59072,0.5533573141486811,0.4768,/gpfs/projects/HeinzGroup/caffeine_underground/mlrt/FlexFringe/FlexFringe/models-ps-small/0.1.1.1.0.0.searchglobal.0.ini/0.1.1.1.0.0.searchglobal.0_16.16.PT.4.1.2_Small.final.json,/gpfs/projects/HeinzGroup/asoubki/FlexFringe/data/MLRegTest/Large/16.16.PT.4.1.2_TestSA.txt,2025-12-29 22:41:20.350979
0.1.1.1.0.0.searchglobal.0,Small,16,16,PT,4,1,2,TestLA,0.49729,0.4976700197747399,0.57884,0.535194859229809,0.50271,/gpfs/projects/HeinzGroup/caffeine_underground/mlrt/FlexFringe/FlexFringe/models-ps-small/0.1.1.1.0.0.searchglobal.0.ini/0.1.1.1.0.0.searchglobal.0_16.16.PT.4.1.2_Small.final.json,/gpfs/projects/HeinzGroup/asoubki/FlexFringe/data/MLRegTest/Large/16.16.PT.4.1.2_TestLA.txt,2025-12-29 22:41:20.350979
0.1.1.1.0.0.searchglobal.0,Small,16,16,PT,4,1,2,TestLR,0.46205,0.4665785997357992,0.5298,0.496183563568251,0.53795,/gpfs/projects/HeinzGroup/caffeine_underground/mlrt/FlexFringe/FlexFringe/models-ps-small/0.1.1.1.0.0.searchglobal.0.ini/0.1.1.1.0.0.searchglobal.0_16.16.PT.4.1.2_Small.final.json,/gpfs/projects/HeinzGroup/asoubki/FlexFringe/data/MLRegTest/Large/16.16.PT.4.1.2_TestLR.txt,2025-12-29 22:41:20.350979
0.1.1.1.0.0.searchglobal.0,Small,16,16,PT,4,1,2,Dev,0.50729,0.5064370860927152,0.57354,0.5379038686987104,0.49271,/gpfs/projects/HeinzGroup/caffeine_underground/mlrt/FlexFringe/FlexFringe/models-ps-small/0.1.1.1.0.0.searchglobal.0.ini/0.1.1.1.0.0.searchglobal.0_16.16.PT.4.1.2_Small.final.json,/gpfs/projects/HeinzGroup/asoubki/FlexFringe/data/MLRegTest/Large/16.16.PT.4.1.2_Dev.txt,2025-12-29 22:41:20.350979
0.1.1.1.0.0.searchglobal.0,Small,16,16,PT,4,1,2,Train,0.511,0.5096322241681261,0.582,0.5434173669467787,0.489,/gpfs/projects/HeinzGroup/caffeine_underground/mlrt/FlexFringe/FlexFringe/models-ps-small/0.1.1.1.0.0.searchglobal.0.ini/0.1.1.1.0.0.searchglobal.0_16.16.PT.4.1.2_Small.final.json,/gpfs/projects/HeinzGroup/asoubki/FlexFringe/data/MLRegTest/Small/16.16.PT.4.1.2_Train.txt,2025-12-29 22:41:20.350979
0.1.1.1.0.0.searchglobal.0,Small,16,16,PT,4,1,3,TestLR,0.49248,0.4911939669305354,0.41946,0.45250167209648534,0.50752,/gpfs/projects/HeinzGroup/caffeine_underground/mlrt/FlexFringe/FlexFringe/models-ps-small/0.1.1.1.0.0.searchglobal.0.ini/0.1.1.1.0.0.searchglobal.0_16.16.PT.4.1.3_Small.final.json,/gpfs/projects/HeinzGroup/asoubki/FlexFringe/data/MLRegTest/Large/16.16.PT.4.1.3_TestLR.txt,2025-12-29 23:36:10.142091
0.1.1.1.0.0.searchglobal.0,Small,16,16,PT,4,1,3,TestSA,0.5869,0.5777837450769782,0.6455,0.6097676176081617,0.4131,/gpfs/projects/HeinzGroup/caffeine_underground/mlrt/FlexFringe/FlexFringe/models-ps-small/0.1.1.1.0.0.searchglobal.0.ini/0.1.1.1.0.0.searchglobal.0_16.16.PT.4.1.3_Small.final.json,/gpfs/projects/HeinzGroup/asoubki/FlexFringe/data/MLRegTest/Large/16.16.PT.4.1.3_TestSA.txt,2025-12-29 23:36:10.142091
0.1.1.1.0.0.searchglobal.0,Small,16,16,PT,4,1,3,TestLA,0.55804,0.5652046915022694,0.5031,0.5323471525617421,0.44196,/gpfs/projects/HeinzGroup/caffeine_underground/mlrt/FlexFringe/FlexFringe/models-ps-small/0.1.1.1.0.0.searchglobal.0.ini/0.1.1.1.0.0.searchglobal.0_16.16.PT.4.1.3_Small.final.json,/gpfs/projects/HeinzGroup/asoubki/FlexFringe/data/MLRegTest/Large/16.16.PT.4.1.3_TestLA.txt,2025-12-29 23:36:10.142091
0.1.1.1.0.0.searchglobal.0,Small,16,16,PT,4,1,3,TestSR,0.55449,0.5470951236797981,0.633,0.5869208444984284,0.44551,/gpfs/projects/HeinzGroup/caffeine_underground/mlrt/FlexFringe/FlexFringe/models-ps-small/0.1.1.1.0.0.searchglobal.0.ini/0.1.1.1.0.0.searchglobal.0_16.16.PT.4.1.3_Small.final.json,/gpfs/projects/HeinzGroup/asoubki/FlexFringe/data/MLRegTest/Large/16.16.PT.4.1.3_TestSR.txt,2025-12-29 23:36:10.142091
0.1.1.1.0.0.searchglobal.0,Small,16,16,PT,4,1,3,Dev,0.55735,0.5494917067950775,0.63674,0.5899072624352644,0.44265,/gpfs/projects/HeinzGroup/caffeine_underground/mlrt/FlexFringe/FlexFringe/models-ps-small/0.1.1.1.0.0.searchglobal.0.ini/0.1.1.1.0.0.searchglobal.0_16.16.PT.4.1.3_Small.final.json,/gpfs/projects/HeinzGroup/asoubki/FlexFringe/data/MLRegTest/Large/16.16.PT.4.1.3_Dev.txt,2025-12-29 23:36:10.142091
0.1.1.1.0.0.searchglobal.0,Small,16,16,PT,4,1,3,Train,0.559,0.5494137353433836,0.656,0.5979945305378305,0.441,/gpfs/projects/HeinzGroup/caffeine_underground/mlrt/FlexFringe/FlexFringe/models-ps-small/0.1.1.1.0.0.searchglobal.0.ini/0.1.1.1.0.0.searchglobal.0_16.16.PT.4.1.3_Small.final.json,/gpfs/projects/HeinzGroup/asoubki/FlexFringe/data/MLRegTest/Small/16.16.PT.4.1.3_Train.txt,2025-12-29 23:36:10.142091
0.1.1.1.0.0.searchglobal.0,Small,16,16,PT,4,1,4,TestSR,0.61783,0.6039670354880265,0.6845,0.641716744635173,0.38217,/gpfs/projects/HeinzGroup/caffeine_underground/mlrt/FlexFringe/FlexFringe/models-ps-small/0.1.1.1.0.0.searchglobal.0.ini/0.1.1.1.0.0.searchglobal.0_16.16.PT.4.1.4_Small.final.json,/gpfs/projects/HeinzGroup/asoubki/FlexFringe/data/MLRegTest/Large/16.16.PT.4.1.4_TestSR.txt,2025-12-29 22:46:12.653952
0.1.1.1.0.0.searchglobal.0,Small,16,16,PT,4,1,4,TestSA,0.58929,0.5822934139462868,0.6318,0.6060373521596916,0.41071,/gpfs/projects/HeinzGroup/caffeine_underground/mlrt/FlexFringe/FlexFringe/models-ps-small/0.1.1.1.0.0.searchglobal.0.ini/0.1.1.1.0.0.searchglobal.0_16.16.PT.4.1.4_Small.final.json,/gpfs/projects/HeinzGroup/asoubki/FlexFringe/data/MLRegTest/Large/16.16.PT.4.1.4_TestSA.txt,2025-12-29 22:46:12.653952
0.1.1.1.0.0.searchglobal.0,Small,16,16,PT,4,1,4,TestLR,0.56051,0.5776745141331416,0.45002,0.5059189891063619,0.43949,/gpfs/projects/HeinzGroup/caffeine_underground/mlrt/FlexFringe/FlexFringe/models-ps-small/0.1.1.1.0.0.searchglobal.0.ini/0.1.1.1.0.0.searchglobal.0_16.16.PT.4.1.4_Small.final.json,/gpfs/projects/HeinzGroup/asoubki/FlexFringe/data/MLRegTest/Large/16.16.PT.4.1.4_TestLR.txt,2025-12-29 22:46:12.653952
0.1.1.1.0.0.searchglobal.0,Small,16,16,PT,4,1,4,TestLA,0.55728,0.570527974783294,0.46336,0.5113897227617871,0.44272,/gpfs/projects/HeinzGroup/caffeine_underground/mlrt/FlexFringe/FlexFringe/models-ps-small/0.1.1.1.0.0.searchglobal.0.ini/0.1.1.1.0.0.searchglobal.0_16.16.PT.4.1.4_Small.final.json,/gpfs/projects/HeinzGroup/asoubki/FlexFringe/data/MLRegTest/Large/16.16.PT.4.1.4_TestLA.txt,2025-12-29 22:46:12.653952
0.1.1.1.0.0.searchglobal.0,Small,16,16,PT,4,1,4,Dev,0.6194,0.6062239777943845,0.68142,0.6416263347206267,0.3806,/gpfs/projects/HeinzGroup/caffeine_underground/mlrt/FlexFringe/FlexFringe/models-ps-small/0.1.1.1.0.0.searchglobal.0.ini/0.1.1.1.0.0.searchglobal.0_16.16.PT.4.1.4_Small.final.json,/gpfs/projects/HeinzGroup/asoubki/FlexFringe/data/MLRegTest/Large/16.16.PT.4.1.4_Dev.txt,2025-12-29 22:46:12.653952
0.1.1.1.0.0.searchglobal.0,Small,16,16,PT,4,1,4,Train,0.614,0.601063829787234,0.678,0.6372180451127819,0.386,/gpfs/projects/HeinzGroup/caffeine_underground/mlrt/FlexFringe/FlexFringe/models-ps-small/0.1.1.1.0.0.searchglobal.0.ini/0.1.1.1.0.0.searchglobal.0_16.16.PT.4.1.4_Small.final.json,/gpfs/projects/HeinzGroup/asoubki/FlexFringe/data/MLRegTest/Small/16.16.PT.4.1.4_Train.txt,2025-12-29 22:46:12.653952
0.1.1.1.0.0.searchglobal.0,Small,16,16,PT,4,1,5,TestSR,0.60235,0.6082450240074455,0.57512,0.5912188903851887,0.39765,/gpfs/projects/HeinzGroup/caffeine_underground/mlrt/FlexFringe/FlexFringe/models-ps-small/0.1.1.1.0.0.searchglobal.0.ini/0.1.1.1.0.0.searchglobal.0_16.16.PT.4.1.5_Small.final.json,/gpfs/projects/HeinzGroup/asoubki/FlexFringe/data/MLRegTest/Large/16.16.PT.4.1.5_TestSR.txt,2025-12-29 23:09:21.598580
0.1.1.1.0.0.searchglobal.0,Small,16,16,PT,4,1,5,TestLR,0.5112,0.5154970112906797,0.37256,0.4325253088139686,0.4888,/gpfs/projects/HeinzGroup/caffeine_underground/mlrt/FlexFringe/FlexFringe/models-ps-small/0.1.1.1.0.0.searchglobal.0.ini/0.1.1.1.0.0.searchglobal.0_16.16.PT.4.1.5_Small.final.json,/gpfs/projects/HeinzGroup/asoubki/FlexFringe/data/MLRegTest/Large/16.16.PT.4.1.5_TestLR.txt,2025-12-29 23:09:21.598580
0.1.1.1.0.0.searchglobal.0,Small,16,16,PT,4,1,5,TestLA,0.52368,0.5295335495135944,0.42458,0.4712842712842713,0.47632,/gpfs/projects/HeinzGroup/caffeine_underground/mlrt/FlexFringe/FlexFringe/models-ps-small/0.1.1.1.0.0.searchglobal.0.ini/0.1.1.1.0.0.searchglobal.0_16.16.PT.4.1.5_Small.final.json,/gpfs/projects/HeinzGroup/asoubki/FlexFringe/data/MLRegTest/Large/16.16.PT.4.1.5_TestLA.txt,2025-12-29 23:09:21.598580
0.1.1.1.0.0.searchglobal.0,Small,16,16,PT,4,1,5,TestSA,0.56888,0.5699630276683054,0.56114,0.5655171023723621,0.43112,/gpfs/projects/HeinzGroup/caffeine_underground/mlrt/FlexFringe/FlexFringe/models-ps-small/0.1.1.1.0.0.searchglobal.0.ini/0.1.1.1.0.0.searchglobal.0_16.16.PT.4.1.5_Small.final.json,/gpfs/projects/HeinzGroup/asoubki/FlexFringe/data/MLRegTest/Large/16.16.PT.4.1.5_TestSA.txt,2025-12-29 23:09:21.598580
0.1.1.1.0.0.searchglobal.0,Small,16,16,PT,4,1,5,Dev,0.60544,0.6098333333333333,0.58544,0.5973877551020408,0.39456,/gpfs/projects/HeinzGroup/caffeine_underground/mlrt/FlexFringe/FlexFringe/models-ps-small/0.1.1.1.0.0.searchglobal.0.ini/0.1.1.1.0.0.searchglobal.0_16.16.PT.4.1.5_Small.final.json,/gpfs/projects/HeinzGroup/asoubki/FlexFringe/data/MLRegTest/Large/16.16.PT.4.1.5_Dev.txt,2025-12-29 23:09:21.598580
0.1.1.1.0.0.searchglobal.0,Small,16,16,PT,4,1,5,Train,0.595,0.6025917926565875,0.558,0.5794392523364486,0.405,/gpfs/projects/HeinzGroup/caffeine_underground/mlrt/FlexFringe/FlexFringe/models-ps-small/0.1.1.1.0.0.searchglobal.0.ini/0.1.1.1.0.0.searchglobal.0_16.16.PT.4.1.5_Small.final.json,/gpfs/projects/HeinzGroup/asoubki/FlexFringe/data/MLRegTest/Small/16.16.PT.4.1.5_Train.txt,2025-12-29 23:09:21.598580
0.1.1.1.0.0.searchglobal.0,Small,16,16,PT,4,1,6,TestLA,0.50431,0.5040687246294723,0.53396,0.5185839848492206,0.49569,/gpfs/projects/HeinzGroup/caffeine_underground/mlrt/FlexFringe/FlexFringe/models-ps-small/0.1.1.1.0.0.searchglobal.0.ini/0.1.1.1.0.0.searchglobal.0_16.16.PT.4.1.6_Small.final.json,/gpfs/projects/HeinzGroup/asoubki/FlexFringe/data/MLRegTest/Large/16.16.PT.4.1.6_TestLA.txt,2025-12-29 23:22:43.025754
0.1.1.1.0.0.searchglobal.0,Small,16,16,PT,4,1,6,TestLR,0.50492,0.5047776267236357,0.51982,0.5121883929451178,0.49508,/gpfs/projects/HeinzGroup/caffeine_underground/mlrt/FlexFringe/FlexFringe/models-ps-small/0.1.1.1.0.0.searchglobal.0.ini/0.1.1.1.0.0.searchglobal.0_16.16.PT.4.1.6_Small.final.json,/gpfs/projects/HeinzGroup/asoubki/FlexFringe/data/MLRegTest/Large/16.16.PT.4.1.6_TestLR.txt,2025-12-29 23:22:43.025754
0.1.1.1.0.0.searchglobal.0,Small,16,16,PT,4,1,6,TestSA,0.52312,0.5210825795156113,0.57144,0.5451007326007326,0.47688,/gpfs/projects/HeinzGroup/caffeine_underground/mlrt/FlexFringe/FlexFringe/models-ps-small/0.1.1.1.0.0.searchglobal.0.ini/0.1.1.1.0.0.searchglobal.0_16.16.PT.4.1.6_Small.final.json,/gpfs/projects/HeinzGroup/asoubki/FlexFringe/data/MLRegTest/Large/16.16.PT.4.1.6_TestSA.txt,2025-12-29 23:22:43.025754
0.1.1.1.0.0.searchglobal.0,Small,16,16,PT,4,1,6,TestSR,0.53684,0.5339714507026668,0.57906,0.5556024639711385,0.46316,/gpfs/projects/HeinzGroup/caffeine_underground/mlrt/FlexFringe/FlexFringe/models-ps-small/0.1.1.1.0.0.searchglobal.0.ini/0.1.1.1.0.0.searchglobal.0_16.16.PT.4.1.6_Small.final.json,/gpfs/projects/HeinzGroup/asoubki/FlexFringe/data/MLRegTest/Large/16.16.PT.4.1.6_TestSR.txt,2025-12-29 23:22:43.025754
0.1.1.1.0.0.searchglobal.0,Small,16,16,PT,4,1,6,Dev,0.54019,0.5371133068612061,0.58164,0.5584905660377358,0.45981,/gpfs/projects/HeinzGroup/caffeine_underground/mlrt/FlexFringe/FlexFringe/models-ps-small/0.1.1.1.0.0.searchglobal.0.ini/0.1.1.1.0.0.searchglobal.0_16.16.PT.4.1.6_Small.final.json,/gpfs/projects/HeinzGroup/asoubki/FlexFringe/data/MLRegTest/Large/16.16.PT.4.1.6_Dev.txt,2025-12-29 23:22:43.025754
0.1.1.1.0.0.searchglobal.0,Small,16,16,PT,4,1,6,Train,0.528,0.5245614035087719,0.598,0.5588785046728972,0.472,/gpfs/projects/HeinzGroup/caffeine_underground/mlrt/FlexFringe/FlexFringe/models-ps-small/0.1.1.1.0.0.searchglobal.0.ini/0.1.1.1.0.0.searchglobal.0_16.16.PT.4.1.6_Small.final.json,/gpfs/projects/HeinzGroup/asoubki/FlexFringe/data/MLRegTest/Small/16.16.PT.4.1.6_Train.txt,2025-12-29 23:22:43.025754
0.1.1.1.0.0.searchglobal.0,Small,16,16,PT,4,1,7,TestSR,0.5437,0.539815590947192,0.59248,0.564923053452583,0.4563,/gpfs/projects/HeinzGroup/caffeine_underground/mlrt/FlexFringe/FlexFringe/models-ps-small/0.1.1.1.0.0.searchglobal.0.ini/0.1.1.1.0.0.searchglobal.0_16.16.PT.4.1.7_Small.final.json,/gpfs/projects/HeinzGroup/asoubki/FlexFringe/data/MLRegTest/Large/16.16.PT.4.1.7_TestSR.txt,2025-12-29 23:30:36.948407
0.1.1.1.0.0.searchglobal.0,Small,16,16,PT,4,1,7,TestLA,0.50421,0.5040405397623664,0.52518,0.5143931751177802,0.49579,/gpfs/projects/HeinzGroup/caffeine_underground/mlrt/FlexFringe/FlexFringe/models-ps-small/0.1.1.1.0.0.searchglobal.0.ini/0.1.1.1.0.0.searchglobal.0_16.16.PT.4.1.7_Small.final.json,/gpfs/projects/HeinzGroup/asoubki/FlexFringe/data/MLRegTest/Large/16.16.PT.4.1.7_TestLA.txt,2025-12-29 23:30:36.948407
0.1.1.1.0.0.searchglobal.0,Small,16,16,PT,4,1,7,TestLR,0.4759,0.47587297773506326,0.47534,0.4756063395501481,0.5241,/gpfs/projects/HeinzGroup/caffeine_underground/mlrt/FlexFringe/FlexFringe/models-ps-small/0.1.1.1.0.0.searchglobal.0.ini/0.1.1.1.0.0.searchglobal.0_16.16.PT.4.1.7_Small.final.json,/gpfs/projects/HeinzGroup/asoubki/FlexFringe/data/MLRegTest/Large/16.16.PT.4.1.7_TestLR.txt,2025-12-29 23:30:36.948407
0.1.1.1.0.0.searchglobal.0,Small,16,16,PT,4,1,7,TestSA,0.54292,0.5383803698537039,0.60206,0.5684423211284627,0.45708,/gpfs/projects/HeinzGroup/caffeine_underground/mlrt/FlexFringe/FlexFringe/models-ps-small/0.1.1.1.0.0.searchglobal.0.ini/0.1.1.1.0.0.searchglobal.0_16.16.PT.4.1.7_Small.final.json,/gpfs/projects/HeinzGroup/asoubki/FlexFringe/data/MLRegTest/Large/16.16.PT.4.1.7_TestSA.txt,2025-12-29 23:30:36.948407
0.1.1.1.0.0.searchglobal.0,Small,16,16,PT,4,1,7,Dev,0.54699,0.5428826954315648,0.59488,0.5676931739018408,0.45301,/gpfs/projects/HeinzGroup/caffeine_underground/mlrt/FlexFringe/FlexFringe/models-ps-small/0.1.1.1.0.0.searchglobal.0.ini/0.1.1.1.0.0.searchglobal.0_16.16.PT.4.1.7_Small.final.json,/gpfs/projects/HeinzGroup/asoubki/FlexFringe/data/MLRegTest/Large/16.16.PT.4.1.7_Dev.txt,2025-12-29 23:30:36.948407
0.1.1.1.0.0.searchglobal.0,Small,16,16,PT,4,1,7,Train,0.556,0.5520446096654275,0.594,0.5722543352601156,0.444,/gpfs/projects/HeinzGroup/caffeine_underground/mlrt/FlexFringe/FlexFringe/models-ps-small/0.1.1.1.0.0.searchglobal.0.ini/0.1.1.1.0.0.searchglobal.0_16.16.PT.4.1.7_Small.final.json,/gpfs/projects/HeinzGroup/asoubki/FlexFringe/data/MLRegTest/Small/16.16.PT.4.1.7_Train.txt,2025-12-29 23:30:36.948407
0.1.1.1.0.0.searchglobal.0,Small,16,16,PT,4,1,8,TestSR,0.53867,0.5347009099230066,0.59586,0.5636262166687162,0.46133,/gpfs/projects/HeinzGroup/caffeine_underground/mlrt/FlexFringe/FlexFringe/models-ps-small/0.1.1.1.0.0.searchglobal.0.ini/0.1.1.1.0.0.searchglobal.0_16.16.PT.4.1.8_Small.final.json,/gpfs/projects/HeinzGroup/asoubki/FlexFringe/data/MLRegTest/Large/16.16.PT.4.1.8_TestSR.txt,2025-12-29 22:34:24.354113
0.1.1.1.0.0.searchglobal.0,Small,16,16,PT,4,1,8,TestLA,0.50331,0.503012103012103,0.55276,0.5267139930439754,0.49669,/gpfs/projects/HeinzGroup/caffeine_underground/mlrt/FlexFringe/FlexFringe/models-ps-small/0.1.1.1.0.0.searchglobal.0.ini/0.1.1.1.0.0.searchglobal.0_16.16.PT.4.1.8_Small.final.json,/gpfs/projects/HeinzGroup/asoubki/FlexFringe/data/MLRegTest/Large/16.16.PT.4.1.8_TestLA.txt,2025-12-29 22:34:24.354113
0.1.1.1.0.0.searchglobal.0,Small,16,16,PT,4,1,8,TestSA,0.53364,0.5297467458970005,0.59908,0.5622841267457577,0.46636,/gpfs/projects/HeinzGroup/caffeine_underground/mlrt/FlexFringe/FlexFringe/models-ps-small/0.1.1.1.0.0.searchglobal.0.ini/0.1.1.1.0.0.searchglobal.0_16.16.PT.4.1.8_Small.final.json,/gpfs/projects/HeinzGroup/asoubki/FlexFringe/data/MLRegTest/Large/16.16.PT.4.1.8_TestSA.txt,2025-12-29 22:34:24.354113
0.1.1.1.0.0.searchglobal.0,Small,16,16,PT,4,1,8,TestLR,0.47864,0.4798094373865699,0.5076,0.49331363707044007,0.52136,/gpfs/projects/HeinzGroup/caffeine_underground/mlrt/FlexFringe/FlexFringe/models-ps-small/0.1.1.1.0.0.searchglobal.0.ini/0.1.1.1.0.0.searchglobal.0_16.16.PT.4.1.8_Small.final.json,/gpfs/projects/HeinzGroup/asoubki/FlexFringe/data/MLRegTest/Large/16.16.PT.4.1.8_TestLR.txt,2025-12-29 22:34:24.354113
0.1.1.1.0.0.searchglobal.0,Small,16,16,PT,4,1,8,Dev,0.54106,0.5369603571814352,0.59652,0.5651753737706782,0.45894,/gpfs/projects/HeinzGroup/caffeine_underground/mlrt/FlexFringe/FlexFringe/models-ps-small/0.1.1.1.0.0.searchglobal.0.ini/0.1.1.1.0.0.searchglobal.0_16.16.PT.4.1.8_Small.final.json,/gpfs/projects/HeinzGroup/asoubki/FlexFringe/data/MLRegTest/Large/16.16.PT.4.1.8_Dev.txt,2025-12-29 22:34:24.354113
0.1.1.1.0.0.searchglobal.0,Small,16,16,PT,4,1,8,Train,0.517,0.5148861646234676,0.588,0.5490196078431373,0.483,/gpfs/projects/HeinzGroup/caffeine_underground/mlrt/FlexFringe/FlexFringe/models-ps-small/0.1.1.1.0.0.searchglobal.0.ini/0.1.1.1.0.0.searchglobal.0_16.16.PT.4.1.8_Small.final.json,/gpfs/projects/HeinzGroup/asoubki/FlexFringe/data/MLRegTest/Small/16.16.PT.4.1.8_Train.txt,2025-12-29 22:34:24.354113
0.1.1.1.0.0.searchglobal.0,Small,16,16,PT,4,1,9,TestLA,0.50829,0.5081808672311366,0.51496,0.5115479750067052,0.49171,/gpfs/projects/HeinzGroup/caffeine_underground/mlrt/FlexFringe/FlexFringe/models-ps-small/0.1.1.1.0.0.searchglobal.0.ini/0.1.1.1.0.0.searchglobal.0_16.16.PT.4.1.9_Small.final.json,/gpfs/projects/HeinzGroup/asoubki/FlexFringe/data/MLRegTest/Large/16.16.PT.4.1.9_TestLA.txt,2025-12-29 22:53:36.040140
0.1.1.1.0.0.searchglobal.0,Small,16,16,PT,4,1,9,TestSR,0.56346,0.5589054319979208,0.60212,0.5797084705293358,0.43654,/gpfs/projects/HeinzGroup/caffeine_underground/mlrt/FlexFringe/FlexFringe/models-ps-small/0.1.1.1.0.0.searchglobal.0.ini/0.1.1.1.0.0.searchglobal.0_16.16.PT.4.1.9_Small.final.json,/gpfs/projects/HeinzGroup/asoubki/FlexFringe/data/MLRegTest/Large/16.16.PT.4.1.9_TestSR.txt,2025-12-29 22:53:36.040140
0.1.1.1.0.0.searchglobal.0,Small,16,16,PT,4,1,9,TestSA,0.53565,0.5326914259513984,0.5809,0.5557522123893806,0.46435,/gpfs/projects/HeinzGroup/caffeine_underground/mlrt/FlexFringe/FlexFringe/models-ps-small/0.1.1.1.0.0.searchglobal.0.ini/0.1.1.1.0.0.searchglobal.0_16.16.PT.4.1.9_Small.final.json,/gpfs/projects/HeinzGroup/asoubki/FlexFringe/data/MLRegTest/Large/16.16.PT.4.1.9_TestSA.txt,2025-12-29 22:53:36.040140
0.1.1.1.0.0.searchglobal.0,Small,16,16,PT,4,1,9,TestLR,0.50724,0.5075596207659859,0.4861,0.49659808348487017,0.49276,/gpfs/projects/HeinzGroup/caffeine_underground/mlrt/FlexFringe/FlexFringe/models-ps-small/0.1.1.1.0.0.searchglobal.0.ini/0.1.1.1.0.0.searchglobal.0_16.16.PT.4.1.9_Small.final.json,/gpfs/projects/HeinzGroup/asoubki/FlexFringe/data/MLRegTest/Large/16.16.PT.4.1.9_TestLR.txt,2025-12-29 22:53:36.040140
0.1.1.1.0.0.searchglobal.0,Small,16,16,PT,4,1,9,Dev,0.56,0.5556008599599673,0.59956,0.5767440070799185,0.44,/gpfs/projects/HeinzGroup/caffeine_underground/mlrt/FlexFringe/FlexFringe/models-ps-small/0.1.1.1.0.0.searchglobal.0.ini/0.1.1.1.0.0.searchglobal.0_16.16.PT.4.1.9_Small.final.json,/gpfs/projects/HeinzGroup/asoubki/FlexFringe/data/MLRegTest/Large/16.16.PT.4.1.9_Dev.txt,2025-12-29 22:53:36.040140
0.1.1.1.0.0.searchglobal.0,Small,16,16,PT,4,1,9,Train,0.58,0.5754716981132075,0.61,0.5922330097087378,0.42,/gpfs/projects/HeinzGroup/caffeine_underground/mlrt/FlexFringe/FlexFringe/models-ps-small/0.1.1.1.0.0.searchglobal.0.ini/0.1.1.1.0.0.searchglobal.0_16.16.PT.4.1.9_Small.final.json,/gpfs/projects/HeinzGroup/asoubki/FlexFringe/data/MLRegTest/Small/16.16.PT.4.1.9_Train.txt,2025-12-29 22:53:36.040140
0.1.1.1.0.0.searchglobal.0,Small,16,16,PT,6,1,0,TestLR,0.65247,0.7262904805722936,0.48936,0.5847363452783519,0.34753,/gpfs/projects/HeinzGroup/caffeine_underground/mlrt/FlexFringe/FlexFringe/models-ps-small/0.1.1.1.0.0.searchglobal.0.ini/0.1.1.1.0.0.searchglobal.0_16.16.PT.6.1.0_Small.final.json,/gpfs/projects/HeinzGroup/asoubki/FlexFringe/data/MLRegTest/Large/16.16.PT.6.1.0_TestLR.txt,2025-12-29 22:56:08.561753
0.1.1.1.0.0.searchglobal.0,Small,16,16,PT,6,1,0,TestLA,0.6186,0.677853758022914,0.45202,0.5423675937702479,0.3814,/gpfs/projects/HeinzGroup/caffeine_underground/mlrt/FlexFringe/FlexFringe/models-ps-small/0.1.1.1.0.0.searchglobal.0.ini/0.1.1.1.0.0.searchglobal.0_16.16.PT.6.1.0_Small.final.json,/gpfs/projects/HeinzGroup/asoubki/FlexFringe/data/MLRegTest/Large/16.16.PT.6.1.0_TestLA.txt,2025-12-29 22:56:08.561753
0.1.1.1.0.0.searchglobal.0,Small,16,16,PT,6,1,0,TestSR,0.65671,0.6494668370753295,0.68094,0.66483114144284,0.34329,/gpfs/projects/HeinzGroup/caffeine_underground/mlrt/FlexFringe/FlexFringe/models-ps-small/0.1.1.1.0.0.searchglobal.0.ini/0.1.1.1.0.0.searchglobal.0_16.16.PT.6.1.0_Small.final.json,/gpfs/projects/HeinzGroup/asoubki/FlexFringe/data/MLRegTest/Large/16.16.PT.6.1.0_TestSR.txt,2025-12-29 22:56:08.561753
0.1.1.1.0.0.searchglobal.0,Small,16,16,PT,6,1,0,TestSA,0.62414,0.623936743740266,0.62496,0.6244479526788034,0.37586,/gpfs/projects/HeinzGroup/caffeine_underground/mlrt/FlexFringe/FlexFringe/models-ps-small/0.1.1.1.0.0.searchglobal.0.ini/0.1.1.1.0.0.searchglobal.0_16.16.PT.6.1.0_Small.final.json,/gpfs/projects/HeinzGroup/asoubki/FlexFringe/data/MLRegTest/Large/16.16.PT.6.1.0_TestSA.txt,2025-12-29 22:56:08.561753
0.1.1.1.0.0.searchglobal.0,Small,16,16,PT,6,1,0,Dev,0.65596,0.6488849854895372,0.67972,0.6639446745330937,0.34404,/gpfs/projects/HeinzGroup/caffeine_underground/mlrt/FlexFringe/FlexFringe/models-ps-small/0.1.1.1.0.0.searchglobal.0.ini/0.1.1.1.0.0.searchglobal.0_16.16.PT.6.1.0_Small.final.json,/gpfs/projects/HeinzGroup/asoubki/FlexFringe/data/MLRegTest/Large/16.16.PT.6.1.0_Dev.txt,2025-12-29 22:56:08.561753
0.1.1.1.0.0.searchglobal.0,Small,16,16,PT,6,1,0,Train,0.663,0.6613861386138614,0.668,0.6646766169154229,0.337,/gpfs/projects/HeinzGroup/caffeine_underground/mlrt/FlexFringe/FlexFringe/models-ps-small/0.1.1.1.0.0.searchglobal.0.ini/0.1.1.1.0.0.searchglobal.0_16.16.PT.6.1.0_Small.final.json,/gpfs/projects/HeinzGroup/asoubki/FlexFringe/data/MLRegTest/Small/16.16.PT.6.1.0_Train.txt,2025-12-29 22:56:08.561753
0.1.1.1.0.0.searchglobal.0,Small,16,16,PT,6,1,1,TestLR,0.62845,0.6894039930401958,0.46754,0.5571988702046264,0.37155,/gpfs/projects/HeinzGroup/caffeine_underground/mlrt/FlexFringe/FlexFringe/models-ps-small/0.1.1.1.0.0.searchglobal.0.ini/0.1.1.1.0.0.searchglobal.0_16.16.PT.6.1.1_Small.final.json,/gpfs/projects/HeinzGroup/asoubki/FlexFringe/data/MLRegTest/Large/16.16.PT.6.1.1_TestLR.txt,2025-12-29 22:32:18.203576
0.1.1.1.0.0.searchglobal.0,Small,16,16,PT,6,1,1,TestSA,0.6198,0.6173175604214814,0.63038,0.6237804033327397,0.3802,/gpfs/projects/HeinzGroup/caffeine_underground/mlrt/FlexFringe/FlexFringe/models-ps-small/0.1.1.1.0.0.searchglobal.0.ini/0.1.1.1.0.0.searchglobal.0_16.16.PT.6.1.1_Small.final.json,/gpfs/projects/HeinzGroup/asoubki/FlexFringe/data/MLRegTest/Large/16.16.PT.6.1.1_TestSA.txt,2025-12-29 22:32:18.203576
0.1.1.1.0.0.searchglobal.0,Small,16,16,PT,6,1,1,TestLA,0.60701,0.6621707634952869,0.43694,0.526478136710325,0.39299,/gpfs/projects/HeinzGroup/caffeine_underground/mlrt/FlexFringe/FlexFringe/models-ps-small/0.1.1.1.0.0.searchglobal.0.ini/0.1.1.1.0.0.searchglobal.0_16.16.PT.6.1.1_Small.final.json,/gpfs/projects/HeinzGroup/asoubki/FlexFringe/data/MLRegTest/Large/16.16.PT.6.1.1_TestLA.txt,2025-12-29 22:32:18.203576
0.1.1.1.0.0.searchglobal.0,Small,16,16,PT,6,1,1,TestSR,0.64993,0.639555447995979,0.6871,0.6624757754273648,0.35007,/gpfs/projects/HeinzGroup/caffeine_underground/mlrt/FlexFringe/FlexFringe/models-ps-small/0.1.1.1.0.0.searchglobal.0.ini/0.1.1.1.0.0.searchglobal.0_16.16.PT.6.1.1_Small.final.json,/gpfs/projects/HeinzGroup/asoubki/FlexFringe/data/MLRegTest/Large/16.16.PT.6.1.1_TestSR.txt,2025-12-29 22:32:18.203576
0.1.1.1.0.0.searchglobal.0,Small,16,16,PT,6,1,1,Dev,0.65025,0.6390920368073171,0.69036,0.6637374893040159,0.34975,/gpfs/projects/HeinzGroup/caffeine_underground/mlrt/FlexFringe/FlexFringe/models-ps-small/0.1.1.1.0.0.searchglobal.0.ini/0.1.1.1.0.0.searchglobal.0_16.16.PT.6.1.1_Small.final.json,/gpfs/projects/HeinzGroup/asoubki/FlexFringe/data/MLRegTest/Large/16.16.PT.6.1.1_Dev.txt,2025-12-29 22:32:18.203576
0.1.1.1.0.0.searchglobal.0,Small,16,16,PT,6,1,1,Train,0.653,0.6414048059149723,0.694,0.6666666666666666,0.347,/gpfs/projects/HeinzGroup/caffeine_underground/mlrt/FlexFringe/FlexFringe/models-ps-small/0.1.1.1.0.0.searchglobal.0.ini/0.1.1.1.0.0.searchglobal.0_16.16.PT.6.1.1_Small.final.json,/gpfs/projects/HeinzGroup/asoubki/FlexFringe/data/MLRegTest/Small/16.16.PT.6.1.1_Train.txt,2025-12-29 22:32:18.203576
0.1.1.1.0.0.searchglobal.0,Small,16,16,PT,6,1,2,TestSA,0.62358,0.6242359658999518,0.62094,0.6225836207588032,0.37642,/gpfs/projects/HeinzGroup/caffeine_underground/mlrt/FlexFringe/FlexFringe/models-ps-small/0.1.1.1.0.0.searchglobal.0.ini/0.1.1.1.0.0.searchglobal.0_16.16.PT.6.1.2_Small.final.json,/gpfs/projects/HeinzGroup/asoubki/FlexFringe/data/MLRegTest/Large/16.16.PT.6.1.2_TestSA.txt,2025-12-29 22:35:34.504172
0.1.1.1.0.0.searchglobal.0,Small,16,16,PT,6,1,2,TestLA,0.60574,0.6742584047462096,0.40914,0.5092606422703511,0.39426,/gpfs/projects/HeinzGroup/caffeine_underground/mlrt/FlexFringe/FlexFringe/models-ps-small/0.1.1.1.0.0.searchglobal.0.ini/0.1.1.1.0.0.searchglobal.0_16.16.PT.6.1.2_Small.final.json,/gpfs/projects/HeinzGroup/asoubki/FlexFringe/data/MLRegTest/Large/16.16.PT.6.1.2_TestLA.txt,2025-12-29 22:35:34.504172
0.1.1.1.0.0.searchglobal.0,Small,16,16,PT,6,1,2,TestLR,0.62179,0.690077098355027,0.44216,0.538976315564928,0.37821,/gpfs/projects/HeinzGroup/caffeine_underground/mlrt/FlexFringe/FlexFringe/models-ps-small/0.1.1.1.0.0.searchglobal.0.ini/0.1.1.1.0.0.searchglobal.0_16.16.PT.6.1.2_Small.final.json,/gpfs/projects/HeinzGroup/asoubki/FlexFringe/data/MLRegTest/Large/16.16.PT.6.1.2_TestLR.txt,2025-12-29 22:35:34.504172
0.1.1.1.0.0.searchglobal.0,Small,16,16,PT,6,1,2,TestSR,0.65719,0.6477710718784665,0.68906,0.6677779177609583,0.34281,/gpfs/projects/HeinzGroup/caffeine_underground/mlrt/FlexFringe/FlexFringe/models-ps-small/0.1.1.1.0.0.searchglobal.0.ini/0.1.1.1.0.0.searchglobal.0_16.16.PT.6.1.2_Small.final.json,/gpfs/projects/HeinzGroup/asoubki/FlexFringe/data/MLRegTest/Large/16.16.PT.6.1.2_TestSR.txt,2025-12-29 22:35:34.504172
0.1.1.1.0.0.searchglobal.0,Small,16,16,PT,6,1,2,Dev,0.65703,0.6482002302799222,0.68682,0.6669515143864283,0.34297,/gpfs/projects/HeinzGroup/caffeine_underground/mlrt/FlexFringe/FlexFringe/models-ps-small/0.1.1.1.0.0.searchglobal.0.ini/0.1.1.1.0.0.searchglobal.0_16.16.PT.6.1.2_Small.final.json,/gpfs/projects/HeinzGroup/asoubki/FlexFringe/data/MLRegTest/Large/16.16.PT.6.1.2_Dev.txt,2025-12-29 22:35:34.504172
0.1.1.1.0.0.searchglobal.0,Small,16,16,PT,6,1,2,Train,0.651,0.6495049504950495,0.656,0.6527363184079602,0.349,/gpfs/projects/HeinzGroup/caffeine_underground/mlrt/FlexFringe/FlexFringe/models-ps-small/0.1.1.1.0.0.searchglobal.0.ini/0.1.1.1.0.0.searchglobal.0_16.16.PT.6.1.2_Small.final.json,/gpfs/projects/HeinzGroup/asoubki/FlexFringe/data/MLRegTest/Small/16.16.PT.6.1.2_Train.txt,2025-12-29 22:35:34.504172
0.1.1.1.0.0.searchglobal.0,Small,16,16,PT,6,1,3,TestLA,0.59725,0.663582842724979,0.3945,0.49482596425211667,0.40275,/gpfs/projects/HeinzGroup/caffeine_underground/mlrt/FlexFringe/FlexFringe/models-ps-small/0.1.1.1.0.0.searchglobal.0.ini/0.1.1.1.0.0.searchglobal.0_16.16.PT.6.1.3_Small.final.json,/gpfs/projects/HeinzGroup/asoubki/FlexFringe/data/MLRegTest/Large/16.16.PT.6.1.3_TestLA.txt,2025-12-29 22:45:29.539669
0.1.1.1.0.0.searchglobal.0,Small,16,16,PT,6,1,3,TestSR,0.65295,0.6441102756892231,0.68362,0.6632772856491409,0.34705,/gpfs/projects/HeinzGroup/caffeine_underground/mlrt/FlexFringe/FlexFringe/models-ps-small/0.1.1.1.0.0.searchglobal.0.ini/0.1.1.1.0.0.searchglobal.0_16.16.PT.6.1.3_Small.final.json,/gpfs/projects/HeinzGroup/asoubki/FlexFringe/data/MLRegTest/Large/16.16.PT.6.1.3_TestSR.txt,2025-12-29 22:45:29.539669
0.1.1.1.0.0.searchglobal.0,Small,16,16,PT,6,1,3,TestSA,0.62081,0.6202592128053515,0.6231,0.6216763611330054,0.37919,/gpfs/projects/HeinzGroup/caffeine_underground/mlrt/FlexFringe/FlexFringe/models-ps-small/0.1.1.1.0.0.searchglobal.0.ini/0.1.1.1.0.0.searchglobal.0_16.16.PT.6.1.3_Small.final.json,/gpfs/projects/HeinzGroup/asoubki/FlexFringe/data/MLRegTest/Large/16.16.PT.6.1.3_TestSA.txt,2025-12-29 22:45:29.539669
0.1.1.1.0.0.searchglobal.0,Small,16,16,PT,6,1,3,TestLR,0.60489,0.6669106648419847,0.4191,0.5147320715785854,0.39511,/gpfs/projects/HeinzGroup/caffeine_underground/mlrt/FlexFringe/FlexFringe/models-ps-small/0.1.1.1.0.0.searchglobal.0.ini/0.1.1.1.0.0.searchglobal.0_16.16.PT.6.1.3_Small.final.json,/gpfs/projects/HeinzGroup/asoubki/FlexFringe/data/MLRegTest/Large/16.16.PT.6.1.3_TestLR.txt,2025-12-29 22:45:29.539669
0.1.1.1.0.0.searchglobal.0,Small,16,16,PT,6,1,3,Dev,0.65348,0.644183075304374,0.68572,0.6643028753003177,0.34652,/gpfs/projects/HeinzGroup/caffeine_underground/mlrt/FlexFringe/FlexFringe/models-ps-small/0.1.1.1.0.0.searchglobal.0.ini/0.1.1.1.0.0.searchglobal.0_16.16.PT.6.1.3_Small.final.json,/gpfs/projects/HeinzGroup/asoubki/FlexFringe/data/MLRegTest/Large/16.16.PT.6.1.3_Dev.txt,2025-12-29 22:45:29.539669
0.1.1.1.0.0.searchglobal.0,Small,16,16,PT,6,1,3,Train,0.669,0.6556169429097606,0.712,0.6826462128475551,0.331,/gpfs/projects/HeinzGroup/caffeine_underground/mlrt/FlexFringe/FlexFringe/models-ps-small/0.1.1.1.0.0.searchglobal.0.ini/0.1.1.1.0.0.searchglobal.0_16.16.PT.6.1.3_Small.final.json,/gpfs/projects/HeinzGroup/asoubki/FlexFringe/data/MLRegTest/Small/16.16.PT.6.1.3_Train.txt,2025-12-29 22:45:29.539669
0.1.1.1.0.0.searchglobal.0,Small,16,16,PT,6,1,4,TestSR,0.66022,0.6507584026497045,0.6916,0.6705578933079951,0.33978,/gpfs/projects/HeinzGroup/caffeine_underground/mlrt/FlexFringe/FlexFringe/models-ps-small/0.1.1.1.0.0.searchglobal.0.ini/0.1.1.1.0.0.searchglobal.0_16.16.PT.6.1.4_Small.final.json,/gpfs/projects/HeinzGroup/asoubki/FlexFringe/data/MLRegTest/Large/16.16.PT.6.1.4_TestSR.txt,2025-12-29 22:49:39.012953
0.1.1.1.0.0.searchglobal.0,Small,16,16,PT,6,1,4,TestSA,0.62535,0.6236998440799731,0.63202,0.6278323581709995,0.37465,/gpfs/projects/HeinzGroup/caffeine_underground/mlrt/FlexFringe/FlexFringe/models-ps-small/0.1.1.1.0.0.searchglobal.0.ini/0.1.1.1.0.0.searchglobal.0_16.16.PT.6.1.4_Small.final.json,/gpfs/projects/HeinzGroup/asoubki/FlexFringe/data/MLRegTest/Large/16.16.PT.6.1.4_TestSA.txt,2025-12-29 22:49:39.012953
0.1.1.1.0.0.searchglobal.0,Small,16,16,PT,6,1,4,TestLR,0.63188,0.7031798853762248,0.45642,0.5535450069129454,0.36812,/gpfs/projects/HeinzGroup/caffeine_underground/mlrt/FlexFringe/FlexFringe/models-ps-small/0.1.1.1.0.0.searchglobal.0.ini/0.1.1.1.0.0.searchglobal.0_16.16.PT.6.1.4_Small.final.json,/gpfs/projects/HeinzGroup/asoubki/FlexFringe/data/MLRegTest/Large/16.16.PT.6.1.4_TestLR.txt,2025-12-29 22:49:39.012953
0.1.1.1.0.0.searchglobal.0,Small,16,16,PT,6,1,4,TestLA,0.60866,0.6703134796238245,0.42766,0.5221733821733822,0.39134,/gpfs/projects/HeinzGroup/caffeine_underground/mlrt/FlexFringe/FlexFringe/models-ps-small/0.1.1.1.0.0.searchglobal.0.ini/0.1.1.1.0.0.searchglobal.0_16.16.PT.6.1.4_Small.final.json,/gpfs/projects/HeinzGroup/asoubki/FlexFringe/data/MLRegTest/Large/16.16.PT.6.1.4_TestLA.txt,2025-12-29 22:49:39.012953
0.1.1.1.0.0.searchglobal.0,Small,16,16,PT,6,1,4,Dev,0.65659,0.6472180960081229,0.68842,0.6671835476774275,0.34341,/gpfs/projects/HeinzGroup/caffeine_underground/mlrt/FlexFringe/FlexFringe/models-ps-small/0.1.1.1.0.0.searchglobal.0.ini/0.1.1.1.0.0.searchglobal.0_16.16.PT.6.1.4_Small.final.json,/gpfs/projects/HeinzGroup/asoubki/FlexFringe/data/MLRegTest/Large/16.16.PT.6.1.4_Dev.txt,2025-12-29 22:49:39.012953
0.1.1.1.0.0.searchglobal.0,Small,16,16,PT,6,1,4,Train,0.651,0.6432637571157496,0.678,0.6601752677702045,0.349,/gpfs/projects/HeinzGroup/caffeine_underground/mlrt/FlexFringe/FlexFringe/models-ps-small/0.1.1.1.0.0.searchglobal.0.ini/0.1.1.1.0.0.searchglobal.0_16.16.PT.6.1.4_Small.final.json,/gpfs/projects/HeinzGroup/asoubki/FlexFringe/data/MLRegTest/Small/16.16.PT.6.1.4_Train.txt,2025-12-29 22:49:39.012953
0.1.1.1.0.0.searchglobal.0,Small,16,16,PT,6,1,5,TestLA,0.53012,0.5313880783659858,0.50992,0.520432741375791,0.46988,/gpfs/projects/HeinzGroup/caffeine_underground/mlrt/FlexFringe/FlexFringe/models-ps-small/0.1.1.1.0.0.searchglobal.0.ini/0.1.1.1.0.0.searchglobal.0_16.16.PT.6.1.5_Small.final.json,/gpfs/projects/HeinzGroup/asoubki/FlexFringe/data/MLRegTest/Large/16.16.PT.6.1.5_TestLA.txt,2025-12-29 22:42:10.398056
0.1.1.1.0.0.searchglobal.0,Small,16,16,PT,6,1,5,TestSA,0.5655,0.561618062088429,0.597,0.5787687833252545,0.4345,/gpfs/projects/HeinzGroup/caffeine_underground/mlrt/FlexFringe/FlexFringe/models-ps-small/0.1.1.1.0.0.searchglobal.0.ini/0.1.1.1.0.0.searchglobal.0_16.16.PT.6.1.5_Small.final.json,/gpfs/projects/HeinzGroup/asoubki/FlexFringe/data/MLRegTest/Large/16.16.PT.6.1.5_TestSA.txt,2025-12-29 22:42:10.398056
0.1.1.1.0.0.searchglobal.0,Small,16,16,PT,6,1,5,TestSR,0.61996,0.6144481758510151,0.64404,0.6288961799859386,0.38004,/gpfs/projects/HeinzGroup/caffeine_underground/mlrt/FlexFringe/FlexFringe/models-ps-small/0.1.1.1.0.0.searchglobal.0.ini/0.1.1.1.0.0.searchglobal.0_16.16.PT.6.1.5_Small.final.json,/gpfs/projects/HeinzGroup/asoubki/FlexFringe/data/MLRegTest/Large/16.16.PT.6.1.5_TestSR.txt,2025-12-29 22:42:10.398056
0.1.1.1.0.0.searchglobal.0,Small,16,16,PT,6,1,5,TestLR,0.54327,0.5489357852118251,0.48538,0.5152052308116887,0.45673,/gpfs/projects/HeinzGroup/caffeine_underground/mlrt/FlexFringe/FlexFringe/models-ps-small/0.1.1.1.0.0.searchglobal.0.ini/0.1.1.1.0.0.searchglobal.0_16.16.PT.6.1.5_Small.final.json,/gpfs/projects/HeinzGroup/asoubki/FlexFringe/data/MLRegTest/Large/16.16.PT.6.1.5_TestLR.txt,2025-12-29 22:42:10.398056
0.1.1.1.0.0.searchglobal.0,Small,16,16,PT,6,1,5,Dev,0.61842,0.6132685465049547,0.64116,0.6269041985255295,0.38158,/gpfs/projects/HeinzGroup/caffeine_underground/mlrt/FlexFringe/FlexFringe/models-ps-small/0.1.1.1.0.0.searchglobal.0.ini/0.1.1.1.0.0.searchglobal.0_16.16.PT.6.1.5_Small.final.json,/gpfs/projects/HeinzGroup/asoubki/FlexFringe/data/MLRegTest/Large/16.16.PT.6.1.5_Dev.txt,2025-12-29 22:42:10.398056
0.1.1.1.0.0.searchglobal.0,Small,16,16,PT,6,1,5,Train,0.639,0.6339113680154143,0.658,0.6457311089303238,0.361,/gpfs/projects/HeinzGroup/caffeine_underground/mlrt/FlexFringe/FlexFringe/models-ps-small/0.1.1.1.0.0.searchglobal.0.ini/0.1.1.1.0.0.searchglobal.0_16.16.PT.6.1.5_Small.final.json,/gpfs/projects/HeinzGroup/asoubki/FlexFringe/data/MLRegTest/Small/16.16.PT.6.1.5_Train.txt,2025-12-29 22:42:10.398056
0.1.1.1.0.0.searchglobal.0,Small,16,16,PT,6,1,6,TestLR,0.53987,0.540856270366651,0.5278,0.5342483779215127,0.46013,/gpfs/projects/HeinzGroup/caffeine_underground/mlrt/FlexFringe/FlexFringe/models-ps-small/0.1.1.1.0.0.searchglobal.0.ini/0.1.1.1.0.0.searchglobal.0_16.16.PT.6.1.6_Small.final.json,/gpfs/projects/HeinzGroup/asoubki/FlexFringe/data/MLRegTest/Large/16.16.PT.6.1.6_TestLR.txt,2025-12-29 22:20:11.129259
0.1.1.1.0.0.searchglobal.0,Small,16,16,PT,6,1,6,TestSR,0.60147,0.5926243724326792,0.64922,0.6196325459317585,0.39853,/gpfs/projects/HeinzGroup/caffeine_underground/mlrt/FlexFringe/FlexFringe/models-ps-small/0.1.1.1.0.0.searchglobal.0.ini/0.1.1.1.0.0.searchglobal.0_16.16.PT.6.1.6_Small.final.json,/gpfs/projects/HeinzGroup/asoubki/FlexFringe/data/MLRegTest/Large/16.16.PT.6.1.6_TestSR.txt,2025-12-29 22:20:11.129259
0.1.1.1.0.0.searchglobal.0,Small,16,16,PT,6,1,6,TestLA,0.5258,0.5246202000152683,0.54976,0.5368959724989257,0.4742,/gpfs/projects/HeinzGroup/caffeine_underground/mlrt/FlexFringe/FlexFringe/models-ps-small/0.1.1.1.0.0.searchglobal.0.ini/0.1.1.1.0.0.searchglobal.0_16.16.PT.6.1.6_Small.final.json,/gpfs/projects/HeinzGroup/asoubki/FlexFringe/data/MLRegTest/Large/16.16.PT.6.1.6_TestLA.txt,2025-12-29 22:20:11.129259
0.1.1.1.0.0.searchglobal.0,Small,16,16,PT,6,1,6,TestSA,0.5543,0.5489524359020591,0.60892,0.5773833229030362,0.4457,/gpfs/projects/HeinzGroup/caffeine_underground/mlrt/FlexFringe/FlexFringe/models-ps-small/0.1.1.1.0.0.searchglobal.0.ini/0.1.1.1.0.0.searchglobal.0_16.16.PT.6.1.6_Small.final.json,/gpfs/projects/HeinzGroup/asoubki/FlexFringe/data/MLRegTest/Large/16.16.PT.6.1.6_TestSA.txt,2025-12-29 22:20:11.129259
0.1.1.1.0.0.searchglobal.0,Small,16,16,PT,6,1,6,Dev,0.60085,0.5922301684560936,0.64758,0.6186695709495286,0.39915,/gpfs/projects/HeinzGroup/caffeine_underground/mlrt/FlexFringe/FlexFringe/models-ps-small/0.1.1.1.0.0.searchglobal.0.ini/0.1.1.1.0.0.searchglobal.0_16.16.PT.6.1.6_Small.final.json,/gpfs/projects/HeinzGroup/asoubki/FlexFringe/data/MLRegTest/Large/16.16.PT.6.1.6_Dev.txt,2025-12-29 22:20:11.129259
0.1.1.1.0.0.searchglobal.0,Small,16,16,PT,6,1,6,Train,0.602,0.593065693430657,0.65,0.6202290076335878,0.398,/gpfs/projects/HeinzGroup/caffeine_underground/mlrt/FlexFringe/FlexFringe/models-ps-small/0.1.1.1.0.0.searchglobal.0.ini/0.1.1.1.0.0.searchglobal.0_16.16.PT.6.1.6_Small.final.json,/gpfs/projects/HeinzGroup/asoubki/FlexFringe/data/MLRegTest/Small/16.16.PT.6.1.6_Train.txt,2025-12-29 22:20:11.129259
0.1.1.1.0.0.searchglobal.0,Small,16,16,PT,6,1,7,TestSR,0.63472,0.6344349978046542,0.63578,0.6351067868059856,0.36528,/gpfs/projects/HeinzGroup/caffeine_underground/mlrt/FlexFringe/FlexFringe/models-ps-small/0.1.1.1.0.0.searchglobal.0.ini/0.1.1.1.0.0.searchglobal.0_16.16.PT.6.1.7_Small.final.json,/gpfs/projects/HeinzGroup/asoubki/FlexFringe/data/MLRegTest/Large/16.16.PT.6.1.7_TestSR.txt,2025-12-29 23:28:14.765848
0.1.1.1.0.0.searchglobal.0,Small,16,16,PT,6,1,7,TestLA,0.52749,0.5332639577938578,0.4407,0.4825834145486799,0.47251,/gpfs/projects/HeinzGroup/caffeine_underground/mlrt/FlexFringe/FlexFringe/models-ps-small/0.1.1.1.0.0.searchglobal.0.ini/0.1.1.1.0.0.searchglobal.0_16.16.PT.6.1.7_Small.final.json,/gpfs/projects/HeinzGroup/asoubki/FlexFringe/data/MLRegTest/Large/16.16.PT.6.1.7_TestLA.txt,2025-12-29 23:28:14.765848
0.1.1.1.0.0.searchglobal.0,Small,16,16,PT,6,1,7,TestSA,0.5771,0.5753547832206106,0.58868,0.5819411218094466,0.4229,/gpfs/projects/HeinzGroup/caffeine_underground/mlrt/FlexFringe/FlexFringe/models-ps-small/0.1.1.1.0.0.searchglobal.0.ini/0.1.1.1.0.0.searchglobal.0_16.16.PT.6.1.7_Small.final.json,/gpfs/projects/HeinzGroup/asoubki/FlexFringe/data/MLRegTest/Large/16.16.PT.6.1.7_TestSA.txt,2025-12-29 23:28:14.765848
0.1.1.1.0.0.searchglobal.0,Small,16,16,PT,6,1,7,TestLR,0.53011,0.5399644288710148,0.40682,0.46403029508047133,0.46989,/gpfs/projects/HeinzGroup/caffeine_underground/mlrt/FlexFringe/FlexFringe/models-ps-small/0.1.1.1.0.0.searchglobal.0.ini/0.1.1.1.0.0.searchglobal.0_16.16.PT.6.1.7_Small.final.json,/gpfs/projects/HeinzGroup/asoubki/FlexFringe/data/MLRegTest/Large/16.16.PT.6.1.7_TestLR.txt,2025-12-29 23:28:14.765848
0.1.1.1.0.0.searchglobal.0,Small,16,16,PT,6,1,7,Dev,0.63809,0.6384971817142399,0.63662,0.6375572090973731,0.36191,/gpfs/projects/HeinzGroup/caffeine_underground/mlrt/FlexFringe/FlexFringe/models-ps-small/0.1.1.1.0.0.searchglobal.0.ini/0.1.1.1.0.0.searchglobal.0_16.16.PT.6.1.7_Small.final.json,/gpfs/projects/HeinzGroup/asoubki/FlexFringe/data/MLRegTest/Large/16.16.PT.6.1.7_Dev.txt,2025-12-29 23:28:14.765848
0.1.1.1.0.0.searchglobal.0,Small,16,16,PT,6,1,7,Train,0.639,0.6398390342052314,0.636,0.6379137412236711,0.361,/gpfs/projects/HeinzGroup/caffeine_underground/mlrt/FlexFringe/FlexFringe/models-ps-small/0.1.1.1.0.0.searchglobal.0.ini/0.1.1.1.0.0.searchglobal.0_16.16.PT.6.1.7_Small.final.json,/gpfs/projects/HeinzGroup/asoubki/FlexFringe/data/MLRegTest/Small/16.16.PT.6.1.7_Train.txt,2025-12-29 23:28:14.765848
0.1.1.1.0.0.searchglobal.0,Small,16,16,PT,6,1,8,TestSA,0.51032,0.5082708213117907,0.6342,0.5642951204754956,0.48968,/gpfs/projects/HeinzGroup/caffeine_underground/mlrt/FlexFringe/FlexFringe/models-ps-small/0.1.1.1.0.0.searchglobal.0.ini/0.1.1.1.0.0.searchglobal.0_16.16.PT.6.1.8_Small.final.json,/gpfs/projects/HeinzGroup/asoubki/FlexFringe/data/MLRegTest/Large/16.16.PT.6.1.8_TestSA.txt,2025-12-29 23:16:20.785699
0.1.1.1.0.0.searchglobal.0,Small,16,16,PT,6,1,8,TestSR,0.52567,0.5206022568580555,0.64866,0.5776186787059546,0.47433,/gpfs/projects/HeinzGroup/caffeine_underground/mlrt/FlexFringe/FlexFringe/models-ps-small/0.1.1.1.0.0.searchglobal.0.ini/0.1.1.1.0.0.searchglobal.0_16.16.PT.6.1.8_Small.final.json,/gpfs/projects/HeinzGroup/asoubki/FlexFringe/data/MLRegTest/Large/16.16.PT.6.1.8_TestSR.txt,2025-12-29 23:16:20.785699
0.1.1.1.0.0.searchglobal.0,Small,16,16,PT,6,1,8,TestLR,0.49464,0.4955523101433882,0.5972,0.5416485270642868,0.50536,/gpfs/projects/HeinzGroup/caffeine_underground/mlrt/FlexFringe/FlexFringe/models-ps-small/0.1.1.1.0.0.searchglobal.0.ini/0.1.1.1.0.0.searchglobal.0_16.16.PT.6.1.8_Small.final.json,/gpfs/projects/HeinzGroup/asoubki/FlexFringe/data/MLRegTest/Large/16.16.PT.6.1.8_TestLR.txt,2025-12-29 23:16:20.785699
0.1.1.1.0.0.searchglobal.0,Small,16,16,PT,6,1,8,TestLA,0.50183,0.5015004673586855,0.61164,0.5511213631162091,0.49817,/gpfs/projects/HeinzGroup/caffeine_underground/mlrt/FlexFringe/FlexFringe/models-ps-small/0.1.1.1.0.0.searchglobal.0.ini/0.1.1.1.0.0.searchglobal.0_16.16.PT.6.1.8_Small.final.json,/gpfs/projects/HeinzGroup/asoubki/FlexFringe/data/MLRegTest/Large/16.16.PT.6.1.8_TestLA.txt,2025-12-29 23:16:20.785699
0.1.1.1.0.0.searchglobal.0,Small,16,16,PT,6,1,8,Dev,0.52284,0.518361899861723,0.64478,0.5747009644009483,0.47716,/gpfs/projects/HeinzGroup/caffeine_underground/mlrt/FlexFringe/FlexFringe/models-ps-small/0.1.1.1.0.0.searchglobal.0.ini/0.1.1.1.0.0.searchglobal.0_16.16.PT.6.1.8_Small.final.json,/gpfs/projects/HeinzGroup/asoubki/FlexFringe/data/MLRegTest/Large/16.16.PT.6.1.8_Dev.txt,2025-12-29 23:16:20.785699
0.1.1.1.0.0.searchglobal.0,Small,16,16,PT,6,1,8,Train,0.544,0.5352564102564102,0.668,0.594306049822064,0.456,/gpfs/projects/HeinzGroup/caffeine_underground/mlrt/FlexFringe/FlexFringe/models-ps-small/0.1.1.1.0.0.searchglobal.0.ini/0.1.1.1.0.0.searchglobal.0_16.16.PT.6.1.8_Small.final.json,/gpfs/projects/HeinzGroup/asoubki/FlexFringe/data/MLRegTest/Small/16.16.PT.6.1.8_Train.txt,2025-12-29 23:16:20.785699
0.1.1.1.0.0.searchglobal.0,Small,16,16,PT,6,1,9,TestLR,0.5283,0.5237010485410875,0.62532,0.5700169550236094,0.4717,/gpfs/projects/HeinzGroup/caffeine_underground/mlrt/FlexFringe/FlexFringe/models-ps-small/0.1.1.1.0.0.searchglobal.0.ini/0.1.1.1.0.0.searchglobal.0_16.16.PT.6.1.9_Small.final.json,/gpfs/projects/HeinzGroup/asoubki/FlexFringe/data/MLRegTest/Large/16.16.PT.6.1.9_TestLR.txt,2025-12-29 23:06:54.357967
0.1.1.1.0.0.searchglobal.0,Small,16,16,PT,6,1,9,TestSR,0.5817,0.5642780715005036,0.71722,0.6316225165562914,0.4183,/gpfs/projects/HeinzGroup/caffeine_underground/mlrt/FlexFringe/FlexFringe/models-ps-small/0.1.1.1.0.0.searchglobal.0.ini/0.1.1.1.0.0.searchglobal.0_16.16.PT.6.1.9_Small.final.json,/gpfs/projects/HeinzGroup/asoubki/FlexFringe/data/MLRegTest/Large/16.16.PT.6.1.9_TestSR.txt,2025-12-29 23:06:54.357967
0.1.1.1.0.0.searchglobal.0,Small,16,16,PT,6,1,9,TestLA,0.51818,0.5146598716253266,0.63824,0.5698266164312626,0.48182,/gpfs/projects/HeinzGroup/caffeine_underground/mlrt/FlexFringe/FlexFringe/models-ps-small/0.1.1.1.0.0.searchglobal.0.ini/0.1.1.1.0.0.searchglobal.0_16.16.PT.6.1.9_Small.final.json,/gpfs/projects/HeinzGroup/asoubki/FlexFringe/data/MLRegTest/Large/16.16.PT.6.1.9_TestLA.txt,2025-12-29 23:06:54.357967
0.1.1.1.0.0.searchglobal.0,Small,16,16,PT,6,1,9,TestSA,0.54035,0.5314953869210235,0.68092,0.5969997457411645,0.45965,/gpfs/projects/HeinzGroup/caffeine_underground/mlrt/FlexFringe/FlexFringe/models-ps-small/0.1.1.1.0.0.searchglobal.0.ini/0.1.1.1.0.0.searchglobal.0_16.16.PT.6.1.9_Small.final.json,/gpfs/projects/HeinzGroup/asoubki/FlexFringe/data/MLRegTest/Large/16.16.PT.6.1.9_TestSA.txt,2025-12-29 23:06:54.357967
0.1.1.1.0.0.searchglobal.0,Small,16,16,PT,6,1,9,Dev,0.58137,0.564321059870678,0.7139,0.6303585776977211,0.41863,/gpfs/projects/HeinzGroup/caffeine_underground/mlrt/FlexFringe/FlexFringe/models-ps-small/0.1.1.1.0.0.searchglobal.0.ini/0.1.1.1.0.0.searchglobal.0_16.16.PT.6.1.9_Small.final.json,/gpfs/projects/HeinzGroup/asoubki/FlexFringe/data/MLRegTest/Large/16.16.PT.6.1.9_Dev.txt,2025-12-29 23:06:54.357967
0.1.1.1.0.0.searchglobal.0,Small,16,16,PT,6,1,9,Train,0.57,0.5557324840764332,0.698,0.6187943262411347,0.43,/gpfs/projects/HeinzGroup/caffeine_underground/mlrt/FlexFringe/FlexFringe/models-ps-small/0.1.1.1.0.0.searchglobal.0.ini/0.1.1.1.0.0.searchglobal.0_16.16.PT.6.1.9_Small.final.json,/gpfs/projects/HeinzGroup/asoubki/FlexFringe/data/MLRegTest/Small/16.16.PT.6.1.9_Train.txt,2025-12-29 23:06:54.357967
0.1.1.1.0.0.searchglobal.0,Small,16,16,Reg,0,0,0,TestSR,0.80361,0.7867329014222844,0.83304,0.809224522308462,0.19639,/gpfs/projects/HeinzGroup/caffeine_underground/mlrt/FlexFringe/FlexFringe/models-ps-small/0.1.1.1.0.0.searchglobal.0.ini/0.1.1.1.0.0.searchglobal.0_16.16.Reg.0.0.0_Small.final.json,/gpfs/projects/HeinzGroup/asoubki/FlexFringe/data/MLRegTest/Large/16.16.Reg.0.0.0_TestSR.txt,2025-12-29 22:06:14.585265
0.1.1.1.0.0.searchglobal.0,Small,16,16,Reg,0,0,0,TestLA,0.7424,0.7393081388461082,0.74886,0.7440534149394908,0.2576,/gpfs/projects/HeinzGroup/caffeine_underground/mlrt/FlexFringe/FlexFringe/models-ps-small/0.1.1.1.0.0.searchglobal.0.ini/0.1.1.1.0.0.searchglobal.0_16.16.Reg.0.0.0_Small.final.json,/gpfs/projects/HeinzGroup/asoubki/FlexFringe/data/MLRegTest/Large/16.16.Reg.0.0.0_TestLA.txt,2025-12-29 22:06:14.585265
0.1.1.1.0.0.searchglobal.0,Small,16,16,Reg,0,0,0,TestSA,0.81009,0.7993320076452304,0.82806,0.8134424393646178,0.18991,/gpfs/projects/HeinzGroup/caffeine_underground/mlrt/FlexFringe/FlexFringe/models-ps-small/0.1.1.1.0.0.searchglobal.0.ini/0.1.1.1.0.0.searchglobal.0_16.16.Reg.0.0.0_Small.final.json,/gpfs/projects/HeinzGroup/asoubki/FlexFringe/data/MLRegTest/Large/16.16.Reg.0.0.0_TestSA.txt,2025-12-29 22:06:14.585265
0.1.1.1.0.0.searchglobal.0,Small,16,16,Reg,0,0,0,TestLR,0.72213,0.7098456364426474,0.7514,0.7300319644019548,0.27787,/gpfs/projects/HeinzGroup/caffeine_underground/mlrt/FlexFringe/FlexFringe/models-ps-small/0.1.1.1.0.0.searchglobal.0.ini/0.1.1.1.0.0.searchglobal.0_16.16.Reg.0.0.0_Small.final.json,/gpfs/projects/HeinzGroup/asoubki/FlexFringe/data/MLRegTest/Large/16.16.Reg.0.0.0_TestLR.txt,2025-12-29 22:06:14.585265
0.1.1.1.0.0.searchglobal.0,Small,16,16,Reg,0,0,0,Dev,0.80407,0.7862805279906604,0.83514,0.8099741045709796,0.19593,/gpfs/projects/HeinzGroup/caffeine_underground/mlrt/FlexFringe/FlexFringe/models-ps-small/0.1.1.1.0.0.searchglobal.0.ini/0.1.1.1.0.0.searchglobal.0_16.16.Reg.0.0.0_Small.final.json,/gpfs/projects/HeinzGroup/asoubki/FlexFringe/data/MLRegTest/Large/16.16.Reg.0.0.0_Dev.txt,2025-12-29 22:06:14.585265
0.1.1.1.0.0.searchglobal.0,Small,16,16,Reg,0,0,0,Train,0.814,0.792910447761194,0.85,0.8204633204633205,0.186,/gpfs/projects/HeinzGroup/caffeine_underground/mlrt/FlexFringe/FlexFringe/models-ps-small/0.1.1.1.0.0.searchglobal.0.ini/0.1.1.1.0.0.searchglobal.0_16.16.Reg.0.0.0_Small.final.json,/gpfs/projects/HeinzGroup/asoubki/FlexFringe/data/MLRegTest/Small/16.16.Reg.0.0.0_Train.txt,2025-12-29 22:06:14.585265
0.1.1.1.0.0.searchglobal.0,Small,16,16,Reg,0,0,1,TestLR,0.58897,0.5907320157457832,0.57926,0.5849397651193085,0.41103,/gpfs/projects/HeinzGroup/caffeine_underground/mlrt/FlexFringe/FlexFringe/models-ps-small/0.1.1.1.0.0.searchglobal.0.ini/0.1.1.1.0.0.searchglobal.0_16.16.Reg.0.0.1_Small.final.json,/gpfs/projects/HeinzGroup/asoubki/FlexFringe/data/MLRegTest/Large/16.16.Reg.0.0.1_TestLR.txt,2025-12-29 23:25:33.777719
0.1.1.1.0.0.searchglobal.0,Small,16,16,Reg,0,0,1,TestLA,0.59606,0.5991658752116282,0.5804,0.5896336631651665,0.40394,/gpfs/projects/HeinzGroup/caffeine_underground/mlrt/FlexFringe/FlexFringe/models-ps-small/0.1.1.1.0.0.searchglobal.0.ini/0.1.1.1.0.0.searchglobal.0_16.16.Reg.0.0.1_Small.final.json,/gpfs/projects/HeinzGroup/asoubki/FlexFringe/data/MLRegTest/Large/16.16.Reg.0.0.1_TestLA.txt,2025-12-29 23:25:33.777719
0.1.1.1.0.0.searchglobal.0,Small,16,16,Reg,0,0,1,TestSR,0.66079,0.655855611344823,0.67662,0.6660760166563303,0.33921,/gpfs/projects/HeinzGroup/caffeine_underground/mlrt/FlexFringe/FlexFringe/models-ps-small/0.1.1.1.0.0.searchglobal.0.ini/0.1.1.1.0.0.searchglobal.0_16.16.Reg.0.0.1_Small.final.json,/gpfs/projects/HeinzGroup/asoubki/FlexFringe/data/MLRegTest/Large/16.16.Reg.0.0.1_TestSR.txt,2025-12-29 23:25:33.777719
0.1.1.1.0.0.searchglobal.0,Small,16,16,Reg,0,0,1,TestSA,0.66445,0.659465120338227,0.68008,0.6696139342083239,0.33555,/gpfs/projects/HeinzGroup/caffeine_underground/mlrt/FlexFringe/FlexFringe/models-ps-small/0.1.1.1.0.0.searchglobal.0.ini/0.1.1.1.0.0.searchglobal.0_16.16.Reg.0.0.1_Small.final.json,/gpfs/projects/HeinzGroup/asoubki/FlexFringe/data/MLRegTest/Large/16.16.Reg.0.0.1_TestSA.txt,2025-12-29 23:25:33.777719
0.1.1.1.0.0.searchglobal.0,Small,16,16,Reg,0,0,1,Dev,0.66126,0.6563809154383243,0.67686,0.666463174478141,0.33874,/gpfs/projects/HeinzGroup/caffeine_underground/mlrt/FlexFringe/FlexFringe/models-ps-small/0.1.1.1.0.0.searchglobal.0.ini/0.1.1.1.0.0.searchglobal.0_16.16.Reg.0.0.1_Small.final.json,/gpfs/projects/HeinzGroup/asoubki/FlexFringe/data/MLRegTest/Large/16.16.Reg.0.0.1_Dev.txt,2025-12-29 23:25:33.777719
0.1.1.1.0.0.searchglobal.0,Small,16,16,Reg,0,0,1,Train,0.691,0.6758747697974218,0.734,0.7037392138063279,0.309,/gpfs/projects/HeinzGroup/caffeine_underground/mlrt/FlexFringe/FlexFringe/models-ps-small/0.1.1.1.0.0.searchglobal.0.ini/0.1.1.1.0.0.searchglobal.0_16.16.Reg.0.0.1_Small.final.json,/gpfs/projects/HeinzGroup/asoubki/FlexFringe/data/MLRegTest/Small/16.16.Reg.0.0.1_Train.txt,2025-12-29 23:25:33.777719
0.1.1.1.0.0.searchglobal.0,Small,16,16,Reg,0,0,2,TestSA,0.63491,0.6252529941509609,0.67346,0.6484617976987146,0.36509,/gpfs/projects/HeinzGroup/caffeine_underground/mlrt/FlexFringe/FlexFringe/models-ps-small/0.1.1.1.0.0.searchglobal.0.ini/0.1.1.1.0.0.searchglobal.0_16.16.Reg.0.0.2_Small.final.json,/gpfs/projects/HeinzGroup/asoubki/FlexFringe/data/MLRegTest/Large/16.16.Reg.0.0.2_TestSA.txt,2025-12-29 22:12:21.967647
0.1.1.1.0.0.searchglobal.0,Small,16,16,Reg,0,0,2,TestLA,0.58144,0.5798024536510799,0.5917,0.5856908122661493,0.41856,/gpfs/projects/HeinzGroup/caffeine_underground/mlrt/FlexFringe/FlexFringe/models-ps-small/0.1.1.1.0.0.searchglobal.0.ini/0.1.1.1.0.0.searchglobal.0_16.16.Reg.0.0.2_Small.final.json,/gpfs/projects/HeinzGroup/asoubki/FlexFringe/data/MLRegTest/Large/16.16.Reg.0.0.2_TestLA.txt,2025-12-29 22:12:21.967647
0.1.1.1.0.0.searchglobal.0,Small,16,16,Reg,0,0,2,TestSR,0.63706,0.6262295081967213,0.67996,0.6519896442611948,0.36294,/gpfs/projects/HeinzGroup/caffeine_underground/mlrt/FlexFringe/FlexFringe/models-ps-small/0.1.1.1.0.0.searchglobal.0.ini/0.1.1.1.0.0.searchglobal.0_16.16.Reg.0.0.2_Small.final.json,/gpfs/projects/HeinzGroup/asoubki/FlexFringe/data/MLRegTest/Large/16.16.Reg.0.0.2_TestSR.txt,2025-12-29 22:12:21.967647
0.1.1.1.0.0.searchglobal.0,Small,16,16,Reg,0,0,2,TestLR,0.58201,0.58003630472547,0.59434,0.5871010441259273,0.41799,/gpfs/projects/HeinzGroup/caffeine_underground/mlrt/FlexFringe/FlexFringe/models-ps-small/0.1.1.1.0.0.searchglobal.0.ini/0.1.1.1.0.0.searchglobal.0_16.16.Reg.0.0.2_Small.final.json,/gpfs/projects/HeinzGroup/asoubki/FlexFringe/data/MLRegTest/Large/16.16.Reg.0.0.2_TestLR.txt,2025-12-29 22:12:21.967647
0.1.1.1.0.0.searchglobal.0,Small,16,16,Reg,0,0,2,Dev,0.63423,0.6231490486063964,0.67922,0.6499775117465239,0.36577,/gpfs/projects/HeinzGroup/caffeine_underground/mlrt/FlexFringe/FlexFringe/models-ps-small/0.1.1.1.0.0.searchglobal.0.ini/0.1.1.1.0.0.searchglobal.0_16.16.Reg.0.0.2_Small.final.json,/gpfs/projects/HeinzGroup/asoubki/FlexFringe/data/MLRegTest/Large/16.16.Reg.0.0.2_Dev.txt,2025-12-29 22:12:21.967647
0.1.1.1.0.0.searchglobal.0,Small,16,16,Reg,0,0,2,Train,0.653,0.639344262295082,0.702,0.669208770257388,0.347,/gpfs/projects/HeinzGroup/caffeine_underground/mlrt/FlexFringe/FlexFringe/models-ps-small/0.1.1.1.0.0.searchglobal.0.ini/0.1.1.1.0.0.searchglobal.0_16.16.Reg.0.0.2_Small.final.json,/gpfs/projects/HeinzGroup/asoubki/FlexFringe/data/MLRegTest/Small/16.16.Reg.0.0.2_Train.txt,2025-12-29 22:12:21.967647
0.1.1.1.0.0.searchglobal.0,Small,16,16,Reg,0,0,3,TestSR,0.94486,0.9472752865473557,0.94216,0.9447107189411411,0.05514,/gpfs/projects/HeinzGroup/caffeine_underground/mlrt/FlexFringe/FlexFringe/models-ps-small/0.1.1.1.0.0.searchglobal.0.ini/0.1.1.1.0.0.searchglobal.0_16.16.Reg.0.0.3_Small.final.json,/gpfs/projects/HeinzGroup/asoubki/FlexFringe/data/MLRegTest/Large/16.16.Reg.0.0.3_TestSR.txt,2025-12-29 23:34:25.146082
0.1.1.1.0.0.searchglobal.0,Small,16,16,Reg,0,0,3,TestSA,0.94378,0.9438155052404192,0.94374,0.9437777511100444,0.05622,/gpfs/projects/HeinzGroup/caffeine_underground/mlrt/FlexFringe/FlexFringe/models-ps-small/0.1.1.1.0.0.searchglobal.0.ini/0.1.1.1.0.0.searchglobal.0_16.16.Reg.0.0.3_Small.final.json,/gpfs/projects/HeinzGroup/asoubki/FlexFringe/data/MLRegTest/Large/16.16.Reg.0.0.3_TestSA.txt,2025-12-29 23:34:25.146082
0.1.1.1.0.0.searchglobal.0,Small,16,16,Reg,0,0,3,TestLR,0.9131,0.9100817979669632,0.91678,0.9134186194803124,0.0869,/gpfs/projects/HeinzGroup/caffeine_underground/mlrt/FlexFringe/FlexFringe/models-ps-small/0.1.1.1.0.0.searchglobal.0.ini/0.1.1.1.0.0.searchglobal.0_16.16.Reg.0.0.3_Small.final.json,/gpfs/projects/HeinzGroup/asoubki/FlexFringe/data/MLRegTest/Large/16.16.Reg.0.0.3_TestLR.txt,2025-12-29 23:34:25.146082
0.1.1.1.0.0.searchglobal.0,Small,16,16,Reg,0,0,3,TestLA,0.91873,0.9191911102212433,0.91818,0.9186852769022963,0.08127,/gpfs/projects/HeinzGroup/caffeine_underground/mlrt/FlexFringe/FlexFringe/models-ps-small/0.1.1.1.0.0.searchglobal.0.ini/0.1.1.1.0.0.searchglobal.0_16.16.Reg.0.0.3_Small.final.json,/gpfs/projects/HeinzGroup/asoubki/FlexFringe/data/MLRegTest/Large/16.16.Reg.0.0.3_TestLA.txt,2025-12-29 23:34:25.146082
0.1.1.1.0.0.searchglobal.0,Small,16,16,Reg,0,0,3,Dev,0.94396,0.9477389164548792,0.93974,0.9437225089879291,0.05604,/gpfs/projects/HeinzGroup/caffeine_underground/mlrt/FlexFringe/FlexFringe/models-ps-small/0.1.1.1.0.0.searchglobal.0.ini/0.1.1.1.0.0.searchglobal.0_16.16.Reg.0.0.3_Small.final.json,/gpfs/projects/HeinzGroup/asoubki/FlexFringe/data/MLRegTest/Large/16.16.Reg.0.0.3_Dev.txt,2025-12-29 23:34:25.146082
0.1.1.1.0.0.searchglobal.0,Small,16,16,Reg,0,0,3,Train,0.935,0.935871743486974,0.934,0.934934934934935,0.065,/gpfs/projects/HeinzGroup/caffeine_underground/mlrt/FlexFringe/FlexFringe/models-ps-small/0.1.1.1.0.0.searchglobal.0.ini/0.1.1.1.0.0.searchglobal.0_16.16.Reg.0.0.3_Small.final.json,/gpfs/projects/HeinzGroup/asoubki/FlexFringe/data/MLRegTest/Small/16.16.Reg.0.0.3_Train.txt,2025-12-29 23:34:25.146082
0.1.1.1.0.0.searchglobal.0,Small,16,16,Reg,0,0,4,TestLR,0.72013,0.6859614442360653,0.812,0.7436782767179243,0.27987,/gpfs/projects/HeinzGroup/caffeine_underground/mlrt/FlexFringe/FlexFringe/models-ps-small/0.1.1.1.0.0.searchglobal.0.ini/0.1.1.1.0.0.searchglobal.0_16.16.Reg.0.0.4_Small.final.json,/gpfs/projects/HeinzGroup/asoubki/FlexFringe/data/MLRegTest/Large/16.16.Reg.0.0.4_TestLR.txt,2025-12-29 22:03:13.886365
0.1.1.1.0.0.searchglobal.0,Small,16,16,Reg,0,0,4,TestSR,0.79739,0.7584786274271211,0.87266,0.811572907269802,0.20261,/gpfs/projects/HeinzGroup/caffeine_underground/mlrt/FlexFringe/FlexFringe/models-ps-small/0.1.1.1.0.0.searchglobal.0.ini/0.1.1.1.0.0.searchglobal.0_16.16.Reg.0.0.4_Small.final.json,/gpfs/projects/HeinzGroup/asoubki/FlexFringe/data/MLRegTest/Large/16.16.Reg.0.0.4_TestSR.txt,2025-12-29 22:03:13.886365
0.1.1.1.0.0.searchglobal.0,Small,16,16,Reg,0,0,4,TestSA,0.77757,0.7377636154939953,0.86128,0.7947513633721198,0.22243,/gpfs/projects/HeinzGroup/caffeine_underground/mlrt/FlexFringe/FlexFringe/models-ps-small/0.1.1.1.0.0.searchglobal.0.ini/0.1.1.1.0.0.searchglobal.0_16.16.Reg.0.0.4_Small.final.json,/gpfs/projects/HeinzGroup/asoubki/FlexFringe/data/MLRegTest/Large/16.16.Reg.0.0.4_TestSA.txt,2025-12-29 22:03:13.886365
0.1.1.1.0.0.searchglobal.0,Small,16,16,Reg,0,0,4,TestLA,0.72449,0.6951781460293172,0.79958,0.7437330828116716,0.27551,/gpfs/projects/HeinzGroup/caffeine_underground/mlrt/FlexFringe/FlexFringe/models-ps-small/0.1.1.1.0.0.searchglobal.0.ini/0.1.1.1.0.0.searchglobal.0_16.16.Reg.0.0.4_Small.final.json,/gpfs/projects/HeinzGroup/asoubki/FlexFringe/data/MLRegTest/Large/16.16.Reg.0.0.4_TestLA.txt,2025-12-29 22:03:13.886365
0.1.1.1.0.0.searchglobal.0,Small,16,16,Reg,0,0,4,Dev,0.79955,0.7605371649242437,0.87442,0.8135123317238364,0.20045,/gpfs/projects/HeinzGroup/caffeine_underground/mlrt/FlexFringe/FlexFringe/models-ps-small/0.1.1.1.0.0.searchglobal.0.ini/0.1.1.1.0.0.searchglobal.0_16.16.Reg.0.0.4_Small.final.json,/gpfs/projects/HeinzGroup/asoubki/FlexFringe/data/MLRegTest/Large/16.16.Reg.0.0.4_Dev.txt,2025-12-29 22:03:13.886365
0.1.1.1.0.0.searchglobal.0,Small,16,16,Reg,0,0,4,Train,0.807,0.7697715289982425,0.876,0.8194574368568756,0.193,/gpfs/projects/HeinzGroup/caffeine_underground/mlrt/FlexFringe/FlexFringe/models-ps-small/0.1.1.1.0.0.searchglobal.0.ini/0.1.1.1.0.0.searchglobal.0_16.16.Reg.0.0.4_Small.final.json,/gpfs/projects/HeinzGroup/asoubki/FlexFringe/data/MLRegTest/Small/16.16.Reg.0.0.4_Train.txt,2025-12-29 22:03:13.886365
0.1.1.1.0.0.searchglobal.0,Small,16,16,Reg,0,0,5,TestSA,0.70044,0.6841196355085244,0.74476,0.7131530565343955,0.29956,/gpfs/projects/HeinzGroup/caffeine_underground/mlrt/FlexFringe/FlexFringe/models-ps-small/0.1.1.1.0.0.searchglobal.0.ini/0.1.1.1.0.0.searchglobal.0_16.16.Reg.0.0.5_Small.final.json,/gpfs/projects/HeinzGroup/asoubki/FlexFringe/data/MLRegTest/Large/16.16.Reg.0.0.5_TestSA.txt,2025-12-29 23:28:23.809236
0.1.1.1.0.0.searchglobal.0,Small,16,16,Reg,0,0,5,TestLR,0.63256,0.6201987595662108,0.68398,0.6505297597534763,0.36744,/gpfs/projects/HeinzGroup/caffeine_underground/mlrt/FlexFringe/FlexFringe/models-ps-small/0.1.1.1.0.0.searchglobal.0.ini/0.1.1.1.0.0.searchglobal.0_16.16.Reg.0.0.5_Small.final.json,/gpfs/projects/HeinzGroup/asoubki/FlexFringe/data/MLRegTest/Large/16.16.Reg.0.0.5_TestLR.txt,2025-12-29 23:28:23.809236
0.1.1.1.0.0.searchglobal.0,Small,16,16,Reg,0,0,5,TestLA,0.64467,0.6353346180471103,0.67916,0.6565167377161694,0.35533,/gpfs/projects/HeinzGroup/caffeine_underground/mlrt/FlexFringe/FlexFringe/models-ps-small/0.1.1.1.0.0.searchglobal.0.ini/0.1.1.1.0.0.searchglobal.0_16.16.Reg.0.0.5_Small.final.json,/gpfs/projects/HeinzGroup/asoubki/FlexFringe/data/MLRegTest/Large/16.16.Reg.0.0.5_TestLA.txt,2025-12-29 23:28:23.809236
0.1.1.1.0.0.searchglobal.0,Small,16,16,Reg,0,0,5,TestSR,0.70079,0.6799096822751465,0.75882,0.717200835515061,0.29921,/gpfs/projects/HeinzGroup/caffeine_underground/mlrt/FlexFringe/FlexFringe/models-ps-small/0.1.1.1.0.0.searchglobal.0.ini/0.1.1.1.0.0.searchglobal.0_16.16.Reg.0.0.5_Small.final.json,/gpfs/projects/HeinzGroup/asoubki/FlexFringe/data/MLRegTest/Large/16.16.Reg.0.0.5_TestSR.txt,2025-12-29 23:28:23.809236
0.1.1.1.0.0.searchglobal.0,Small,16,16,Reg,0,0,5,Dev,0.70074,0.6812387143373059,0.75454,0.7160182197760486,0.29926,/gpfs/projects/HeinzGroup/caffeine_underground/mlrt/FlexFringe/FlexFringe/models-ps-small/0.1.1.1.0.0.searchglobal.0.ini/0.1.1.1.0.0.searchglobal.0_16.16.Reg.0.0.5_Small.final.json,/gpfs/projects/HeinzGroup/asoubki/FlexFringe/data/MLRegTest/Large/16.16.Reg.0.0.5_Dev.txt,2025-12-29 23:28:23.809236
0.1.1.1.0.0.searchglobal.0,Small,16,16,Reg,0,0,5,Train,0.701,0.679144385026738,0.762,0.7181903864278982,0.299,/gpfs/projects/HeinzGroup/caffeine_underground/mlrt/FlexFringe/FlexFringe/models-ps-small/0.1.1.1.0.0.searchglobal.0.ini/0.1.1.1.0.0.searchglobal.0_16.16.Reg.0.0.5_Small.final.json,/gpfs/projects/HeinzGroup/asoubki/FlexFringe/data/MLRegTest/Small/16.16.Reg.0.0.5_Train.txt,2025-12-29 23:28:23.809236
0.1.1.1.0.0.searchglobal.0,Small,16,16,Reg,0,0,6,TestSA,0.51674,0.5246364867251427,0.35648,0.42451234906042346,0.48326,/gpfs/projects/HeinzGroup/caffeine_underground/mlrt/FlexFringe/FlexFringe/models-ps-small/0.1.1.1.0.0.searchglobal.0.ini/0.1.1.1.0.0.searchglobal.0_16.16.Reg.0.0.6_Small.final.json,/gpfs/projects/HeinzGroup/asoubki/FlexFringe/data/MLRegTest/Large/16.16.Reg.0.0.6_TestSA.txt,2025-12-29 23:18:31.089163
0.1.1.1.0.0.searchglobal.0,Small,16,16,Reg,0,0,6,TestLA,0.50894,0.513739472551792,0.33428,0.40502096105847285,0.49106,/gpfs/projects/HeinzGroup/caffeine_underground/mlrt/FlexFringe/FlexFringe/models-ps-small/0.1.1.1.0.0.searchglobal.0.ini/0.1.1.1.0.0.searchglobal.0_16.16.Reg.0.0.6_Small.final.json,/gpfs/projects/HeinzGroup/asoubki/FlexFringe/data/MLRegTest/Large/16.16.Reg.0.0.6_TestLA.txt,2025-12-29 23:18:31.089163
0.1.1.1.0.0.searchglobal.0,Small,16,16,Reg,0,0,6,TestSR,0.62139,0.7578705867357777,0.35676,0.4851435331873751,0.37861,/gpfs/projects/HeinzGroup/caffeine_underground/mlrt/FlexFringe/FlexFringe/models-ps-small/0.1.1.1.0.0.searchglobal.0.ini/0.1.1.1.0.0.searchglobal.0_16.16.Reg.0.0.6_Small.final.json,/gpfs/projects/HeinzGroup/asoubki/FlexFringe/data/MLRegTest/Large/16.16.Reg.0.0.6_TestSR.txt,2025-12-29 23:18:31.089163
0.1.1.1.0.0.searchglobal.0,Small,16,16,Reg,0,0,6,TestLR,0.58515,0.6672165272377362,0.33976,0.45024582234531746,0.41485,/gpfs/projects/HeinzGroup/caffeine_underground/mlrt/FlexFringe/FlexFringe/models-ps-small/0.1.1.1.0.0.searchglobal.0.ini/0.1.1.1.0.0.searchglobal.0_16.16.Reg.0.0.6_Small.final.json,/gpfs/projects/HeinzGroup/asoubki/FlexFringe/data/MLRegTest/Large/16.16.Reg.0.0.6_TestLR.txt,2025-12-29 23:18:31.089163
0.1.1.1.0.0.searchglobal.0,Small,16,16,Reg,0,0,6,Dev,0.6224,0.7569916855631141,0.36054,0.48844392662638525,0.3776,/gpfs/projects/HeinzGroup/caffeine_underground/mlrt/FlexFringe/FlexFringe/models-ps-small/0.1.1.1.0.0.searchglobal.0.ini/0.1.1.1.0.0.searchglobal.0_16.16.Reg.0.0.6_Small.final.json,/gpfs/projects/HeinzGroup/asoubki/FlexFringe/data/MLRegTest/Large/16.16.Reg.0.0.6_Dev.txt,2025-12-29 23:18:31.089163
0.1.1.1.0.0.searchglobal.0,Small,16,16,Reg,0,0,6,Train,0.631,0.7787234042553192,0.366,0.49795918367346936,0.369,/gpfs/projects/HeinzGroup/caffeine_underground/mlrt/FlexFringe/FlexFringe/models-ps-small/0.1.1.1.0.0.searchglobal.0.ini/0.1.1.1.0.0.searchglobal.0_16.16.Reg.0.0.6_Small.final.json,/gpfs/projects/HeinzGroup/asoubki/FlexFringe/data/MLRegTest/Small/16.16.Reg.0.0.6_Train.txt,2025-12-29 23:18:31.089163
0.1.1.1.0.0.searchglobal.0,Small,16,16,Reg,0,0,7,TestSR,0.99047,0.9954142340558777,0.98548,0.9904222068119919,0.00953,/gpfs/projects/HeinzGroup/caffeine_underground/mlrt/FlexFringe/FlexFringe/models-ps-small/0.1.1.1.0.0.searchglobal.0.ini/0.1.1.1.0.0.searchglobal.0_16.16.Reg.0.0.7_Small.final.json,/gpfs/projects/HeinzGroup/asoubki/FlexFringe/data/MLRegTest/Large/16.16.Reg.0.0.7_TestSR.txt,2025-12-29 22:48:07.116738
0.1.1.1.0.0.searchglobal.0,Small,16,16,Reg,0,0,7,TestSA,0.98747,0.992483481845184,0.98238,0.9874058960106944,0.01253,/gpfs/projects/HeinzGroup/caffeine_underground/mlrt/FlexFringe/FlexFringe/models-ps-small/0.1.1.1.0.0.searchglobal.0.ini/0.1.1.1.0.0.searchglobal.0_16.16.Reg.0.0.7_Small.final.json,/gpfs/projects/HeinzGroup/asoubki/FlexFringe/data/MLRegTest/Large/16.16.Reg.0.0.7_TestSA.txt,2025-12-29 22:48:07.116738
0.1.1.1.0.0.searchglobal.0,Small,16,16,Reg,0,0,7,TestLA,0.97932,0.9866785801315896,0.97176,0.9791624682600459,0.02068,/gpfs/projects/HeinzGroup/caffeine_underground/mlrt/FlexFringe/FlexFringe/models-ps-small/0.1.1.1.0.0.searchglobal.0.ini/0.1.1.1.0.0.searchglobal.0_16.16.Reg.0.0.7_Small.final.json,/gpfs/projects/HeinzGroup/asoubki/FlexFringe/data/MLRegTest/Large/16.16.Reg.0.0.7_TestLA.txt,2025-12-29 22:48:07.116738
0.1.1.1.0.0.searchglobal.0,Small,16,16,Reg,0,0,7,TestLR,0.98137,0.9885318773215337,0.97404,0.9812324337393091,0.01863,/gpfs/projects/HeinzGroup/caffeine_underground/mlrt/FlexFringe/FlexFringe/models-ps-small/0.1.1.1.0.0.searchglobal.0.ini/0.1.1.1.0.0.searchglobal.0_16.16.Reg.0.0.7_Small.final.json,/gpfs/projects/HeinzGroup/asoubki/FlexFringe/data/MLRegTest/Large/16.16.Reg.0.0.7_TestLR.txt,2025-12-29 22:48:07.116738
0.1.1.1.0.0.searchglobal.0,Small,16,16,Reg,0,0,7,Dev,0.98983,0.9947677824690411,0.98484,0.989778997196008,0.01017,/gpfs/projects/HeinzGroup/caffeine_underground/mlrt/FlexFringe/FlexFringe/models-ps-small/0.1.1.1.0.0.searchglobal.0.ini/0.1.1.1.0.0.searchglobal.0_16.16.Reg.0.0.7_Small.final.json,/gpfs/projects/HeinzGroup/asoubki/FlexFringe/data/MLRegTest/Large/16.16.Reg.0.0.7_Dev.txt,2025-12-29 22:48:07.116738
0.1.1.1.0.0.searchglobal.0,Small,16,16,Reg,0,0,7,Train,0.992,0.992,0.992,0.992,0.008,/gpfs/projects/HeinzGroup/caffeine_underground/mlrt/FlexFringe/FlexFringe/models-ps-small/0.1.1.1.0.0.searchglobal.0.ini/0.1.1.1.0.0.searchglobal.0_16.16.Reg.0.0.7_Small.final.json,/gpfs/projects/HeinzGroup/asoubki/FlexFringe/data/MLRegTest/Small/16.16.Reg.0.0.7_Train.txt,2025-12-29 22:48:07.116738
0.1.1.1.0.0.searchglobal.0,Small,16,16,Reg,0,0,8,TestSA,0.94894,0.9465287447781977,0.95164,0.9490774907749078,0.05106,/gpfs/projects/HeinzGroup/caffeine_underground/mlrt/FlexFringe/FlexFringe/models-ps-small/0.1.1.1.0.0.searchglobal.0.ini/0.1.1.1.0.0.searchglobal.0_16.16.Reg.0.0.8_Small.final.json,/gpfs/projects/HeinzGroup/asoubki/FlexFringe/data/MLRegTest/Large/16.16.Reg.0.0.8_TestSA.txt,2025-12-29 22:35:53.770232
0.1.1.1.0.0.searchglobal.0,Small,16,16,Reg,0,0,8,TestLR,0.9132,0.9028075648274517,0.9261,0.9143054595715273,0.0868,/gpfs/projects/HeinzGroup/caffeine_underground/mlrt/FlexFringe/FlexFringe/models-ps-small/0.1.1.1.0.0.searchglobal.0.ini/0.1.1.1.0.0.searchglobal.0_16.16.Reg.0.0.8_Small.final.json,/gpfs/projects/HeinzGroup/asoubki/FlexFringe/data/MLRegTest/Large/16.16.Reg.0.0.8_TestLR.txt,2025-12-29 22:35:53.770232
0.1.1.1.0.0.searchglobal.0,Small,16,16,Reg,0,0,8,TestSR,0.954,0.9569243156199678,0.9508,0.9538523274478331,0.046,/gpfs/projects/HeinzGroup/caffeine_underground/mlrt/FlexFringe/FlexFringe/models-ps-small/0.1.1.1.0.0.searchglobal.0.ini/0.1.1.1.0.0.searchglobal.0_16.16.Reg.0.0.8_Small.final.json,/gpfs/projects/HeinzGroup/asoubki/FlexFringe/data/MLRegTest/Large/16.16.Reg.0.0.8_TestSR.txt,2025-12-29 22:35:53.770232
0.1.1.1.0.0.searchglobal.0,Small,16,16,Reg,0,0,8,TestLA,0.91682,0.9100460394286389,0.92508,0.9175014381211195,0.08318,/gpfs/projects/HeinzGroup/caffeine_underground/mlrt/FlexFringe/FlexFringe/models-ps-small/0.1.1.1.0.0.searchglobal.0.ini/0.1.1.1.0.0.searchglobal.0_16.16.Reg.0.0.8_Small.final.json,/gpfs/projects/HeinzGroup/asoubki/FlexFringe/data/MLRegTest/Large/16.16.Reg.0.0.8_TestLA.txt,2025-12-29 22:35:53.770232
0.1.1.1.0.0.searchglobal.0,Small,16,16,Reg,0,0,8,Dev,0.95199,0.9554606098470344,0.94818,0.9518063823166264,0.04801,/gpfs/projects/HeinzGroup/caffeine_underground/mlrt/FlexFringe/FlexFringe/models-ps-small/0.1.1.1.0.0.searchglobal.0.ini/0.1.1.1.0.0.searchglobal.0_16.16.Reg.0.0.8_Small.final.json,/gpfs/projects/HeinzGroup/asoubki/FlexFringe/data/MLRegTest/Large/16.16.Reg.0.0.8_Dev.txt,2025-12-29 22:35:53.770232
0.1.1.1.0.0.searchglobal.0,Small,16,16,Reg,0,0,8,Train,0.956,0.956,0.956,0.956,0.044,/gpfs/projects/HeinzGroup/caffeine_underground/mlrt/FlexFringe/FlexFringe/models-ps-small/0.1.1.1.0.0.searchglobal.0.ini/0.1.1.1.0.0.searchglobal.0_16.16.Reg.0.0.8_Small.final.json,/gpfs/projects/HeinzGroup/asoubki/FlexFringe/data/MLRegTest/Small/16.16.Reg.0.0.8_Train.txt,2025-12-29 22:35:53.770232
0.1.1.1.0.0.searchglobal.0,Small,16,16,Reg,0,0,9,TestSR,0.5297,0.5402199230810899,0.39892,0.45894019925910584,0.4703,/gpfs/projects/HeinzGroup/caffeine_underground/mlrt/FlexFringe/FlexFringe/models-ps-small/0.1.1.1.0.0.searchglobal.0.ini/0.1.1.1.0.0.searchglobal.0_16.16.Reg.0.0.9_Small.final.json,/gpfs/projects/HeinzGroup/asoubki/FlexFringe/data/MLRegTest/Large/16.16.Reg.0.0.9_TestSR.txt,2025-12-29 23:32:13.566999
0.1.1.1.0.0.searchglobal.0,Small,16,16,Reg,0,0,9,TestLA,0.50525,0.5077162761985949,0.34544,0.4111450981325653,0.49475,/gpfs/projects/HeinzGroup/caffeine_underground/mlrt/FlexFringe/FlexFringe/models-ps-small/0.1.1.1.0.0.searchglobal.0.ini/0.1.1.1.0.0.searchglobal.0_16.16.Reg.0.0.9_Small.final.json,/gpfs/projects/HeinzGroup/asoubki/FlexFringe/data/MLRegTest/Large/16.16.Reg.0.0.9_TestLA.txt,2025-12-29 23:32:13.566999
0.1.1.1.0.0.searchglobal.0,Small,16,16,Reg,0,0,9,TestSA,0.55158,0.5685867772990798,0.4276,0.48811670966416293,0.44842,/gpfs/projects/HeinzGroup/caffeine_underground/mlrt/FlexFringe/FlexFringe/models-ps-small/0.1.1.1.0.0.searchglobal.0.ini/0.1.1.1.0.0.searchglobal.0_16.16.Reg.0.0.9_Small.final.json,/gpfs/projects/HeinzGroup/asoubki/FlexFringe/data/MLRegTest/Large/16.16.Reg.0.0.9_TestSA.txt,2025-12-29 23:32:13.566999
0.1.1.1.0.0.searchglobal.0,Small,16,16,Reg,0,0,9,TestLR,0.50046,0.500671101774043,0.34318,0.4072289728498196,0.49954,/gpfs/projects/HeinzGroup/caffeine_underground/mlrt/FlexFringe/FlexFringe/models-ps-small/0.1.1.1.0.0.searchglobal.0.ini/0.1.1.1.0.0.searchglobal.0_16.16.Reg.0.0.9_Small.final.json,/gpfs/projects/HeinzGroup/asoubki/FlexFringe/data/MLRegTest/Large/16.16.Reg.0.0.9_TestLR.txt,2025-12-29 23:32:13.566999
0.1.1.1.0.0.searchglobal.0,Small,16,16,Reg,0,0,9,Dev,0.52577,0.5350297691868526,0.3936,0.45354504914557,0.47423,/gpfs/projects/HeinzGroup/caffeine_underground/mlrt/FlexFringe/FlexFringe/models-ps-small/0.1.1.1.0.0.searchglobal.0.ini/0.1.1.1.0.0.searchglobal.0_16.16.Reg.0.0.9_Small.final.json,/gpfs/projects/HeinzGroup/asoubki/FlexFringe/data/MLRegTest/Large/16.16.Reg.0.0.9_Dev.txt,2025-12-29 23:32:13.566999
0.1.1.1.0.0.searchglobal.0,Small,16,16,Reg,0,0,9,Train,0.538,0.5519125683060109,0.404,0.4665127020785219,0.462,/gpfs/projects/HeinzGroup/caffeine_underground/mlrt/FlexFringe/FlexFringe/models-ps-small/0.1.1.1.0.0.searchglobal.0.ini/0.1.1.1.0.0.searchglobal.0_16.16.Reg.0.0.9_Small.final.json,/gpfs/projects/HeinzGroup/asoubki/FlexFringe/data/MLRegTest/Small/16.16.Reg.0.0.9_Train.txt,2025-12-29 23:32:13.566999
0.1.1.1.0.0.searchglobal.0,Small,16,16,SF,0,0,0,TestLA,0.97906,0.9921512225190056,0.96576,0.9787777439951353,0.02094,/gpfs/projects/HeinzGroup/caffeine_underground/mlrt/FlexFringe/FlexFringe/models-ps-small/0.1.1.1.0.0.searchglobal.0.ini/0.1.1.1.0.0.searchglobal.0_16.16.SF.0.0.0_Small.final.json,/gpfs/projects/HeinzGroup/asoubki/FlexFringe/data/MLRegTest/Large/16.16.SF.0.0.0_TestLA.txt,2025-12-29 22:11:13.623227
0.1.1.1.0.0.searchglobal.0,Small,16,16,SF,0,0,0,TestLR,0.98647,0.9962257992125181,0.97664,0.9863356797317633,0.01353,/gpfs/projects/HeinzGroup/caffeine_underground/mlrt/FlexFringe/FlexFringe/models-ps-small/0.1.1.1.0.0.searchglobal.0.ini/0.1.1.1.0.0.searchglobal.0_16.16.SF.0.0.0_Small.final.json,/gpfs/projects/HeinzGroup/asoubki/FlexFringe/data/MLRegTest/Large/16.16.SF.0.0.0_TestLR.txt,2025-12-29 22:11:13.623227
0.1.1.1.0.0.searchglobal.0,Small,16,16,SF,0,0,0,TestSA,0.98867,0.9970704913030211,0.98022,0.9885734456154506,0.01133,/gpfs/projects/HeinzGroup/caffeine_underground/mlrt/FlexFringe/FlexFringe/models-ps-small/0.1.1.1.0.0.searchglobal.0.ini/0.1.1.1.0.0.searchglobal.0_16.16.SF.0.0.0_Small.final.json,/gpfs/projects/HeinzGroup/asoubki/FlexFringe/data/MLRegTest/Large/16.16.SF.0.0.0_TestSA.txt,2025-12-29 22:11:13.623227
0.1.1.1.0.0.searchglobal.0,Small,16,16,SF,0,0,0,TestSR,0.99145,0.9989441409977867,0.98394,0.9913853036302632,0.00855,/gpfs/projects/HeinzGroup/caffeine_underground/mlrt/FlexFringe/FlexFringe/models-ps-small/0.1.1.1.0.0.searchglobal.0.ini/0.1.1.1.0.0.searchglobal.0_16.16.SF.0.0.0_Small.final.json,/gpfs/projects/HeinzGroup/asoubki/FlexFringe/data/MLRegTest/Large/16.16.SF.0.0.0_TestSR.txt,2025-12-29 22:11:13.623227
0.1.1.1.0.0.searchglobal.0,Small,16,16,SF,0,0,0,Dev,0.99145,0.9987213573907573,0.98416,0.9913872127811748,0.00855,/gpfs/projects/HeinzGroup/caffeine_underground/mlrt/FlexFringe/FlexFringe/models-ps-small/0.1.1.1.0.0.searchglobal.0.ini/0.1.1.1.0.0.searchglobal.0_16.16.SF.0.0.0_Small.final.json,/gpfs/projects/HeinzGroup/asoubki/FlexFringe/data/MLRegTest/Large/16.16.SF.0.0.0_Dev.txt,2025-12-29 22:11:13.623227
0.1.1.1.0.0.searchglobal.0,Small,16,16,SF,0,0,0,Train,0.986,0.9919028340080972,0.98,0.9859154929577465,0.014,/gpfs/projects/HeinzGroup/caffeine_underground/mlrt/FlexFringe/FlexFringe/models-ps-small/0.1.1.1.0.0.searchglobal.0.ini/0.1.1.1.0.0.searchglobal.0_16.16.SF.0.0.0_Small.final.json,/gpfs/projects/HeinzGroup/asoubki/FlexFringe/data/MLRegTest/Small/16.16.SF.0.0.0_Train.txt,2025-12-29 22:11:13.623227
0.1.1.1.0.0.searchglobal.0,Small,16,16,SF,0,0,1,TestSR,0.5011,0.5854037267080745,0.00754,0.014888239475554853,0.4989,/gpfs/projects/HeinzGroup/caffeine_underground/mlrt/FlexFringe/FlexFringe/models-ps-small/0.1.1.1.0.0.searchglobal.0.ini/0.1.1.1.0.0.searchglobal.0_16.16.SF.0.0.1_Small.final.json,/gpfs/projects/HeinzGroup/asoubki/FlexFringe/data/MLRegTest/Large/16.16.SF.0.0.1_TestSR.txt,2025-12-29 23:02:13.880727
0.1.1.1.0.0.searchglobal.0,Small,16,16,SF,0,0,1,TestLR,0.50175,0.5851996105160662,0.01202,0.02355615654457444,0.49825,/gpfs/projects/HeinzGroup/caffeine_underground/mlrt/FlexFringe/FlexFringe/models-ps-small/0.1.1.1.0.0.searchglobal.0.ini/0.1.1.1.0.0.searchglobal.0_16.16.SF.0.0.1_Small.final.json,/gpfs/projects/HeinzGroup/asoubki/FlexFringe/data/MLRegTest/Large/16.16.SF.0.0.1_TestLR.txt,2025-12-29 23:02:13.880727
0.1.1.1.0.0.searchglobal.0,Small,16,16,SF,0,0,1,TestLA,0.5002,0.5090252707581228,0.01128,0.022070908664005635,0.4998,/gpfs/projects/HeinzGroup/caffeine_underground/mlrt/FlexFringe/FlexFringe/models-ps-small/0.1.1.1.0.0.searchglobal.0.ini/0.1.1.1.0.0.searchglobal.0_16.16.SF.0.0.1_Small.final.json,/gpfs/projects/HeinzGroup/asoubki/FlexFringe/data/MLRegTest/Large/16.16.SF.0.0.1_TestLA.txt,2025-12-29 23:02:13.880727
0.1.1.1.0.0.searchglobal.0,Small,16,16,SF,0,0,1,TestSA,0.50004,0.5027472527472527,0.00732,0.014429900646585713,0.49996,/gpfs/projects/HeinzGroup/caffeine_underground/mlrt/FlexFringe/FlexFringe/models-ps-small/0.1.1.1.0.0.searchglobal.0.ini/0.1.1.1.0.0.searchglobal.0_16.16.SF.0.0.1_Small.final.json,/gpfs/projects/HeinzGroup/asoubki/FlexFringe/data/MLRegTest/Large/16.16.SF.0.0.1_TestSA.txt,2025-12-29 23:02:13.880727
0.1.1.1.0.0.searchglobal.0,Small,16,16,SF,0,0,1,Dev,0.50134,0.6063492063492063,0.00764,0.015089867667390875,0.49866,/gpfs/projects/HeinzGroup/caffeine_underground/mlrt/FlexFringe/FlexFringe/models-ps-small/0.1.1.1.0.0.searchglobal.0.ini/0.1.1.1.0.0.searchglobal.0_16.16.SF.0.0.1_Small.final.json,/gpfs/projects/HeinzGroup/asoubki/FlexFringe/data/MLRegTest/Large/16.16.SF.0.0.1_Dev.txt,2025-12-29 23:02:13.880727
0.1.1.1.0.0.searchglobal.0,Small,16,16,SF,0,0,1,Train,0.505,0.7777777777777778,0.014,0.0275049115913556,0.495,/gpfs/projects/HeinzGroup/caffeine_underground/mlrt/FlexFringe/FlexFringe/models-ps-small/0.1.1.1.0.0.searchglobal.0.ini/0.1.1.1.0.0.searchglobal.0_16.16.SF.0.0.1_Small.final.json,/gpfs/projects/HeinzGroup/asoubki/FlexFringe/data/MLRegTest/Small/16.16.SF.0.0.1_Train.txt,2025-12-29 23:02:13.880727
0.1.1.1.0.0.searchglobal.0,Small,16,16,SF,0,0,2,TestSA,0.80317,0.7861876262578587,0.83284,0.8088416677187837,0.19683,/gpfs/projects/HeinzGroup/caffeine_underground/mlrt/FlexFringe/FlexFringe/models-ps-small/0.1.1.1.0.0.searchglobal.0.ini/0.1.1.1.0.0.searchglobal.0_16.16.SF.0.0.2_Small.final.json,/gpfs/projects/HeinzGroup/asoubki/FlexFringe/data/MLRegTest/Large/16.16.SF.0.0.2_TestSA.txt,2025-12-29 22:05:55.969303
0.1.1.1.0.0.searchglobal.0,Small,16,16,SF,0,0,2,TestLA,0.69455,0.6823780865065526,0.72792,0.7044137143520713,0.30545,/gpfs/projects/HeinzGroup/caffeine_underground/mlrt/FlexFringe/FlexFringe/models-ps-small/0.1.1.1.0.0.searchglobal.0.ini/0.1.1.1.0.0.searchglobal.0_16.16.SF.0.0.2_Small.final.json,/gpfs/projects/HeinzGroup/asoubki/FlexFringe/data/MLRegTest/Large/16.16.SF.0.0.2_TestLA.txt,2025-12-29 22:05:55.969303
0.1.1.1.0.0.searchglobal.0,Small,16,16,SF,0,0,2,TestSR,0.75398,0.7143725311455484,0.84636,0.7747853311118842,0.24602,/gpfs/projects/HeinzGroup/caffeine_underground/mlrt/FlexFringe/FlexFringe/models-ps-small/0.1.1.1.0.0.searchglobal.0.ini/0.1.1.1.0.0.searchglobal.0_16.16.SF.0.0.2_Small.final.json,/gpfs/projects/HeinzGroup/asoubki/FlexFringe/data/MLRegTest/Large/16.16.SF.0.0.2_TestSR.txt,2025-12-29 22:05:55.969303
0.1.1.1.0.0.searchglobal.0,Small,16,16,SF,0,0,2,TestLR,0.6708,0.6492746023422479,0.7429,0.6929390915026583,0.3292,/gpfs/projects/HeinzGroup/caffeine_underground/mlrt/FlexFringe/FlexFringe/models-ps-small/0.1.1.1.0.0.searchglobal.0.ini/0.1.1.1.0.0.searchglobal.0_16.16.SF.0.0.2_Small.final.json,/gpfs/projects/HeinzGroup/asoubki/FlexFringe/data/MLRegTest/Large/16.16.SF.0.0.2_TestLR.txt,2025-12-29 22:05:55.969303
0.1.1.1.0.0.searchglobal.0,Small,16,16,SF,0,0,2,Dev,0.75126,0.7122558626748665,0.84314,0.7721910832692237,0.24874,/gpfs/projects/HeinzGroup/caffeine_underground/mlrt/FlexFringe/FlexFringe/models-ps-small/0.1.1.1.0.0.searchglobal.0.ini/0.1.1.1.0.0.searchglobal.0_16.16.SF.0.0.2_Small.final.json,/gpfs/projects/HeinzGroup/asoubki/FlexFringe/data/MLRegTest/Large/16.16.SF.0.0.2_Dev.txt,2025-12-29 22:05:55.969303
0.1.1.1.0.0.searchglobal.0,Small,16,16,SF,0,0,2,Train,0.769,0.7314974182444062,0.85,0.786308973172988,0.231,/gpfs/projects/HeinzGroup/caffeine_underground/mlrt/FlexFringe/FlexFringe/models-ps-small/0.1.1.1.0.0.searchglobal.0.ini/0.1.1.1.0.0.searchglobal.0_16.16.SF.0.0.2_Small.final.json,/gpfs/projects/HeinzGroup/asoubki/FlexFringe/data/MLRegTest/Small/16.16.SF.0.0.2_Train.txt,2025-12-29 22:05:55.969303
0.1.1.1.0.0.searchglobal.0,Small,16,16,SF,0,0,3,TestSR,1.0,1.0,1.0,1.0,0.0,/gpfs/projects/HeinzGroup/caffeine_underground/mlrt/FlexFringe/FlexFringe/models-ps-small/0.1.1.1.0.0.searchglobal.0.ini/0.1.1.1.0.0.searchglobal.0_16.16.SF.0.0.3_Small.final.json,/gpfs/projects/HeinzGroup/asoubki/FlexFringe/data/MLRegTest/Large/16.16.SF.0.0.3_TestSR.txt,2025-12-29 22:06:17.097829
0.1.1.1.0.0.searchglobal.0,Small,16,16,SF,0,0,3,TestSA,1.0,1.0,1.0,1.0,0.0,/gpfs/projects/HeinzGroup/caffeine_underground/mlrt/FlexFringe/FlexFringe/models-ps-small/0.1.1.1.0.0.searchglobal.0.ini/0.1.1.1.0.0.searchglobal.0_16.16.SF.0.0.3_Small.final.json,/gpfs/projects/HeinzGroup/asoubki/FlexFringe/data/MLRegTest/Large/16.16.SF.0.0.3_TestSA.txt,2025-12-29 22:06:17.097829
0.1.1.1.0.0.searchglobal.0,Small,16,16,SF,0,0,3,TestLA,1.0,1.0,1.0,1.0,0.0,/gpfs/projects/HeinzGroup/caffeine_underground/mlrt/FlexFringe/FlexFringe/models-ps-small/0.1.1.1.0.0.searchglobal.0.ini/0.1.1.1.0.0.searchglobal.0_16.16.SF.0.0.3_Small.final.json,/gpfs/projects/HeinzGroup/asoubki/FlexFringe/data/MLRegTest/Large/16.16.SF.0.0.3_TestLA.txt,2025-12-29 22:06:17.097829
0.1.1.1.0.0.searchglobal.0,Small,16,16,SF,0,0,3,TestLR,1.0,1.0,1.0,1.0,0.0,/gpfs/projects/HeinzGroup/caffeine_underground/mlrt/FlexFringe/FlexFringe/models-ps-small/0.1.1.1.0.0.searchglobal.0.ini/0.1.1.1.0.0.searchglobal.0_16.16.SF.0.0.3_Small.final.json,/gpfs/projects/HeinzGroup/asoubki/FlexFringe/data/MLRegTest/Large/16.16.SF.0.0.3_TestLR.txt,2025-12-29 22:06:17.097829
0.1.1.1.0.0.searchglobal.0,Small,16,16,SF,0,0,3,Dev,1.0,1.0,1.0,1.0,0.0,/gpfs/projects/HeinzGroup/caffeine_underground/mlrt/FlexFringe/FlexFringe/models-ps-small/0.1.1.1.0.0.searchglobal.0.ini/0.1.1.1.0.0.searchglobal.0_16.16.SF.0.0.3_Small.final.json,/gpfs/projects/HeinzGroup/asoubki/FlexFringe/data/MLRegTest/Large/16.16.SF.0.0.3_Dev.txt,2025-12-29 22:06:17.097829
0.1.1.1.0.0.searchglobal.0,Small,16,16,SF,0,0,3,Train,1.0,1.0,1.0,1.0,0.0,/gpfs/projects/HeinzGroup/caffeine_underground/mlrt/FlexFringe/FlexFringe/models-ps-small/0.1.1.1.0.0.searchglobal.0.ini/0.1.1.1.0.0.searchglobal.0_16.16.SF.0.0.3_Small.final.json,/gpfs/projects/HeinzGroup/asoubki/FlexFringe/data/MLRegTest/Small/16.16.SF.0.0.3_Train.txt,2025-12-29 22:06:17.097829
0.1.1.1.0.0.searchglobal.0,Small,16,16,SF,0,0,4,TestLA,0.51973,0.5190205340788586,0.53838,0.5285230452068915,0.48027,/gpfs/projects/HeinzGroup/caffeine_underground/mlrt/FlexFringe/FlexFringe/models-ps-small/0.1.1.1.0.0.searchglobal.0.ini/0.1.1.1.0.0.searchglobal.0_16.16.SF.0.0.4_Small.final.json,/gpfs/projects/HeinzGroup/asoubki/FlexFringe/data/MLRegTest/Large/16.16.SF.0.0.4_TestLA.txt,2025-12-29 22:36:17.648336
0.1.1.1.0.0.searchglobal.0,Small,16,16,SF,0,0,4,TestLR,0.51629,0.5155412238356007,0.54038,0.5276684666386743,0.48371,/gpfs/projects/HeinzGroup/caffeine_underground/mlrt/FlexFringe/FlexFringe/models-ps-small/0.1.1.1.0.0.searchglobal.0.ini/0.1.1.1.0.0.searchglobal.0_16.16.SF.0.0.4_Small.final.json,/gpfs/projects/HeinzGroup/asoubki/FlexFringe/data/MLRegTest/Large/16.16.SF.0.0.4_TestLR.txt,2025-12-29 22:36:17.648336
0.1.1.1.0.0.searchglobal.0,Small,16,16,SF,0,0,4,TestSR,0.54837,0.5448626388914652,0.58746,0.5653600746807302,0.45163,/gpfs/projects/HeinzGroup/caffeine_underground/mlrt/FlexFringe/FlexFringe/models-ps-small/0.1.1.1.0.0.searchglobal.0.ini/0.1.1.1.0.0.searchglobal.0_16.16.SF.0.0.4_Small.final.json,/gpfs/projects/HeinzGroup/asoubki/FlexFringe/data/MLRegTest/Large/16.16.SF.0.0.4_TestSR.txt,2025-12-29 22:36:17.648336
0.1.1.1.0.0.searchglobal.0,Small,16,16,SF,0,0,4,TestSA,0.57049,0.5651876375608041,0.61116,0.5872755052033786,0.42951,/gpfs/projects/HeinzGroup/caffeine_underground/mlrt/FlexFringe/FlexFringe/models-ps-small/0.1.1.1.0.0.searchglobal.0.ini/0.1.1.1.0.0.searchglobal.0_16.16.SF.0.0.4_Small.final.json,/gpfs/projects/HeinzGroup/asoubki/FlexFringe/data/MLRegTest/Large/16.16.SF.0.0.4_TestSA.txt,2025-12-29 22:36:17.648336
0.1.1.1.0.0.searchglobal.0,Small,16,16,SF,0,0,4,Dev,0.54828,0.5446260213702074,0.58922,0.5660460737410418,0.45172,/gpfs/projects/HeinzGroup/caffeine_underground/mlrt/FlexFringe/FlexFringe/models-ps-small/0.1.1.1.0.0.searchglobal.0.ini/0.1.1.1.0.0.searchglobal.0_16.16.SF.0.0.4_Small.final.json,/gpfs/projects/HeinzGroup/asoubki/FlexFringe/data/MLRegTest/Large/16.16.SF.0.0.4_Dev.txt,2025-12-29 22:36:17.648336
0.1.1.1.0.0.searchglobal.0,Small,16,16,SF,0,0,4,Train,0.533,0.5310734463276836,0.564,0.5470417070805044,0.467,/gpfs/projects/HeinzGroup/caffeine_underground/mlrt/FlexFringe/FlexFringe/models-ps-small/0.1.1.1.0.0.searchglobal.0.ini/0.1.1.1.0.0.searchglobal.0_16.16.SF.0.0.4_Small.final.json,/gpfs/projects/HeinzGroup/asoubki/FlexFringe/data/MLRegTest/Small/16.16.SF.0.0.4_Train.txt,2025-12-29 22:36:17.648336
0.1.1.1.0.0.searchglobal.0,Small,16,16,SF,0,0,5,TestSR,0.49997,0.4997580254879819,0.06196,0.11025107208313316,0.50003,/gpfs/projects/HeinzGroup/caffeine_underground/mlrt/FlexFringe/FlexFringe/models-ps-small/0.1.1.1.0.0.searchglobal.0.ini/0.1.1.1.0.0.searchglobal.0_16.16.SF.0.0.5_Small.final.json,/gpfs/projects/HeinzGroup/asoubki/FlexFringe/data/MLRegTest/Large/16.16.SF.0.0.5_TestSR.txt,2025-12-29 22:37:59.223347
0.1.1.1.0.0.searchglobal.0,Small,16,16,SF,0,0,5,TestLA,0.50001,0.5000795291872117,0.06288,0.11171318421660419,0.49999,/gpfs/projects/HeinzGroup/caffeine_underground/mlrt/FlexFringe/FlexFringe/models-ps-small/0.1.1.1.0.0.searchglobal.0.ini/0.1.1.1.0.0.searchglobal.0_16.16.SF.0.0.5_Small.final.json,/gpfs/projects/HeinzGroup/asoubki/FlexFringe/data/MLRegTest/Large/16.16.SF.0.0.5_TestLA.txt,2025-12-29 22:37:59.223347
0.1.1.1.0.0.searchglobal.0,Small,16,16,SF,0,0,5,TestSA,0.5,0.5,0.06282,0.11161650261184748,0.5,/gpfs/projects/HeinzGroup/caffeine_underground/mlrt/FlexFringe/FlexFringe/models-ps-small/0.1.1.1.0.0.searchglobal.0.ini/0.1.1.1.0.0.searchglobal.0_16.16.SF.0.0.5_Small.final.json,/gpfs/projects/HeinzGroup/asoubki/FlexFringe/data/MLRegTest/Large/16.16.SF.0.0.5_TestSA.txt,2025-12-29 22:37:59.223347
0.1.1.1.0.0.searchglobal.0,Small,16,16,SF,0,0,5,TestLR,0.5017,0.5136743886743886,0.06386,0.11359755229827807,0.4983,/gpfs/projects/HeinzGroup/caffeine_underground/mlrt/FlexFringe/FlexFringe/models-ps-small/0.1.1.1.0.0.searchglobal.0.ini/0.1.1.1.0.0.searchglobal.0_16.16.SF.0.0.5_Small.final.json,/gpfs/projects/HeinzGroup/asoubki/FlexFringe/data/MLRegTest/Large/16.16.SF.0.0.5_TestLR.txt,2025-12-29 22:37:59.223347
0.1.1.1.0.0.searchglobal.0,Small,16,16,SF,0,0,5,Dev,0.49868,0.4892262487757101,0.05994,0.10679542458040836,0.50132,/gpfs/projects/HeinzGroup/caffeine_underground/mlrt/FlexFringe/FlexFringe/models-ps-small/0.1.1.1.0.0.searchglobal.0.ini/0.1.1.1.0.0.searchglobal.0_16.16.SF.0.0.5_Small.final.json,/gpfs/projects/HeinzGroup/asoubki/FlexFringe/data/MLRegTest/Large/16.16.SF.0.0.5_Dev.txt,2025-12-29 22:37:59.223347
0.1.1.1.0.0.searchglobal.0,Small,16,16,SF,0,0,5,Train,0.497,0.47540983606557374,0.058,0.10338680926916222,0.503,/gpfs/projects/HeinzGroup/caffeine_underground/mlrt/FlexFringe/FlexFringe/models-ps-small/0.1.1.1.0.0.searchglobal.0.ini/0.1.1.1.0.0.searchglobal.0_16.16.SF.0.0.5_Small.final.json,/gpfs/projects/HeinzGroup/asoubki/FlexFringe/data/MLRegTest/Small/16.16.SF.0.0.5_Train.txt,2025-12-29 22:37:59.223347
0.1.1.1.0.0.searchglobal.0,Small,16,16,SF,0,0,6,TestSR,0.50129,0.6153846153846154,0.00688,0.013607864079590182,0.49871,/gpfs/projects/HeinzGroup/caffeine_underground/mlrt/FlexFringe/FlexFringe/models-ps-small/0.1.1.1.0.0.searchglobal.0.ini/0.1.1.1.0.0.searchglobal.0_16.16.SF.0.0.6_Small.final.json,/gpfs/projects/HeinzGroup/asoubki/FlexFringe/data/MLRegTest/Large/16.16.SF.0.0.6_TestSR.txt,2025-12-29 23:33:14.633681
0.1.1.1.0.0.searchglobal.0,Small,16,16,SF,0,0,6,TestLA,0.50006,0.5029239766081871,0.01032,0.020224983341825736,0.49994,/gpfs/projects/HeinzGroup/caffeine_underground/mlrt/FlexFringe/FlexFringe/models-ps-small/0.1.1.1.0.0.searchglobal.0.ini/0.1.1.1.0.0.searchglobal.0_16.16.SF.0.0.6_Small.final.json,/gpfs/projects/HeinzGroup/asoubki/FlexFringe/data/MLRegTest/Large/16.16.SF.0.0.6_TestLA.txt,2025-12-29 23:33:14.633681
0.1.1.1.0.0.searchglobal.0,Small,16,16,SF,0,0,6,TestSA,0.50004,0.5031645569620253,0.00636,0.012561226102069837,0.49996,/gpfs/projects/HeinzGroup/caffeine_underground/mlrt/FlexFringe/FlexFringe/models-ps-small/0.1.1.1.0.0.searchglobal.0.ini/0.1.1.1.0.0.searchglobal.0_16.16.SF.0.0.6_Small.final.json,/gpfs/projects/HeinzGroup/asoubki/FlexFringe/data/MLRegTest/Large/16.16.SF.0.0.6_TestSA.txt,2025-12-29 23:33:14.633681
0.1.1.1.0.0.searchglobal.0,Small,16,16,SF,0,0,6,TestLR,0.50069,0.5374592833876222,0.0099,0.019441880560083266,0.49931,/gpfs/projects/HeinzGroup/caffeine_underground/mlrt/FlexFringe/FlexFringe/models-ps-small/0.1.1.1.0.0.searchglobal.0.ini/0.1.1.1.0.0.searchglobal.0_16.16.SF.0.0.6_Small.final.json,/gpfs/projects/HeinzGroup/asoubki/FlexFringe/data/MLRegTest/Large/16.16.SF.0.0.6_TestLR.txt,2025-12-29 23:33:14.633681
0.1.1.1.0.0.searchglobal.0,Small,16,16,SF,0,0,6,Dev,0.50149,0.6352087114337568,0.007,0.013847401633993393,0.49851,/gpfs/projects/HeinzGroup/caffeine_underground/mlrt/FlexFringe/FlexFringe/models-ps-small/0.1.1.1.0.0.searchglobal.0.ini/0.1.1.1.0.0.searchglobal.0_16.16.SF.0.0.6_Small.final.json,/gpfs/projects/HeinzGroup/asoubki/FlexFringe/data/MLRegTest/Large/16.16.SF.0.0.6_Dev.txt,2025-12-29 23:33:14.633681
0.1.1.1.0.0.searchglobal.0,Small,16,16,SF,0,0,6,Train,0.501,0.5714285714285714,0.008,0.015779092702169626,0.499,/gpfs/projects/HeinzGroup/caffeine_underground/mlrt/FlexFringe/FlexFringe/models-ps-small/0.1.1.1.0.0.searchglobal.0.ini/0.1.1.1.0.0.searchglobal.0_16.16.SF.0.0.6_Small.final.json,/gpfs/projects/HeinzGroup/asoubki/FlexFringe/data/MLRegTest/Small/16.16.SF.0.0.6_Train.txt,2025-12-29 23:33:14.633681
0.1.1.1.0.0.searchglobal.0,Small,16,16,SF,0,0,7,TestSR,0.47468,0.2043437645959832,0.0175,0.032239047934858704,0.52532,/gpfs/projects/HeinzGroup/caffeine_underground/mlrt/FlexFringe/FlexFringe/models-ps-small/0.1.1.1.0.0.searchglobal.0.ini/0.1.1.1.0.0.searchglobal.0_16.16.SF.0.0.7_Small.final.json,/gpfs/projects/HeinzGroup/asoubki/FlexFringe/data/MLRegTest/Large/16.16.SF.0.0.7_TestSR.txt,2025-12-29 23:18:50.642739
0.1.1.1.0.0.searchglobal.0,Small,16,16,SF,0,0,7,TestLA,0.49678,0.44170890658942796,0.0244,0.04624540388916266,0.50322,/gpfs/projects/HeinzGroup/caffeine_underground/mlrt/FlexFringe/FlexFringe/models-ps-small/0.1.1.1.0.0.searchglobal.0.ini/0.1.1.1.0.0.searchglobal.0_16.16.SF.0.0.7_Small.final.json,/gpfs/projects/HeinzGroup/asoubki/FlexFringe/data/MLRegTest/Large/16.16.SF.0.0.7_TestLA.txt,2025-12-29 23:18:50.642739
0.1.1.1.0.0.searchglobal.0,Small,16,16,SF,0,0,7,TestSA,0.49386,0.38484621155288823,0.02052,0.03896251851289257,0.50614,/gpfs/projects/HeinzGroup/caffeine_underground/mlrt/FlexFringe/FlexFringe/models-ps-small/0.1.1.1.0.0.searchglobal.0.ini/0.1.1.1.0.0.searchglobal.0_16.16.SF.0.0.7_Small.final.json,/gpfs/projects/HeinzGroup/asoubki/FlexFringe/data/MLRegTest/Large/16.16.SF.0.0.7_TestSA.txt,2025-12-29 23:18:50.642739
0.1.1.1.0.0.searchglobal.0,Small,16,16,SF,0,0,7,TestLR,0.47556,0.23295454545454544,0.02132,0.0390647903840516,0.52444,/gpfs/projects/HeinzGroup/caffeine_underground/mlrt/FlexFringe/FlexFringe/models-ps-small/0.1.1.1.0.0.searchglobal.0.ini/0.1.1.1.0.0.searchglobal.0_16.16.SF.0.0.7_Small.final.json,/gpfs/projects/HeinzGroup/asoubki/FlexFringe/data/MLRegTest/Large/16.16.SF.0.0.7_TestLR.txt,2025-12-29 23:18:50.642739
0.1.1.1.0.0.searchglobal.0,Small,16,16,SF,0,0,7,Dev,0.47494,0.21142330723169048,0.01836,0.03378602186154356,0.52506,/gpfs/projects/HeinzGroup/caffeine_underground/mlrt/FlexFringe/FlexFringe/models-ps-small/0.1.1.1.0.0.searchglobal.0.ini/0.1.1.1.0.0.searchglobal.0_16.16.SF.0.0.7_Small.final.json,/gpfs/projects/HeinzGroup/asoubki/FlexFringe/data/MLRegTest/Large/16.16.SF.0.0.7_Dev.txt,2025-12-29 23:18:50.642739
0.1.1.1.0.0.searchglobal.0,Small,16,16,SF,0,0,7,Train,0.471,0.20408163265306123,0.02,0.03642987249544627,0.529,/gpfs/projects/HeinzGroup/caffeine_underground/mlrt/FlexFringe/FlexFringe/models-ps-small/0.1.1.1.0.0.searchglobal.0.ini/0.1.1.1.0.0.searchglobal.0_16.16.SF.0.0.7_Small.final.json,/gpfs/projects/HeinzGroup/asoubki/FlexFringe/data/MLRegTest/Small/16.16.SF.0.0.7_Train.txt,2025-12-29 23:18:50.642739
0.1.1.1.0.0.searchglobal.0,Small,16,16,SF,0,0,8,TestLA,0.50209,0.517100310914744,0.0632,0.11263388640373545,0.49791,/gpfs/projects/HeinzGroup/caffeine_underground/mlrt/FlexFringe/FlexFringe/models-ps-small/0.1.1.1.0.0.searchglobal.0.ini/0.1.1.1.0.0.searchglobal.0_16.16.SF.0.0.8_Small.final.json,/gpfs/projects/HeinzGroup/asoubki/FlexFringe/data/MLRegTest/Large/16.16.SF.0.0.8_TestLA.txt,2025-12-29 22:34:27.638623
0.1.1.1.0.0.searchglobal.0,Small,16,16,SF,0,0,8,TestSR,0.51204,0.5957683741648107,0.0749,0.13307039050563196,0.48796,/gpfs/projects/HeinzGroup/caffeine_underground/mlrt/FlexFringe/FlexFringe/models-ps-small/0.1.1.1.0.0.searchglobal.0.ini/0.1.1.1.0.0.searchglobal.0_16.16.SF.0.0.8_Small.final.json,/gpfs/projects/HeinzGroup/asoubki/FlexFringe/data/MLRegTest/Large/16.16.SF.0.0.8_TestSR.txt,2025-12-29 22:34:27.638623
0.1.1.1.0.0.searchglobal.0,Small,16,16,SF,0,0,8,TestSA,0.50308,0.5220504009163803,0.07292,0.12796574477046188,0.49692,/gpfs/projects/HeinzGroup/caffeine_underground/mlrt/FlexFringe/FlexFringe/models-ps-small/0.1.1.1.0.0.searchglobal.0.ini/0.1.1.1.0.0.searchglobal.0_16.16.SF.0.0.8_Small.final.json,/gpfs/projects/HeinzGroup/asoubki/FlexFringe/data/MLRegTest/Large/16.16.SF.0.0.8_TestSA.txt,2025-12-29 22:34:27.638623
0.1.1.1.0.0.searchglobal.0,Small,16,16,SF,0,0,8,TestLR,0.50541,0.5449410201030072,0.0656,0.11710312572520037,0.49459,/gpfs/projects/HeinzGroup/caffeine_underground/mlrt/FlexFringe/FlexFringe/models-ps-small/0.1.1.1.0.0.searchglobal.0.ini/0.1.1.1.0.0.searchglobal.0_16.16.SF.0.0.8_Small.final.json,/gpfs/projects/HeinzGroup/asoubki/FlexFringe/data/MLRegTest/Large/16.16.SF.0.0.8_TestLR.txt,2025-12-29 22:34:27.638623
0.1.1.1.0.0.searchglobal.0,Small,16,16,SF,0,0,8,Dev,0.5123,0.5970337645945093,0.07568,0.13433206716603358,0.4877,/gpfs/projects/HeinzGroup/caffeine_underground/mlrt/FlexFringe/FlexFringe/models-ps-small/0.1.1.1.0.0.searchglobal.0.ini/0.1.1.1.0.0.searchglobal.0_16.16.SF.0.0.8_Small.final.json,/gpfs/projects/HeinzGroup/asoubki/FlexFringe/data/MLRegTest/Large/16.16.SF.0.0.8_Dev.txt,2025-12-29 22:34:27.638623
0.1.1.1.0.0.searchglobal.0,Small,16,16,SF,0,0,8,Train,0.515,0.6086956521739131,0.084,0.14762741652021089,0.485,/gpfs/projects/HeinzGroup/caffeine_underground/mlrt/FlexFringe/FlexFringe/models-ps-small/0.1.1.1.0.0.searchglobal.0.ini/0.1.1.1.0.0.searchglobal.0_16.16.SF.0.0.8_Small.final.json,/gpfs/projects/HeinzGroup/asoubki/FlexFringe/data/MLRegTest/Small/16.16.SF.0.0.8_Train.txt,2025-12-29 22:34:27.638623
0.1.1.1.0.0.searchglobal.0,Small,16,16,SF,0,0,9,TestSA,0.49731,0.4718678100815729,0.04512,0.08236432339679815,0.50269,/gpfs/projects/HeinzGroup/caffeine_underground/mlrt/FlexFringe/FlexFringe/models-ps-small/0.1.1.1.0.0.searchglobal.0.ini/0.1.1.1.0.0.searchglobal.0_16.16.SF.0.0.9_Small.final.json,/gpfs/projects/HeinzGroup/asoubki/FlexFringe/data/MLRegTest/Large/16.16.SF.0.0.9_TestSA.txt,2025-12-29 22:29:04.721678
0.1.1.1.0.0.searchglobal.0,Small,16,16,SF,0,0,9,TestLA,0.49923,0.4935413521221272,0.05884,0.105144654312825,0.50077,/gpfs/projects/HeinzGroup/caffeine_underground/mlrt/FlexFringe/FlexFringe/models-ps-small/0.1.1.1.0.0.searchglobal.0.ini/0.1.1.1.0.0.searchglobal.0_16.16.SF.0.0.9_Small.final.json,/gpfs/projects/HeinzGroup/asoubki/FlexFringe/data/MLRegTest/Large/16.16.SF.0.0.9_TestLA.txt,2025-12-29 22:29:04.721678
0.1.1.1.0.0.searchglobal.0,Small,16,16,SF,0,0,9,TestSR,0.49372,0.4459738472126635,0.05184,0.09288325091378198,0.50628,/gpfs/projects/HeinzGroup/caffeine_underground/mlrt/FlexFringe/FlexFringe/models-ps-small/0.1.1.1.0.0.searchglobal.0.ini/0.1.1.1.0.0.searchglobal.0_16.16.SF.0.0.9_Small.final.json,/gpfs/projects/HeinzGroup/asoubki/FlexFringe/data/MLRegTest/Large/16.16.SF.0.0.9_TestSR.txt,2025-12-29 22:29:04.721678
0.1.1.1.0.0.searchglobal.0,Small,16,16,SF,0,0,9,TestLR,0.49863,0.48913560666137984,0.06168,0.10954622147233815,0.50137,/gpfs/projects/HeinzGroup/caffeine_underground/mlrt/FlexFringe/FlexFringe/models-ps-small/0.1.1.1.0.0.searchglobal.0.ini/0.1.1.1.0.0.searchglobal.0_16.16.SF.0.0.9_Small.final.json,/gpfs/projects/HeinzGroup/asoubki/FlexFringe/data/MLRegTest/Large/16.16.SF.0.0.9_TestLR.txt,2025-12-29 22:29:04.721678
0.1.1.1.0.0.searchglobal.0,Small,16,16,SF,0,0,9,Dev,0.4939,0.44860128075497135,0.05324,0.09518360925376336,0.5061,/gpfs/projects/HeinzGroup/caffeine_underground/mlrt/FlexFringe/FlexFringe/models-ps-small/0.1.1.1.0.0.searchglobal.0.ini/0.1.1.1.0.0.searchglobal.0_16.16.SF.0.0.9_Small.final.json,/gpfs/projects/HeinzGroup/asoubki/FlexFringe/data/MLRegTest/Large/16.16.SF.0.0.9_Dev.txt,2025-12-29 22:29:04.721678
0.1.1.1.0.0.searchglobal.0,Small,16,16,SF,0,0,9,Train,0.504,0.5384615384615384,0.056,0.10144927536231885,0.496,/gpfs/projects/HeinzGroup/caffeine_underground/mlrt/FlexFringe/FlexFringe/models-ps-small/0.1.1.1.0.0.searchglobal.0.ini/0.1.1.1.0.0.searchglobal.0_16.16.SF.0.0.9_Small.final.json,/gpfs/projects/HeinzGroup/asoubki/FlexFringe/data/MLRegTest/Small/16.16.SF.0.0.9_Train.txt,2025-12-29 22:29:04.721678
0.1.1.1.0.0.searchglobal.0,Small,16,16,SL,2,1,0,TestSR,1.0,1.0,1.0,1.0,0.0,/gpfs/projects/HeinzGroup/caffeine_underground/mlrt/FlexFringe/FlexFringe/models-ps-small/0.1.1.1.0.0.searchglobal.0.ini/0.1.1.1.0.0.searchglobal.0_16.16.SL.2.1.0_Small.final.json,/gpfs/projects/HeinzGroup/asoubki/FlexFringe/data/MLRegTest/Large/16.16.SL.2.1.0_TestSR.txt,2025-12-29 22:20:56.626237
0.1.1.1.0.0.searchglobal.0,Small,16,16,SL,2,1,0,TestLR,1.0,1.0,1.0,1.0,0.0,/gpfs/projects/HeinzGroup/caffeine_underground/mlrt/FlexFringe/FlexFringe/models-ps-small/0.1.1.1.0.0.searchglobal.0.ini/0.1.1.1.0.0.searchglobal.0_16.16.SL.2.1.0_Small.final.json,/gpfs/projects/HeinzGroup/asoubki/FlexFringe/data/MLRegTest/Large/16.16.SL.2.1.0_TestLR.txt,2025-12-29 22:20:56.626237
0.1.1.1.0.0.searchglobal.0,Small,16,16,SL,2,1,0,TestLA,1.0,1.0,1.0,1.0,0.0,/gpfs/projects/HeinzGroup/caffeine_underground/mlrt/FlexFringe/FlexFringe/models-ps-small/0.1.1.1.0.0.searchglobal.0.ini/0.1.1.1.0.0.searchglobal.0_16.16.SL.2.1.0_Small.final.json,/gpfs/projects/HeinzGroup/asoubki/FlexFringe/data/MLRegTest/Large/16.16.SL.2.1.0_TestLA.txt,2025-12-29 22:20:56.626237
0.1.1.1.0.0.searchglobal.0,Small,16,16,SL,2,1,0,TestSA,1.0,1.0,1.0,1.0,0.0,/gpfs/projects/HeinzGroup/caffeine_underground/mlrt/FlexFringe/FlexFringe/models-ps-small/0.1.1.1.0.0.searchglobal.0.ini/0.1.1.1.0.0.searchglobal.0_16.16.SL.2.1.0_Small.final.json,/gpfs/projects/HeinzGroup/asoubki/FlexFringe/data/MLRegTest/Large/16.16.SL.2.1.0_TestSA.txt,2025-12-29 22:20:56.626237
0.1.1.1.0.0.searchglobal.0,Small,16,16,SL,2,1,0,Dev,1.0,1.0,1.0,1.0,0.0,/gpfs/projects/HeinzGroup/caffeine_underground/mlrt/FlexFringe/FlexFringe/models-ps-small/0.1.1.1.0.0.searchglobal.0.ini/0.1.1.1.0.0.searchglobal.0_16.16.SL.2.1.0_Small.final.json,/gpfs/projects/HeinzGroup/asoubki/FlexFringe/data/MLRegTest/Large/16.16.SL.2.1.0_Dev.txt,2025-12-29 22:20:56.626237
0.1.1.1.0.0.searchglobal.0,Small,16,16,SL,2,1,0,Train,1.0,1.0,1.0,1.0,0.0,/gpfs/projects/HeinzGroup/caffeine_underground/mlrt/FlexFringe/FlexFringe/models-ps-small/0.1.1.1.0.0.searchglobal.0.ini/0.1.1.1.0.0.searchglobal.0_16.16.SL.2.1.0_Small.final.json,/gpfs/projects/HeinzGroup/asoubki/FlexFringe/data/MLRegTest/Small/16.16.SL.2.1.0_Train.txt,2025-12-29 22:20:56.626237
0.1.1.1.0.0.searchglobal.0,Small,16,16,SL,2,1,1,TestLR,0.53972,0.5279152142134262,0.75116,0.6200554711748002,0.46028,/gpfs/projects/HeinzGroup/caffeine_underground/mlrt/FlexFringe/FlexFringe/models-ps-small/0.1.1.1.0.0.searchglobal.0.ini/0.1.1.1.0.0.searchglobal.0_16.16.SL.2.1.1_Small.final.json,/gpfs/projects/HeinzGroup/asoubki/FlexFringe/data/MLRegTest/Large/16.16.SL.2.1.1_TestLR.txt,2025-12-29 22:13:58.583702
0.1.1.1.0.0.searchglobal.0,Small,16,16,SL,2,1,1,TestSA,0.52312,0.5147129947817233,0.80882,0.6290892121023567,0.47688,/gpfs/projects/HeinzGroup/caffeine_underground/mlrt/FlexFringe/FlexFringe/models-ps-small/0.1.1.1.0.0.searchglobal.0.ini/0.1.1.1.0.0.searchglobal.0_16.16.SL.2.1.1_Small.final.json,/gpfs/projects/HeinzGroup/asoubki/FlexFringe/data/MLRegTest/Large/16.16.SL.2.1.1_TestSA.txt,2025-12-29 22:13:58.583702
0.1.1.1.0.0.searchglobal.0,Small,16,16,SL,2,1,1,TestLA,0.52094,0.5148658242226324,0.72524,0.6022087519721,0.47906,/gpfs/projects/HeinzGroup/caffeine_underground/mlrt/FlexFringe/FlexFringe/models-ps-small/0.1.1.1.0.0.searchglobal.0.ini/0.1.1.1.0.0.searchglobal.0_16.16.SL.2.1.1_Small.final.json,/gpfs/projects/HeinzGroup/asoubki/FlexFringe/data/MLRegTest/Large/16.16.SL.2.1.1_TestLA.txt,2025-12-29 22:13:58.583702
0.1.1.1.0.0.searchglobal.0,Small,16,16,SL,2,1,1,TestSR,0.54358,0.5271479118907605,0.84622,0.6496192347847448,0.45642,/gpfs/projects/HeinzGroup/caffeine_underground/mlrt/FlexFringe/FlexFringe/models-ps-small/0.1.1.1.0.0.searchglobal.0.ini/0.1.1.1.0.0.searchglobal.0_16.16.SL.2.1.1_Small.final.json,/gpfs/projects/HeinzGroup/asoubki/FlexFringe/data/MLRegTest/Large/16.16.SL.2.1.1_TestSR.txt,2025-12-29 22:13:58.583702
0.1.1.1.0.0.searchglobal.0,Small,16,16,SL,2,1,1,Dev,0.54636,0.5289793469020353,0.84624,0.6510139397482845,0.45364,/gpfs/projects/HeinzGroup/caffeine_underground/mlrt/FlexFringe/FlexFringe/models-ps-small/0.1.1.1.0.0.searchglobal.0.ini/0.1.1.1.0.0.searchglobal.0_16.16.SL.2.1.1_Small.final.json,/gpfs/projects/HeinzGroup/asoubki/FlexFringe/data/MLRegTest/Large/16.16.SL.2.1.1_Dev.txt,2025-12-29 22:13:58.583702
0.1.1.1.0.0.searchglobal.0,Small,16,16,SL,2,1,1,Train,0.552,0.5325814536340853,0.85,0.6548536209553159,0.448,/gpfs/projects/HeinzGroup/caffeine_underground/mlrt/FlexFringe/FlexFringe/models-ps-small/0.1.1.1.0.0.searchglobal.0.ini/0.1.1.1.0.0.searchglobal.0_16.16.SL.2.1.1_Small.final.json,/gpfs/projects/HeinzGroup/asoubki/FlexFringe/data/MLRegTest/Small/16.16.SL.2.1.1_Train.txt,2025-12-29 22:13:58.583702
0.1.1.1.0.0.searchglobal.0,Small,16,16,SL,2,1,2,TestLR,0.94337,0.95942221209044,0.9259,0.942363083061077,0.05663,/gpfs/projects/HeinzGroup/caffeine_underground/mlrt/FlexFringe/FlexFringe/models-ps-small/0.1.1.1.0.0.searchglobal.0.ini/0.1.1.1.0.0.searchglobal.0_16.16.SL.2.1.2_Small.final.json,/gpfs/projects/HeinzGroup/asoubki/FlexFringe/data/MLRegTest/Large/16.16.SL.2.1.2_TestLR.txt,2025-12-29 22:56:41.108106
0.1.1.1.0.0.searchglobal.0,Small,16,16,SL,2,1,2,TestLA,0.93054,0.9548470250169033,0.90382,0.9286330757849746,0.06946,/gpfs/projects/HeinzGroup/caffeine_underground/mlrt/FlexFringe/FlexFringe/models-ps-small/0.1.1.1.0.0.searchglobal.0.ini/0.1.1.1.0.0.searchglobal.0_16.16.SL.2.1.2_Small.final.json,/gpfs/projects/HeinzGroup/asoubki/FlexFringe/data/MLRegTest/Large/16.16.SL.2.1.2_TestLA.txt,2025-12-29 22:56:41.108106
0.1.1.1.0.0.searchglobal.0,Small,16,16,SL,2,1,2,TestSA,0.9443,0.956029067619165,0.93144,0.9435743663512774,0.0557,/gpfs/projects/HeinzGroup/caffeine_underground/mlrt/FlexFringe/FlexFringe/models-ps-small/0.1.1.1.0.0.searchglobal.0.ini/0.1.1.1.0.0.searchglobal.0_16.16.SL.2.1.2_Small.final.json,/gpfs/projects/HeinzGroup/asoubki/FlexFringe/data/MLRegTest/Large/16.16.SL.2.1.2_TestSA.txt,2025-12-29 22:56:41.108106
0.1.1.1.0.0.searchglobal.0,Small,16,16,SL,2,1,2,TestSR,0.9557,0.9569062324536777,0.95438,0.9556414467096568,0.0443,/gpfs/projects/HeinzGroup/caffeine_underground/mlrt/FlexFringe/FlexFringe/models-ps-small/0.1.1.1.0.0.searchglobal.0.ini/0.1.1.1.0.0.searchglobal.0_16.16.SL.2.1.2_Small.final.json,/gpfs/projects/HeinzGroup/asoubki/FlexFringe/data/MLRegTest/Large/16.16.SL.2.1.2_TestSR.txt,2025-12-29 22:56:41.108106
0.1.1.1.0.0.searchglobal.0,Small,16,16,SL,2,1,2,Dev,0.95671,0.9573594504195958,0.956,0.9566792422620061,0.04329,/gpfs/projects/HeinzGroup/caffeine_underground/mlrt/FlexFringe/FlexFringe/models-ps-small/0.1.1.1.0.0.searchglobal.0.ini/0.1.1.1.0.0.searchglobal.0_16.16.SL.2.1.2_Small.final.json,/gpfs/projects/HeinzGroup/asoubki/FlexFringe/data/MLRegTest/Large/16.16.SL.2.1.2_Dev.txt,2025-12-29 22:56:41.108106
0.1.1.1.0.0.searchglobal.0,Small,16,16,SL,2,1,2,Train,0.952,0.959349593495935,0.944,0.9516129032258065,0.048,/gpfs/projects/HeinzGroup/caffeine_underground/mlrt/FlexFringe/FlexFringe/models-ps-small/0.1.1.1.0.0.searchglobal.0.ini/0.1.1.1.0.0.searchglobal.0_16.16.SL.2.1.2_Small.final.json,/gpfs/projects/HeinzGroup/asoubki/FlexFringe/data/MLRegTest/Small/16.16.SL.2.1.2_Train.txt,2025-12-29 22:56:41.108106
0.1.1.1.0.0.searchglobal.0,Small,16,16,SL,2,1,3,TestLA,0.72405,0.7365842326455618,0.69756,0.7165411757454982,0.27595,/gpfs/projects/HeinzGroup/caffeine_underground/mlrt/FlexFringe/FlexFringe/models-ps-small/0.1.1.1.0.0.searchglobal.0.ini/0.1.1.1.0.0.searchglobal.0_16.16.SL.2.1.3_Small.final.json,/gpfs/projects/HeinzGroup/asoubki/FlexFringe/data/MLRegTest/Large/16.16.SL.2.1.3_TestLA.txt,2025-12-29 23:22:27.313741
0.1.1.1.0.0.searchglobal.0,Small,16,16,SL,2,1,3,TestSR,0.81318,0.8187388047549259,0.80446,0.8115365991445403,0.18682,/gpfs/projects/HeinzGroup/caffeine_underground/mlrt/FlexFringe/FlexFringe/models-ps-small/0.1.1.1.0.0.searchglobal.0.ini/0.1.1.1.0.0.searchglobal.0_16.16.SL.2.1.3_Small.final.json,/gpfs/projects/HeinzGroup/asoubki/FlexFringe/data/MLRegTest/Large/16.16.SL.2.1.3_TestSR.txt,2025-12-29 23:22:27.313741
0.1.1.1.0.0.searchglobal.0,Small,16,16,SL,2,1,3,TestLR,0.75239,0.7664421594915862,0.72602,0.7456836786048088,0.24761,/gpfs/projects/HeinzGroup/caffeine_underground/mlrt/FlexFringe/FlexFringe/models-ps-small/0.1.1.1.0.0.searchglobal.0.ini/0.1.1.1.0.0.searchglobal.0_16.16.SL.2.1.3_Small.final.json,/gpfs/projects/HeinzGroup/asoubki/FlexFringe/data/MLRegTest/Large/16.16.SL.2.1.3_TestLR.txt,2025-12-29 23:22:27.313741
0.1.1.1.0.0.searchglobal.0,Small,16,16,SL,2,1,3,TestSA,0.78635,0.8002768398313794,0.76316,0.7812778329460182,0.21365,/gpfs/projects/HeinzGroup/caffeine_underground/mlrt/FlexFringe/FlexFringe/models-ps-small/0.1.1.1.0.0.searchglobal.0.ini/0.1.1.1.0.0.searchglobal.0_16.16.SL.2.1.3_Small.final.json,/gpfs/projects/HeinzGroup/asoubki/FlexFringe/data/MLRegTest/Large/16.16.SL.2.1.3_TestSA.txt,2025-12-29 23:22:27.313741
0.1.1.1.0.0.searchglobal.0,Small,16,16,SL,2,1,3,Dev,0.81563,0.8220254249392944,0.8057,0.8137808437787227,0.18437,/gpfs/projects/HeinzGroup/caffeine_underground/mlrt/FlexFringe/FlexFringe/models-ps-small/0.1.1.1.0.0.searchglobal.0.ini/0.1.1.1.0.0.searchglobal.0_16.16.SL.2.1.3_Small.final.json,/gpfs/projects/HeinzGroup/asoubki/FlexFringe/data/MLRegTest/Large/16.16.SL.2.1.3_Dev.txt,2025-12-29 23:22:27.313741
0.1.1.1.0.0.searchglobal.0,Small,16,16,SL,2,1,3,Train,0.82,0.8174603174603174,0.824,0.8207171314741036,0.18,/gpfs/projects/HeinzGroup/caffeine_underground/mlrt/FlexFringe/FlexFringe/models-ps-small/0.1.1.1.0.0.searchglobal.0.ini/0.1.1.1.0.0.searchglobal.0_16.16.SL.2.1.3_Small.final.json,/gpfs/projects/HeinzGroup/asoubki/FlexFringe/data/MLRegTest/Small/16.16.SL.2.1.3_Train.txt,2025-12-29 23:22:27.313741
0.1.1.1.0.0.searchglobal.0,Small,16,16,SL,2,1,4,TestSA,0.50231,0.5182782085773066,0.0655,0.11630178092650793,0.49769,/gpfs/projects/HeinzGroup/caffeine_underground/mlrt/FlexFringe/FlexFringe/models-ps-small/0.1.1.1.0.0.searchglobal.0.ini/0.1.1.1.0.0.searchglobal.0_16.16.SL.2.1.4_Small.final.json,/gpfs/projects/HeinzGroup/asoubki/FlexFringe/data/MLRegTest/Large/16.16.SL.2.1.4_TestSA.txt,2025-12-29 22:30:09.487465
0.1.1.1.0.0.searchglobal.0,Small,16,16,SL,2,1,4,TestLA,0.50243,0.5203347280334728,0.06218,0.11108530594015185,0.49757,/gpfs/projects/HeinzGroup/caffeine_underground/mlrt/FlexFringe/FlexFringe/models-ps-small/0.1.1.1.0.0.searchglobal.0.ini/0.1.1.1.0.0.searchglobal.0_16.16.SL.2.1.4_Small.final.json,/gpfs/projects/HeinzGroup/asoubki/FlexFringe/data/MLRegTest/Large/16.16.SL.2.1.4_TestLA.txt,2025-12-29 22:30:09.487465
0.1.1.1.0.0.searchglobal.0,Small,16,16,SL,2,1,4,TestSR,0.49953,0.49606694560669456,0.05928,0.10590442161679321,0.50047,/gpfs/projects/HeinzGroup/caffeine_underground/mlrt/FlexFringe/FlexFringe/models-ps-small/0.1.1.1.0.0.searchglobal.0.ini/0.1.1.1.0.0.searchglobal.0_16.16.SL.2.1.4_Small.final.json,/gpfs/projects/HeinzGroup/asoubki/FlexFringe/data/MLRegTest/Large/16.16.SL.2.1.4_TestSR.txt,2025-12-29 22:30:09.487465
0.1.1.1.0.0.searchglobal.0,Small,16,16,SL,2,1,4,TestLR,0.50071,0.5060281881473935,0.0596,0.10663994703787866,0.49929,/gpfs/projects/HeinzGroup/caffeine_underground/mlrt/FlexFringe/FlexFringe/models-ps-small/0.1.1.1.0.0.searchglobal.0.ini/0.1.1.1.0.0.searchglobal.0_16.16.SL.2.1.4_Small.final.json,/gpfs/projects/HeinzGroup/asoubki/FlexFringe/data/MLRegTest/Large/16.16.SL.2.1.4_TestLR.txt,2025-12-29 22:30:09.487465
0.1.1.1.0.0.searchglobal.0,Small,16,16,SL,2,1,4,Dev,0.49973,0.49772228783532985,0.059,0.10549466268528618,0.50027,/gpfs/projects/HeinzGroup/caffeine_underground/mlrt/FlexFringe/FlexFringe/models-ps-small/0.1.1.1.0.0.searchglobal.0.ini/0.1.1.1.0.0.searchglobal.0_16.16.SL.2.1.4_Small.final.json,/gpfs/projects/HeinzGroup/asoubki/FlexFringe/data/MLRegTest/Large/16.16.SL.2.1.4_Dev.txt,2025-12-29 22:30:09.487465
0.1.1.1.0.0.searchglobal.0,Small,16,16,SL,2,1,4,Train,0.501,0.5084745762711864,0.06,0.1073345259391771,0.499,/gpfs/projects/HeinzGroup/caffeine_underground/mlrt/FlexFringe/FlexFringe/models-ps-small/0.1.1.1.0.0.searchglobal.0.ini/0.1.1.1.0.0.searchglobal.0_16.16.SL.2.1.4_Small.final.json,/gpfs/projects/HeinzGroup/asoubki/FlexFringe/data/MLRegTest/Small/16.16.SL.2.1.4_Train.txt,2025-12-29 22:30:09.487465
0.1.1.1.0.0.searchglobal.0,Small,16,16,SL,2,1,5,TestLA,0.50077,0.5017795239195748,0.21712,0.3030920639352272,0.49923,/gpfs/projects/HeinzGroup/caffeine_underground/mlrt/FlexFringe/FlexFringe/models-ps-small/0.1.1.1.0.0.searchglobal.0.ini/0.1.1.1.0.0.searchglobal.0_16.16.SL.2.1.5_Small.final.json,/gpfs/projects/HeinzGroup/asoubki/FlexFringe/data/MLRegTest/Large/16.16.SL.2.1.5_TestLA.txt,2025-12-29 23:21:20.496749
0.1.1.1.0.0.searchglobal.0,Small,16,16,SL,2,1,5,TestLR,0.50078,0.5017865322950069,0.21908,0.30499791173604346,0.49922,/gpfs/projects/HeinzGroup/caffeine_underground/mlrt/FlexFringe/FlexFringe/models-ps-small/0.1.1.1.0.0.searchglobal.0.ini/0.1.1.1.0.0.searchglobal.0_16.16.SL.2.1.5_Small.final.json,/gpfs/projects/HeinzGroup/asoubki/FlexFringe/data/MLRegTest/Large/16.16.SL.2.1.5_TestLR.txt,2025-12-29 23:21:20.496749
0.1.1.1.0.0.searchglobal.0,Small,16,16,SL,2,1,5,TestSA,0.50114,0.5026103681993039,0.2195,0.30555710228854616,0.49886,/gpfs/projects/HeinzGroup/caffeine_underground/mlrt/FlexFringe/FlexFringe/models-ps-small/0.1.1.1.0.0.searchglobal.0.ini/0.1.1.1.0.0.searchglobal.0_16.16.SL.2.1.5_Small.final.json,/gpfs/projects/HeinzGroup/asoubki/FlexFringe/data/MLRegTest/Large/16.16.SL.2.1.5_TestSA.txt,2025-12-29 23:21:20.496749
0.1.1.1.0.0.searchglobal.0,Small,16,16,SL,2,1,5,TestSR,0.49834,0.4962474003074419,0.21952,0.3043900274550043,0.50166,/gpfs/projects/HeinzGroup/caffeine_underground/mlrt/FlexFringe/FlexFringe/models-ps-small/0.1.1.1.0.0.searchglobal.0.ini/0.1.1.1.0.0.searchglobal.0_16.16.SL.2.1.5_Small.final.json,/gpfs/projects/HeinzGroup/asoubki/FlexFringe/data/MLRegTest/Large/16.16.SL.2.1.5_TestSR.txt,2025-12-29 23:21:20.496749
0.1.1.1.0.0.searchglobal.0,Small,16,16,SL,2,1,5,Dev,0.50194,0.5044528094013955,0.21978,0.30616850551654967,0.49806,/gpfs/projects/HeinzGroup/caffeine_underground/mlrt/FlexFringe/FlexFringe/models-ps-small/0.1.1.1.0.0.searchglobal.0.ini/0.1.1.1.0.0.searchglobal.0_16.16.SL.2.1.5_Small.final.json,/gpfs/projects/HeinzGroup/asoubki/FlexFringe/data/MLRegTest/Large/16.16.SL.2.1.5_Dev.txt,2025-12-29 23:21:20.496749
0.1.1.1.0.0.searchglobal.0,Small,16,16,SL,2,1,5,Train,0.488,0.47391304347826085,0.218,0.29863013698630136,0.512,/gpfs/projects/HeinzGroup/caffeine_underground/mlrt/FlexFringe/FlexFringe/models-ps-small/0.1.1.1.0.0.searchglobal.0.ini/0.1.1.1.0.0.searchglobal.0_16.16.SL.2.1.5_Small.final.json,/gpfs/projects/HeinzGroup/asoubki/FlexFringe/data/MLRegTest/Small/16.16.SL.2.1.5_Train.txt,2025-12-29 23:21:20.496749
0.1.1.1.0.0.searchglobal.0,Small,16,16,SL,2,1,6,TestLR,0.50006,0.5004919645785504,0.06104,0.10880958322934864,0.49994,/gpfs/projects/HeinzGroup/caffeine_underground/mlrt/FlexFringe/FlexFringe/models-ps-small/0.1.1.1.0.0.searchglobal.0.ini/0.1.1.1.0.0.searchglobal.0_16.16.SL.2.1.6_Small.final.json,/gpfs/projects/HeinzGroup/asoubki/FlexFringe/data/MLRegTest/Large/16.16.SL.2.1.6_TestLR.txt,2025-12-29 23:21:11.725354
0.1.1.1.0.0.searchglobal.0,Small,16,16,SL,2,1,6,TestSR,0.49694,0.4752587322121604,0.05878,0.1046205325359533,0.50306,/gpfs/projects/HeinzGroup/caffeine_underground/mlrt/FlexFringe/FlexFringe/models-ps-small/0.1.1.1.0.0.searchglobal.0.ini/0.1.1.1.0.0.searchglobal.0_16.16.SL.2.1.6_Small.final.json,/gpfs/projects/HeinzGroup/asoubki/FlexFringe/data/MLRegTest/Large/16.16.SL.2.1.6_TestSR.txt,2025-12-29 23:21:11.725354
0.1.1.1.0.0.searchglobal.0,Small,16,16,SL,2,1,6,TestLA,0.49986,0.49887820512820513,0.06226,0.11070412517780939,0.50014,/gpfs/projects/HeinzGroup/caffeine_underground/mlrt/FlexFringe/FlexFringe/models-ps-small/0.1.1.1.0.0.searchglobal.0.ini/0.1.1.1.0.0.searchglobal.0_16.16.SL.2.1.6_Small.final.json,/gpfs/projects/HeinzGroup/asoubki/FlexFringe/data/MLRegTest/Large/16.16.SL.2.1.6_TestLA.txt,2025-12-29 23:21:11.725354
0.1.1.1.0.0.searchglobal.0,Small,16,16,SL,2,1,6,TestSA,0.49959,0.49685051467199265,0.06468,0.11445964359659523,0.50041,/gpfs/projects/HeinzGroup/caffeine_underground/mlrt/FlexFringe/FlexFringe/models-ps-small/0.1.1.1.0.0.searchglobal.0.ini/0.1.1.1.0.0.searchglobal.0_16.16.SL.2.1.6_Small.final.json,/gpfs/projects/HeinzGroup/asoubki/FlexFringe/data/MLRegTest/Large/16.16.SL.2.1.6_TestSA.txt,2025-12-29 23:21:11.725354
0.1.1.1.0.0.searchglobal.0,Small,16,16,SL,2,1,6,Dev,0.49721,0.4774745680607137,0.05914,0.10524442546224619,0.50279,/gpfs/projects/HeinzGroup/caffeine_underground/mlrt/FlexFringe/FlexFringe/models-ps-small/0.1.1.1.0.0.searchglobal.0.ini/0.1.1.1.0.0.searchglobal.0_16.16.SL.2.1.6_Small.final.json,/gpfs/projects/HeinzGroup/asoubki/FlexFringe/data/MLRegTest/Large/16.16.SL.2.1.6_Dev.txt,2025-12-29 23:21:11.725354
0.1.1.1.0.0.searchglobal.0,Small,16,16,SL,2,1,6,Train,0.504,0.532258064516129,0.066,0.11743772241992882,0.496,/gpfs/projects/HeinzGroup/caffeine_underground/mlrt/FlexFringe/FlexFringe/models-ps-small/0.1.1.1.0.0.searchglobal.0.ini/0.1.1.1.0.0.searchglobal.0_16.16.SL.2.1.6_Small.final.json,/gpfs/projects/HeinzGroup/asoubki/FlexFringe/data/MLRegTest/Small/16.16.SL.2.1.6_Train.txt,2025-12-29 23:21:11.725354
0.1.1.1.0.0.searchglobal.0,Small,16,16,SL,2,1,7,TestLA,0.50114,0.5094810379241517,0.06126,0.10936942083839177,0.49886,/gpfs/projects/HeinzGroup/caffeine_underground/mlrt/FlexFringe/FlexFringe/models-ps-small/0.1.1.1.0.0.searchglobal.0.ini/0.1.1.1.0.0.searchglobal.0_16.16.SL.2.1.7_Small.final.json,/gpfs/projects/HeinzGroup/asoubki/FlexFringe/data/MLRegTest/Large/16.16.SL.2.1.7_TestLA.txt,2025-12-29 22:35:13.895710
0.1.1.1.0.0.searchglobal.0,Small,16,16,SL,2,1,7,TestSR,0.50049,0.504115571980514,0.06002,0.10726860043250586,0.49951,/gpfs/projects/HeinzGroup/caffeine_underground/mlrt/FlexFringe/FlexFringe/models-ps-small/0.1.1.1.0.0.searchglobal.0.ini/0.1.1.1.0.0.searchglobal.0_16.16.SL.2.1.7_Small.final.json,/gpfs/projects/HeinzGroup/asoubki/FlexFringe/data/MLRegTest/Large/16.16.SL.2.1.7_TestSR.txt,2025-12-29 22:35:13.895710
0.1.1.1.0.0.searchglobal.0,Small,16,16,SL,2,1,7,TestLR,0.5012,0.5101867572156197,0.0601,0.10753265342637323,0.4988,/gpfs/projects/HeinzGroup/caffeine_underground/mlrt/FlexFringe/FlexFringe/models-ps-small/0.1.1.1.0.0.searchglobal.0.ini/0.1.1.1.0.0.searchglobal.0_16.16.SL.2.1.7_Small.final.json,/gpfs/projects/HeinzGroup/asoubki/FlexFringe/data/MLRegTest/Large/16.16.SL.2.1.7_TestLR.txt,2025-12-29 22:35:13.895710
0.1.1.1.0.0.searchglobal.0,Small,16,16,SL,2,1,7,TestSA,0.50142,0.5120379789759241,0.0604,0.10805395541879853,0.49858,/gpfs/projects/HeinzGroup/caffeine_underground/mlrt/FlexFringe/FlexFringe/models-ps-small/0.1.1.1.0.0.searchglobal.0.ini/0.1.1.1.0.0.searchglobal.0_16.16.SL.2.1.7_Small.final.json,/gpfs/projects/HeinzGroup/asoubki/FlexFringe/data/MLRegTest/Large/16.16.SL.2.1.7_TestSA.txt,2025-12-29 22:35:13.895710
0.1.1.1.0.0.searchglobal.0,Small,16,16,SL,2,1,7,Dev,0.49946,0.4955283206359722,0.05984,0.10678468182304865,0.50054,/gpfs/projects/HeinzGroup/caffeine_underground/mlrt/FlexFringe/FlexFringe/models-ps-small/0.1.1.1.0.0.searchglobal.0.ini/0.1.1.1.0.0.searchglobal.0_16.16.SL.2.1.7_Small.final.json,/gpfs/projects/HeinzGroup/asoubki/FlexFringe/data/MLRegTest/Large/16.16.SL.2.1.7_Dev.txt,2025-12-29 22:35:13.895710
0.1.1.1.0.0.searchglobal.0,Small,16,16,SL,2,1,7,Train,0.494,0.4482758620689655,0.052,0.0931899641577061,0.506,/gpfs/projects/HeinzGroup/caffeine_underground/mlrt/FlexFringe/FlexFringe/models-ps-small/0.1.1.1.0.0.searchglobal.0.ini/0.1.1.1.0.0.searchglobal.0_16.16.SL.2.1.7_Small.final.json,/gpfs/projects/HeinzGroup/asoubki/FlexFringe/data/MLRegTest/Small/16.16.SL.2.1.7_Train.txt,2025-12-29 22:35:13.895710
0.1.1.1.0.0.searchglobal.0,Small,16,16,SL,2,1,8,TestSR,0.47467,0.2294381542405469,0.02148,0.039282383277555274,0.52533,/gpfs/projects/HeinzGroup/caffeine_underground/mlrt/FlexFringe/FlexFringe/models-ps-small/0.1.1.1.0.0.searchglobal.0.ini/0.1.1.1.0.0.searchglobal.0_16.16.SL.2.1.8_Small.final.json,/gpfs/projects/HeinzGroup/asoubki/FlexFringe/data/MLRegTest/Large/16.16.SL.2.1.8_TestSR.txt,2025-12-29 22:57:45.149769
0.1.1.1.0.0.searchglobal.0,Small,16,16,SL,2,1,8,TestLA,0.47652,0.23110398534127347,0.02018,0.03711878747746754,0.52348,/gpfs/projects/HeinzGroup/caffeine_underground/mlrt/FlexFringe/FlexFringe/models-ps-small/0.1.1.1.0.0.searchglobal.0.ini/0.1.1.1.0.0.searchglobal.0_16.16.SL.2.1.8_Small.final.json,/gpfs/projects/HeinzGroup/asoubki/FlexFringe/data/MLRegTest/Large/16.16.SL.2.1.8_TestLA.txt,2025-12-29 22:57:45.149769
0.1.1.1.0.0.searchglobal.0,Small,16,16,SL,2,1,8,TestLR,0.47594,0.22770484382073336,0.02012,0.03697306038443162,0.52406,/gpfs/projects/HeinzGroup/caffeine_underground/mlrt/FlexFringe/FlexFringe/models-ps-small/0.1.1.1.0.0.searchglobal.0.ini/0.1.1.1.0.0.searchglobal.0_16.16.SL.2.1.8_Small.final.json,/gpfs/projects/HeinzGroup/asoubki/FlexFringe/data/MLRegTest/Large/16.16.SL.2.1.8_TestLR.txt,2025-12-29 22:57:45.149769
0.1.1.1.0.0.searchglobal.0,Small,16,16,SL,2,1,8,TestSA,0.47574,0.2325837742504409,0.0211,0.03869003960686519,0.52426,/gpfs/projects/HeinzGroup/caffeine_underground/mlrt/FlexFringe/FlexFringe/models-ps-small/0.1.1.1.0.0.searchglobal.0.ini/0.1.1.1.0.0.searchglobal.0_16.16.SL.2.1.8_Small.final.json,/gpfs/projects/HeinzGroup/asoubki/FlexFringe/data/MLRegTest/Large/16.16.SL.2.1.8_TestSA.txt,2025-12-29 22:57:45.149769
0.1.1.1.0.0.searchglobal.0,Small,16,16,SL,2,1,8,Dev,0.47443,0.2203019033034347,0.02014,0.03690604900038482,0.52557,/gpfs/projects/HeinzGroup/caffeine_underground/mlrt/FlexFringe/FlexFringe/models-ps-small/0.1.1.1.0.0.searchglobal.0.ini/0.1.1.1.0.0.searchglobal.0_16.16.SL.2.1.8_Small.final.json,/gpfs/projects/HeinzGroup/asoubki/FlexFringe/data/MLRegTest/Large/16.16.SL.2.1.8_Dev.txt,2025-12-29 22:57:45.149769
0.1.1.1.0.0.searchglobal.0,Small,16,16,SL,2,1,8,Train,0.47,0.17391304347826086,0.016,0.029304029304029304,0.53,/gpfs/projects/HeinzGroup/caffeine_underground/mlrt/FlexFringe/FlexFringe/models-ps-small/0.1.1.1.0.0.searchglobal.0.ini/0.1.1.1.0.0.searchglobal.0_16.16.SL.2.1.8_Small.final.json,/gpfs/projects/HeinzGroup/asoubki/FlexFringe/data/MLRegTest/Small/16.16.SL.2.1.8_Train.txt,2025-12-29 22:57:45.149769
0.1.1.1.0.0.searchglobal.0,Small,16,16,SL,2,1,9,TestSA,0.48617,0.2678751258811682,0.01596,0.030125143924951397,0.51383,/gpfs/projects/HeinzGroup/caffeine_underground/mlrt/FlexFringe/FlexFringe/models-ps-small/0.1.1.1.0.0.searchglobal.0.ini/0.1.1.1.0.0.searchglobal.0_16.16.SL.2.1.9_Small.final.json,/gpfs/projects/HeinzGroup/asoubki/FlexFringe/data/MLRegTest/Large/16.16.SL.2.1.9_TestSA.txt,2025-12-29 22:08:52.505444
0.1.1.1.0.0.searchglobal.0,Small,16,16,SL,2,1,9,TestLR,0.47556,0.1934269944806824,0.01542,0.028562960767606418,0.52444,/gpfs/projects/HeinzGroup/caffeine_underground/mlrt/FlexFringe/FlexFringe/models-ps-small/0.1.1.1.0.0.searchglobal.0.ini/0.1.1.1.0.0.searchglobal.0_16.16.SL.2.1.9_Small.final.json,/gpfs/projects/HeinzGroup/asoubki/FlexFringe/data/MLRegTest/Large/16.16.SL.2.1.9_TestLR.txt,2025-12-29 22:08:52.505444
0.1.1.1.0.0.searchglobal.0,Small,16,16,SL,2,1,9,TestLA,0.48499,0.2442930153321976,0.01434,0.027089827146500427,0.51501,/gpfs/projects/HeinzGroup/caffeine_underground/mlrt/FlexFringe/FlexFringe/models-ps-small/0.1.1.1.0.0.searchglobal.0.ini/0.1.1.1.0.0.searchglobal.0_16.16.SL.2.1.9_Small.final.json,/gpfs/projects/HeinzGroup/asoubki/FlexFringe/data/MLRegTest/Large/16.16.SL.2.1.9_TestLA.txt,2025-12-29 22:08:52.505444
0.1.1.1.0.0.searchglobal.0,Small,16,16,SL,2,1,9,TestSR,0.4743,0.17939121756487025,0.01438,0.026625685083691304,0.5257,/gpfs/projects/HeinzGroup/caffeine_underground/mlrt/FlexFringe/FlexFringe/models-ps-small/0.1.1.1.0.0.searchglobal.0.ini/0.1.1.1.0.0.searchglobal.0_16.16.SL.2.1.9_Small.final.json,/gpfs/projects/HeinzGroup/asoubki/FlexFringe/data/MLRegTest/Large/16.16.SL.2.1.9_TestSR.txt,2025-12-29 22:08:52.505444
0.1.1.1.0.0.searchglobal.0,Small,16,16,SL,2,1,9,Dev,0.47529,0.19651191353475805,0.016,0.029590723308242865,0.52471,/gpfs/projects/HeinzGroup/caffeine_underground/mlrt/FlexFringe/FlexFringe/models-ps-small/0.1.1.1.0.0.searchglobal.0.ini/0.1.1.1.0.0.searchglobal.0_16.16.SL.2.1.9_Small.final.json,/gpfs/projects/HeinzGroup/asoubki/FlexFringe/data/MLRegTest/Large/16.16.SL.2.1.9_Dev.txt,2025-12-29 22:08:52.505444
0.1.1.1.0.0.searchglobal.0,Small,16,16,SL,2,1,9,Train,0.466,0.16,0.016,0.02909090909090909,0.534,/gpfs/projects/HeinzGroup/caffeine_underground/mlrt/FlexFringe/FlexFringe/models-ps-small/0.1.1.1.0.0.searchglobal.0.ini/0.1.1.1.0.0.searchglobal.0_16.16.SL.2.1.9_Small.final.json,/gpfs/projects/HeinzGroup/asoubki/FlexFringe/data/MLRegTest/Small/16.16.SL.2.1.9_Train.txt,2025-12-29 22:08:52.505444
0.1.1.1.0.0.searchglobal.0,Small,16,16,SL,4,1,0,TestLR,0.99647,1.0,0.99294,0.9964574949571989,0.00353,/gpfs/projects/HeinzGroup/caffeine_underground/mlrt/FlexFringe/FlexFringe/models-ps-small/0.1.1.1.0.0.searchglobal.0.ini/0.1.1.1.0.0.searchglobal.0_16.16.SL.4.1.0_Small.final.json,/gpfs/projects/HeinzGroup/asoubki/FlexFringe/data/MLRegTest/Large/16.16.SL.4.1.0_TestLR.txt,2025-12-29 22:19:44.089464
0.1.1.1.0.0.searchglobal.0,Small,16,16,SL,4,1,0,TestSA,0.68266,1.0,0.36532,0.5351419447455542,0.31734,/gpfs/projects/HeinzGroup/caffeine_underground/mlrt/FlexFringe/FlexFringe/models-ps-small/0.1.1.1.0.0.searchglobal.0.ini/0.1.1.1.0.0.searchglobal.0_16.16.SL.4.1.0_Small.final.json,/gpfs/projects/HeinzGroup/asoubki/FlexFringe/data/MLRegTest/Large/16.16.SL.4.1.0_TestSA.txt,2025-12-29 22:19:44.089464
0.1.1.1.0.0.searchglobal.0,Small,16,16,SL,4,1,0,TestLA,0.67791,1.0,0.35582,0.5248779336490095,0.32209,/gpfs/projects/HeinzGroup/caffeine_underground/mlrt/FlexFringe/FlexFringe/models-ps-small/0.1.1.1.0.0.searchglobal.0.ini/0.1.1.1.0.0.searchglobal.0_16.16.SL.4.1.0_Small.final.json,/gpfs/projects/HeinzGroup/asoubki/FlexFringe/data/MLRegTest/Large/16.16.SL.4.1.0_TestLA.txt,2025-12-29 22:19:44.089464
0.1.1.1.0.0.searchglobal.0,Small,16,16,SL,4,1,0,TestSR,0.99797,1.0,0.99594,0.9979658707175566,0.00203,/gpfs/projects/HeinzGroup/caffeine_underground/mlrt/FlexFringe/FlexFringe/models-ps-small/0.1.1.1.0.0.searchglobal.0.ini/0.1.1.1.0.0.searchglobal.0_16.16.SL.4.1.0_Small.final.json,/gpfs/projects/HeinzGroup/asoubki/FlexFringe/data/MLRegTest/Large/16.16.SL.4.1.0_TestSR.txt,2025-12-29 22:19:44.089464
0.1.1.1.0.0.searchglobal.0,Small,16,16,SL,4,1,0,Dev,0.9981,1.0,0.9962,0.9980963831279431,0.0019,/gpfs/projects/HeinzGroup/caffeine_underground/mlrt/FlexFringe/FlexFringe/models-ps-small/0.1.1.1.0.0.searchglobal.0.ini/0.1.1.1.0.0.searchglobal.0_16.16.SL.4.1.0_Small.final.json,/gpfs/projects/HeinzGroup/asoubki/FlexFringe/data/MLRegTest/Large/16.16.SL.4.1.0_Dev.txt,2025-12-29 22:19:44.089464
0.1.1.1.0.0.searchglobal.0,Small,16,16,SL,4,1,0,Train,0.99,1.0,0.98,0.98989898989899,0.01,/gpfs/projects/HeinzGroup/caffeine_underground/mlrt/FlexFringe/FlexFringe/models-ps-small/0.1.1.1.0.0.searchglobal.0.ini/0.1.1.1.0.0.searchglobal.0_16.16.SL.4.1.0_Small.final.json,/gpfs/projects/HeinzGroup/asoubki/FlexFringe/data/MLRegTest/Small/16.16.SL.4.1.0_Train.txt,2025-12-29 22:19:44.089464
0.1.1.1.0.0.searchglobal.0,Small,16,16,SL,4,1,1,TestSA,0.78028,0.8350227109729859,0.69858,0.7607317869977132,0.21972,/gpfs/projects/HeinzGroup/caffeine_underground/mlrt/FlexFringe/FlexFringe/models-ps-small/0.1.1.1.0.0.searchglobal.0.ini/0.1.1.1.0.0.searchglobal.0_16.16.SL.4.1.1_Small.final.json,/gpfs/projects/HeinzGroup/asoubki/FlexFringe/data/MLRegTest/Large/16.16.SL.4.1.1_TestSA.txt,2025-12-29 23:12:25.523967
0.1.1.1.0.0.searchglobal.0,Small,16,16,SL,4,1,1,TestLR,0.89,0.855191256830601,0.939,0.8951382268827455,0.11,/gpfs/projects/HeinzGroup/caffeine_underground/mlrt/FlexFringe/FlexFringe/models-ps-small/0.1.1.1.0.0.searchglobal.0.ini/0.1.1.1.0.0.searchglobal.0_16.16.SL.4.1.1_Small.final.json,/gpfs/projects/HeinzGroup/asoubki/FlexFringe/data/MLRegTest/Large/16.16.SL.4.1.1_TestLR.txt,2025-12-29 23:12:25.523967
0.1.1.1.0.0.searchglobal.0,Small,16,16,SL,4,1,1,TestSR,0.91033,0.8712654494127866,0.96294,0.9148117536409497,0.08967,/gpfs/projects/HeinzGroup/caffeine_underground/mlrt/FlexFringe/FlexFringe/models-ps-small/0.1.1.1.0.0.searchglobal.0.ini/0.1.1.1.0.0.searchglobal.0_16.16.SL.4.1.1_Small.final.json,/gpfs/projects/HeinzGroup/asoubki/FlexFringe/data/MLRegTest/Large/16.16.SL.4.1.1_TestSR.txt,2025-12-29 23:12:25.523967
0.1.1.1.0.0.searchglobal.0,Small,16,16,SL,4,1,1,TestLA,0.76573,0.8120874732811876,0.69146,0.7469348514145593,0.23427,/gpfs/projects/HeinzGroup/caffeine_underground/mlrt/FlexFringe/FlexFringe/models-ps-small/0.1.1.1.0.0.searchglobal.0.ini/0.1.1.1.0.0.searchglobal.0_16.16.SL.4.1.1_Small.final.json,/gpfs/projects/HeinzGroup/asoubki/FlexFringe/data/MLRegTest/Large/16.16.SL.4.1.1_TestLA.txt,2025-12-29 23:12:25.523967
0.1.1.1.0.0.searchglobal.0,Small,16,16,SL,4,1,1,Dev,0.91117,0.8721332247262196,0.96362,0.9155969404722315,0.08883,/gpfs/projects/HeinzGroup/caffeine_underground/mlrt/FlexFringe/FlexFringe/models-ps-small/0.1.1.1.0.0.searchglobal.0.ini/0.1.1.1.0.0.searchglobal.0_16.16.SL.4.1.1_Small.final.json,/gpfs/projects/HeinzGroup/asoubki/FlexFringe/data/MLRegTest/Large/16.16.SL.4.1.1_Dev.txt,2025-12-29 23:12:25.523967
0.1.1.1.0.0.searchglobal.0,Small,16,16,SL,4,1,1,Train,0.911,0.8743169398907104,0.96,0.9151572926596759,0.089,/gpfs/projects/HeinzGroup/caffeine_underground/mlrt/FlexFringe/FlexFringe/models-ps-small/0.1.1.1.0.0.searchglobal.0.ini/0.1.1.1.0.0.searchglobal.0_16.16.SL.4.1.1_Small.final.json,/gpfs/projects/HeinzGroup/asoubki/FlexFringe/data/MLRegTest/Small/16.16.SL.4.1.1_Train.txt,2025-12-29 23:12:25.523967
0.1.1.1.0.0.searchglobal.0,Small,16,16,SL,4,1,2,TestSR,0.99578,1.0,0.99156,0.9957621161300689,0.00422,/gpfs/projects/HeinzGroup/caffeine_underground/mlrt/FlexFringe/FlexFringe/models-ps-small/0.1.1.1.0.0.searchglobal.0.ini/0.1.1.1.0.0.searchglobal.0_16.16.SL.4.1.2_Small.final.json,/gpfs/projects/HeinzGroup/asoubki/FlexFringe/data/MLRegTest/Large/16.16.SL.4.1.2_TestSR.txt,2025-12-29 23:12:20.281412
0.1.1.1.0.0.searchglobal.0,Small,16,16,SL,4,1,2,TestLA,0.86448,1.0,0.72896,0.8432352396816584,0.13552,/gpfs/projects/HeinzGroup/caffeine_underground/mlrt/FlexFringe/FlexFringe/models-ps-small/0.1.1.1.0.0.searchglobal.0.ini/0.1.1.1.0.0.searchglobal.0_16.16.SL.4.1.2_Small.final.json,/gpfs/projects/HeinzGroup/asoubki/FlexFringe/data/MLRegTest/Large/16.16.SL.4.1.2_TestLA.txt,2025-12-29 23:12:20.281412
0.1.1.1.0.0.searchglobal.0,Small,16,16,SL,4,1,2,TestLR,0.99403,1.0,0.98806,0.9939941450459242,0.00597,/gpfs/projects/HeinzGroup/caffeine_underground/mlrt/FlexFringe/FlexFringe/models-ps-small/0.1.1.1.0.0.searchglobal.0.ini/0.1.1.1.0.0.searchglobal.0_16.16.SL.4.1.2_Small.final.json,/gpfs/projects/HeinzGroup/asoubki/FlexFringe/data/MLRegTest/Large/16.16.SL.4.1.2_TestLR.txt,2025-12-29 23:12:20.281412
0.1.1.1.0.0.searchglobal.0,Small,16,16,SL,4,1,2,TestSA,0.86372,1.0,0.72744,0.8422173852637429,0.13628,/gpfs/projects/HeinzGroup/caffeine_underground/mlrt/FlexFringe/FlexFringe/models-ps-small/0.1.1.1.0.0.searchglobal.0.ini/0.1.1.1.0.0.searchglobal.0_16.16.SL.4.1.2_Small.final.json,/gpfs/projects/HeinzGroup/asoubki/FlexFringe/data/MLRegTest/Large/16.16.SL.4.1.2_TestSA.txt,2025-12-29 23:12:20.281412
0.1.1.1.0.0.searchglobal.0,Small,16,16,SL,4,1,2,Dev,0.99591,1.0,0.99182,0.9958932032010924,0.00409,/gpfs/projects/HeinzGroup/caffeine_underground/mlrt/FlexFringe/FlexFringe/models-ps-small/0.1.1.1.0.0.searchglobal.0.ini/0.1.1.1.0.0.searchglobal.0_16.16.SL.4.1.2_Small.final.json,/gpfs/projects/HeinzGroup/asoubki/FlexFringe/data/MLRegTest/Large/16.16.SL.4.1.2_Dev.txt,2025-12-29 23:12:20.281412
0.1.1.1.0.0.searchglobal.0,Small,16,16,SL,4,1,2,Train,1.0,1.0,1.0,1.0,0.0,/gpfs/projects/HeinzGroup/caffeine_underground/mlrt/FlexFringe/FlexFringe/models-ps-small/0.1.1.1.0.0.searchglobal.0.ini/0.1.1.1.0.0.searchglobal.0_16.16.SL.4.1.2_Small.final.json,/gpfs/projects/HeinzGroup/asoubki/FlexFringe/data/MLRegTest/Small/16.16.SL.4.1.2_Train.txt,2025-12-29 23:12:20.281412
0.1.1.1.0.0.searchglobal.0,Small,16,16,SL,4,1,3,TestSR,0.90952,0.9104229304469834,0.90842,0.9094203623986385,0.09048,/gpfs/projects/HeinzGroup/caffeine_underground/mlrt/FlexFringe/FlexFringe/models-ps-small/0.1.1.1.0.0.searchglobal.0.ini/0.1.1.1.0.0.searchglobal.0_16.16.SL.4.1.3_Small.final.json,/gpfs/projects/HeinzGroup/asoubki/FlexFringe/data/MLRegTest/Large/16.16.SL.4.1.3_TestSR.txt,2025-12-29 22:18:33.865052
0.1.1.1.0.0.searchglobal.0,Small,16,16,SL,4,1,3,TestLA,0.69308,0.8091456385295248,0.50536,0.6221499975377949,0.30692,/gpfs/projects/HeinzGroup/caffeine_underground/mlrt/FlexFringe/FlexFringe/models-ps-small/0.1.1.1.0.0.searchglobal.0.ini/0.1.1.1.0.0.searchglobal.0_16.16.SL.4.1.3_Small.final.json,/gpfs/projects/HeinzGroup/asoubki/FlexFringe/data/MLRegTest/Large/16.16.SL.4.1.3_TestLA.txt,2025-12-29 22:18:33.865052
0.1.1.1.0.0.searchglobal.0,Small,16,16,SL,4,1,3,TestSA,0.71891,0.8557776694295466,0.52656,0.651965579149384,0.28109,/gpfs/projects/HeinzGroup/caffeine_underground/mlrt/FlexFringe/FlexFringe/models-ps-small/0.1.1.1.0.0.searchglobal.0.ini/0.1.1.1.0.0.searchglobal.0_16.16.SL.4.1.3_Small.final.json,/gpfs/projects/HeinzGroup/asoubki/FlexFringe/data/MLRegTest/Large/16.16.SL.4.1.3_TestSA.txt,2025-12-29 22:18:33.865052
0.1.1.1.0.0.searchglobal.0,Small,16,16,SL,4,1,3,TestLR,0.86793,0.8794735865013718,0.85272,0.865890189786655,0.13207,/gpfs/projects/HeinzGroup/caffeine_underground/mlrt/FlexFringe/FlexFringe/models-ps-small/0.1.1.1.0.0.searchglobal.0.ini/0.1.1.1.0.0.searchglobal.0_16.16.SL.4.1.3_Small.final.json,/gpfs/projects/HeinzGroup/asoubki/FlexFringe/data/MLRegTest/Large/16.16.SL.4.1.3_TestLR.txt,2025-12-29 22:18:33.865052
0.1.1.1.0.0.searchglobal.0,Small,16,16,SL,4,1,3,Dev,0.91051,0.9127636897460132,0.90778,0.9102650235141937,0.08949,/gpfs/projects/HeinzGroup/caffeine_underground/mlrt/FlexFringe/FlexFringe/models-ps-small/0.1.1.1.0.0.searchglobal.0.ini/0.1.1.1.0.0.searchglobal.0_16.16.SL.4.1.3_Small.final.json,/gpfs/projects/HeinzGroup/asoubki/FlexFringe/data/MLRegTest/Large/16.16.SL.4.1.3_Dev.txt,2025-12-29 22:18:33.865052
0.1.1.1.0.0.searchglobal.0,Small,16,16,SL,4,1,3,Train,0.914,0.9294605809128631,0.896,0.9124236252545825,0.086,/gpfs/projects/HeinzGroup/caffeine_underground/mlrt/FlexFringe/FlexFringe/models-ps-small/0.1.1.1.0.0.searchglobal.0.ini/0.1.1.1.0.0.searchglobal.0_16.16.SL.4.1.3_Small.final.json,/gpfs/projects/HeinzGroup/asoubki/FlexFringe/data/MLRegTest/Small/16.16.SL.4.1.3_Train.txt,2025-12-29 22:18:33.865052
0.1.1.1.0.0.searchglobal.0,Small,16,16,SL,4,1,4,TestSR,0.49991,0.09090909090909091,2e-05,3.9991201935574176e-05,0.50009,/gpfs/projects/HeinzGroup/caffeine_underground/mlrt/FlexFringe/FlexFringe/models-ps-small/0.1.1.1.0.0.searchglobal.0.ini/0.1.1.1.0.0.searchglobal.0_16.16.SL.4.1.4_Small.final.json,/gpfs/projects/HeinzGroup/asoubki/FlexFringe/data/MLRegTest/Large/16.16.SL.4.1.4_TestSR.txt,2025-12-29 23:27:48.172368
0.1.1.1.0.0.searchglobal.0,Small,16,16,SL,4,1,4,TestLA,0.49994,0.25,6e-05,0.00011997120691034152,0.50006,/gpfs/projects/HeinzGroup/caffeine_underground/mlrt/FlexFringe/FlexFringe/models-ps-small/0.1.1.1.0.0.searchglobal.0.ini/0.1.1.1.0.0.searchglobal.0_16.16.SL.4.1.4_Small.final.json,/gpfs/projects/HeinzGroup/asoubki/FlexFringe/data/MLRegTest/Large/16.16.SL.4.1.4_TestLA.txt,2025-12-29 23:27:48.172368
0.1.1.1.0.0.searchglobal.0,Small,16,16,SL,4,1,4,TestLR,0.49993,0.26666666666666666,8e-05,0.0001599520143956813,0.50007,/gpfs/projects/HeinzGroup/caffeine_underground/mlrt/FlexFringe/FlexFringe/models-ps-small/0.1.1.1.0.0.searchglobal.0.ini/0.1.1.1.0.0.searchglobal.0_16.16.SL.4.1.4_Small.final.json,/gpfs/projects/HeinzGroup/asoubki/FlexFringe/data/MLRegTest/Large/16.16.SL.4.1.4_TestLR.txt,2025-12-29 23:27:48.172368
0.1.1.1.0.0.searchglobal.0,Small,16,16,SL,4,1,4,TestSA,0.49995,0.3076923076923077,8e-05,0.00015995841081318856,0.50005,/gpfs/projects/HeinzGroup/caffeine_underground/mlrt/FlexFringe/FlexFringe/models-ps-small/0.1.1.1.0.0.searchglobal.0.ini/0.1.1.1.0.0.searchglobal.0_16.16.SL.4.1.4_Small.final.json,/gpfs/projects/HeinzGroup/asoubki/FlexFringe/data/MLRegTest/Large/16.16.SL.4.1.4_TestSA.txt,2025-12-29 23:27:48.172368
0.1.1.1.0.0.searchglobal.0,Small,16,16,SL,4,1,4,Dev,0.49989,0.13333333333333333,4e-05,7.997600719784065e-05,0.50011,/gpfs/projects/HeinzGroup/caffeine_underground/mlrt/FlexFringe/FlexFringe/models-ps-small/0.1.1.1.0.0.searchglobal.0.ini/0.1.1.1.0.0.searchglobal.0_16.16.SL.4.1.4_Small.final.json,/gpfs/projects/HeinzGroup/asoubki/FlexFringe/data/MLRegTest/Large/16.16.SL.4.1.4_Dev.txt,2025-12-29 23:27:48.172368
0.1.1.1.0.0.searchglobal.0,Small,16,16,SL,4,1,4,Train,0.499,0.0,0.0,0.0,0.501,/gpfs/projects/HeinzGroup/caffeine_underground/mlrt/FlexFringe/FlexFringe/models-ps-small/0.1.1.1.0.0.searchglobal.0.ini/0.1.1.1.0.0.searchglobal.0_16.16.SL.4.1.4_Small.final.json,/gpfs/projects/HeinzGroup/asoubki/FlexFringe/data/MLRegTest/Small/16.16.SL.4.1.4_Train.txt,2025-12-29 23:27:48.172368
0.1.1.1.0.0.searchglobal.0,Small,16,16,SL,4,1,5,TestLR,0.49994,0.3125,0.0001,0.0001999360204734485,0.50006,/gpfs/projects/HeinzGroup/caffeine_underground/mlrt/FlexFringe/FlexFringe/models-ps-small/0.1.1.1.0.0.searchglobal.0.ini/0.1.1.1.0.0.searchglobal.0_16.16.SL.4.1.5_Small.final.json,/gpfs/projects/HeinzGroup/asoubki/FlexFringe/data/MLRegTest/Large/16.16.SL.4.1.5_TestLR.txt,2025-12-29 22:15:25.108860
0.1.1.1.0.0.searchglobal.0,Small,16,16,SL,4,1,5,TestLA,0.49994,0.25,6e-05,0.00011997120691034152,0.50006,/gpfs/projects/HeinzGroup/caffeine_underground/mlrt/FlexFringe/FlexFringe/models-ps-small/0.1.1.1.0.0.searchglobal.0.ini/0.1.1.1.0.0.searchglobal.0_16.16.SL.4.1.5_Small.final.json,/gpfs/projects/HeinzGroup/asoubki/FlexFringe/data/MLRegTest/Large/16.16.SL.4.1.5_TestLA.txt,2025-12-29 22:15:25.108860
0.1.1.1.0.0.searchglobal.0,Small,16,16,SL,4,1,5,TestSR,0.49994,0.0,0.0,0.0,0.50006,/gpfs/projects/HeinzGroup/caffeine_underground/mlrt/FlexFringe/FlexFringe/models-ps-small/0.1.1.1.0.0.searchglobal.0.ini/0.1.1.1.0.0.searchglobal.0_16.16.SL.4.1.5_Small.final.json,/gpfs/projects/HeinzGroup/asoubki/FlexFringe/data/MLRegTest/Large/16.16.SL.4.1.5_TestSR.txt,2025-12-29 22:15:25.108860
0.1.1.1.0.0.searchglobal.0,Small,16,16,SL,4,1,5,TestSA,0.49995,0.0,0.0,0.0,0.50005,/gpfs/projects/HeinzGroup/caffeine_underground/mlrt/FlexFringe/FlexFringe/models-ps-small/0.1.1.1.0.0.searchglobal.0.ini/0.1.1.1.0.0.searchglobal.0_16.16.SL.4.1.5_Small.final.json,/gpfs/projects/HeinzGroup/asoubki/FlexFringe/data/MLRegTest/Large/16.16.SL.4.1.5_TestSA.txt,2025-12-29 22:15:25.108860
0.1.1.1.0.0.searchglobal.0,Small,16,16,SL,4,1,5,Dev,0.49994,0.2857142857142857,8e-05,0.00015995521254048866,0.50006,/gpfs/projects/HeinzGroup/caffeine_underground/mlrt/FlexFringe/FlexFringe/models-ps-small/0.1.1.1.0.0.searchglobal.0.ini/0.1.1.1.0.0.searchglobal.0_16.16.SL.4.1.5_Small.final.json,/gpfs/projects/HeinzGroup/asoubki/FlexFringe/data/MLRegTest/Large/16.16.SL.4.1.5_Dev.txt,2025-12-29 22:15:25.108860
0.1.1.1.0.0.searchglobal.0,Small,16,16,SL,4,1,5,Train,0.5,0.0,0.0,0.0,0.5,/gpfs/projects/HeinzGroup/caffeine_underground/mlrt/FlexFringe/FlexFringe/models-ps-small/0.1.1.1.0.0.searchglobal.0.ini/0.1.1.1.0.0.searchglobal.0_16.16.SL.4.1.5_Small.final.json,/gpfs/projects/HeinzGroup/asoubki/FlexFringe/data/MLRegTest/Small/16.16.SL.4.1.5_Train.txt,2025-12-29 22:15:25.108860
0.1.1.1.0.0.searchglobal.0,Small,16,16,SL,4,1,6,TestSA,0.49996,0.25,4e-05,7.998720204767237e-05,0.50004,/gpfs/projects/HeinzGroup/caffeine_underground/mlrt/FlexFringe/FlexFringe/models-ps-small/0.1.1.1.0.0.searchglobal.0.ini/0.1.1.1.0.0.searchglobal.0_16.16.SL.4.1.6_Small.final.json,/gpfs/projects/HeinzGroup/asoubki/FlexFringe/data/MLRegTest/Large/16.16.SL.4.1.6_TestSA.txt,2025-12-29 22:03:11.048171
0.1.1.1.0.0.searchglobal.0,Small,16,16,SL,4,1,6,TestLR,0.49992,0.25,8e-05,0.0001599488163787588,0.50008,/gpfs/projects/HeinzGroup/caffeine_underground/mlrt/FlexFringe/FlexFringe/models-ps-small/0.1.1.1.0.0.searchglobal.0.ini/0.1.1.1.0.0.searchglobal.0_16.16.SL.4.1.6_Small.final.json,/gpfs/projects/HeinzGroup/asoubki/FlexFringe/data/MLRegTest/Large/16.16.SL.4.1.6_TestLR.txt,2025-12-29 22:03:11.048171
0.1.1.1.0.0.searchglobal.0,Small,16,16,SL,4,1,6,TestLA,0.49994,0.2857142857142857,8e-05,0.00015995521254048866,0.50006,/gpfs/projects/HeinzGroup/caffeine_underground/mlrt/FlexFringe/FlexFringe/models-ps-small/0.1.1.1.0.0.searchglobal.0.ini/0.1.1.1.0.0.searchglobal.0_16.16.SL.4.1.6_Small.final.json,/gpfs/projects/HeinzGroup/asoubki/FlexFringe/data/MLRegTest/Large/16.16.SL.4.1.6_TestLA.txt,2025-12-29 22:03:11.048171
0.1.1.1.0.0.searchglobal.0,Small,16,16,SL,4,1,6,TestSR,0.49995,0.35294117647058826,0.00012,0.00023991842773457025,0.50005,/gpfs/projects/HeinzGroup/caffeine_underground/mlrt/FlexFringe/FlexFringe/models-ps-small/0.1.1.1.0.0.searchglobal.0.ini/0.1.1.1.0.0.searchglobal.0_16.16.SL.4.1.6_Small.final.json,/gpfs/projects/HeinzGroup/asoubki/FlexFringe/data/MLRegTest/Large/16.16.SL.4.1.6_TestSR.txt,2025-12-29 22:03:11.048171
0.1.1.1.0.0.searchglobal.0,Small,16,16,SL,4,1,6,Dev,0.49991,0.2,6e-05,0.00011996401079676097,0.50009,/gpfs/projects/HeinzGroup/caffeine_underground/mlrt/FlexFringe/FlexFringe/models-ps-small/0.1.1.1.0.0.searchglobal.0.ini/0.1.1.1.0.0.searchglobal.0_16.16.SL.4.1.6_Small.final.json,/gpfs/projects/HeinzGroup/asoubki/FlexFringe/data/MLRegTest/Large/16.16.SL.4.1.6_Dev.txt,2025-12-29 22:03:11.048171
0.1.1.1.0.0.searchglobal.0,Small,16,16,SL,4,1,6,Train,0.5,0.0,0.0,0.0,0.5,/gpfs/projects/HeinzGroup/caffeine_underground/mlrt/FlexFringe/FlexFringe/models-ps-small/0.1.1.1.0.0.searchglobal.0.ini/0.1.1.1.0.0.searchglobal.0_16.16.SL.4.1.6_Small.final.json,/gpfs/projects/HeinzGroup/asoubki/FlexFringe/data/MLRegTest/Small/16.16.SL.4.1.6_Train.txt,2025-12-29 22:03:11.048171
0.1.1.1.0.0.searchglobal.0,Small,16,16,SL,4,1,7,TestLA,0.49993,0.3333333333333333,0.00014,0.00027988244937126406,0.50007,/gpfs/projects/HeinzGroup/caffeine_underground/mlrt/FlexFringe/FlexFringe/models-ps-small/0.1.1.1.0.0.searchglobal.0.ini/0.1.1.1.0.0.searchglobal.0_16.16.SL.4.1.7_Small.final.json,/gpfs/projects/HeinzGroup/asoubki/FlexFringe/data/MLRegTest/Large/16.16.SL.4.1.7_TestLA.txt,2025-12-29 23:35:35.760308
0.1.1.1.0.0.searchglobal.0,Small,16,16,SL,4,1,7,TestLR,0.49992,0.21428571428571427,6e-05,0.0001199664094053665,0.50008,/gpfs/projects/HeinzGroup/caffeine_underground/mlrt/FlexFringe/FlexFringe/models-ps-small/0.1.1.1.0.0.searchglobal.0.ini/0.1.1.1.0.0.searchglobal.0_16.16.SL.4.1.7_Small.final.json,/gpfs/projects/HeinzGroup/asoubki/FlexFringe/data/MLRegTest/Large/16.16.SL.4.1.7_TestLR.txt,2025-12-29 23:35:35.760308
0.1.1.1.0.0.searchglobal.0,Small,16,16,SL,4,1,7,TestSA,0.49996,0.375,0.00012,0.0002399232245681382,0.50004,/gpfs/projects/HeinzGroup/caffeine_underground/mlrt/FlexFringe/FlexFringe/models-ps-small/0.1.1.1.0.0.searchglobal.0.ini/0.1.1.1.0.0.searchglobal.0_16.16.SL.4.1.7_Small.final.json,/gpfs/projects/HeinzGroup/asoubki/FlexFringe/data/MLRegTest/Large/16.16.SL.4.1.7_TestSA.txt,2025-12-29 23:35:35.760308
0.1.1.1.0.0.searchglobal.0,Small,16,16,SL,4,1,7,TestSR,0.4999,0.25,0.0001,0.00019992003198720512,0.5001,/gpfs/projects/HeinzGroup/caffeine_underground/mlrt/FlexFringe/FlexFringe/models-ps-small/0.1.1.1.0.0.searchglobal.0.ini/0.1.1.1.0.0.searchglobal.0_16.16.SL.4.1.7_Small.final.json,/gpfs/projects/HeinzGroup/asoubki/FlexFringe/data/MLRegTest/Large/16.16.SL.4.1.7_TestSR.txt,2025-12-29 23:35:35.760308
0.1.1.1.0.0.searchglobal.0,Small,16,16,SL,4,1,7,Dev,0.49986,0.23076923076923078,0.00012,0.00023987526486227162,0.50014,/gpfs/projects/HeinzGroup/caffeine_underground/mlrt/FlexFringe/FlexFringe/models-ps-small/0.1.1.1.0.0.searchglobal.0.ini/0.1.1.1.0.0.searchglobal.0_16.16.SL.4.1.7_Small.final.json,/gpfs/projects/HeinzGroup/asoubki/FlexFringe/data/MLRegTest/Large/16.16.SL.4.1.7_Dev.txt,2025-12-29 23:35:35.760308
0.1.1.1.0.0.searchglobal.0,Small,16,16,SL,4,1,7,Train,0.5,0.0,0.0,0.0,0.5,/gpfs/projects/HeinzGroup/caffeine_underground/mlrt/FlexFringe/FlexFringe/models-ps-small/0.1.1.1.0.0.searchglobal.0.ini/0.1.1.1.0.0.searchglobal.0_16.16.SL.4.1.7_Small.final.json,/gpfs/projects/HeinzGroup/asoubki/FlexFringe/data/MLRegTest/Small/16.16.SL.4.1.7_Train.txt,2025-12-29 23:35:35.760308
0.1.1.1.0.0.searchglobal.0,Small,16,16,SL,4,1,8,TestLR,0.49986,0.0,0.0,0.0,0.50014,/gpfs/projects/HeinzGroup/caffeine_underground/mlrt/FlexFringe/FlexFringe/models-ps-small/0.1.1.1.0.0.searchglobal.0.ini/0.1.1.1.0.0.searchglobal.0_16.16.SL.4.1.8_Small.final.json,/gpfs/projects/HeinzGroup/asoubki/FlexFringe/data/MLRegTest/Large/16.16.SL.4.1.8_TestLR.txt,2025-12-29 22:26:34.634947
0.1.1.1.0.0.searchglobal.0,Small,16,16,SL,4,1,8,TestSA,0.49995,0.0,0.0,0.0,0.50005,/gpfs/projects/HeinzGroup/caffeine_underground/mlrt/FlexFringe/FlexFringe/models-ps-small/0.1.1.1.0.0.searchglobal.0.ini/0.1.1.1.0.0.searchglobal.0_16.16.SL.4.1.8_Small.final.json,/gpfs/projects/HeinzGroup/asoubki/FlexFringe/data/MLRegTest/Large/16.16.SL.4.1.8_TestSA.txt,2025-12-29 22:26:34.634947
0.1.1.1.0.0.searchglobal.0,Small,16,16,SL,4,1,8,TestSR,0.49986,0.0,0.0,0.0,0.50014,/gpfs/projects/HeinzGroup/caffeine_underground/mlrt/FlexFringe/FlexFringe/models-ps-small/0.1.1.1.0.0.searchglobal.0.ini/0.1.1.1.0.0.searchglobal.0_16.16.SL.4.1.8_Small.final.json,/gpfs/projects/HeinzGroup/asoubki/FlexFringe/data/MLRegTest/Large/16.16.SL.4.1.8_TestSR.txt,2025-12-29 22:26:34.634947
0.1.1.1.0.0.searchglobal.0,Small,16,16,SL,4,1,8,TestLA,0.49996,0.0,0.0,0.0,0.50004,/gpfs/projects/HeinzGroup/caffeine_underground/mlrt/FlexFringe/FlexFringe/models-ps-small/0.1.1.1.0.0.searchglobal.0.ini/0.1.1.1.0.0.searchglobal.0_16.16.SL.4.1.8_Small.final.json,/gpfs/projects/HeinzGroup/asoubki/FlexFringe/data/MLRegTest/Large/16.16.SL.4.1.8_TestLA.txt,2025-12-29 22:26:34.634947
0.1.1.1.0.0.searchglobal.0,Small,16,16,SL,4,1,8,Dev,0.4999,0.0,0.0,0.0,0.5001,/gpfs/projects/HeinzGroup/caffeine_underground/mlrt/FlexFringe/FlexFringe/models-ps-small/0.1.1.1.0.0.searchglobal.0.ini/0.1.1.1.0.0.searchglobal.0_16.16.SL.4.1.8_Small.final.json,/gpfs/projects/HeinzGroup/asoubki/FlexFringe/data/MLRegTest/Large/16.16.SL.4.1.8_Dev.txt,2025-12-29 22:26:34.634947
0.1.1.1.0.0.searchglobal.0,Small,16,16,SL,4,1,8,Train,0.5,0.0,0.0,0.0,0.5,/gpfs/projects/HeinzGroup/caffeine_underground/mlrt/FlexFringe/FlexFringe/models-ps-small/0.1.1.1.0.0.searchglobal.0.ini/0.1.1.1.0.0.searchglobal.0_16.16.SL.4.1.8_Small.final.json,/gpfs/projects/HeinzGroup/asoubki/FlexFringe/data/MLRegTest/Small/16.16.SL.4.1.8_Train.txt,2025-12-29 22:26:34.634947
0.1.1.1.0.0.searchglobal.0,Small,16,16,SL,4,1,9,TestLR,0.49905,0.0,0.0,0.0,0.50095,/gpfs/projects/HeinzGroup/caffeine_underground/mlrt/FlexFringe/FlexFringe/models-ps-small/0.1.1.1.0.0.searchglobal.0.ini/0.1.1.1.0.0.searchglobal.0_16.16.SL.4.1.9_Small.final.json,/gpfs/projects/HeinzGroup/asoubki/FlexFringe/data/MLRegTest/Large/16.16.SL.4.1.9_TestLR.txt,2025-12-29 22:14:50.743931
0.1.1.1.0.0.searchglobal.0,Small,16,16,SL,4,1,9,TestSA,0.49977,0.0,0.0,0.0,0.50023,/gpfs/projects/HeinzGroup/caffeine_underground/mlrt/FlexFringe/FlexFringe/models-ps-small/0.1.1.1.0.0.searchglobal.0.ini/0.1.1.1.0.0.searchglobal.0_16.16.SL.4.1.9_Small.final.json,/gpfs/projects/HeinzGroup/asoubki/FlexFringe/data/MLRegTest/Large/16.16.SL.4.1.9_TestSA.txt,2025-12-29 22:14:50.743931
0.1.1.1.0.0.searchglobal.0,Small,16,16,SL,4,1,9,TestLA,0.49987,0.0,0.0,0.0,0.50013,/gpfs/projects/HeinzGroup/caffeine_underground/mlrt/FlexFringe/FlexFringe/models-ps-small/0.1.1.1.0.0.searchglobal.0.ini/0.1.1.1.0.0.searchglobal.0_16.16.SL.4.1.9_Small.final.json,/gpfs/projects/HeinzGroup/asoubki/FlexFringe/data/MLRegTest/Large/16.16.SL.4.1.9_TestLA.txt,2025-12-29 22:14:50.743931
0.1.1.1.0.0.searchglobal.0,Small,16,16,SL,4,1,9,TestSR,0.49906,0.0,0.0,0.0,0.50094,/gpfs/projects/HeinzGroup/caffeine_underground/mlrt/FlexFringe/FlexFringe/models-ps-small/0.1.1.1.0.0.searchglobal.0.ini/0.1.1.1.0.0.searchglobal.0_16.16.SL.4.1.9_Small.final.json,/gpfs/projects/HeinzGroup/asoubki/FlexFringe/data/MLRegTest/Large/16.16.SL.4.1.9_TestSR.txt,2025-12-29 22:14:50.743931
0.1.1.1.0.0.searchglobal.0,Small,16,16,SL,4,1,9,Dev,0.49907,0.0,0.0,0.0,0.50093,/gpfs/projects/HeinzGroup/caffeine_underground/mlrt/FlexFringe/FlexFringe/models-ps-small/0.1.1.1.0.0.searchglobal.0.ini/0.1.1.1.0.0.searchglobal.0_16.16.SL.4.1.9_Small.final.json,/gpfs/projects/HeinzGroup/asoubki/FlexFringe/data/MLRegTest/Large/16.16.SL.4.1.9_Dev.txt,2025-12-29 22:14:50.743931
0.1.1.1.0.0.searchglobal.0,Small,16,16,SL,4,1,9,Train,0.5,0.0,0.0,0.0,0.5,/gpfs/projects/HeinzGroup/caffeine_underground/mlrt/FlexFringe/FlexFringe/models-ps-small/0.1.1.1.0.0.searchglobal.0.ini/0.1.1.1.0.0.searchglobal.0_16.16.SL.4.1.9_Small.final.json,/gpfs/projects/HeinzGroup/asoubki/FlexFringe/data/MLRegTest/Small/16.16.SL.4.1.9_Train.txt,2025-12-29 22:14:50.743931
0.1.1.1.0.0.searchglobal.0,Small,16,16,SL,6,1,0,TestLA,0.51305,1.0,0.0261,0.05087223467498295,0.48695,/gpfs/projects/HeinzGroup/caffeine_underground/mlrt/FlexFringe/FlexFringe/models-ps-small/0.1.1.1.0.0.searchglobal.0.ini/0.1.1.1.0.0.searchglobal.0_16.16.SL.6.1.0_Small.final.json,/gpfs/projects/HeinzGroup/asoubki/FlexFringe/data/MLRegTest/Large/16.16.SL.6.1.0_TestLA.txt,2025-12-29 22:28:59.390670
0.1.1.1.0.0.searchglobal.0,Small,16,16,SL,6,1,0,TestSR,0.99589,1.0,0.99178,0.9958730381869484,0.00411,/gpfs/projects/HeinzGroup/caffeine_underground/mlrt/FlexFringe/FlexFringe/models-ps-small/0.1.1.1.0.0.searchglobal.0.ini/0.1.1.1.0.0.searchglobal.0_16.16.SL.6.1.0_Small.final.json,/gpfs/projects/HeinzGroup/asoubki/FlexFringe/data/MLRegTest/Large/16.16.SL.6.1.0_TestSR.txt,2025-12-29 22:28:59.390670
0.1.1.1.0.0.searchglobal.0,Small,16,16,SL,6,1,0,TestLR,0.99441,1.0,0.98882,0.9943785762411882,0.00559,/gpfs/projects/HeinzGroup/caffeine_underground/mlrt/FlexFringe/FlexFringe/models-ps-small/0.1.1.1.0.0.searchglobal.0.ini/0.1.1.1.0.0.searchglobal.0_16.16.SL.6.1.0_Small.final.json,/gpfs/projects/HeinzGroup/asoubki/FlexFringe/data/MLRegTest/Large/16.16.SL.6.1.0_TestLR.txt,2025-12-29 22:28:59.390670
0.1.1.1.0.0.searchglobal.0,Small,16,16,SL,6,1,0,TestSA,0.51397,1.0,0.02794,0.05436114948343289,0.48603,/gpfs/projects/HeinzGroup/caffeine_underground/mlrt/FlexFringe/FlexFringe/models-ps-small/0.1.1.1.0.0.searchglobal.0.ini/0.1.1.1.0.0.searchglobal.0_16.16.SL.6.1.0_Small.final.json,/gpfs/projects/HeinzGroup/asoubki/FlexFringe/data/MLRegTest/Large/16.16.SL.6.1.0_TestSA.txt,2025-12-29 22:28:59.390670
0.1.1.1.0.0.searchglobal.0,Small,16,16,SL,6,1,0,Dev,0.99628,1.0,0.99256,0.9962661099289356,0.00372,/gpfs/projects/HeinzGroup/caffeine_underground/mlrt/FlexFringe/FlexFringe/models-ps-small/0.1.1.1.0.0.searchglobal.0.ini/0.1.1.1.0.0.searchglobal.0_16.16.SL.6.1.0_Small.final.json,/gpfs/projects/HeinzGroup/asoubki/FlexFringe/data/MLRegTest/Large/16.16.SL.6.1.0_Dev.txt,2025-12-29 22:28:59.390670
0.1.1.1.0.0.searchglobal.0,Small,16,16,SL,6,1,0,Train,0.987,1.0,0.974,0.9868287740628167,0.013,/gpfs/projects/HeinzGroup/caffeine_underground/mlrt/FlexFringe/FlexFringe/models-ps-small/0.1.1.1.0.0.searchglobal.0.ini/0.1.1.1.0.0.searchglobal.0_16.16.SL.6.1.0_Small.final.json,/gpfs/projects/HeinzGroup/asoubki/FlexFringe/data/MLRegTest/Small/16.16.SL.6.1.0_Train.txt,2025-12-29 22:28:59.390670
0.1.1.1.0.0.searchglobal.0,Small,16,16,SL,6,1,1,TestSA,0.69134,0.994520831179572,0.3848,0.5548986242897932,0.30866,/gpfs/projects/HeinzGroup/caffeine_underground/mlrt/FlexFringe/FlexFringe/models-ps-small/0.1.1.1.0.0.searchglobal.0.ini/0.1.1.1.0.0.searchglobal.0_16.16.SL.6.1.1_Small.final.json,/gpfs/projects/HeinzGroup/asoubki/FlexFringe/data/MLRegTest/Large/16.16.SL.6.1.1_TestSA.txt,2025-12-29 23:32:15.883337
0.1.1.1.0.0.searchglobal.0,Small,16,16,SL,6,1,1,TestSR,0.98967,0.9981687590290353,0.98114,0.9895811270134245,0.01033,/gpfs/projects/HeinzGroup/caffeine_underground/mlrt/FlexFringe/FlexFringe/models-ps-small/0.1.1.1.0.0.searchglobal.0.ini/0.1.1.1.0.0.searchglobal.0_16.16.SL.6.1.1_Small.final.json,/gpfs/projects/HeinzGroup/asoubki/FlexFringe/data/MLRegTest/Large/16.16.SL.6.1.1_TestSR.txt,2025-12-29 23:32:15.883337
0.1.1.1.0.0.searchglobal.0,Small,16,16,SL,6,1,1,TestLA,0.68753,0.9901719901719902,0.37882,0.5479899897293465,0.31247,/gpfs/projects/HeinzGroup/caffeine_underground/mlrt/FlexFringe/FlexFringe/models-ps-small/0.1.1.1.0.0.searchglobal.0.ini/0.1.1.1.0.0.searchglobal.0_16.16.SL.6.1.1_Small.final.json,/gpfs/projects/HeinzGroup/asoubki/FlexFringe/data/MLRegTest/Large/16.16.SL.6.1.1_TestLA.txt,2025-12-29 23:32:15.883337
0.1.1.1.0.0.searchglobal.0,Small,16,16,SL,6,1,1,TestLR,0.98284,0.9961772443275239,0.9694,0.9826062277002919,0.01716,/gpfs/projects/HeinzGroup/caffeine_underground/mlrt/FlexFringe/FlexFringe/models-ps-small/0.1.1.1.0.0.searchglobal.0.ini/0.1.1.1.0.0.searchglobal.0_16.16.SL.6.1.1_Small.final.json,/gpfs/projects/HeinzGroup/asoubki/FlexFringe/data/MLRegTest/Large/16.16.SL.6.1.1_TestLR.txt,2025-12-29 23:32:15.883337
0.1.1.1.0.0.searchglobal.0,Small,16,16,SL,6,1,1,Dev,0.98977,0.9982502187226596,0.98126,0.9896821954835652,0.01023,/gpfs/projects/HeinzGroup/caffeine_underground/mlrt/FlexFringe/FlexFringe/models-ps-small/0.1.1.1.0.0.searchglobal.0.ini/0.1.1.1.0.0.searchglobal.0_16.16.SL.6.1.1_Small.final.json,/gpfs/projects/HeinzGroup/asoubki/FlexFringe/data/MLRegTest/Large/16.16.SL.6.1.1_Dev.txt,2025-12-29 23:32:15.883337
0.1.1.1.0.0.searchglobal.0,Small,16,16,SL,6,1,1,Train,0.989,0.9959432048681541,0.982,0.9889224572004028,0.011,/gpfs/projects/HeinzGroup/caffeine_underground/mlrt/FlexFringe/FlexFringe/models-ps-small/0.1.1.1.0.0.searchglobal.0.ini/0.1.1.1.0.0.searchglobal.0_16.16.SL.6.1.1_Small.final.json,/gpfs/projects/HeinzGroup/asoubki/FlexFringe/data/MLRegTest/Small/16.16.SL.6.1.1_Train.txt,2025-12-29 23:32:15.883337
0.1.1.1.0.0.searchglobal.0,Small,16,16,SL,6,1,2,TestLA,0.67252,1.0,0.34504,0.513055373817879,0.32748,/gpfs/projects/HeinzGroup/caffeine_underground/mlrt/FlexFringe/FlexFringe/models-ps-small/0.1.1.1.0.0.searchglobal.0.ini/0.1.1.1.0.0.searchglobal.0_16.16.SL.6.1.2_Small.final.json,/gpfs/projects/HeinzGroup/asoubki/FlexFringe/data/MLRegTest/Large/16.16.SL.6.1.2_TestLA.txt,2025-12-29 22:37:49.727203
0.1.1.1.0.0.searchglobal.0,Small,16,16,SL,6,1,2,TestSA,0.67673,1.0,0.35346,0.5223057940389816,0.32327,/gpfs/projects/HeinzGroup/caffeine_underground/mlrt/FlexFringe/FlexFringe/models-ps-small/0.1.1.1.0.0.searchglobal.0.ini/0.1.1.1.0.0.searchglobal.0_16.16.SL.6.1.2_Small.final.json,/gpfs/projects/HeinzGroup/asoubki/FlexFringe/data/MLRegTest/Large/16.16.SL.6.1.2_TestSA.txt,2025-12-29 22:37:49.727203
0.1.1.1.0.0.searchglobal.0,Small,16,16,SL,6,1,2,TestSR,0.99501,1.0,0.99002,0.9949849750253766,0.00499,/gpfs/projects/HeinzGroup/caffeine_underground/mlrt/FlexFringe/FlexFringe/models-ps-small/0.1.1.1.0.0.searchglobal.0.ini/0.1.1.1.0.0.searchglobal.0_16.16.SL.6.1.2_Small.final.json,/gpfs/projects/HeinzGroup/asoubki/FlexFringe/data/MLRegTest/Large/16.16.SL.6.1.2_TestSR.txt,2025-12-29 22:37:49.727203
0.1.1.1.0.0.searchglobal.0,Small,16,16,SL,6,1,2,TestLR,0.99127,1.0,0.98254,0.9911931159018229,0.00873,/gpfs/projects/HeinzGroup/caffeine_underground/mlrt/FlexFringe/FlexFringe/models-ps-small/0.1.1.1.0.0.searchglobal.0.ini/0.1.1.1.0.0.searchglobal.0_16.16.SL.6.1.2_Small.final.json,/gpfs/projects/HeinzGroup/asoubki/FlexFringe/data/MLRegTest/Large/16.16.SL.6.1.2_TestLR.txt,2025-12-29 22:37:49.727203
0.1.1.1.0.0.searchglobal.0,Small,16,16,SL,6,1,2,Dev,0.99542,1.0,0.99084,0.9953989270860542,0.00458,/gpfs/projects/HeinzGroup/caffeine_underground/mlrt/FlexFringe/FlexFringe/models-ps-small/0.1.1.1.0.0.searchglobal.0.ini/0.1.1.1.0.0.searchglobal.0_16.16.SL.6.1.2_Small.final.json,/gpfs/projects/HeinzGroup/asoubki/FlexFringe/data/MLRegTest/Large/16.16.SL.6.1.2_Dev.txt,2025-12-29 22:37:49.727203
0.1.1.1.0.0.searchglobal.0,Small,16,16,SL,6,1,2,Train,0.994,1.0,0.988,0.993963782696177,0.006,/gpfs/projects/HeinzGroup/caffeine_underground/mlrt/FlexFringe/FlexFringe/models-ps-small/0.1.1.1.0.0.searchglobal.0.ini/0.1.1.1.0.0.searchglobal.0_16.16.SL.6.1.2_Small.final.json,/gpfs/projects/HeinzGroup/asoubki/FlexFringe/data/MLRegTest/Small/16.16.SL.6.1.2_Train.txt,2025-12-29 22:37:49.727203
0.1.1.1.0.0.searchglobal.0,Small,16,16,SL,6,1,3,TestLA,0.57727,0.905531646898289,0.17254,0.28985166395081224,0.42273,/gpfs/projects/HeinzGroup/caffeine_underground/mlrt/FlexFringe/FlexFringe/models-ps-small/0.1.1.1.0.0.searchglobal.0.ini/0.1.1.1.0.0.searchglobal.0_16.16.SL.6.1.3_Small.final.json,/gpfs/projects/HeinzGroup/asoubki/FlexFringe/data/MLRegTest/Large/16.16.SL.6.1.3_TestLA.txt,2025-12-29 22:45:17.054216
0.1.1.1.0.0.searchglobal.0,Small,16,16,SL,6,1,3,TestSR,0.97735,0.988097916112804,0.96634,0.9770978472987594,0.02265,/gpfs/projects/HeinzGroup/caffeine_underground/mlrt/FlexFringe/FlexFringe/models-ps-small/0.1.1.1.0.0.searchglobal.0.ini/0.1.1.1.0.0.searchglobal.0_16.16.SL.6.1.3_Small.final.json,/gpfs/projects/HeinzGroup/asoubki/FlexFringe/data/MLRegTest/Large/16.16.SL.6.1.3_TestSR.txt,2025-12-29 22:45:17.054216
0.1.1.1.0.0.searchglobal.0,Small,16,16,SL,6,1,3,TestLR,0.96245,0.981167412340027,0.943,0.9617051654683596,0.03755,/gpfs/projects/HeinzGroup/caffeine_underground/mlrt/FlexFringe/FlexFringe/models-ps-small/0.1.1.1.0.0.searchglobal.0.ini/0.1.1.1.0.0.searchglobal.0_16.16.SL.6.1.3_Small.final.json,/gpfs/projects/HeinzGroup/asoubki/FlexFringe/data/MLRegTest/Large/16.16.SL.6.1.3_TestLR.txt,2025-12-29 22:45:17.054216
0.1.1.1.0.0.searchglobal.0,Small,16,16,SL,6,1,3,TestSA,0.58173,0.9340414232607541,0.17588,0.29601952368930406,0.41827,/gpfs/projects/HeinzGroup/caffeine_underground/mlrt/FlexFringe/FlexFringe/models-ps-small/0.1.1.1.0.0.searchglobal.0.ini/0.1.1.1.0.0.searchglobal.0_16.16.SL.6.1.3_Small.final.json,/gpfs/projects/HeinzGroup/asoubki/FlexFringe/data/MLRegTest/Large/16.16.SL.6.1.3_TestSA.txt,2025-12-29 22:45:17.054216
0.1.1.1.0.0.searchglobal.0,Small,16,16,SL,6,1,3,Dev,0.97772,0.9874892852769501,0.9677,0.9774944948382795,0.02228,/gpfs/projects/HeinzGroup/caffeine_underground/mlrt/FlexFringe/FlexFringe/models-ps-small/0.1.1.1.0.0.searchglobal.0.ini/0.1.1.1.0.0.searchglobal.0_16.16.SL.6.1.3_Small.final.json,/gpfs/projects/HeinzGroup/asoubki/FlexFringe/data/MLRegTest/Large/16.16.SL.6.1.3_Dev.txt,2025-12-29 22:45:17.054216
0.1.1.1.0.0.searchglobal.0,Small,16,16,SL,6,1,3,Train,0.98,0.9958677685950413,0.964,0.9796747967479674,0.02,/gpfs/projects/HeinzGroup/caffeine_underground/mlrt/FlexFringe/FlexFringe/models-ps-small/0.1.1.1.0.0.searchglobal.0.ini/0.1.1.1.0.0.searchglobal.0_16.16.SL.6.1.3_Small.final.json,/gpfs/projects/HeinzGroup/asoubki/FlexFringe/data/MLRegTest/Small/16.16.SL.6.1.3_Train.txt,2025-12-29 22:45:17.054216
0.1.1.1.0.0.searchglobal.0,Small,16,16,SL,6,1,4,TestLR,0.5,0.0,0.0,0.0,0.5,/gpfs/projects/HeinzGroup/caffeine_underground/mlrt/FlexFringe/FlexFringe/models-ps-small/0.1.1.1.0.0.searchglobal.0.ini/0.1.1.1.0.0.searchglobal.0_16.16.SL.6.1.4_Small.final.json,/gpfs/projects/HeinzGroup/asoubki/FlexFringe/data/MLRegTest/Large/16.16.SL.6.1.4_TestLR.txt,2025-12-29 23:07:44.594826
0.1.1.1.0.0.searchglobal.0,Small,16,16,SL,6,1,4,TestSA,0.49999,0.0,0.0,0.0,0.50001,/gpfs/projects/HeinzGroup/caffeine_underground/mlrt/FlexFringe/FlexFringe/models-ps-small/0.1.1.1.0.0.searchglobal.0.ini/0.1.1.1.0.0.searchglobal.0_16.16.SL.6.1.4_Small.final.json,/gpfs/projects/HeinzGroup/asoubki/FlexFringe/data/MLRegTest/Large/16.16.SL.6.1.4_TestSA.txt,2025-12-29 23:07:44.594826
0.1.1.1.0.0.searchglobal.0,Small,16,16,SL,6,1,4,TestSR,0.49999,0.0,0.0,0.0,0.50001,/gpfs/projects/HeinzGroup/caffeine_underground/mlrt/FlexFringe/FlexFringe/models-ps-small/0.1.1.1.0.0.searchglobal.0.ini/0.1.1.1.0.0.searchglobal.0_16.16.SL.6.1.4_Small.final.json,/gpfs/projects/HeinzGroup/asoubki/FlexFringe/data/MLRegTest/Large/16.16.SL.6.1.4_TestSR.txt,2025-12-29 23:07:44.594826
0.1.1.1.0.0.searchglobal.0,Small,16,16,SL,6,1,4,TestLA,0.5,0.0,0.0,0.0,0.5,/gpfs/projects/HeinzGroup/caffeine_underground/mlrt/FlexFringe/FlexFringe/models-ps-small/0.1.1.1.0.0.searchglobal.0.ini/0.1.1.1.0.0.searchglobal.0_16.16.SL.6.1.4_Small.final.json,/gpfs/projects/HeinzGroup/asoubki/FlexFringe/data/MLRegTest/Large/16.16.SL.6.1.4_TestLA.txt,2025-12-29 23:07:44.594826
0.1.1.1.0.0.searchglobal.0,Small,16,16,SL,6,1,4,Dev,0.5,0.0,0.0,0.0,0.5,/gpfs/projects/HeinzGroup/caffeine_underground/mlrt/FlexFringe/FlexFringe/models-ps-small/0.1.1.1.0.0.searchglobal.0.ini/0.1.1.1.0.0.searchglobal.0_16.16.SL.6.1.4_Small.final.json,/gpfs/projects/HeinzGroup/asoubki/FlexFringe/data/MLRegTest/Large/16.16.SL.6.1.4_Dev.txt,2025-12-29 23:07:44.594826
0.1.1.1.0.0.searchglobal.0,Small,16,16,SL,6,1,4,Train,0.5,0.0,0.0,0.0,0.5,/gpfs/projects/HeinzGroup/caffeine_underground/mlrt/FlexFringe/FlexFringe/models-ps-small/0.1.1.1.0.0.searchglobal.0.ini/0.1.1.1.0.0.searchglobal.0_16.16.SL.6.1.4_Small.final.json,/gpfs/projects/HeinzGroup/asoubki/FlexFringe/data/MLRegTest/Small/16.16.SL.6.1.4_Train.txt,2025-12-29 23:07:44.594826
0.1.1.1.0.0.searchglobal.0,Small,16,16,SL,6,1,5,TestLR,0.5,0.0,0.0,0.0,0.5,/gpfs/projects/HeinzGroup/caffeine_underground/mlrt/FlexFringe/FlexFringe/models-ps-small/0.1.1.1.0.0.searchglobal.0.ini/0.1.1.1.0.0.searchglobal.0_16.16.SL.6.1.5_Small.final.json,/gpfs/projects/HeinzGroup/asoubki/FlexFringe/data/MLRegTest/Large/16.16.SL.6.1.5_TestLR.txt,2025-12-29 22:35:26.745486
0.1.1.1.0.0.searchglobal.0,Small,16,16,SL,6,1,5,TestSA,0.5,0.0,0.0,0.0,0.5,/gpfs/projects/HeinzGroup/caffeine_underground/mlrt/FlexFringe/FlexFringe/models-ps-small/0.1.1.1.0.0.searchglobal.0.ini/0.1.1.1.0.0.searchglobal.0_16.16.SL.6.1.5_Small.final.json,/gpfs/projects/HeinzGroup/asoubki/FlexFringe/data/MLRegTest/Large/16.16.SL.6.1.5_TestSA.txt,2025-12-29 22:35:26.745486
0.1.1.1.0.0.searchglobal.0,Small,16,16,SL,6,1,5,TestSR,0.49999,0.0,0.0,0.0,0.50001,/gpfs/projects/HeinzGroup/caffeine_underground/mlrt/FlexFringe/FlexFringe/models-ps-small/0.1.1.1.0.0.searchglobal.0.ini/0.1.1.1.0.0.searchglobal.0_16.16.SL.6.1.5_Small.final.json,/gpfs/projects/HeinzGroup/asoubki/FlexFringe/data/MLRegTest/Large/16.16.SL.6.1.5_TestSR.txt,2025-12-29 22:35:26.745486
0.1.1.1.0.0.searchglobal.0,Small,16,16,SL,6,1,5,TestLA,0.5,0.0,0.0,0.0,0.5,/gpfs/projects/HeinzGroup/caffeine_underground/mlrt/FlexFringe/FlexFringe/models-ps-small/0.1.1.1.0.0.searchglobal.0.ini/0.1.1.1.0.0.searchglobal.0_16.16.SL.6.1.5_Small.final.json,/gpfs/projects/HeinzGroup/asoubki/FlexFringe/data/MLRegTest/Large/16.16.SL.6.1.5_TestLA.txt,2025-12-29 22:35:26.745486
0.1.1.1.0.0.searchglobal.0,Small,16,16,SL,6,1,5,Dev,0.5,0.0,0.0,0.0,0.5,/gpfs/projects/HeinzGroup/caffeine_underground/mlrt/FlexFringe/FlexFringe/models-ps-small/0.1.1.1.0.0.searchglobal.0.ini/0.1.1.1.0.0.searchglobal.0_16.16.SL.6.1.5_Small.final.json,/gpfs/projects/HeinzGroup/asoubki/FlexFringe/data/MLRegTest/Large/16.16.SL.6.1.5_Dev.txt,2025-12-29 22:35:26.745486
0.1.1.1.0.0.searchglobal.0,Small,16,16,SL,6,1,5,Train,0.5,0.0,0.0,0.0,0.5,/gpfs/projects/HeinzGroup/caffeine_underground/mlrt/FlexFringe/FlexFringe/models-ps-small/0.1.1.1.0.0.searchglobal.0.ini/0.1.1.1.0.0.searchglobal.0_16.16.SL.6.1.5_Small.final.json,/gpfs/projects/HeinzGroup/asoubki/FlexFringe/data/MLRegTest/Small/16.16.SL.6.1.5_Train.txt,2025-12-29 22:35:26.745486
0.1.1.1.0.0.searchglobal.0,Small,16,16,SL,6,1,6,TestLA,0.5,0.0,0.0,0.0,0.5,/gpfs/projects/HeinzGroup/caffeine_underground/mlrt/FlexFringe/FlexFringe/models-ps-small/0.1.1.1.0.0.searchglobal.0.ini/0.1.1.1.0.0.searchglobal.0_16.16.SL.6.1.6_Small.final.json,/gpfs/projects/HeinzGroup/asoubki/FlexFringe/data/MLRegTest/Large/16.16.SL.6.1.6_TestLA.txt,2025-12-29 23:24:48.665025
0.1.1.1.0.0.searchglobal.0,Small,16,16,SL,6,1,6,TestLR,0.5,0.0,0.0,0.0,0.5,/gpfs/projects/HeinzGroup/caffeine_underground/mlrt/FlexFringe/FlexFringe/models-ps-small/0.1.1.1.0.0.searchglobal.0.ini/0.1.1.1.0.0.searchglobal.0_16.16.SL.6.1.6_Small.final.json,/gpfs/projects/HeinzGroup/asoubki/FlexFringe/data/MLRegTest/Large/16.16.SL.6.1.6_TestLR.txt,2025-12-29 23:24:48.665025
0.1.1.1.0.0.searchglobal.0,Small,16,16,SL,6,1,6,TestSR,0.5,0.0,0.0,0.0,0.5,/gpfs/projects/HeinzGroup/caffeine_underground/mlrt/FlexFringe/FlexFringe/models-ps-small/0.1.1.1.0.0.searchglobal.0.ini/0.1.1.1.0.0.searchglobal.0_16.16.SL.6.1.6_Small.final.json,/gpfs/projects/HeinzGroup/asoubki/FlexFringe/data/MLRegTest/Large/16.16.SL.6.1.6_TestSR.txt,2025-12-29 23:24:48.665025
0.1.1.1.0.0.searchglobal.0,Small,16,16,SL,6,1,6,TestSA,0.5,0.0,0.0,0.0,0.5,/gpfs/projects/HeinzGroup/caffeine_underground/mlrt/FlexFringe/FlexFringe/models-ps-small/0.1.1.1.0.0.searchglobal.0.ini/0.1.1.1.0.0.searchglobal.0_16.16.SL.6.1.6_Small.final.json,/gpfs/projects/HeinzGroup/asoubki/FlexFringe/data/MLRegTest/Large/16.16.SL.6.1.6_TestSA.txt,2025-12-29 23:24:48.665025
0.1.1.1.0.0.searchglobal.0,Small,16,16,SL,6,1,6,Dev,0.5,0.0,0.0,0.0,0.5,/gpfs/projects/HeinzGroup/caffeine_underground/mlrt/FlexFringe/FlexFringe/models-ps-small/0.1.1.1.0.0.searchglobal.0.ini/0.1.1.1.0.0.searchglobal.0_16.16.SL.6.1.6_Small.final.json,/gpfs/projects/HeinzGroup/asoubki/FlexFringe/data/MLRegTest/Large/16.16.SL.6.1.6_Dev.txt,2025-12-29 23:24:48.665025
0.1.1.1.0.0.searchglobal.0,Small,16,16,SL,6,1,6,Train,0.5,0.0,0.0,0.0,0.5,/gpfs/projects/HeinzGroup/caffeine_underground/mlrt/FlexFringe/FlexFringe/models-ps-small/0.1.1.1.0.0.searchglobal.0.ini/0.1.1.1.0.0.searchglobal.0_16.16.SL.6.1.6_Small.final.json,/gpfs/projects/HeinzGroup/asoubki/FlexFringe/data/MLRegTest/Small/16.16.SL.6.1.6_Train.txt,2025-12-29 23:24:48.665025
0.1.1.1.0.0.searchglobal.0,Small,16,16,SL,6,1,7,TestSA,0.5,0.0,0.0,0.0,0.5,/gpfs/projects/HeinzGroup/caffeine_underground/mlrt/FlexFringe/FlexFringe/models-ps-small/0.1.1.1.0.0.searchglobal.0.ini/0.1.1.1.0.0.searchglobal.0_16.16.SL.6.1.7_Small.final.json,/gpfs/projects/HeinzGroup/asoubki/FlexFringe/data/MLRegTest/Large/16.16.SL.6.1.7_TestSA.txt,2025-12-29 23:21:02.949400
0.1.1.1.0.0.searchglobal.0,Small,16,16,SL,6,1,7,TestLR,0.5,0.0,0.0,0.0,0.5,/gpfs/projects/HeinzGroup/caffeine_underground/mlrt/FlexFringe/FlexFringe/models-ps-small/0.1.1.1.0.0.searchglobal.0.ini/0.1.1.1.0.0.searchglobal.0_16.16.SL.6.1.7_Small.final.json,/gpfs/projects/HeinzGroup/asoubki/FlexFringe/data/MLRegTest/Large/16.16.SL.6.1.7_TestLR.txt,2025-12-29 23:21:02.949400
0.1.1.1.0.0.searchglobal.0,Small,16,16,SL,6,1,7,TestLA,0.5,0.0,0.0,0.0,0.5,/gpfs/projects/HeinzGroup/caffeine_underground/mlrt/FlexFringe/FlexFringe/models-ps-small/0.1.1.1.0.0.searchglobal.0.ini/0.1.1.1.0.0.searchglobal.0_16.16.SL.6.1.7_Small.final.json,/gpfs/projects/HeinzGroup/asoubki/FlexFringe/data/MLRegTest/Large/16.16.SL.6.1.7_TestLA.txt,2025-12-29 23:21:02.949400
0.1.1.1.0.0.searchglobal.0,Small,16,16,SL,6,1,7,TestSR,0.5,0.0,0.0,0.0,0.5,/gpfs/projects/HeinzGroup/caffeine_underground/mlrt/FlexFringe/FlexFringe/models-ps-small/0.1.1.1.0.0.searchglobal.0.ini/0.1.1.1.0.0.searchglobal.0_16.16.SL.6.1.7_Small.final.json,/gpfs/projects/HeinzGroup/asoubki/FlexFringe/data/MLRegTest/Large/16.16.SL.6.1.7_TestSR.txt,2025-12-29 23:21:02.949400
0.1.1.1.0.0.searchglobal.0,Small,16,16,SL,6,1,7,Dev,0.49999,0.0,0.0,0.0,0.50001,/gpfs/projects/HeinzGroup/caffeine_underground/mlrt/FlexFringe/FlexFringe/models-ps-small/0.1.1.1.0.0.searchglobal.0.ini/0.1.1.1.0.0.searchglobal.0_16.16.SL.6.1.7_Small.final.json,/gpfs/projects/HeinzGroup/asoubki/FlexFringe/data/MLRegTest/Large/16.16.SL.6.1.7_Dev.txt,2025-12-29 23:21:02.949400
0.1.1.1.0.0.searchglobal.0,Small,16,16,SL,6,1,7,Train,0.5,0.0,0.0,0.0,0.5,/gpfs/projects/HeinzGroup/caffeine_underground/mlrt/FlexFringe/FlexFringe/models-ps-small/0.1.1.1.0.0.searchglobal.0.ini/0.1.1.1.0.0.searchglobal.0_16.16.SL.6.1.7_Small.final.json,/gpfs/projects/HeinzGroup/asoubki/FlexFringe/data/MLRegTest/Small/16.16.SL.6.1.7_Train.txt,2025-12-29 23:21:02.949400
0.1.1.1.0.0.searchglobal.0,Small,16,16,SL,6,1,8,TestLR,0.5,0.0,0.0,0.0,0.5,/gpfs/projects/HeinzGroup/caffeine_underground/mlrt/FlexFringe/FlexFringe/models-ps-small/0.1.1.1.0.0.searchglobal.0.ini/0.1.1.1.0.0.searchglobal.0_16.16.SL.6.1.8_Small.final.json,/gpfs/projects/HeinzGroup/asoubki/FlexFringe/data/MLRegTest/Large/16.16.SL.6.1.8_TestLR.txt,2025-12-29 23:27:28.893608
0.1.1.1.0.0.searchglobal.0,Small,16,16,SL,6,1,8,TestSA,0.5,0.0,0.0,0.0,0.5,/gpfs/projects/HeinzGroup/caffeine_underground/mlrt/FlexFringe/FlexFringe/models-ps-small/0.1.1.1.0.0.searchglobal.0.ini/0.1.1.1.0.0.searchglobal.0_16.16.SL.6.1.8_Small.final.json,/gpfs/projects/HeinzGroup/asoubki/FlexFringe/data/MLRegTest/Large/16.16.SL.6.1.8_TestSA.txt,2025-12-29 23:27:28.893608
0.1.1.1.0.0.searchglobal.0,Small,16,16,SL,6,1,8,TestSR,0.5,0.0,0.0,0.0,0.5,/gpfs/projects/HeinzGroup/caffeine_underground/mlrt/FlexFringe/FlexFringe/models-ps-small/0.1.1.1.0.0.searchglobal.0.ini/0.1.1.1.0.0.searchglobal.0_16.16.SL.6.1.8_Small.final.json,/gpfs/projects/HeinzGroup/asoubki/FlexFringe/data/MLRegTest/Large/16.16.SL.6.1.8_TestSR.txt,2025-12-29 23:27:28.893608
0.1.1.1.0.0.searchglobal.0,Small,16,16,SL,6,1,8,TestLA,0.5,0.0,0.0,0.0,0.5,/gpfs/projects/HeinzGroup/caffeine_underground/mlrt/FlexFringe/FlexFringe/models-ps-small/0.1.1.1.0.0.searchglobal.0.ini/0.1.1.1.0.0.searchglobal.0_16.16.SL.6.1.8_Small.final.json,/gpfs/projects/HeinzGroup/asoubki/FlexFringe/data/MLRegTest/Large/16.16.SL.6.1.8_TestLA.txt,2025-12-29 23:27:28.893608
0.1.1.1.0.0.searchglobal.0,Small,16,16,SL,6,1,8,Dev,0.5,0.0,0.0,0.0,0.5,/gpfs/projects/HeinzGroup/caffeine_underground/mlrt/FlexFringe/FlexFringe/models-ps-small/0.1.1.1.0.0.searchglobal.0.ini/0.1.1.1.0.0.searchglobal.0_16.16.SL.6.1.8_Small.final.json,/gpfs/projects/HeinzGroup/asoubki/FlexFringe/data/MLRegTest/Large/16.16.SL.6.1.8_Dev.txt,2025-12-29 23:27:28.893608
0.1.1.1.0.0.searchglobal.0,Small,16,16,SL,6,1,8,Train,0.5,0.0,0.0,0.0,0.5,/gpfs/projects/HeinzGroup/caffeine_underground/mlrt/FlexFringe/FlexFringe/models-ps-small/0.1.1.1.0.0.searchglobal.0.ini/0.1.1.1.0.0.searchglobal.0_16.16.SL.6.1.8_Small.final.json,/gpfs/projects/HeinzGroup/asoubki/FlexFringe/data/MLRegTest/Small/16.16.SL.6.1.8_Train.txt,2025-12-29 23:27:28.893608
0.1.1.1.0.0.searchglobal.0,Small,16,16,SL,6,1,9,TestSR,0.5,0.0,0.0,0.0,0.5,/gpfs/projects/HeinzGroup/caffeine_underground/mlrt/FlexFringe/FlexFringe/models-ps-small/0.1.1.1.0.0.searchglobal.0.ini/0.1.1.1.0.0.searchglobal.0_16.16.SL.6.1.9_Small.final.json,/gpfs/projects/HeinzGroup/asoubki/FlexFringe/data/MLRegTest/Large/16.16.SL.6.1.9_TestSR.txt,2025-12-29 22:11:04.325493
0.1.1.1.0.0.searchglobal.0,Small,16,16,SL,6,1,9,TestSA,0.5,0.0,0.0,0.0,0.5,/gpfs/projects/HeinzGroup/caffeine_underground/mlrt/FlexFringe/FlexFringe/models-ps-small/0.1.1.1.0.0.searchglobal.0.ini/0.1.1.1.0.0.searchglobal.0_16.16.SL.6.1.9_Small.final.json,/gpfs/projects/HeinzGroup/asoubki/FlexFringe/data/MLRegTest/Large/16.16.SL.6.1.9_TestSA.txt,2025-12-29 22:11:04.325493
0.1.1.1.0.0.searchglobal.0,Small,16,16,SL,6,1,9,TestLR,0.5,0.0,0.0,0.0,0.5,/gpfs/projects/HeinzGroup/caffeine_underground/mlrt/FlexFringe/FlexFringe/models-ps-small/0.1.1.1.0.0.searchglobal.0.ini/0.1.1.1.0.0.searchglobal.0_16.16.SL.6.1.9_Small.final.json,/gpfs/projects/HeinzGroup/asoubki/FlexFringe/data/MLRegTest/Large/16.16.SL.6.1.9_TestLR.txt,2025-12-29 22:11:04.325493
0.1.1.1.0.0.searchglobal.0,Small,16,16,SL,6,1,9,TestLA,0.5,0.0,0.0,0.0,0.5,/gpfs/projects/HeinzGroup/caffeine_underground/mlrt/FlexFringe/FlexFringe/models-ps-small/0.1.1.1.0.0.searchglobal.0.ini/0.1.1.1.0.0.searchglobal.0_16.16.SL.6.1.9_Small.final.json,/gpfs/projects/HeinzGroup/asoubki/FlexFringe/data/MLRegTest/Large/16.16.SL.6.1.9_TestLA.txt,2025-12-29 22:11:04.325493
0.1.1.1.0.0.searchglobal.0,Small,16,16,SL,6,1,9,Dev,0.49998,0.0,0.0,0.0,0.50002,/gpfs/projects/HeinzGroup/caffeine_underground/mlrt/FlexFringe/FlexFringe/models-ps-small/0.1.1.1.0.0.searchglobal.0.ini/0.1.1.1.0.0.searchglobal.0_16.16.SL.6.1.9_Small.final.json,/gpfs/projects/HeinzGroup/asoubki/FlexFringe/data/MLRegTest/Large/16.16.SL.6.1.9_Dev.txt,2025-12-29 22:11:04.325493
0.1.1.1.0.0.searchglobal.0,Small,16,16,SL,6,1,9,Train,0.5,0.0,0.0,0.0,0.5,/gpfs/projects/HeinzGroup/caffeine_underground/mlrt/FlexFringe/FlexFringe/models-ps-small/0.1.1.1.0.0.searchglobal.0.ini/0.1.1.1.0.0.searchglobal.0_16.16.SL.6.1.9_Small.final.json,/gpfs/projects/HeinzGroup/asoubki/FlexFringe/data/MLRegTest/Small/16.16.SL.6.1.9_Train.txt,2025-12-29 22:11:04.325493
0.1.1.1.0.0.searchglobal.0,Small,16,16,SP,2,1,0,TestLA,0.57032,0.6551222094767493,0.29698,0.40869182286076017,0.42968,/gpfs/projects/HeinzGroup/caffeine_underground/mlrt/FlexFringe/FlexFringe/models-ps-small/0.1.1.1.0.0.searchglobal.0.ini/0.1.1.1.0.0.searchglobal.0_16.16.SP.2.1.0_Small.final.json,/gpfs/projects/HeinzGroup/asoubki/FlexFringe/data/MLRegTest/Large/16.16.SP.2.1.0_TestLA.txt,2025-12-29 22:51:48.140204
0.1.1.1.0.0.searchglobal.0,Small,16,16,SP,2,1,0,TestLR,0.61376,0.7751814223512337,0.32046,0.45345974246497806,0.38624,/gpfs/projects/HeinzGroup/caffeine_underground/mlrt/FlexFringe/FlexFringe/models-ps-small/0.1.1.1.0.0.searchglobal.0.ini/0.1.1.1.0.0.searchglobal.0_16.16.SP.2.1.0_Small.final.json,/gpfs/projects/HeinzGroup/asoubki/FlexFringe/data/MLRegTest/Large/16.16.SP.2.1.0_TestLR.txt,2025-12-29 22:51:48.140204
0.1.1.1.0.0.searchglobal.0,Small,16,16,SP,2,1,0,TestSA,0.58321,0.6093458435175695,0.4637,0.5266385762473168,0.41679,/gpfs/projects/HeinzGroup/caffeine_underground/mlrt/FlexFringe/FlexFringe/models-ps-small/0.1.1.1.0.0.searchglobal.0.ini/0.1.1.1.0.0.searchglobal.0_16.16.SP.2.1.0_Small.final.json,/gpfs/projects/HeinzGroup/asoubki/FlexFringe/data/MLRegTest/Large/16.16.SP.2.1.0_TestSA.txt,2025-12-29 22:51:48.140204
0.1.1.1.0.0.searchglobal.0,Small,16,16,SP,2,1,0,TestSR,0.61802,0.6564753924480271,0.49514,0.5645065669463699,0.38198,/gpfs/projects/HeinzGroup/caffeine_underground/mlrt/FlexFringe/FlexFringe/models-ps-small/0.1.1.1.0.0.searchglobal.0.ini/0.1.1.1.0.0.searchglobal.0_16.16.SP.2.1.0_Small.final.json,/gpfs/projects/HeinzGroup/asoubki/FlexFringe/data/MLRegTest/Large/16.16.SP.2.1.0_TestSR.txt,2025-12-29 22:51:48.140204
0.1.1.1.0.0.searchglobal.0,Small,16,16,SP,2,1,0,Dev,0.61721,0.6557856402349876,0.4934,0.5631198712607997,0.38279,/gpfs/projects/HeinzGroup/caffeine_underground/mlrt/FlexFringe/FlexFringe/models-ps-small/0.1.1.1.0.0.searchglobal.0.ini/0.1.1.1.0.0.searchglobal.0_16.16.SP.2.1.0_Small.final.json,/gpfs/projects/HeinzGroup/asoubki/FlexFringe/data/MLRegTest/Large/16.16.SP.2.1.0_Dev.txt,2025-12-29 22:51:48.140204
0.1.1.1.0.0.searchglobal.0,Small,16,16,SP,2,1,0,Train,0.618,0.656084656084656,0.496,0.5649202733485194,0.382,/gpfs/projects/HeinzGroup/caffeine_underground/mlrt/FlexFringe/FlexFringe/models-ps-small/0.1.1.1.0.0.searchglobal.0.ini/0.1.1.1.0.0.searchglobal.0_16.16.SP.2.1.0_Small.final.json,/gpfs/projects/HeinzGroup/asoubki/FlexFringe/data/MLRegTest/Small/16.16.SP.2.1.0_Train.txt,2025-12-29 22:51:48.140204
0.1.1.1.0.0.searchglobal.0,Small,16,16,SP,2,1,1,TestSR,0.53813,0.5315734561051951,0.64196,0.5815750613772048,0.46187,/gpfs/projects/HeinzGroup/caffeine_underground/mlrt/FlexFringe/FlexFringe/models-ps-small/0.1.1.1.0.0.searchglobal.0.ini/0.1.1.1.0.0.searchglobal.0_16.16.SP.2.1.1_Small.final.json,/gpfs/projects/HeinzGroup/asoubki/FlexFringe/data/MLRegTest/Large/16.16.SP.2.1.1_TestSR.txt,2025-12-29 23:02:12.302739
0.1.1.1.0.0.searchglobal.0,Small,16,16,SP,2,1,1,TestLA,0.51035,0.508335346702102,0.6312,0.56314404246777,0.48965,/gpfs/projects/HeinzGroup/caffeine_underground/mlrt/FlexFringe/FlexFringe/models-ps-small/0.1.1.1.0.0.searchglobal.0.ini/0.1.1.1.0.0.searchglobal.0_16.16.SP.2.1.1_Small.final.json,/gpfs/projects/HeinzGroup/asoubki/FlexFringe/data/MLRegTest/Large/16.16.SP.2.1.1_TestLA.txt,2025-12-29 23:02:12.302739
0.1.1.1.0.0.searchglobal.0,Small,16,16,SP,2,1,1,TestSA,0.51871,0.5151240805108722,0.63726,0.5697197264315408,0.48129,/gpfs/projects/HeinzGroup/caffeine_underground/mlrt/FlexFringe/FlexFringe/models-ps-small/0.1.1.1.0.0.searchglobal.0.ini/0.1.1.1.0.0.searchglobal.0_16.16.SP.2.1.1_Small.final.json,/gpfs/projects/HeinzGroup/asoubki/FlexFringe/data/MLRegTest/Large/16.16.SP.2.1.1_TestSA.txt,2025-12-29 23:02:12.302739
0.1.1.1.0.0.searchglobal.0,Small,16,16,SP,2,1,1,TestLR,0.53104,0.5259879437374414,0.62824,0.5725847612103536,0.46896,/gpfs/projects/HeinzGroup/caffeine_underground/mlrt/FlexFringe/FlexFringe/models-ps-small/0.1.1.1.0.0.searchglobal.0.ini/0.1.1.1.0.0.searchglobal.0_16.16.SP.2.1.1_Small.final.json,/gpfs/projects/HeinzGroup/asoubki/FlexFringe/data/MLRegTest/Large/16.16.SP.2.1.1_TestLR.txt,2025-12-29 23:02:12.302739
0.1.1.1.0.0.searchglobal.0,Small,16,16,SP,2,1,1,Dev,0.5382,0.5315483466023587,0.64362,0.5822402344810117,0.4618,/gpfs/projects/HeinzGroup/caffeine_underground/mlrt/FlexFringe/FlexFringe/models-ps-small/0.1.1.1.0.0.searchglobal.0.ini/0.1.1.1.0.0.searchglobal.0_16.16.SP.2.1.1_Small.final.json,/gpfs/projects/HeinzGroup/asoubki/FlexFringe/data/MLRegTest/Large/16.16.SP.2.1.1_Dev.txt,2025-12-29 23:02:12.302739
0.1.1.1.0.0.searchglobal.0,Small,16,16,SP,2,1,1,Train,0.516,0.5135593220338983,0.606,0.5559633027522936,0.484,/gpfs/projects/HeinzGroup/caffeine_underground/mlrt/FlexFringe/FlexFringe/models-ps-small/0.1.1.1.0.0.searchglobal.0.ini/0.1.1.1.0.0.searchglobal.0_16.16.SP.2.1.1_Small.final.json,/gpfs/projects/HeinzGroup/asoubki/FlexFringe/data/MLRegTest/Small/16.16.SP.2.1.1_Train.txt,2025-12-29 23:02:12.302739
0.1.1.1.0.0.searchglobal.0,Small,16,16,SP,2,1,2,TestLA,0.51809,0.5126547743966422,0.73284,0.6032846264663511,0.48191,/gpfs/projects/HeinzGroup/caffeine_underground/mlrt/FlexFringe/FlexFringe/models-ps-small/0.1.1.1.0.0.searchglobal.0.ini/0.1.1.1.0.0.searchglobal.0_16.16.SP.2.1.2_Small.final.json,/gpfs/projects/HeinzGroup/asoubki/FlexFringe/data/MLRegTest/Large/16.16.SP.2.1.2_TestLA.txt,2025-12-29 22:19:49.939582
0.1.1.1.0.0.searchglobal.0,Small,16,16,SP,2,1,2,TestLR,0.55245,0.5382026891196994,0.73892,0.6227886082243967,0.44755,/gpfs/projects/HeinzGroup/caffeine_underground/mlrt/FlexFringe/FlexFringe/models-ps-small/0.1.1.1.0.0.searchglobal.0.ini/0.1.1.1.0.0.searchglobal.0_16.16.SP.2.1.2_Small.final.json,/gpfs/projects/HeinzGroup/asoubki/FlexFringe/data/MLRegTest/Large/16.16.SP.2.1.2_TestLR.txt,2025-12-29 22:19:49.939582
0.1.1.1.0.0.searchglobal.0,Small,16,16,SP,2,1,2,TestSR,0.55131,0.5372291796665264,0.74042,0.6226673730773435,0.44869,/gpfs/projects/HeinzGroup/caffeine_underground/mlrt/FlexFringe/FlexFringe/models-ps-small/0.1.1.1.0.0.searchglobal.0.ini/0.1.1.1.0.0.searchglobal.0_16.16.SP.2.1.2_Small.final.json,/gpfs/projects/HeinzGroup/asoubki/FlexFringe/data/MLRegTest/Large/16.16.SP.2.1.2_TestSR.txt,2025-12-29 22:19:49.939582
0.1.1.1.0.0.searchglobal.0,Small,16,16,SP,2,1,2,TestSA,0.52413,0.5173031967530511,0.7214,0.6025374393411678,0.47587,/gpfs/projects/HeinzGroup/caffeine_underground/mlrt/FlexFringe/FlexFringe/models-ps-small/0.1.1.1.0.0.searchglobal.0.ini/0.1.1.1.0.0.searchglobal.0_16.16.SP.2.1.2_Small.final.json,/gpfs/projects/HeinzGroup/asoubki/FlexFringe/data/MLRegTest/Large/16.16.SP.2.1.2_TestSA.txt,2025-12-29 22:19:49.939582
0.1.1.1.0.0.searchglobal.0,Small,16,16,SP,2,1,2,Dev,0.54996,0.5363980766428675,0.73626,0.6206355896484869,0.45004,/gpfs/projects/HeinzGroup/caffeine_underground/mlrt/FlexFringe/FlexFringe/models-ps-small/0.1.1.1.0.0.searchglobal.0.ini/0.1.1.1.0.0.searchglobal.0_16.16.SP.2.1.2_Small.final.json,/gpfs/projects/HeinzGroup/asoubki/FlexFringe/data/MLRegTest/Large/16.16.SP.2.1.2_Dev.txt,2025-12-29 22:19:49.939582
0.1.1.1.0.0.searchglobal.0,Small,16,16,SP,2,1,2,Train,0.559,0.5426917510853835,0.75,0.6297229219143576,0.441,/gpfs/projects/HeinzGroup/caffeine_underground/mlrt/FlexFringe/FlexFringe/models-ps-small/0.1.1.1.0.0.searchglobal.0.ini/0.1.1.1.0.0.searchglobal.0_16.16.SP.2.1.2_Small.final.json,/gpfs/projects/HeinzGroup/asoubki/FlexFringe/data/MLRegTest/Small/16.16.SP.2.1.2_Train.txt,2025-12-29 22:19:49.939582
0.1.1.1.0.0.searchglobal.0,Small,16,16,SP,2,1,3,TestLA,0.51565,0.512969254992956,0.619,0.5610187157293697,0.48435,/gpfs/projects/HeinzGroup/caffeine_underground/mlrt/FlexFringe/FlexFringe/models-ps-small/0.1.1.1.0.0.searchglobal.0.ini/0.1.1.1.0.0.searchglobal.0_16.16.SP.2.1.3_Small.final.json,/gpfs/projects/HeinzGroup/asoubki/FlexFringe/data/MLRegTest/Large/16.16.SP.2.1.3_TestLA.txt,2025-12-29 22:08:19.822014
0.1.1.1.0.0.searchglobal.0,Small,16,16,SP,2,1,3,TestSA,0.52718,0.5228081364124597,0.62302,0.5685319024675135,0.47282,/gpfs/projects/HeinzGroup/caffeine_underground/mlrt/FlexFringe/FlexFringe/models-ps-small/0.1.1.1.0.0.searchglobal.0.ini/0.1.1.1.0.0.searchglobal.0_16.16.SP.2.1.3_Small.final.json,/gpfs/projects/HeinzGroup/asoubki/FlexFringe/data/MLRegTest/Large/16.16.SP.2.1.3_TestSA.txt,2025-12-29 22:08:19.822014
0.1.1.1.0.0.searchglobal.0,Small,16,16,SP,2,1,3,TestSR,0.55531,0.5482711071547014,0.62822,0.5855290751321173,0.44469,/gpfs/projects/HeinzGroup/caffeine_underground/mlrt/FlexFringe/FlexFringe/models-ps-small/0.1.1.1.0.0.searchglobal.0.ini/0.1.1.1.0.0.searchglobal.0_16.16.SP.2.1.3_Small.final.json,/gpfs/projects/HeinzGroup/asoubki/FlexFringe/data/MLRegTest/Large/16.16.SP.2.1.3_TestSR.txt,2025-12-29 22:08:19.822014
0.1.1.1.0.0.searchglobal.0,Small,16,16,SP,2,1,3,TestLR,0.54505,0.5395376595109793,0.61476,0.5746978152957344,0.45495,/gpfs/projects/HeinzGroup/caffeine_underground/mlrt/FlexFringe/FlexFringe/models-ps-small/0.1.1.1.0.0.searchglobal.0.ini/0.1.1.1.0.0.searchglobal.0_16.16.SP.2.1.3_Small.final.json,/gpfs/projects/HeinzGroup/asoubki/FlexFringe/data/MLRegTest/Large/16.16.SP.2.1.3_TestLR.txt,2025-12-29 22:08:19.822014
0.1.1.1.0.0.searchglobal.0,Small,16,16,SP,2,1,3,Dev,0.55454,0.5476049158578311,0.62738,0.5847843108012378,0.44546,/gpfs/projects/HeinzGroup/caffeine_underground/mlrt/FlexFringe/FlexFringe/models-ps-small/0.1.1.1.0.0.searchglobal.0.ini/0.1.1.1.0.0.searchglobal.0_16.16.SP.2.1.3_Small.final.json,/gpfs/projects/HeinzGroup/asoubki/FlexFringe/data/MLRegTest/Large/16.16.SP.2.1.3_Dev.txt,2025-12-29 22:08:19.822014
0.1.1.1.0.0.searchglobal.0,Small,16,16,SP,2,1,3,Train,0.555,0.5488454706927176,0.618,0.58137347130762,0.445,/gpfs/projects/HeinzGroup/caffeine_underground/mlrt/FlexFringe/FlexFringe/models-ps-small/0.1.1.1.0.0.searchglobal.0.ini/0.1.1.1.0.0.searchglobal.0_16.16.SP.2.1.3_Small.final.json,/gpfs/projects/HeinzGroup/asoubki/FlexFringe/data/MLRegTest/Small/16.16.SP.2.1.3_Train.txt,2025-12-29 22:08:19.822014
0.1.1.1.0.0.searchglobal.0,Small,16,16,SP,2,1,4,TestLR,0.62036,0.6225861647518944,0.61128,0.6168812820409316,0.37964,/gpfs/projects/HeinzGroup/caffeine_underground/mlrt/FlexFringe/FlexFringe/models-ps-small/0.1.1.1.0.0.searchglobal.0.ini/0.1.1.1.0.0.searchglobal.0_16.16.SP.2.1.4_Small.final.json,/gpfs/projects/HeinzGroup/asoubki/FlexFringe/data/MLRegTest/Large/16.16.SP.2.1.4_TestLR.txt,2025-12-29 23:28:35.270474
0.1.1.1.0.0.searchglobal.0,Small,16,16,SP,2,1,4,TestSA,0.55469,0.5512818108508524,0.58792,0.5690117398836658,0.44531,/gpfs/projects/HeinzGroup/caffeine_underground/mlrt/FlexFringe/FlexFringe/models-ps-small/0.1.1.1.0.0.searchglobal.0.ini/0.1.1.1.0.0.searchglobal.0_16.16.SP.2.1.4_Small.final.json,/gpfs/projects/HeinzGroup/asoubki/FlexFringe/data/MLRegTest/Large/16.16.SP.2.1.4_TestSA.txt,2025-12-29 23:28:35.270474
0.1.1.1.0.0.searchglobal.0,Small,16,16,SP,2,1,4,TestSR,0.61937,0.6179056122952925,0.62558,0.6217191242384791,0.38063,/gpfs/projects/HeinzGroup/caffeine_underground/mlrt/FlexFringe/FlexFringe/models-ps-small/0.1.1.1.0.0.searchglobal.0.ini/0.1.1.1.0.0.searchglobal.0_16.16.SP.2.1.4_Small.final.json,/gpfs/projects/HeinzGroup/asoubki/FlexFringe/data/MLRegTest/Large/16.16.SP.2.1.4_TestSR.txt,2025-12-29 23:28:35.270474
0.1.1.1.0.0.searchglobal.0,Small,16,16,SP,2,1,4,TestLA,0.54083,0.5369669533725667,0.59308,0.5636303159895462,0.45917,/gpfs/projects/HeinzGroup/caffeine_underground/mlrt/FlexFringe/FlexFringe/models-ps-small/0.1.1.1.0.0.searchglobal.0.ini/0.1.1.1.0.0.searchglobal.0_16.16.SP.2.1.4_Small.final.json,/gpfs/projects/HeinzGroup/asoubki/FlexFringe/data/MLRegTest/Large/16.16.SP.2.1.4_TestLA.txt,2025-12-29 23:28:35.270474
0.1.1.1.0.0.searchglobal.0,Small,16,16,SP,2,1,4,Dev,0.61821,0.6168937760813243,0.62384,0.6203474438908942,0.38179,/gpfs/projects/HeinzGroup/caffeine_underground/mlrt/FlexFringe/FlexFringe/models-ps-small/0.1.1.1.0.0.searchglobal.0.ini/0.1.1.1.0.0.searchglobal.0_16.16.SP.2.1.4_Small.final.json,/gpfs/projects/HeinzGroup/asoubki/FlexFringe/data/MLRegTest/Large/16.16.SP.2.1.4_Dev.txt,2025-12-29 23:28:35.270474
0.1.1.1.0.0.searchglobal.0,Small,16,16,SP,2,1,4,Train,0.62,0.6185770750988142,0.626,0.6222664015904572,0.38,/gpfs/projects/HeinzGroup/caffeine_underground/mlrt/FlexFringe/FlexFringe/models-ps-small/0.1.1.1.0.0.searchglobal.0.ini/0.1.1.1.0.0.searchglobal.0_16.16.SP.2.1.4_Small.final.json,/gpfs/projects/HeinzGroup/asoubki/FlexFringe/data/MLRegTest/Small/16.16.SP.2.1.4_Train.txt,2025-12-29 23:28:35.270474
0.1.1.1.0.0.searchglobal.0,Small,16,16,SP,2,1,5,TestLA,0.57198,0.6084558823529411,0.40382,0.48545393344874016,0.42802,/gpfs/projects/HeinzGroup/caffeine_underground/mlrt/FlexFringe/FlexFringe/models-ps-small/0.1.1.1.0.0.searchglobal.0.ini/0.1.1.1.0.0.searchglobal.0_16.16.SP.2.1.5_Small.final.json,/gpfs/projects/HeinzGroup/asoubki/FlexFringe/data/MLRegTest/Large/16.16.SP.2.1.5_TestLA.txt,2025-12-29 22:10:34.027225
0.1.1.1.0.0.searchglobal.0,Small,16,16,SP,2,1,5,TestLR,0.66473,0.7914646661240666,0.44732,0.5715892101866878,0.33527,/gpfs/projects/HeinzGroup/caffeine_underground/mlrt/FlexFringe/FlexFringe/models-ps-small/0.1.1.1.0.0.searchglobal.0.ini/0.1.1.1.0.0.searchglobal.0_16.16.SP.2.1.5_Small.final.json,/gpfs/projects/HeinzGroup/asoubki/FlexFringe/data/MLRegTest/Large/16.16.SP.2.1.5_TestLR.txt,2025-12-29 22:10:34.027225
0.1.1.1.0.0.searchglobal.0,Small,16,16,SP,2,1,5,TestSA,0.58992,0.6062181062181062,0.5132,0.555844380902868,0.41008,/gpfs/projects/HeinzGroup/caffeine_underground/mlrt/FlexFringe/FlexFringe/models-ps-small/0.1.1.1.0.0.searchglobal.0.ini/0.1.1.1.0.0.searchglobal.0_16.16.SP.2.1.5_Small.final.json,/gpfs/projects/HeinzGroup/asoubki/FlexFringe/data/MLRegTest/Large/16.16.SP.2.1.5_TestSA.txt,2025-12-29 22:10:34.027225
0.1.1.1.0.0.searchglobal.0,Small,16,16,SP,2,1,5,TestSR,0.67528,0.7235144095893905,0.56738,0.6360049321824908,0.32472,/gpfs/projects/HeinzGroup/caffeine_underground/mlrt/FlexFringe/FlexFringe/models-ps-small/0.1.1.1.0.0.searchglobal.0.ini/0.1.1.1.0.0.searchglobal.0_16.16.SP.2.1.5_Small.final.json,/gpfs/projects/HeinzGroup/asoubki/FlexFringe/data/MLRegTest/Large/16.16.SP.2.1.5_TestSR.txt,2025-12-29 22:10:34.027225
0.1.1.1.0.0.searchglobal.0,Small,16,16,SP,2,1,5,Dev,0.67286,0.7212296508651582,0.56354,0.6327075941976916,0.32714,/gpfs/projects/HeinzGroup/caffeine_underground/mlrt/FlexFringe/FlexFringe/models-ps-small/0.1.1.1.0.0.searchglobal.0.ini/0.1.1.1.0.0.searchglobal.0_16.16.SP.2.1.5_Small.final.json,/gpfs/projects/HeinzGroup/asoubki/FlexFringe/data/MLRegTest/Large/16.16.SP.2.1.5_Dev.txt,2025-12-29 22:10:34.027225
0.1.1.1.0.0.searchglobal.0,Small,16,16,SP,2,1,5,Train,0.662,0.7131578947368421,0.542,0.615909090909091,0.338,/gpfs/projects/HeinzGroup/caffeine_underground/mlrt/FlexFringe/FlexFringe/models-ps-small/0.1.1.1.0.0.searchglobal.0.ini/0.1.1.1.0.0.searchglobal.0_16.16.SP.2.1.5_Small.final.json,/gpfs/projects/HeinzGroup/asoubki/FlexFringe/data/MLRegTest/Small/16.16.SP.2.1.5_Train.txt,2025-12-29 22:10:34.027225
0.1.1.1.0.0.searchglobal.0,Small,16,16,SP,2,1,6,TestLA,0.55153,0.5446124010873894,0.62906,0.5837981309105083,0.44847,/gpfs/projects/HeinzGroup/caffeine_underground/mlrt/FlexFringe/FlexFringe/models-ps-small/0.1.1.1.0.0.searchglobal.0.ini/0.1.1.1.0.0.searchglobal.0_16.16.SP.2.1.6_Small.final.json,/gpfs/projects/HeinzGroup/asoubki/FlexFringe/data/MLRegTest/Large/16.16.SP.2.1.6_TestLA.txt,2025-12-29 23:25:04.443280
0.1.1.1.0.0.searchglobal.0,Small,16,16,SP,2,1,6,TestSA,0.56013,0.555314334075396,0.60366,0.5784788170919859,0.43987,/gpfs/projects/HeinzGroup/caffeine_underground/mlrt/FlexFringe/FlexFringe/models-ps-small/0.1.1.1.0.0.searchglobal.0.ini/0.1.1.1.0.0.searchglobal.0_16.16.SP.2.1.6_Small.final.json,/gpfs/projects/HeinzGroup/asoubki/FlexFringe/data/MLRegTest/Large/16.16.SP.2.1.6_TestSA.txt,2025-12-29 23:25:04.443280
0.1.1.1.0.0.searchglobal.0,Small,16,16,SP,2,1,6,TestLR,0.66567,0.6683809330216486,0.65762,0.6629568022581783,0.33433,/gpfs/projects/HeinzGroup/caffeine_underground/mlrt/FlexFringe/FlexFringe/models-ps-small/0.1.1.1.0.0.searchglobal.0.ini/0.1.1.1.0.0.searchglobal.0_16.16.SP.2.1.6_Small.final.json,/gpfs/projects/HeinzGroup/asoubki/FlexFringe/data/MLRegTest/Large/16.16.SP.2.1.6_TestLR.txt,2025-12-29 23:25:04.443280
0.1.1.1.0.0.searchglobal.0,Small,16,16,SP,2,1,6,TestSR,0.64654,0.6447680392001897,0.65266,0.6486900170953763,0.35346,/gpfs/projects/HeinzGroup/caffeine_underground/mlrt/FlexFringe/FlexFringe/models-ps-small/0.1.1.1.0.0.searchglobal.0.ini/0.1.1.1.0.0.searchglobal.0_16.16.SP.2.1.6_Small.final.json,/gpfs/projects/HeinzGroup/asoubki/FlexFringe/data/MLRegTest/Large/16.16.SP.2.1.6_TestSR.txt,2025-12-29 23:25:04.443280
0.1.1.1.0.0.searchglobal.0,Small,16,16,SP,2,1,6,Dev,0.64678,0.6439414741301533,0.65664,0.6502287445784565,0.35322,/gpfs/projects/HeinzGroup/caffeine_underground/mlrt/FlexFringe/FlexFringe/models-ps-small/0.1.1.1.0.0.searchglobal.0.ini/0.1.1.1.0.0.searchglobal.0_16.16.SP.2.1.6_Small.final.json,/gpfs/projects/HeinzGroup/asoubki/FlexFringe/data/MLRegTest/Large/16.16.SP.2.1.6_Dev.txt,2025-12-29 23:25:04.443280
0.1.1.1.0.0.searchglobal.0,Small,16,16,SP,2,1,6,Train,0.632,0.62890625,0.644,0.6363636363636364,0.368,/gpfs/projects/HeinzGroup/caffeine_underground/mlrt/FlexFringe/FlexFringe/models-ps-small/0.1.1.1.0.0.searchglobal.0.ini/0.1.1.1.0.0.searchglobal.0_16.16.SP.2.1.6_Small.final.json,/gpfs/projects/HeinzGroup/asoubki/FlexFringe/data/MLRegTest/Small/16.16.SP.2.1.6_Train.txt,2025-12-29 23:25:04.443280
0.1.1.1.0.0.searchglobal.0,Small,16,16,SP,2,1,7,TestLA,0.53745,0.5294626701282353,0.673,0.5926643476729339,0.46255,/gpfs/projects/HeinzGroup/caffeine_underground/mlrt/FlexFringe/FlexFringe/models-ps-small/0.1.1.1.0.0.searchglobal.0.ini/0.1.1.1.0.0.searchglobal.0_16.16.SP.2.1.7_Small.final.json,/gpfs/projects/HeinzGroup/asoubki/FlexFringe/data/MLRegTest/Large/16.16.SP.2.1.7_TestLA.txt,2025-12-29 22:03:13.828080
0.1.1.1.0.0.searchglobal.0,Small,16,16,SP,2,1,7,TestSR,0.58566,0.5718118104691325,0.68208,0.6220973714452491,0.41434,/gpfs/projects/HeinzGroup/caffeine_underground/mlrt/FlexFringe/FlexFringe/models-ps-small/0.1.1.1.0.0.searchglobal.0.ini/0.1.1.1.0.0.searchglobal.0_16.16.SP.2.1.7_Small.final.json,/gpfs/projects/HeinzGroup/asoubki/FlexFringe/data/MLRegTest/Large/16.16.SP.2.1.7_TestSR.txt,2025-12-29 22:03:13.828080
0.1.1.1.0.0.searchglobal.0,Small,16,16,SP,2,1,7,TestLR,0.58723,0.5730826588917375,0.68402,0.6236563061297058,0.41277,/gpfs/projects/HeinzGroup/caffeine_underground/mlrt/FlexFringe/FlexFringe/models-ps-small/0.1.1.1.0.0.searchglobal.0.ini/0.1.1.1.0.0.searchglobal.0_16.16.SP.2.1.7_Small.final.json,/gpfs/projects/HeinzGroup/asoubki/FlexFringe/data/MLRegTest/Large/16.16.SP.2.1.7_TestLR.txt,2025-12-29 22:03:13.828080
0.1.1.1.0.0.searchglobal.0,Small,16,16,SP,2,1,7,TestSA,0.54952,0.5407022619673856,0.65784,0.5935469900389779,0.45048,/gpfs/projects/HeinzGroup/caffeine_underground/mlrt/FlexFringe/FlexFringe/models-ps-small/0.1.1.1.0.0.searchglobal.0.ini/0.1.1.1.0.0.searchglobal.0_16.16.SP.2.1.7_Small.final.json,/gpfs/projects/HeinzGroup/asoubki/FlexFringe/data/MLRegTest/Large/16.16.SP.2.1.7_TestSA.txt,2025-12-29 22:03:13.828080
0.1.1.1.0.0.searchglobal.0,Small,16,16,SP,2,1,7,Dev,0.58598,0.5721671982541547,0.68168,0.6221410970156065,0.41402,/gpfs/projects/HeinzGroup/caffeine_underground/mlrt/FlexFringe/FlexFringe/models-ps-small/0.1.1.1.0.0.searchglobal.0.ini/0.1.1.1.0.0.searchglobal.0_16.16.SP.2.1.7_Small.final.json,/gpfs/projects/HeinzGroup/asoubki/FlexFringe/data/MLRegTest/Large/16.16.SP.2.1.7_Dev.txt,2025-12-29 22:03:13.828080
0.1.1.1.0.0.searchglobal.0,Small,16,16,SP,2,1,7,Train,0.583,0.5726795096322241,0.654,0.6106442577030813,0.417,/gpfs/projects/HeinzGroup/caffeine_underground/mlrt/FlexFringe/FlexFringe/models-ps-small/0.1.1.1.0.0.searchglobal.0.ini/0.1.1.1.0.0.searchglobal.0_16.16.SP.2.1.7_Small.final.json,/gpfs/projects/HeinzGroup/asoubki/FlexFringe/data/MLRegTest/Small/16.16.SP.2.1.7_Train.txt,2025-12-29 22:03:13.828080
0.1.1.1.0.0.searchglobal.0,Small,16,16,SP,2,1,8,TestSR,0.66837,0.6542386544768326,0.71418,0.6828965108384888,0.33163,/gpfs/projects/HeinzGroup/caffeine_underground/mlrt/FlexFringe/FlexFringe/models-ps-small/0.1.1.1.0.0.searchglobal.0.ini/0.1.1.1.0.0.searchglobal.0_16.16.SP.2.1.8_Small.final.json,/gpfs/projects/HeinzGroup/asoubki/FlexFringe/data/MLRegTest/Large/16.16.SP.2.1.8_TestSR.txt,2025-12-29 22:53:35.580336
0.1.1.1.0.0.searchglobal.0,Small,16,16,SP,2,1,8,TestSA,0.59156,0.5793331715939417,0.66862,0.6207825005106493,0.40844,/gpfs/projects/HeinzGroup/caffeine_underground/mlrt/FlexFringe/FlexFringe/models-ps-small/0.1.1.1.0.0.searchglobal.0.ini/0.1.1.1.0.0.searchglobal.0_16.16.SP.2.1.8_Small.final.json,/gpfs/projects/HeinzGroup/asoubki/FlexFringe/data/MLRegTest/Large/16.16.SP.2.1.8_TestSA.txt,2025-12-29 22:53:35.580336
0.1.1.1.0.0.searchglobal.0,Small,16,16,SP,2,1,8,TestLR,0.6898,0.6644828064337216,0.76676,0.7119670182736592,0.3102,/gpfs/projects/HeinzGroup/caffeine_underground/mlrt/FlexFringe/FlexFringe/models-ps-small/0.1.1.1.0.0.searchglobal.0.ini/0.1.1.1.0.0.searchglobal.0_16.16.SP.2.1.8_Small.final.json,/gpfs/projects/HeinzGroup/asoubki/FlexFringe/data/MLRegTest/Large/16.16.SP.2.1.8_TestLR.txt,2025-12-29 22:53:35.580336
0.1.1.1.0.0.searchglobal.0,Small,16,16,SP,2,1,8,TestLA,0.58149,0.562313609738939,0.73536,0.6372988291575308,0.41851,/gpfs/projects/HeinzGroup/caffeine_underground/mlrt/FlexFringe/FlexFringe/models-ps-small/0.1.1.1.0.0.searchglobal.0.ini/0.1.1.1.0.0.searchglobal.0_16.16.SP.2.1.8_Small.final.json,/gpfs/projects/HeinzGroup/asoubki/FlexFringe/data/MLRegTest/Large/16.16.SP.2.1.8_TestLA.txt,2025-12-29 22:53:35.580336
0.1.1.1.0.0.searchglobal.0,Small,16,16,SP,2,1,8,Dev,0.66828,0.6540969195267573,0.7143,0.6828741324257662,0.33172,/gpfs/projects/HeinzGroup/caffeine_underground/mlrt/FlexFringe/FlexFringe/models-ps-small/0.1.1.1.0.0.searchglobal.0.ini/0.1.1.1.0.0.searchglobal.0_16.16.SP.2.1.8_Small.final.json,/gpfs/projects/HeinzGroup/asoubki/FlexFringe/data/MLRegTest/Large/16.16.SP.2.1.8_Dev.txt,2025-12-29 22:53:35.580336
0.1.1.1.0.0.searchglobal.0,Small,16,16,SP,2,1,8,Train,0.675,0.659963436928702,0.722,0.6895893027698186,0.325,/gpfs/projects/HeinzGroup/caffeine_underground/mlrt/FlexFringe/FlexFringe/models-ps-small/0.1.1.1.0.0.searchglobal.0.ini/0.1.1.1.0.0.searchglobal.0_16.16.SP.2.1.8_Small.final.json,/gpfs/projects/HeinzGroup/asoubki/FlexFringe/data/MLRegTest/Small/16.16.SP.2.1.8_Train.txt,2025-12-29 22:53:35.580336
0.1.1.1.0.0.searchglobal.0,Small,16,16,SP,2,1,9,TestSA,0.52174,0.5150133974199608,0.74576,0.609271090341661,0.47826,/gpfs/projects/HeinzGroup/caffeine_underground/mlrt/FlexFringe/FlexFringe/models-ps-small/0.1.1.1.0.0.searchglobal.0.ini/0.1.1.1.0.0.searchglobal.0_16.16.SP.2.1.9_Small.final.json,/gpfs/projects/HeinzGroup/asoubki/FlexFringe/data/MLRegTest/Large/16.16.SP.2.1.9_TestSA.txt,2025-12-29 22:13:21.895528
0.1.1.1.0.0.searchglobal.0,Small,16,16,SP,2,1,9,TestSR,0.56274,0.5450007172572084,0.75984,0.63473394035586,0.43726,/gpfs/projects/HeinzGroup/caffeine_underground/mlrt/FlexFringe/FlexFringe/models-ps-small/0.1.1.1.0.0.searchglobal.0.ini/0.1.1.1.0.0.searchglobal.0_16.16.SP.2.1.9_Small.final.json,/gpfs/projects/HeinzGroup/asoubki/FlexFringe/data/MLRegTest/Large/16.16.SP.2.1.9_TestSR.txt,2025-12-29 22:13:21.895528
0.1.1.1.0.0.searchglobal.0,Small,16,16,SP,2,1,9,TestLA,0.51477,0.5098604713265238,0.76372,0.611489651307098,0.48523,/gpfs/projects/HeinzGroup/caffeine_underground/mlrt/FlexFringe/FlexFringe/models-ps-small/0.1.1.1.0.0.searchglobal.0.ini/0.1.1.1.0.0.searchglobal.0_16.16.SP.2.1.9_Small.final.json,/gpfs/projects/HeinzGroup/asoubki/FlexFringe/data/MLRegTest/Large/16.16.SP.2.1.9_TestLA.txt,2025-12-29 22:13:21.895528
0.1.1.1.0.0.searchglobal.0,Small,16,16,SP,2,1,9,TestLR,0.56948,0.5494914095221813,0.77142,0.6418124032813618,0.43052,/gpfs/projects/HeinzGroup/caffeine_underground/mlrt/FlexFringe/FlexFringe/models-ps-small/0.1.1.1.0.0.searchglobal.0.ini/0.1.1.1.0.0.searchglobal.0_16.16.SP.2.1.9_Small.final.json,/gpfs/projects/HeinzGroup/asoubki/FlexFringe/data/MLRegTest/Large/16.16.SP.2.1.9_TestLR.txt,2025-12-29 22:13:21.895528
0.1.1.1.0.0.searchglobal.0,Small,16,16,SP,2,1,9,Dev,0.56441,0.5464376865510231,0.75792,0.6350344781359184,0.43559,/gpfs/projects/HeinzGroup/caffeine_underground/mlrt/FlexFringe/FlexFringe/models-ps-small/0.1.1.1.0.0.searchglobal.0.ini/0.1.1.1.0.0.searchglobal.0_16.16.SP.2.1.9_Small.final.json,/gpfs/projects/HeinzGroup/asoubki/FlexFringe/data/MLRegTest/Large/16.16.SP.2.1.9_Dev.txt,2025-12-29 22:13:21.895528
0.1.1.1.0.0.searchglobal.0,Small,16,16,SP,2,1,9,Train,0.547,0.533715925394548,0.744,0.6215538847117794,0.453,/gpfs/projects/HeinzGroup/caffeine_underground/mlrt/FlexFringe/FlexFringe/models-ps-small/0.1.1.1.0.0.searchglobal.0.ini/0.1.1.1.0.0.searchglobal.0_16.16.SP.2.1.9_Small.final.json,/gpfs/projects/HeinzGroup/asoubki/FlexFringe/data/MLRegTest/Small/16.16.SP.2.1.9_Train.txt,2025-12-29 22:13:21.895528
0.1.1.1.0.0.searchglobal.0,Small,16,16,SP,4,1,0,TestSA,0.50714,0.5055966639493321,0.64502,0.5668611804408198,0.49286,/gpfs/projects/HeinzGroup/caffeine_underground/mlrt/FlexFringe/FlexFringe/models-ps-small/0.1.1.1.0.0.searchglobal.0.ini/0.1.1.1.0.0.searchglobal.0_16.16.SP.4.1.0_Small.final.json,/gpfs/projects/HeinzGroup/asoubki/FlexFringe/data/MLRegTest/Large/16.16.SP.4.1.0_TestSA.txt,2025-12-29 22:26:23.629526
0.1.1.1.0.0.searchglobal.0,Small,16,16,SP,4,1,0,TestSR,0.52822,0.5215340943776327,0.68346,0.591617326269866,0.47178,/gpfs/projects/HeinzGroup/caffeine_underground/mlrt/FlexFringe/FlexFringe/models-ps-small/0.1.1.1.0.0.searchglobal.0.ini/0.1.1.1.0.0.searchglobal.0_16.16.SP.4.1.0_Small.final.json,/gpfs/projects/HeinzGroup/asoubki/FlexFringe/data/MLRegTest/Large/16.16.SP.4.1.0_TestSR.txt,2025-12-29 22:26:23.629526
0.1.1.1.0.0.searchglobal.0,Small,16,16,SP,4,1,0,TestLR,0.51674,0.5128075651854572,0.67026,0.5810562452319856,0.48326,/gpfs/projects/HeinzGroup/caffeine_underground/mlrt/FlexFringe/FlexFringe/models-ps-small/0.1.1.1.0.0.searchglobal.0.ini/0.1.1.1.0.0.searchglobal.0_16.16.SP.4.1.0_Small.final.json,/gpfs/projects/HeinzGroup/asoubki/FlexFringe/data/MLRegTest/Large/16.16.SP.4.1.0_TestLR.txt,2025-12-29 22:26:23.629526
0.1.1.1.0.0.searchglobal.0,Small,16,16,SP,4,1,0,TestLA,0.50509,0.5039185797650392,0.65456,0.5694450485876099,0.49491,/gpfs/projects/HeinzGroup/caffeine_underground/mlrt/FlexFringe/FlexFringe/models-ps-small/0.1.1.1.0.0.searchglobal.0.ini/0.1.1.1.0.0.searchglobal.0_16.16.SP.4.1.0_Small.final.json,/gpfs/projects/HeinzGroup/asoubki/FlexFringe/data/MLRegTest/Large/16.16.SP.4.1.0_TestLA.txt,2025-12-29 22:26:23.629526
0.1.1.1.0.0.searchglobal.0,Small,16,16,SP,4,1,0,Dev,0.52922,0.5221336807659678,0.6893,0.594183159782084,0.47078,/gpfs/projects/HeinzGroup/caffeine_underground/mlrt/FlexFringe/FlexFringe/models-ps-small/0.1.1.1.0.0.searchglobal.0.ini/0.1.1.1.0.0.searchglobal.0_16.16.SP.4.1.0_Small.final.json,/gpfs/projects/HeinzGroup/asoubki/FlexFringe/data/MLRegTest/Large/16.16.SP.4.1.0_Dev.txt,2025-12-29 22:26:23.629526
0.1.1.1.0.0.searchglobal.0,Small,16,16,SP,4,1,0,Train,0.553,0.5398496240601504,0.718,0.6163090128755365,0.447,/gpfs/projects/HeinzGroup/caffeine_underground/mlrt/FlexFringe/FlexFringe/models-ps-small/0.1.1.1.0.0.searchglobal.0.ini/0.1.1.1.0.0.searchglobal.0_16.16.SP.4.1.0_Small.final.json,/gpfs/projects/HeinzGroup/asoubki/FlexFringe/data/MLRegTest/Small/16.16.SP.4.1.0_Train.txt,2025-12-29 22:26:23.629526
0.1.1.1.0.0.searchglobal.0,Small,16,16,SP,4,1,1,TestLA,0.5118,0.5098091374609297,0.61328,0.5567781530304681,0.4882,/gpfs/projects/HeinzGroup/caffeine_underground/mlrt/FlexFringe/FlexFringe/models-ps-small/0.1.1.1.0.0.searchglobal.0.ini/0.1.1.1.0.0.searchglobal.0_16.16.SP.4.1.1_Small.final.json,/gpfs/projects/HeinzGroup/asoubki/FlexFringe/data/MLRegTest/Large/16.16.SP.4.1.1_TestLA.txt,2025-12-29 22:34:33.248376
0.1.1.1.0.0.searchglobal.0,Small,16,16,SP,4,1,1,TestSR,0.54787,0.5406111610702954,0.63724,0.5849619504851428,0.45213,/gpfs/projects/HeinzGroup/caffeine_underground/mlrt/FlexFringe/FlexFringe/models-ps-small/0.1.1.1.0.0.searchglobal.0.ini/0.1.1.1.0.0.searchglobal.0_16.16.SP.4.1.1_Small.final.json,/gpfs/projects/HeinzGroup/asoubki/FlexFringe/data/MLRegTest/Large/16.16.SP.4.1.1_TestSR.txt,2025-12-29 22:34:33.248376
0.1.1.1.0.0.searchglobal.0,Small,16,16,SP,4,1,1,TestSA,0.51512,0.5132636232850275,0.5851,0.5468326510775903,0.48488,/gpfs/projects/HeinzGroup/caffeine_underground/mlrt/FlexFringe/FlexFringe/models-ps-small/0.1.1.1.0.0.searchglobal.0.ini/0.1.1.1.0.0.searchglobal.0_16.16.SP.4.1.1_Small.final.json,/gpfs/projects/HeinzGroup/asoubki/FlexFringe/data/MLRegTest/Large/16.16.SP.4.1.1_TestSA.txt,2025-12-29 22:34:33.248376
0.1.1.1.0.0.searchglobal.0,Small,16,16,SP,4,1,1,TestLR,0.53217,0.5267552687170445,0.63336,0.5751596000690162,0.46783,/gpfs/projects/HeinzGroup/caffeine_underground/mlrt/FlexFringe/FlexFringe/models-ps-small/0.1.1.1.0.0.searchglobal.0.ini/0.1.1.1.0.0.searchglobal.0_16.16.SP.4.1.1_Small.final.json,/gpfs/projects/HeinzGroup/asoubki/FlexFringe/data/MLRegTest/Large/16.16.SP.4.1.1_TestLR.txt,2025-12-29 22:34:33.248376
0.1.1.1.0.0.searchglobal.0,Small,16,16,SP,4,1,1,Dev,0.54717,0.5398240548435574,0.6394,0.5854078353460351,0.45283,/gpfs/projects/HeinzGroup/caffeine_underground/mlrt/FlexFringe/FlexFringe/models-ps-small/0.1.1.1.0.0.searchglobal.0.ini/0.1.1.1.0.0.searchglobal.0_16.16.SP.4.1.1_Small.final.json,/gpfs/projects/HeinzGroup/asoubki/FlexFringe/data/MLRegTest/Large/16.16.SP.4.1.1_Dev.txt,2025-12-29 22:34:33.248376
0.1.1.1.0.0.searchglobal.0,Small,16,16,SP,4,1,1,Train,0.546,0.5392491467576792,0.632,0.58195211786372,0.454,/gpfs/projects/HeinzGroup/caffeine_underground/mlrt/FlexFringe/FlexFringe/models-ps-small/0.1.1.1.0.0.searchglobal.0.ini/0.1.1.1.0.0.searchglobal.0_16.16.SP.4.1.1_Small.final.json,/gpfs/projects/HeinzGroup/asoubki/FlexFringe/data/MLRegTest/Small/16.16.SP.4.1.1_Train.txt,2025-12-29 22:34:33.248376
0.1.1.1.0.0.searchglobal.0,Small,16,16,SP,4,1,2,TestLR,0.52905,0.5216561554173935,0.69976,0.5977227494426459,0.47095,/gpfs/projects/HeinzGroup/caffeine_underground/mlrt/FlexFringe/FlexFringe/models-ps-small/0.1.1.1.0.0.searchglobal.0.ini/0.1.1.1.0.0.searchglobal.0_16.16.SP.4.1.2_Small.final.json,/gpfs/projects/HeinzGroup/asoubki/FlexFringe/data/MLRegTest/Large/16.16.SP.4.1.2_TestLR.txt,2025-12-29 22:12:21.820137
0.1.1.1.0.0.searchglobal.0,Small,16,16,SP,4,1,2,TestLA,0.51063,0.5079533721400032,0.6789,0.5811156667551165,0.48937,/gpfs/projects/HeinzGroup/caffeine_underground/mlrt/FlexFringe/FlexFringe/models-ps-small/0.1.1.1.0.0.searchglobal.0.ini/0.1.1.1.0.0.searchglobal.0_16.16.SP.4.1.2_Small.final.json,/gpfs/projects/HeinzGroup/asoubki/FlexFringe/data/MLRegTest/Large/16.16.SP.4.1.2_TestLA.txt,2025-12-29 22:12:21.820137
0.1.1.1.0.0.searchglobal.0,Small,16,16,SP,4,1,2,TestSA,0.51334,0.5104411258257412,0.65216,0.5726629318066069,0.48666,/gpfs/projects/HeinzGroup/caffeine_underground/mlrt/FlexFringe/FlexFringe/models-ps-small/0.1.1.1.0.0.searchglobal.0.ini/0.1.1.1.0.0.searchglobal.0_16.16.SP.4.1.2_Small.final.json,/gpfs/projects/HeinzGroup/asoubki/FlexFringe/data/MLRegTest/Large/16.16.SP.4.1.2_TestSA.txt,2025-12-29 22:12:21.820137
0.1.1.1.0.0.searchglobal.0,Small,16,16,SP,4,1,2,TestSR,0.54277,0.5323314636469467,0.7042,0.606321517439708,0.45723,/gpfs/projects/HeinzGroup/caffeine_underground/mlrt/FlexFringe/FlexFringe/models-ps-small/0.1.1.1.0.0.searchglobal.0.ini/0.1.1.1.0.0.searchglobal.0_16.16.SP.4.1.2_Small.final.json,/gpfs/projects/HeinzGroup/asoubki/FlexFringe/data/MLRegTest/Large/16.16.SP.4.1.2_TestSR.txt,2025-12-29 22:12:21.820137
0.1.1.1.0.0.searchglobal.0,Small,16,16,SP,4,1,2,Dev,0.54238,0.5322271565883927,0.6999,0.6046547791830811,0.45762,/gpfs/projects/HeinzGroup/caffeine_underground/mlrt/FlexFringe/FlexFringe/models-ps-small/0.1.1.1.0.0.searchglobal.0.ini/0.1.1.1.0.0.searchglobal.0_16.16.SP.4.1.2_Small.final.json,/gpfs/projects/HeinzGroup/asoubki/FlexFringe/data/MLRegTest/Large/16.16.SP.4.1.2_Dev.txt,2025-12-29 22:12:21.820137
0.1.1.1.0.0.searchglobal.0,Small,16,16,SP,4,1,2,Train,0.554,0.5401785714285714,0.726,0.6194539249146758,0.446,/gpfs/projects/HeinzGroup/caffeine_underground/mlrt/FlexFringe/FlexFringe/models-ps-small/0.1.1.1.0.0.searchglobal.0.ini/0.1.1.1.0.0.searchglobal.0_16.16.SP.4.1.2_Small.final.json,/gpfs/projects/HeinzGroup/asoubki/FlexFringe/data/MLRegTest/Small/16.16.SP.4.1.2_Train.txt,2025-12-29 22:12:21.820137
0.1.1.1.0.0.searchglobal.0,Small,16,16,SP,4,1,3,TestSA,0.51773,0.5133857792139158,0.68,0.5850619907594621,0.48227,/gpfs/projects/HeinzGroup/caffeine_underground/mlrt/FlexFringe/FlexFringe/models-ps-small/0.1.1.1.0.0.searchglobal.0.ini/0.1.1.1.0.0.searchglobal.0_16.16.SP.4.1.3_Small.final.json,/gpfs/projects/HeinzGroup/asoubki/FlexFringe/data/MLRegTest/Large/16.16.SP.4.1.3_TestSA.txt,2025-12-29 22:52:41.826274
0.1.1.1.0.0.searchglobal.0,Small,16,16,SP,4,1,3,TestSR,0.55193,0.5381518433078155,0.7325,0.6204629966880405,0.44807,/gpfs/projects/HeinzGroup/caffeine_underground/mlrt/FlexFringe/FlexFringe/models-ps-small/0.1.1.1.0.0.searchglobal.0.ini/0.1.1.1.0.0.searchglobal.0_16.16.SP.4.1.3_Small.final.json,/gpfs/projects/HeinzGroup/asoubki/FlexFringe/data/MLRegTest/Large/16.16.SP.4.1.3_TestSR.txt,2025-12-29 22:52:41.826274
0.1.1.1.0.0.searchglobal.0,Small,16,16,SP,4,1,3,TestLR,0.53912,0.5279444539687982,0.73908,0.6159205306843561,0.46088,/gpfs/projects/HeinzGroup/caffeine_underground/mlrt/FlexFringe/FlexFringe/models-ps-small/0.1.1.1.0.0.searchglobal.0.ini/0.1.1.1.0.0.searchglobal.0_16.16.SP.4.1.3_Small.final.json,/gpfs/projects/HeinzGroup/asoubki/FlexFringe/data/MLRegTest/Large/16.16.SP.4.1.3_TestLR.txt,2025-12-29 22:52:41.826274
0.1.1.1.0.0.searchglobal.0,Small,16,16,SP,4,1,3,TestLA,0.51357,0.5097035310269868,0.7128,0.594381394728284,0.48643,/gpfs/projects/HeinzGroup/caffeine_underground/mlrt/FlexFringe/FlexFringe/models-ps-small/0.1.1.1.0.0.searchglobal.0.ini/0.1.1.1.0.0.searchglobal.0_16.16.SP.4.1.3_Small.final.json,/gpfs/projects/HeinzGroup/asoubki/FlexFringe/data/MLRegTest/Large/16.16.SP.4.1.3_TestLA.txt,2025-12-29 22:52:41.826274
0.1.1.1.0.0.searchglobal.0,Small,16,16,SP,4,1,3,Dev,0.55289,0.5389314999926391,0.73216,0.6208586668023438,0.44711,/gpfs/projects/HeinzGroup/caffeine_underground/mlrt/FlexFringe/FlexFringe/models-ps-small/0.1.1.1.0.0.searchglobal.0.ini/0.1.1.1.0.0.searchglobal.0_16.16.SP.4.1.3_Small.final.json,/gpfs/projects/HeinzGroup/asoubki/FlexFringe/data/MLRegTest/Large/16.16.SP.4.1.3_Dev.txt,2025-12-29 22:52:41.826274
0.1.1.1.0.0.searchglobal.0,Small,16,16,SP,4,1,3,Train,0.539,0.5285505124450952,0.722,0.610312764158918,0.461,/gpfs/projects/HeinzGroup/caffeine_underground/mlrt/FlexFringe/FlexFringe/models-ps-small/0.1.1.1.0.0.searchglobal.0.ini/0.1.1.1.0.0.searchglobal.0_16.16.SP.4.1.3_Small.final.json,/gpfs/projects/HeinzGroup/asoubki/FlexFringe/data/MLRegTest/Small/16.16.SP.4.1.3_Train.txt,2025-12-29 22:52:41.826274
0.1.1.1.0.0.searchglobal.0,Small,16,16,SP,4,1,4,TestSA,0.51686,0.512136131985834,0.71148,0.5955701394585726,0.48314,/gpfs/projects/HeinzGroup/caffeine_underground/mlrt/FlexFringe/FlexFringe/models-ps-small/0.1.1.1.0.0.searchglobal.0.ini/0.1.1.1.0.0.searchglobal.0_16.16.SP.4.1.4_Small.final.json,/gpfs/projects/HeinzGroup/asoubki/FlexFringe/data/MLRegTest/Large/16.16.SP.4.1.4_TestSA.txt,2025-12-29 22:42:24.814744
0.1.1.1.0.0.searchglobal.0,Small,16,16,SP,4,1,4,TestLR,0.53315,0.5226042249103332,0.76642,0.6214535341003997,0.46685,/gpfs/projects/HeinzGroup/caffeine_underground/mlrt/FlexFringe/FlexFringe/models-ps-small/0.1.1.1.0.0.searchglobal.0.ini/0.1.1.1.0.0.searchglobal.0_16.16.SP.4.1.4_Small.final.json,/gpfs/projects/HeinzGroup/asoubki/FlexFringe/data/MLRegTest/Large/16.16.SP.4.1.4_TestLR.txt,2025-12-29 22:42:24.814744
0.1.1.1.0.0.searchglobal.0,Small,16,16,SP,4,1,4,TestSR,0.55109,0.53568485017811,0.76694,0.6307850474976354,0.44891,/gpfs/projects/HeinzGroup/caffeine_underground/mlrt/FlexFringe/FlexFringe/models-ps-small/0.1.1.1.0.0.searchglobal.0.ini/0.1.1.1.0.0.searchglobal.0_16.16.SP.4.1.4_Small.final.json,/gpfs/projects/HeinzGroup/asoubki/FlexFringe/data/MLRegTest/Large/16.16.SP.4.1.4_TestSR.txt,2025-12-29 22:42:24.814744
0.1.1.1.0.0.searchglobal.0,Small,16,16,SP,4,1,4,TestLA,0.51033,0.5070509057649516,0.74286,0.6027114958662264,0.48967,/gpfs/projects/HeinzGroup/caffeine_underground/mlrt/FlexFringe/FlexFringe/models-ps-small/0.1.1.1.0.0.searchglobal.0.ini/0.1.1.1.0.0.searchglobal.0_16.16.SP.4.1.4_Small.final.json,/gpfs/projects/HeinzGroup/asoubki/FlexFringe/data/MLRegTest/Large/16.16.SP.4.1.4_TestLA.txt,2025-12-29 22:42:24.814744
0.1.1.1.0.0.searchglobal.0,Small,16,16,SP,4,1,4,Dev,0.54847,0.5337925457004615,0.76564,0.6290329206273569,0.45153,/gpfs/projects/HeinzGroup/caffeine_underground/mlrt/FlexFringe/FlexFringe/models-ps-small/0.1.1.1.0.0.searchglobal.0.ini/0.1.1.1.0.0.searchglobal.0_16.16.SP.4.1.4_Small.final.json,/gpfs/projects/HeinzGroup/asoubki/FlexFringe/data/MLRegTest/Large/16.16.SP.4.1.4_Dev.txt,2025-12-29 22:42:24.814744
0.1.1.1.0.0.searchglobal.0,Small,16,16,SP,4,1,4,Train,0.554,0.5368852459016393,0.786,0.637987012987013,0.446,/gpfs/projects/HeinzGroup/caffeine_underground/mlrt/FlexFringe/FlexFringe/models-ps-small/0.1.1.1.0.0.searchglobal.0.ini/0.1.1.1.0.0.searchglobal.0_16.16.SP.4.1.4_Small.final.json,/gpfs/projects/HeinzGroup/asoubki/FlexFringe/data/MLRegTest/Small/16.16.SP.4.1.4_Train.txt,2025-12-29 22:42:24.814744
0.1.1.1.0.0.searchglobal.0,Small,16,16,SP,4,1,5,TestSA,0.52063,0.5158275920271286,0.67234,0.5837754295786266,0.47937,/gpfs/projects/HeinzGroup/caffeine_underground/mlrt/FlexFringe/FlexFringe/models-ps-small/0.1.1.1.0.0.searchglobal.0.ini/0.1.1.1.0.0.searchglobal.0_16.16.SP.4.1.5_Small.final.json,/gpfs/projects/HeinzGroup/asoubki/FlexFringe/data/MLRegTest/Large/16.16.SP.4.1.5_TestSA.txt,2025-12-29 23:05:39.273017
0.1.1.1.0.0.searchglobal.0,Small,16,16,SP,4,1,5,TestLA,0.51464,0.5104190389432931,0.7172,0.596394358701437,0.48536,/gpfs/projects/HeinzGroup/caffeine_underground/mlrt/FlexFringe/FlexFringe/models-ps-small/0.1.1.1.0.0.searchglobal.0.ini/0.1.1.1.0.0.searchglobal.0_16.16.SP.4.1.5_Small.final.json,/gpfs/projects/HeinzGroup/asoubki/FlexFringe/data/MLRegTest/Large/16.16.SP.4.1.5_TestLA.txt,2025-12-29 23:05:39.273017
0.1.1.1.0.0.searchglobal.0,Small,16,16,SP,4,1,5,TestSR,0.56445,0.547393190675785,0.7444,0.6308741895843044,0.43555,/gpfs/projects/HeinzGroup/caffeine_underground/mlrt/FlexFringe/FlexFringe/models-ps-small/0.1.1.1.0.0.searchglobal.0.ini/0.1.1.1.0.0.searchglobal.0_16.16.SP.4.1.5_Small.final.json,/gpfs/projects/HeinzGroup/asoubki/FlexFringe/data/MLRegTest/Large/16.16.SP.4.1.5_TestSR.txt,2025-12-29 23:05:39.273017
0.1.1.1.0.0.searchglobal.0,Small,16,16,SP,4,1,5,TestLR,0.54481,0.531670978047298,0.75224,0.6230092013615696,0.45519,/gpfs/projects/HeinzGroup/caffeine_underground/mlrt/FlexFringe/FlexFringe/models-ps-small/0.1.1.1.0.0.searchglobal.0.ini/0.1.1.1.0.0.searchglobal.0_16.16.SP.4.1.5_Small.final.json,/gpfs/projects/HeinzGroup/asoubki/FlexFringe/data/MLRegTest/Large/16.16.SP.4.1.5_TestLR.txt,2025-12-29 23:05:39.273017
0.1.1.1.0.0.searchglobal.0,Small,16,16,SP,4,1,5,Dev,0.56229,0.5457792541854688,0.74262,0.6291630306778613,0.43771,/gpfs/projects/HeinzGroup/caffeine_underground/mlrt/FlexFringe/FlexFringe/models-ps-small/0.1.1.1.0.0.searchglobal.0.ini/0.1.1.1.0.0.searchglobal.0_16.16.SP.4.1.5_Small.final.json,/gpfs/projects/HeinzGroup/asoubki/FlexFringe/data/MLRegTest/Large/16.16.SP.4.1.5_Dev.txt,2025-12-29 23:05:39.273017
0.1.1.1.0.0.searchglobal.0,Small,16,16,SP,4,1,5,Train,0.563,0.5465288035450517,0.74,0.6287170773152082,0.437,/gpfs/projects/HeinzGroup/caffeine_underground/mlrt/FlexFringe/FlexFringe/models-ps-small/0.1.1.1.0.0.searchglobal.0.ini/0.1.1.1.0.0.searchglobal.0_16.16.SP.4.1.5_Small.final.json,/gpfs/projects/HeinzGroup/asoubki/FlexFringe/data/MLRegTest/Small/16.16.SP.4.1.5_Train.txt,2025-12-29 23:05:39.273017
0.1.1.1.0.0.searchglobal.0,Small,16,16,SP,4,1,6,TestLA,0.51413,0.5096136836805508,0.74902,0.6065479516394173,0.48587,/gpfs/projects/HeinzGroup/caffeine_underground/mlrt/FlexFringe/FlexFringe/models-ps-small/0.1.1.1.0.0.searchglobal.0.ini/0.1.1.1.0.0.searchglobal.0_16.16.SP.4.1.6_Small.final.json,/gpfs/projects/HeinzGroup/asoubki/FlexFringe/data/MLRegTest/Large/16.16.SP.4.1.6_TestLA.txt,2025-12-29 22:27:32.783412
0.1.1.1.0.0.searchglobal.0,Small,16,16,SP,4,1,6,TestLR,0.54346,0.5297182713347921,0.77466,0.6291910331384015,0.45654,/gpfs/projects/HeinzGroup/caffeine_underground/mlrt/FlexFringe/FlexFringe/models-ps-small/0.1.1.1.0.0.searchglobal.0.ini/0.1.1.1.0.0.searchglobal.0_16.16.SP.4.1.6_Small.final.json,/gpfs/projects/HeinzGroup/asoubki/FlexFringe/data/MLRegTest/Large/16.16.SP.4.1.6_TestLR.txt,2025-12-29 22:27:32.783412
0.1.1.1.0.0.searchglobal.0,Small,16,16,SP,4,1,6,TestSA,0.51715,0.5124533453388908,0.70572,0.5937555213407708,0.48285,/gpfs/projects/HeinzGroup/caffeine_underground/mlrt/FlexFringe/FlexFringe/models-ps-small/0.1.1.1.0.0.searchglobal.0.ini/0.1.1.1.0.0.searchglobal.0_16.16.SP.4.1.6_Small.final.json,/gpfs/projects/HeinzGroup/asoubki/FlexFringe/data/MLRegTest/Large/16.16.SP.4.1.6_TestSA.txt,2025-12-29 22:27:32.783412
0.1.1.1.0.0.searchglobal.0,Small,16,16,SP,4,1,6,TestSR,0.5545,0.5384495992775709,0.76322,0.6314282877754981,0.4455,/gpfs/projects/HeinzGroup/caffeine_underground/mlrt/FlexFringe/FlexFringe/models-ps-small/0.1.1.1.0.0.searchglobal.0.ini/0.1.1.1.0.0.searchglobal.0_16.16.SP.4.1.6_Small.final.json,/gpfs/projects/HeinzGroup/asoubki/FlexFringe/data/MLRegTest/Large/16.16.SP.4.1.6_TestSR.txt,2025-12-29 22:27:32.783412
0.1.1.1.0.0.searchglobal.0,Small,16,16,SP,4,1,6,Dev,0.55092,0.5359239191782368,0.75964,0.6284664769342776,0.44908,/gpfs/projects/HeinzGroup/caffeine_underground/mlrt/FlexFringe/FlexFringe/models-ps-small/0.1.1.1.0.0.searchglobal.0.ini/0.1.1.1.0.0.searchglobal.0_16.16.SP.4.1.6_Small.final.json,/gpfs/projects/HeinzGroup/asoubki/FlexFringe/data/MLRegTest/Large/16.16.SP.4.1.6_Dev.txt,2025-12-29 22:27:32.783412
0.1.1.1.0.0.searchglobal.0,Small,16,16,SP,4,1,6,Train,0.579,0.5540355677154583,0.81,0.6580016246953696,0.421,/gpfs/projects/HeinzGroup/caffeine_underground/mlrt/FlexFringe/FlexFringe/models-ps-small/0.1.1.1.0.0.searchglobal.0.ini/0.1.1.1.0.0.searchglobal.0_16.16.SP.4.1.6_Small.final.json,/gpfs/projects/HeinzGroup/asoubki/FlexFringe/data/MLRegTest/Small/16.16.SP.4.1.6_Train.txt,2025-12-29 22:27:32.783412
0.1.1.1.0.0.searchglobal.0,Small,16,16,SP,4,1,7,TestSA,0.52022,0.5163793662108742,0.63746,0.5705667537861158,0.47978,/gpfs/projects/HeinzGroup/caffeine_underground/mlrt/FlexFringe/FlexFringe/models-ps-small/0.1.1.1.0.0.searchglobal.0.ini/0.1.1.1.0.0.searchglobal.0_16.16.SP.4.1.7_Small.final.json,/gpfs/projects/HeinzGroup/asoubki/FlexFringe/data/MLRegTest/Large/16.16.SP.4.1.7_TestSA.txt,2025-12-29 23:35:25.736148
0.1.1.1.0.0.searchglobal.0,Small,16,16,SP,4,1,7,TestLR,0.54406,0.5335843649002988,0.70002,0.6055745873559639,0.45594,/gpfs/projects/HeinzGroup/caffeine_underground/mlrt/FlexFringe/FlexFringe/models-ps-small/0.1.1.1.0.0.searchglobal.0.ini/0.1.1.1.0.0.searchglobal.0_16.16.SP.4.1.7_Small.final.json,/gpfs/projects/HeinzGroup/asoubki/FlexFringe/data/MLRegTest/Large/16.16.SP.4.1.7_TestLR.txt,2025-12-29 23:35:25.736148
0.1.1.1.0.0.searchglobal.0,Small,16,16,SP,4,1,7,TestSR,0.56287,0.5492580346929502,0.70104,0.6159361079627823,0.43713,/gpfs/projects/HeinzGroup/caffeine_underground/mlrt/FlexFringe/FlexFringe/models-ps-small/0.1.1.1.0.0.searchglobal.0.ini/0.1.1.1.0.0.searchglobal.0_16.16.SP.4.1.7_Small.final.json,/gpfs/projects/HeinzGroup/asoubki/FlexFringe/data/MLRegTest/Large/16.16.SP.4.1.7_TestSR.txt,2025-12-29 23:35:25.736148
0.1.1.1.0.0.searchglobal.0,Small,16,16,SP,4,1,7,TestLA,0.51394,0.510576631259484,0.67294,0.5806212251941328,0.48606,/gpfs/projects/HeinzGroup/caffeine_underground/mlrt/FlexFringe/FlexFringe/models-ps-small/0.1.1.1.0.0.searchglobal.0.ini/0.1.1.1.0.0.searchglobal.0_16.16.SP.4.1.7_Small.final.json,/gpfs/projects/HeinzGroup/asoubki/FlexFringe/data/MLRegTest/Large/16.16.SP.4.1.7_TestLA.txt,2025-12-29 23:35:25.736148
0.1.1.1.0.0.searchglobal.0,Small,16,16,SP,4,1,7,Dev,0.56032,0.547086742022107,0.70084,0.6144916353943816,0.43968,/gpfs/projects/HeinzGroup/caffeine_underground/mlrt/FlexFringe/FlexFringe/models-ps-small/0.1.1.1.0.0.searchglobal.0.ini/0.1.1.1.0.0.searchglobal.0_16.16.SP.4.1.7_Small.final.json,/gpfs/projects/HeinzGroup/asoubki/FlexFringe/data/MLRegTest/Large/16.16.SP.4.1.7_Dev.txt,2025-12-29 23:35:25.736148
0.1.1.1.0.0.searchglobal.0,Small,16,16,SP,4,1,7,Train,0.555,0.5425038639876353,0.702,0.6120313862249346,0.445,/gpfs/projects/HeinzGroup/caffeine_underground/mlrt/FlexFringe/FlexFringe/models-ps-small/0.1.1.1.0.0.searchglobal.0.ini/0.1.1.1.0.0.searchglobal.0_16.16.SP.4.1.7_Small.final.json,/gpfs/projects/HeinzGroup/asoubki/FlexFringe/data/MLRegTest/Small/16.16.SP.4.1.7_Train.txt,2025-12-29 23:35:25.736148
0.1.1.1.0.0.searchglobal.0,Small,16,16,SP,4,1,8,TestLR,0.54398,0.5298428466737236,0.78084,0.63130831298611,0.45602,/gpfs/projects/HeinzGroup/caffeine_underground/mlrt/FlexFringe/FlexFringe/models-ps-small/0.1.1.1.0.0.searchglobal.0.ini/0.1.1.1.0.0.searchglobal.0_16.16.SP.4.1.8_Small.final.json,/gpfs/projects/HeinzGroup/asoubki/FlexFringe/data/MLRegTest/Large/16.16.SP.4.1.8_TestLR.txt,2025-12-29 22:39:01.566449
0.1.1.1.0.0.searchglobal.0,Small,16,16,SP,4,1,8,TestSA,0.51791,0.5128469980632666,0.71496,0.5972682845328098,0.48209,/gpfs/projects/HeinzGroup/caffeine_underground/mlrt/FlexFringe/FlexFringe/models-ps-small/0.1.1.1.0.0.searchglobal.0.ini/0.1.1.1.0.0.searchglobal.0_16.16.SP.4.1.8_Small.final.json,/gpfs/projects/HeinzGroup/asoubki/FlexFringe/data/MLRegTest/Large/16.16.SP.4.1.8_TestSA.txt,2025-12-29 22:39:01.566449
0.1.1.1.0.0.searchglobal.0,Small,16,16,SP,4,1,8,TestLA,0.51269,0.5086271363889757,0.74816,0.6055671121111803,0.48731,/gpfs/projects/HeinzGroup/caffeine_underground/mlrt/FlexFringe/FlexFringe/models-ps-small/0.1.1.1.0.0.searchglobal.0.ini/0.1.1.1.0.0.searchglobal.0_16.16.SP.4.1.8_Small.final.json,/gpfs/projects/HeinzGroup/asoubki/FlexFringe/data/MLRegTest/Large/16.16.SP.4.1.8_TestLA.txt,2025-12-29 22:39:01.566449
0.1.1.1.0.0.searchglobal.0,Small,16,16,SP,4,1,8,TestSR,0.54994,0.5347336208095702,0.76884,0.6307654442530151,0.45006,/gpfs/projects/HeinzGroup/caffeine_underground/mlrt/FlexFringe/FlexFringe/models-ps-small/0.1.1.1.0.0.searchglobal.0.ini/0.1.1.1.0.0.searchglobal.0_16.16.SP.4.1.8_Small.final.json,/gpfs/projects/HeinzGroup/asoubki/FlexFringe/data/MLRegTest/Large/16.16.SP.4.1.8_TestSR.txt,2025-12-29 22:39:01.566449
0.1.1.1.0.0.searchglobal.0,Small,16,16,SP,4,1,8,Dev,0.55182,0.5361094851854948,0.76936,0.6318971039965833,0.44818,/gpfs/projects/HeinzGroup/caffeine_underground/mlrt/FlexFringe/FlexFringe/models-ps-small/0.1.1.1.0.0.searchglobal.0.ini/0.1.1.1.0.0.searchglobal.0_16.16.SP.4.1.8_Small.final.json,/gpfs/projects/HeinzGroup/asoubki/FlexFringe/data/MLRegTest/Large/16.16.SP.4.1.8_Dev.txt,2025-12-29 22:39:01.566449
0.1.1.1.0.0.searchglobal.0,Small,16,16,SP,4,1,8,Train,0.529,0.5206847360912982,0.73,0.607826810990841,0.471,/gpfs/projects/HeinzGroup/caffeine_underground/mlrt/FlexFringe/FlexFringe/models-ps-small/0.1.1.1.0.0.searchglobal.0.ini/0.1.1.1.0.0.searchglobal.0_16.16.SP.4.1.8_Small.final.json,/gpfs/projects/HeinzGroup/asoubki/FlexFringe/data/MLRegTest/Small/16.16.SP.4.1.8_Train.txt,2025-12-29 22:39:01.566449
0.1.1.1.0.0.searchglobal.0,Small,16,16,SP,4,1,9,TestLA,0.51139,0.5078207610651067,0.73958,0.6021706739185305,0.48861,/gpfs/projects/HeinzGroup/caffeine_underground/mlrt/FlexFringe/FlexFringe/models-ps-small/0.1.1.1.0.0.searchglobal.0.ini/0.1.1.1.0.0.searchglobal.0_16.16.SP.4.1.9_Small.final.json,/gpfs/projects/HeinzGroup/asoubki/FlexFringe/data/MLRegTest/Large/16.16.SP.4.1.9_TestLA.txt,2025-12-29 23:26:58.825355
0.1.1.1.0.0.searchglobal.0,Small,16,16,SP,4,1,9,TestLR,0.53753,0.525806229801279,0.76468,0.6231349060832009,0.46247,/gpfs/projects/HeinzGroup/caffeine_underground/mlrt/FlexFringe/FlexFringe/models-ps-small/0.1.1.1.0.0.searchglobal.0.ini/0.1.1.1.0.0.searchglobal.0_16.16.SP.4.1.9_Small.final.json,/gpfs/projects/HeinzGroup/asoubki/FlexFringe/data/MLRegTest/Large/16.16.SP.4.1.9_TestLR.txt,2025-12-29 23:26:58.825355
0.1.1.1.0.0.searchglobal.0,Small,16,16,SP,4,1,9,TestSR,0.55529,0.5393764154571481,0.75736,0.6300465031154592,0.44471,/gpfs/projects/HeinzGroup/caffeine_underground/mlrt/FlexFringe/FlexFringe/models-ps-small/0.1.1.1.0.0.searchglobal.0.ini/0.1.1.1.0.0.searchglobal.0_16.16.SP.4.1.9_Small.final.json,/gpfs/projects/HeinzGroup/asoubki/FlexFringe/data/MLRegTest/Large/16.16.SP.4.1.9_TestSR.txt,2025-12-29 23:26:58.825355
0.1.1.1.0.0.searchglobal.0,Small,16,16,SP,4,1,9,TestSA,0.51755,0.5128340134263525,0.70128,0.5924323959010923,0.48245,/gpfs/projects/HeinzGroup/caffeine_underground/mlrt/FlexFringe/FlexFringe/models-ps-small/0.1.1.1.0.0.searchglobal.0.ini/0.1.1.1.0.0.searchglobal.0_16.16.SP.4.1.9_Small.final.json,/gpfs/projects/HeinzGroup/asoubki/FlexFringe/data/MLRegTest/Large/16.16.SP.4.1.9_TestSA.txt,2025-12-29 23:26:58.825355
0.1.1.1.0.0.searchglobal.0,Small,16,16,SP,4,1,9,Dev,0.55631,0.5402300492962778,0.75616,0.6302121098470642,0.44369,/gpfs/projects/HeinzGroup/caffeine_underground/mlrt/FlexFringe/FlexFringe/models-ps-small/0.1.1.1.0.0.searchglobal.0.ini/0.1.1.1.0.0.searchglobal.0_16.16.SP.4.1.9_Small.final.json,/gpfs/projects/HeinzGroup/asoubki/FlexFringe/data/MLRegTest/Large/16.16.SP.4.1.9_Dev.txt,2025-12-29 23:26:58.825355
0.1.1.1.0.0.searchglobal.0,Small,16,16,SP,4,1,9,Train,0.567,0.5473833097595474,0.774,0.6412593206296603,0.433,/gpfs/projects/HeinzGroup/caffeine_underground/mlrt/FlexFringe/FlexFringe/models-ps-small/0.1.1.1.0.0.searchglobal.0.ini/0.1.1.1.0.0.searchglobal.0_16.16.SP.4.1.9_Small.final.json,/gpfs/projects/HeinzGroup/asoubki/FlexFringe/data/MLRegTest/Small/16.16.SP.4.1.9_Train.txt,2025-12-29 23:26:58.825355
0.1.1.1.0.0.searchglobal.0,Small,16,16,SP,6,1,0,TestSA,0.51111,0.5084485407066052,0.66862,0.5776364783025633,0.48889,/gpfs/projects/HeinzGroup/caffeine_underground/mlrt/FlexFringe/FlexFringe/models-ps-small/0.1.1.1.0.0.searchglobal.0.ini/0.1.1.1.0.0.searchglobal.0_16.16.SP.6.1.0_Small.final.json,/gpfs/projects/HeinzGroup/asoubki/FlexFringe/data/MLRegTest/Large/16.16.SP.6.1.0_TestSA.txt,2025-12-29 22:29:58.059490
0.1.1.1.0.0.searchglobal.0,Small,16,16,SP,6,1,0,TestSR,0.55907,0.5420888375871061,0.7608,0.6330872991437344,0.44093,/gpfs/projects/HeinzGroup/caffeine_underground/mlrt/FlexFringe/FlexFringe/models-ps-small/0.1.1.1.0.0.searchglobal.0.ini/0.1.1.1.0.0.searchglobal.0_16.16.SP.6.1.0_Small.final.json,/gpfs/projects/HeinzGroup/asoubki/FlexFringe/data/MLRegTest/Large/16.16.SP.6.1.0_TestSR.txt,2025-12-29 22:29:58.059490
0.1.1.1.0.0.searchglobal.0,Small,16,16,SP,6,1,0,TestLR,0.5315,0.5219249401414333,0.74986,0.6154666929314817,0.4685,/gpfs/projects/HeinzGroup/caffeine_underground/mlrt/FlexFringe/FlexFringe/models-ps-small/0.1.1.1.0.0.searchglobal.0.ini/0.1.1.1.0.0.searchglobal.0_16.16.SP.6.1.0_Small.final.json,/gpfs/projects/HeinzGroup/asoubki/FlexFringe/data/MLRegTest/Large/16.16.SP.6.1.0_TestLR.txt,2025-12-29 22:29:58.059490
0.1.1.1.0.0.searchglobal.0,Small,16,16,SP,6,1,0,TestLA,0.50758,0.5053867364052418,0.71116,0.5908705694677545,0.49242,/gpfs/projects/HeinzGroup/caffeine_underground/mlrt/FlexFringe/FlexFringe/models-ps-small/0.1.1.1.0.0.searchglobal.0.ini/0.1.1.1.0.0.searchglobal.0_16.16.SP.6.1.0_Small.final.json,/gpfs/projects/HeinzGroup/asoubki/FlexFringe/data/MLRegTest/Large/16.16.SP.6.1.0_TestLA.txt,2025-12-29 22:29:58.059490
0.1.1.1.0.0.searchglobal.0,Small,16,16,SP,6,1,0,Dev,0.56096,0.5435739814152967,0.76046,0.6339808253438933,0.43904,/gpfs/projects/HeinzGroup/caffeine_underground/mlrt/FlexFringe/FlexFringe/models-ps-small/0.1.1.1.0.0.searchglobal.0.ini/0.1.1.1.0.0.searchglobal.0_16.16.SP.6.1.0_Small.final.json,/gpfs/projects/HeinzGroup/asoubki/FlexFringe/data/MLRegTest/Large/16.16.SP.6.1.0_Dev.txt,2025-12-29 22:29:58.059490
0.1.1.1.0.0.searchglobal.0,Small,16,16,SP,6,1,0,Train,0.548,0.5344827586206896,0.744,0.6220735785953178,0.452,/gpfs/projects/HeinzGroup/caffeine_underground/mlrt/FlexFringe/FlexFringe/models-ps-small/0.1.1.1.0.0.searchglobal.0.ini/0.1.1.1.0.0.searchglobal.0_16.16.SP.6.1.0_Small.final.json,/gpfs/projects/HeinzGroup/asoubki/FlexFringe/data/MLRegTest/Small/16.16.SP.6.1.0_Train.txt,2025-12-29 22:29:58.059490
0.1.1.1.0.0.searchglobal.0,Small,16,16,SP,6,1,1,TestSA,0.51894,0.5146976657561461,0.66326,0.5796105984340044,0.48106,/gpfs/projects/HeinzGroup/caffeine_underground/mlrt/FlexFringe/FlexFringe/models-ps-small/0.1.1.1.0.0.searchglobal.0.ini/0.1.1.1.0.0.searchglobal.0_16.16.SP.6.1.1_Small.final.json,/gpfs/projects/HeinzGroup/asoubki/FlexFringe/data/MLRegTest/Large/16.16.SP.6.1.1_TestSA.txt,2025-12-29 22:47:15.653131
0.1.1.1.0.0.searchglobal.0,Small,16,16,SP,6,1,1,TestSR,0.57768,0.5561823757449517,0.769,0.6455024678507874,0.42232,/gpfs/projects/HeinzGroup/caffeine_underground/mlrt/FlexFringe/FlexFringe/models-ps-small/0.1.1.1.0.0.searchglobal.0.ini/0.1.1.1.0.0.searchglobal.0_16.16.SP.6.1.1_Small.final.json,/gpfs/projects/HeinzGroup/asoubki/FlexFringe/data/MLRegTest/Large/16.16.SP.6.1.1_TestSR.txt,2025-12-29 22:47:15.653131
0.1.1.1.0.0.searchglobal.0,Small,16,16,SP,6,1,1,TestLR,0.53945,0.5270283232162677,0.76924,0.6255051675489312,0.46055,/gpfs/projects/HeinzGroup/caffeine_underground/mlrt/FlexFringe/FlexFringe/models-ps-small/0.1.1.1.0.0.searchglobal.0.ini/0.1.1.1.0.0.searchglobal.0_16.16.SP.6.1.1_Small.final.json,/gpfs/projects/HeinzGroup/asoubki/FlexFringe/data/MLRegTest/Large/16.16.SP.6.1.1_TestLR.txt,2025-12-29 22:47:15.653131
0.1.1.1.0.0.searchglobal.0,Small,16,16,SP,6,1,1,TestLA,0.50913,0.5064211666408789,0.72006,0.5946338764420734,0.49087,/gpfs/projects/HeinzGroup/caffeine_underground/mlrt/FlexFringe/FlexFringe/models-ps-small/0.1.1.1.0.0.searchglobal.0.ini/0.1.1.1.0.0.searchglobal.0_16.16.SP.6.1.1_Small.final.json,/gpfs/projects/HeinzGroup/asoubki/FlexFringe/data/MLRegTest/Large/16.16.SP.6.1.1_TestLA.txt,2025-12-29 22:47:15.653131
0.1.1.1.0.0.searchglobal.0,Small,16,16,SP,6,1,1,Dev,0.57452,0.5537755455490129,0.7674,0.6433170142847562,0.42548,/gpfs/projects/HeinzGroup/caffeine_underground/mlrt/FlexFringe/FlexFringe/models-ps-small/0.1.1.1.0.0.searchglobal.0.ini/0.1.1.1.0.0.searchglobal.0_16.16.SP.6.1.1_Small.final.json,/gpfs/projects/HeinzGroup/asoubki/FlexFringe/data/MLRegTest/Large/16.16.SP.6.1.1_Dev.txt,2025-12-29 22:47:15.653131
0.1.1.1.0.0.searchglobal.0,Small,16,16,SP,6,1,1,Train,0.567,0.547925608011445,0.766,0.6388657214345288,0.433,/gpfs/projects/HeinzGroup/caffeine_underground/mlrt/FlexFringe/FlexFringe/models-ps-small/0.1.1.1.0.0.searchglobal.0.ini/0.1.1.1.0.0.searchglobal.0_16.16.SP.6.1.1_Small.final.json,/gpfs/projects/HeinzGroup/asoubki/FlexFringe/data/MLRegTest/Small/16.16.SP.6.1.1_Train.txt,2025-12-29 22:47:15.653131
0.1.1.1.0.0.searchglobal.0,Small,16,16,SP,6,1,2,TestSA,0.51758,0.5136135547020195,0.66326,0.578922561273654,0.48242,/gpfs/projects/HeinzGroup/caffeine_underground/mlrt/FlexFringe/FlexFringe/models-ps-small/0.1.1.1.0.0.searchglobal.0.ini/0.1.1.1.0.0.searchglobal.0_16.16.SP.6.1.2_Small.final.json,/gpfs/projects/HeinzGroup/asoubki/FlexFringe/data/MLRegTest/Large/16.16.SP.6.1.2_TestSA.txt,2025-12-29 23:35:52.290020
0.1.1.1.0.0.searchglobal.0,Small,16,16,SP,6,1,2,TestLA,0.51149,0.5082286549121274,0.70966,0.5922865703531218,0.48851,/gpfs/projects/HeinzGroup/caffeine_underground/mlrt/FlexFringe/FlexFringe/models-ps-small/0.1.1.1.0.0.searchglobal.0.ini/0.1.1.1.0.0.searchglobal.0_16.16.SP.6.1.2_Small.final.json,/gpfs/projects/HeinzGroup/asoubki/FlexFringe/data/MLRegTest/Large/16.16.SP.6.1.2_TestLA.txt,2025-12-29 23:35:52.290020
0.1.1.1.0.0.searchglobal.0,Small,16,16,SP,6,1,2,TestSR,0.58126,0.557740954438223,0.78492,0.6521110612631474,0.41874,/gpfs/projects/HeinzGroup/caffeine_underground/mlrt/FlexFringe/FlexFringe/models-ps-small/0.1.1.1.0.0.searchglobal.0.ini/0.1.1.1.0.0.searchglobal.0_16.16.SP.6.1.2_Small.final.json,/gpfs/projects/HeinzGroup/asoubki/FlexFringe/data/MLRegTest/Large/16.16.SP.6.1.2_TestSR.txt,2025-12-29 23:35:52.290020
0.1.1.1.0.0.searchglobal.0,Small,16,16,SP,6,1,2,TestLR,0.5462,0.5319369556200747,0.7695,0.6290362135208044,0.4538,/gpfs/projects/HeinzGroup/caffeine_underground/mlrt/FlexFringe/FlexFringe/models-ps-small/0.1.1.1.0.0.searchglobal.0.ini/0.1.1.1.0.0.searchglobal.0_16.16.SP.6.1.2_Small.final.json,/gpfs/projects/HeinzGroup/asoubki/FlexFringe/data/MLRegTest/Large/16.16.SP.6.1.2_TestLR.txt,2025-12-29 23:35:52.290020
0.1.1.1.0.0.searchglobal.0,Small,16,16,SP,6,1,2,Dev,0.58324,0.5591798430212718,0.78652,0.6536466990226714,0.41676,/gpfs/projects/HeinzGroup/caffeine_underground/mlrt/FlexFringe/FlexFringe/models-ps-small/0.1.1.1.0.0.searchglobal.0.ini/0.1.1.1.0.0.searchglobal.0_16.16.SP.6.1.2_Small.final.json,/gpfs/projects/HeinzGroup/asoubki/FlexFringe/data/MLRegTest/Large/16.16.SP.6.1.2_Dev.txt,2025-12-29 23:35:52.290020
0.1.1.1.0.0.searchglobal.0,Small,16,16,SP,6,1,2,Train,0.583,0.5595408895265424,0.78,0.6516290726817042,0.417,/gpfs/projects/HeinzGroup/caffeine_underground/mlrt/FlexFringe/FlexFringe/models-ps-small/0.1.1.1.0.0.searchglobal.0.ini/0.1.1.1.0.0.searchglobal.0_16.16.SP.6.1.2_Small.final.json,/gpfs/projects/HeinzGroup/asoubki/FlexFringe/data/MLRegTest/Small/16.16.SP.6.1.2_Train.txt,2025-12-29 23:35:52.290020
0.1.1.1.0.0.searchglobal.0,Small,16,16,SP,6,1,3,TestSA,0.51707,0.5128490779074144,0.68132,0.5852007730298475,0.48293,/gpfs/projects/HeinzGroup/caffeine_underground/mlrt/FlexFringe/FlexFringe/models-ps-small/0.1.1.1.0.0.searchglobal.0.ini/0.1.1.1.0.0.searchglobal.0_16.16.SP.6.1.3_Small.final.json,/gpfs/projects/HeinzGroup/asoubki/FlexFringe/data/MLRegTest/Large/16.16.SP.6.1.3_TestSA.txt,2025-12-29 22:59:59.426436
0.1.1.1.0.0.searchglobal.0,Small,16,16,SP,6,1,3,TestLA,0.51144,0.5078251114941585,0.74242,0.6031129669044176,0.48856,/gpfs/projects/HeinzGroup/caffeine_underground/mlrt/FlexFringe/FlexFringe/models-ps-small/0.1.1.1.0.0.searchglobal.0.ini/0.1.1.1.0.0.searchglobal.0_16.16.SP.6.1.3_Small.final.json,/gpfs/projects/HeinzGroup/asoubki/FlexFringe/data/MLRegTest/Large/16.16.SP.6.1.3_TestLA.txt,2025-12-29 22:59:59.426436
0.1.1.1.0.0.searchglobal.0,Small,16,16,SP,6,1,3,TestLR,0.54593,0.53056986542071,0.79716,0.6371010925249554,0.45407,/gpfs/projects/HeinzGroup/caffeine_underground/mlrt/FlexFringe/FlexFringe/models-ps-small/0.1.1.1.0.0.searchglobal.0.ini/0.1.1.1.0.0.searchglobal.0_16.16.SP.6.1.3_Small.final.json,/gpfs/projects/HeinzGroup/asoubki/FlexFringe/data/MLRegTest/Large/16.16.SP.6.1.3_TestLR.txt,2025-12-29 22:59:59.426436
0.1.1.1.0.0.searchglobal.0,Small,16,16,SP,6,1,3,TestSR,0.58012,0.5555648024855748,0.80108,0.6561066701611846,0.41988,/gpfs/projects/HeinzGroup/caffeine_underground/mlrt/FlexFringe/FlexFringe/models-ps-small/0.1.1.1.0.0.searchglobal.0.ini/0.1.1.1.0.0.searchglobal.0_16.16.SP.6.1.3_Small.final.json,/gpfs/projects/HeinzGroup/asoubki/FlexFringe/data/MLRegTest/Large/16.16.SP.6.1.3_TestSR.txt,2025-12-29 22:59:59.426436
0.1.1.1.0.0.searchglobal.0,Small,16,16,SP,6,1,3,Dev,0.57878,0.5547661420388188,0.79802,0.6545224894196384,0.42122,/gpfs/projects/HeinzGroup/caffeine_underground/mlrt/FlexFringe/FlexFringe/models-ps-small/0.1.1.1.0.0.searchglobal.0.ini/0.1.1.1.0.0.searchglobal.0_16.16.SP.6.1.3_Small.final.json,/gpfs/projects/HeinzGroup/asoubki/FlexFringe/data/MLRegTest/Large/16.16.SP.6.1.3_Dev.txt,2025-12-29 22:59:59.426436
0.1.1.1.0.0.searchglobal.0,Small,16,16,SP,6,1,3,Train,0.581,0.5543624161073826,0.826,0.6634538152610442,0.419,/gpfs/projects/HeinzGroup/caffeine_underground/mlrt/FlexFringe/FlexFringe/models-ps-small/0.1.1.1.0.0.searchglobal.0.ini/0.1.1.1.0.0.searchglobal.0_16.16.SP.6.1.3_Small.final.json,/gpfs/projects/HeinzGroup/asoubki/FlexFringe/data/MLRegTest/Small/16.16.SP.6.1.3_Train.txt,2025-12-29 22:59:59.426436
0.1.1.1.0.0.searchglobal.0,Small,16,16,SP,6,1,4,TestSR,0.60959,0.5784725106334226,0.80786,0.674188621929949,0.39041,/gpfs/projects/HeinzGroup/caffeine_underground/mlrt/FlexFringe/FlexFringe/models-ps-small/0.1.1.1.0.0.searchglobal.0.ini/0.1.1.1.0.0.searchglobal.0_16.16.SP.6.1.4_Small.final.json,/gpfs/projects/HeinzGroup/asoubki/FlexFringe/data/MLRegTest/Large/16.16.SP.6.1.4_TestSR.txt,2025-12-29 22:45:28.198201
0.1.1.1.0.0.searchglobal.0,Small,16,16,SP,6,1,4,TestSA,0.52298,0.5184424256043144,0.646,0.5752346351801393,0.47702,/gpfs/projects/HeinzGroup/caffeine_underground/mlrt/FlexFringe/FlexFringe/models-ps-small/0.1.1.1.0.0.searchglobal.0.ini/0.1.1.1.0.0.searchglobal.0_16.16.SP.6.1.4_Small.final.json,/gpfs/projects/HeinzGroup/asoubki/FlexFringe/data/MLRegTest/Large/16.16.SP.6.1.4_TestSA.txt,2025-12-29 22:45:28.198201
0.1.1.1.0.0.searchglobal.0,Small,16,16,SP,6,1,4,TestLR,0.56223,0.5426273752277616,0.79216,0.644069174668477,0.43777,/gpfs/projects/HeinzGroup/caffeine_underground/mlrt/FlexFringe/FlexFringe/models-ps-small/0.1.1.1.0.0.searchglobal.0.ini/0.1.1.1.0.0.searchglobal.0_16.16.SP.6.1.4_Small.final.json,/gpfs/projects/HeinzGroup/asoubki/FlexFringe/data/MLRegTest/Large/16.16.SP.6.1.4_TestLR.txt,2025-12-29 22:45:28.198201
0.1.1.1.0.0.searchglobal.0,Small,16,16,SP,6,1,4,TestLA,0.51637,0.511585771511883,0.72284,0.5991363233234146,0.48363,/gpfs/projects/HeinzGroup/caffeine_underground/mlrt/FlexFringe/FlexFringe/models-ps-small/0.1.1.1.0.0.searchglobal.0.ini/0.1.1.1.0.0.searchglobal.0_16.16.SP.6.1.4_Small.final.json,/gpfs/projects/HeinzGroup/asoubki/FlexFringe/data/MLRegTest/Large/16.16.SP.6.1.4_TestLA.txt,2025-12-29 22:45:28.198201
0.1.1.1.0.0.searchglobal.0,Small,16,16,SP,6,1,4,Dev,0.60577,0.5756894849079017,0.80448,0.6711214555647321,0.39423,/gpfs/projects/HeinzGroup/caffeine_underground/mlrt/FlexFringe/FlexFringe/models-ps-small/0.1.1.1.0.0.searchglobal.0.ini/0.1.1.1.0.0.searchglobal.0_16.16.SP.6.1.4_Small.final.json,/gpfs/projects/HeinzGroup/asoubki/FlexFringe/data/MLRegTest/Large/16.16.SP.6.1.4_Dev.txt,2025-12-29 22:45:28.198201
0.1.1.1.0.0.searchglobal.0,Small,16,16,SP,6,1,4,Train,0.596,0.5681818181818182,0.8,0.6644518272425249,0.404,/gpfs/projects/HeinzGroup/caffeine_underground/mlrt/FlexFringe/FlexFringe/models-ps-small/0.1.1.1.0.0.searchglobal.0.ini/0.1.1.1.0.0.searchglobal.0_16.16.SP.6.1.4_Small.final.json,/gpfs/projects/HeinzGroup/asoubki/FlexFringe/data/MLRegTest/Small/16.16.SP.6.1.4_Train.txt,2025-12-29 22:45:28.198201
0.1.1.1.0.0.searchglobal.0,Small,16,16,SP,6,1,5,TestLR,0.56234,0.543752280957862,0.77476,0.6390194816977615,0.43766,/gpfs/projects/HeinzGroup/caffeine_underground/mlrt/FlexFringe/FlexFringe/models-ps-small/0.1.1.1.0.0.searchglobal.0.ini/0.1.1.1.0.0.searchglobal.0_16.16.SP.6.1.5_Small.final.json,/gpfs/projects/HeinzGroup/asoubki/FlexFringe/data/MLRegTest/Large/16.16.SP.6.1.5_TestLR.txt,2025-12-29 22:40:30.267031
0.1.1.1.0.0.searchglobal.0,Small,16,16,SP,6,1,5,TestSA,0.52082,0.5172533810660302,0.62418,0.5657083816705336,0.47918,/gpfs/projects/HeinzGroup/caffeine_underground/mlrt/FlexFringe/FlexFringe/models-ps-small/0.1.1.1.0.0.searchglobal.0.ini/0.1.1.1.0.0.searchglobal.0_16.16.SP.6.1.5_Small.final.json,/gpfs/projects/HeinzGroup/asoubki/FlexFringe/data/MLRegTest/Large/16.16.SP.6.1.5_TestSA.txt,2025-12-29 22:40:30.267031
0.1.1.1.0.0.searchglobal.0,Small,16,16,SP,6,1,5,TestLA,0.51231,0.5090481440646821,0.69256,0.5867909341241262,0.48769,/gpfs/projects/HeinzGroup/caffeine_underground/mlrt/FlexFringe/FlexFringe/models-ps-small/0.1.1.1.0.0.searchglobal.0.ini/0.1.1.1.0.0.searchglobal.0_16.16.SP.6.1.5_Small.final.json,/gpfs/projects/HeinzGroup/asoubki/FlexFringe/data/MLRegTest/Large/16.16.SP.6.1.5_TestLA.txt,2025-12-29 22:40:30.267031
0.1.1.1.0.0.searchglobal.0,Small,16,16,SP,6,1,5,TestSR,0.60663,0.5785326046929546,0.78552,0.6663217094046094,0.39337,/gpfs/projects/HeinzGroup/caffeine_underground/mlrt/FlexFringe/FlexFringe/models-ps-small/0.1.1.1.0.0.searchglobal.0.ini/0.1.1.1.0.0.searchglobal.0_16.16.SP.6.1.5_Small.final.json,/gpfs/projects/HeinzGroup/asoubki/FlexFringe/data/MLRegTest/Large/16.16.SP.6.1.5_TestSR.txt,2025-12-29 22:40:30.267031
0.1.1.1.0.0.searchglobal.0,Small,16,16,SP,6,1,5,Dev,0.60754,0.5791247277650244,0.7871,0.6672827155888637,0.39246,/gpfs/projects/HeinzGroup/caffeine_underground/mlrt/FlexFringe/FlexFringe/models-ps-small/0.1.1.1.0.0.searchglobal.0.ini/0.1.1.1.0.0.searchglobal.0_16.16.SP.6.1.5_Small.final.json,/gpfs/projects/HeinzGroup/asoubki/FlexFringe/data/MLRegTest/Large/16.16.SP.6.1.5_Dev.txt,2025-12-29 22:40:30.267031
0.1.1.1.0.0.searchglobal.0,Small,16,16,SP,6,1,5,Train,0.622,0.5897058823529412,0.802,0.6796610169491526,0.378,/gpfs/projects/HeinzGroup/caffeine_underground/mlrt/FlexFringe/FlexFringe/models-ps-small/0.1.1.1.0.0.searchglobal.0.ini/0.1.1.1.0.0.searchglobal.0_16.16.SP.6.1.5_Small.final.json,/gpfs/projects/HeinzGroup/asoubki/FlexFringe/data/MLRegTest/Small/16.16.SP.6.1.5_Train.txt,2025-12-29 22:40:30.267031
0.1.1.1.0.0.searchglobal.0,Small,16,16,SP,6,1,6,TestLA,0.50892,0.5063990358403397,0.7059,0.5897341643135223,0.49108,/gpfs/projects/HeinzGroup/caffeine_underground/mlrt/FlexFringe/FlexFringe/models-ps-small/0.1.1.1.0.0.searchglobal.0.ini/0.1.1.1.0.0.searchglobal.0_16.16.SP.6.1.6_Small.final.json,/gpfs/projects/HeinzGroup/asoubki/FlexFringe/data/MLRegTest/Large/16.16.SP.6.1.6_TestLA.txt,2025-12-29 23:31:24.845338
0.1.1.1.0.0.searchglobal.0,Small,16,16,SP,6,1,6,TestSA,0.51446,0.5112473165116207,0.65728,0.5751386920074902,0.48554,/gpfs/projects/HeinzGroup/caffeine_underground/mlrt/FlexFringe/FlexFringe/models-ps-small/0.1.1.1.0.0.searchglobal.0.ini/0.1.1.1.0.0.searchglobal.0_16.16.SP.6.1.6_Small.final.json,/gpfs/projects/HeinzGroup/asoubki/FlexFringe/data/MLRegTest/Large/16.16.SP.6.1.6_TestSA.txt,2025-12-29 23:31:24.845338
0.1.1.1.0.0.searchglobal.0,Small,16,16,SP,6,1,6,TestSR,0.56693,0.5486770716664969,0.75442,0.6353064025802323,0.43307,/gpfs/projects/HeinzGroup/caffeine_underground/mlrt/FlexFringe/FlexFringe/models-ps-small/0.1.1.1.0.0.searchglobal.0.ini/0.1.1.1.0.0.searchglobal.0_16.16.SP.6.1.6_Small.final.json,/gpfs/projects/HeinzGroup/asoubki/FlexFringe/data/MLRegTest/Large/16.16.SP.6.1.6_TestSR.txt,2025-12-29 23:31:24.845338
0.1.1.1.0.0.searchglobal.0,Small,16,16,SP,6,1,6,TestLR,0.5377,0.5265246390679087,0.74836,0.6181421703864008,0.4623,/gpfs/projects/HeinzGroup/caffeine_underground/mlrt/FlexFringe/FlexFringe/models-ps-small/0.1.1.1.0.0.searchglobal.0.ini/0.1.1.1.0.0.searchglobal.0_16.16.SP.6.1.6_Small.final.json,/gpfs/projects/HeinzGroup/asoubki/FlexFringe/data/MLRegTest/Large/16.16.SP.6.1.6_TestLR.txt,2025-12-29 23:31:24.845338
0.1.1.1.0.0.searchglobal.0,Small,16,16,SP,6,1,6,Dev,0.5683,0.5496135518363552,0.75662,0.6367140164265518,0.4317,/gpfs/projects/HeinzGroup/caffeine_underground/mlrt/FlexFringe/FlexFringe/models-ps-small/0.1.1.1.0.0.searchglobal.0.ini/0.1.1.1.0.0.searchglobal.0_16.16.SP.6.1.6_Small.final.json,/gpfs/projects/HeinzGroup/asoubki/FlexFringe/data/MLRegTest/Large/16.16.SP.6.1.6_Dev.txt,2025-12-29 23:31:24.845338
0.1.1.1.0.0.searchglobal.0,Small,16,16,SP,6,1,6,Train,0.58,0.5576368876080692,0.774,0.6482412060301508,0.42,/gpfs/projects/HeinzGroup/caffeine_underground/mlrt/FlexFringe/FlexFringe/models-ps-small/0.1.1.1.0.0.searchglobal.0.ini/0.1.1.1.0.0.searchglobal.0_16.16.SP.6.1.6_Small.final.json,/gpfs/projects/HeinzGroup/asoubki/FlexFringe/data/MLRegTest/Small/16.16.SP.6.1.6_Train.txt,2025-12-29 23:31:24.845338
0.1.1.1.0.0.searchglobal.0,Small,16,16,SP,6,1,7,TestLR,0.55233,0.5348156427554456,0.80386,0.6423018225691753,0.44767,/gpfs/projects/HeinzGroup/caffeine_underground/mlrt/FlexFringe/FlexFringe/models-ps-small/0.1.1.1.0.0.searchglobal.0.ini/0.1.1.1.0.0.searchglobal.0_16.16.SP.6.1.7_Small.final.json,/gpfs/projects/HeinzGroup/asoubki/FlexFringe/data/MLRegTest/Large/16.16.SP.6.1.7_TestLR.txt,2025-12-29 22:09:38.943745
0.1.1.1.0.0.searchglobal.0,Small,16,16,SP,6,1,7,TestSA,0.5177,0.5134941449133935,0.67354,0.5827277131782945,0.4823,/gpfs/projects/HeinzGroup/caffeine_underground/mlrt/FlexFringe/FlexFringe/models-ps-small/0.1.1.1.0.0.searchglobal.0.ini/0.1.1.1.0.0.searchglobal.0_16.16.SP.6.1.7_Small.final.json,/gpfs/projects/HeinzGroup/asoubki/FlexFringe/data/MLRegTest/Large/16.16.SP.6.1.7_TestSA.txt,2025-12-29 22:09:38.943745
0.1.1.1.0.0.searchglobal.0,Small,16,16,SP,6,1,7,TestSR,0.59503,0.566120705250414,0.81364,0.6676787487383166,0.40497,/gpfs/projects/HeinzGroup/caffeine_underground/mlrt/FlexFringe/FlexFringe/models-ps-small/0.1.1.1.0.0.searchglobal.0.ini/0.1.1.1.0.0.searchglobal.0_16.16.SP.6.1.7_Small.final.json,/gpfs/projects/HeinzGroup/asoubki/FlexFringe/data/MLRegTest/Large/16.16.SP.6.1.7_TestSR.txt,2025-12-29 22:09:38.943745
0.1.1.1.0.0.searchglobal.0,Small,16,16,SP,6,1,7,TestLA,0.5118,0.5080983885579378,0.74034,0.602617741384082,0.4882,/gpfs/projects/HeinzGroup/caffeine_underground/mlrt/FlexFringe/FlexFringe/models-ps-small/0.1.1.1.0.0.searchglobal.0.ini/0.1.1.1.0.0.searchglobal.0_16.16.SP.6.1.7_Small.final.json,/gpfs/projects/HeinzGroup/asoubki/FlexFringe/data/MLRegTest/Large/16.16.SP.6.1.7_TestLA.txt,2025-12-29 22:09:38.943745
0.1.1.1.0.0.searchglobal.0,Small,16,16,SP,6,1,7,Dev,0.59194,0.5638720613571945,0.81166,0.665447807693569,0.40806,/gpfs/projects/HeinzGroup/caffeine_underground/mlrt/FlexFringe/FlexFringe/models-ps-small/0.1.1.1.0.0.searchglobal.0.ini/0.1.1.1.0.0.searchglobal.0_16.16.SP.6.1.7_Small.final.json,/gpfs/projects/HeinzGroup/asoubki/FlexFringe/data/MLRegTest/Large/16.16.SP.6.1.7_Dev.txt,2025-12-29 22:09:38.943745
0.1.1.1.0.0.searchglobal.0,Small,16,16,SP,6,1,7,Train,0.609,0.5737483085250338,0.848,0.6844229217110573,0.391,/gpfs/projects/HeinzGroup/caffeine_underground/mlrt/FlexFringe/FlexFringe/models-ps-small/0.1.1.1.0.0.searchglobal.0.ini/0.1.1.1.0.0.searchglobal.0_16.16.SP.6.1.7_Small.final.json,/gpfs/projects/HeinzGroup/asoubki/FlexFringe/data/MLRegTest/Small/16.16.SP.6.1.7_Train.txt,2025-12-29 22:09:38.943745
0.1.1.1.0.0.searchglobal.0,Small,16,16,SP,6,1,8,TestLA,0.5161,0.5127534854245881,0.6473,0.5722241867043847,0.4839,/gpfs/projects/HeinzGroup/caffeine_underground/mlrt/FlexFringe/FlexFringe/models-ps-small/0.1.1.1.0.0.searchglobal.0.ini/0.1.1.1.0.0.searchglobal.0_16.16.SP.6.1.8_Small.final.json,/gpfs/projects/HeinzGroup/asoubki/FlexFringe/data/MLRegTest/Large/16.16.SP.6.1.8_TestLA.txt,2025-12-29 22:07:50.377534
0.1.1.1.0.0.searchglobal.0,Small,16,16,SP,6,1,8,TestLR,0.56395,0.5482139356745427,0.72714,0.6251257318236918,0.43605,/gpfs/projects/HeinzGroup/caffeine_underground/mlrt/FlexFringe/FlexFringe/models-ps-small/0.1.1.1.0.0.searchglobal.0.ini/0.1.1.1.0.0.searchglobal.0_16.16.SP.6.1.8_Small.final.json,/gpfs/projects/HeinzGroup/asoubki/FlexFringe/data/MLRegTest/Large/16.16.SP.6.1.8_TestLR.txt,2025-12-29 22:07:50.377534
0.1.1.1.0.0.searchglobal.0,Small,16,16,SP,6,1,8,TestSA,0.52428,0.5218471062482004,0.57996,0.5493710215216733,0.47572,/gpfs/projects/HeinzGroup/caffeine_underground/mlrt/FlexFringe/FlexFringe/models-ps-small/0.1.1.1.0.0.searchglobal.0.ini/0.1.1.1.0.0.searchglobal.0_16.16.SP.6.1.8_Small.final.json,/gpfs/projects/HeinzGroup/asoubki/FlexFringe/data/MLRegTest/Large/16.16.SP.6.1.8_TestSA.txt,2025-12-29 22:07:50.377534
0.1.1.1.0.0.searchglobal.0,Small,16,16,SP,6,1,8,TestSR,0.61241,0.5890969040787534,0.74324,0.6572517531370763,0.38759,/gpfs/projects/HeinzGroup/caffeine_underground/mlrt/FlexFringe/FlexFringe/models-ps-small/0.1.1.1.0.0.searchglobal.0.ini/0.1.1.1.0.0.searchglobal.0_16.16.SP.6.1.8_Small.final.json,/gpfs/projects/HeinzGroup/asoubki/FlexFringe/data/MLRegTest/Large/16.16.SP.6.1.8_TestSR.txt,2025-12-29 22:07:50.377534
0.1.1.1.0.0.searchglobal.0,Small,16,16,SP,6,1,8,Dev,0.61181,0.5888212770690011,0.74122,0.6562895671191152,0.38819,/gpfs/projects/HeinzGroup/caffeine_underground/mlrt/FlexFringe/FlexFringe/models-ps-small/0.1.1.1.0.0.searchglobal.0.ini/0.1.1.1.0.0.searchglobal.0_16.16.SP.6.1.8_Small.final.json,/gpfs/projects/HeinzGroup/asoubki/FlexFringe/data/MLRegTest/Large/16.16.SP.6.1.8_Dev.txt,2025-12-29 22:07:50.377534
0.1.1.1.0.0.searchglobal.0,Small,16,16,SP,6,1,8,Train,0.612,0.5903225806451613,0.732,0.6535714285714286,0.388,/gpfs/projects/HeinzGroup/caffeine_underground/mlrt/FlexFringe/FlexFringe/models-ps-small/0.1.1.1.0.0.searchglobal.0.ini/0.1.1.1.0.0.searchglobal.0_16.16.SP.6.1.8_Small.final.json,/gpfs/projects/HeinzGroup/asoubki/FlexFringe/data/MLRegTest/Small/16.16.SP.6.1.8_Train.txt,2025-12-29 22:07:50.377534
0.1.1.1.0.0.searchglobal.0,Small,16,16,SP,6,1,9,TestLR,0.55418,0.537145207733443,0.78348,0.6373383226226308,0.44582,/gpfs/projects/HeinzGroup/caffeine_underground/mlrt/FlexFringe/FlexFringe/models-ps-small/0.1.1.1.0.0.searchglobal.0.ini/0.1.1.1.0.0.searchglobal.0_16.16.SP.6.1.9_Small.final.json,/gpfs/projects/HeinzGroup/asoubki/FlexFringe/data/MLRegTest/Large/16.16.SP.6.1.9_TestLR.txt,2025-12-29 22:42:51.092894
0.1.1.1.0.0.searchglobal.0,Small,16,16,SP,6,1,9,TestLA,0.5131,0.5093374009237612,0.71458,0.594749808569431,0.4869,/gpfs/projects/HeinzGroup/caffeine_underground/mlrt/FlexFringe/FlexFringe/models-ps-small/0.1.1.1.0.0.searchglobal.0.ini/0.1.1.1.0.0.searchglobal.0_16.16.SP.6.1.9_Small.final.json,/gpfs/projects/HeinzGroup/asoubki/FlexFringe/data/MLRegTest/Large/16.16.SP.6.1.9_TestLA.txt,2025-12-29 22:42:51.092894
0.1.1.1.0.0.searchglobal.0,Small,16,16,SP,6,1,9,TestSR,0.59306,0.5661971830985916,0.79596,0.6617008895170006,0.40694,/gpfs/projects/HeinzGroup/caffeine_underground/mlrt/FlexFringe/FlexFringe/models-ps-small/0.1.1.1.0.0.searchglobal.0.ini/0.1.1.1.0.0.searchglobal.0_16.16.SP.6.1.9_Small.final.json,/gpfs/projects/HeinzGroup/asoubki/FlexFringe/data/MLRegTest/Large/16.16.SP.6.1.9_TestSR.txt,2025-12-29 22:42:51.092894
0.1.1.1.0.0.searchglobal.0,Small,16,16,SP,6,1,9,TestSA,0.51892,0.5148053086265181,0.65788,0.5776146660110978,0.48108,/gpfs/projects/HeinzGroup/caffeine_underground/mlrt/FlexFringe/FlexFringe/models-ps-small/0.1.1.1.0.0.searchglobal.0.ini/0.1.1.1.0.0.searchglobal.0_16.16.SP.6.1.9_Small.final.json,/gpfs/projects/HeinzGroup/asoubki/FlexFringe/data/MLRegTest/Large/16.16.SP.6.1.9_TestSA.txt,2025-12-29 22:42:51.092894
0.1.1.1.0.0.searchglobal.0,Small,16,16,SP,6,1,9,Dev,0.58896,0.5633077142043837,0.79156,0.6582072176949941,0.41104,/gpfs/projects/HeinzGroup/caffeine_underground/mlrt/FlexFringe/FlexFringe/models-ps-small/0.1.1.1.0.0.searchglobal.0.ini/0.1.1.1.0.0.searchglobal.0_16.16.SP.6.1.9_Small.final.json,/gpfs/projects/HeinzGroup/asoubki/FlexFringe/data/MLRegTest/Large/16.16.SP.6.1.9_Dev.txt,2025-12-29 22:42:51.092894
0.1.1.1.0.0.searchglobal.0,Small,16,16,SP,6,1,9,Train,0.583,0.558041958041958,0.798,0.6567901234567901,0.417,/gpfs/projects/HeinzGroup/caffeine_underground/mlrt/FlexFringe/FlexFringe/models-ps-small/0.1.1.1.0.0.searchglobal.0.ini/0.1.1.1.0.0.searchglobal.0_16.16.SP.6.1.9_Small.final.json,/gpfs/projects/HeinzGroup/asoubki/FlexFringe/data/MLRegTest/Small/16.16.SP.6.1.9_Train.txt,2025-12-29 22:42:51.092894
0.1.1.1.0.0.searchglobal.0,Small,16,16,Zp,2,1,0,TestSR,1.0,1.0,1.0,1.0,0.0,/gpfs/projects/HeinzGroup/caffeine_underground/mlrt/FlexFringe/FlexFringe/models-ps-small/0.1.1.1.0.0.searchglobal.0.ini/0.1.1.1.0.0.searchglobal.0_16.16.Zp.2.1.0_Small.final.json,/gpfs/projects/HeinzGroup/asoubki/FlexFringe/data/MLRegTest/Large/16.16.Zp.2.1.0_TestSR.txt,2025-12-29 22:03:14.686827
0.1.1.1.0.0.searchglobal.0,Small,16,16,Zp,2,1,0,TestLA,1.0,1.0,1.0,1.0,0.0,/gpfs/projects/HeinzGroup/caffeine_underground/mlrt/FlexFringe/FlexFringe/models-ps-small/0.1.1.1.0.0.searchglobal.0.ini/0.1.1.1.0.0.searchglobal.0_16.16.Zp.2.1.0_Small.final.json,/gpfs/projects/HeinzGroup/asoubki/FlexFringe/data/MLRegTest/Large/16.16.Zp.2.1.0_TestLA.txt,2025-12-29 22:03:14.686827
0.1.1.1.0.0.searchglobal.0,Small,16,16,Zp,2,1,0,TestLR,1.0,1.0,1.0,1.0,0.0,/gpfs/projects/HeinzGroup/caffeine_underground/mlrt/FlexFringe/FlexFringe/models-ps-small/0.1.1.1.0.0.searchglobal.0.ini/0.1.1.1.0.0.searchglobal.0_16.16.Zp.2.1.0_Small.final.json,/gpfs/projects/HeinzGroup/asoubki/FlexFringe/data/MLRegTest/Large/16.16.Zp.2.1.0_TestLR.txt,2025-12-29 22:03:14.686827
0.1.1.1.0.0.searchglobal.0,Small,16,16,Zp,2,1,0,TestSA,1.0,1.0,1.0,1.0,0.0,/gpfs/projects/HeinzGroup/caffeine_underground/mlrt/FlexFringe/FlexFringe/models-ps-small/0.1.1.1.0.0.searchglobal.0.ini/0.1.1.1.0.0.searchglobal.0_16.16.Zp.2.1.0_Small.final.json,/gpfs/projects/HeinzGroup/asoubki/FlexFringe/data/MLRegTest/Large/16.16.Zp.2.1.0_TestSA.txt,2025-12-29 22:03:14.686827
0.1.1.1.0.0.searchglobal.0,Small,16,16,Zp,2,1,0,Dev,1.0,1.0,1.0,1.0,0.0,/gpfs/projects/HeinzGroup/caffeine_underground/mlrt/FlexFringe/FlexFringe/models-ps-small/0.1.1.1.0.0.searchglobal.0.ini/0.1.1.1.0.0.searchglobal.0_16.16.Zp.2.1.0_Small.final.json,/gpfs/projects/HeinzGroup/asoubki/FlexFringe/data/MLRegTest/Large/16.16.Zp.2.1.0_Dev.txt,2025-12-29 22:03:14.686827
0.1.1.1.0.0.searchglobal.0,Small,16,16,Zp,2,1,0,Train,1.0,1.0,1.0,1.0,0.0,/gpfs/projects/HeinzGroup/caffeine_underground/mlrt/FlexFringe/FlexFringe/models-ps-small/0.1.1.1.0.0.searchglobal.0.ini/0.1.1.1.0.0.searchglobal.0_16.16.Zp.2.1.0_Small.final.json,/gpfs/projects/HeinzGroup/asoubki/FlexFringe/data/MLRegTest/Small/16.16.Zp.2.1.0_Train.txt,2025-12-29 22:03:14.686827
0.1.1.1.0.0.searchglobal.0,Small,16,16,Zp,2,1,1,TestSA,1.0,1.0,1.0,1.0,0.0,/gpfs/projects/HeinzGroup/caffeine_underground/mlrt/FlexFringe/FlexFringe/models-ps-small/0.1.1.1.0.0.searchglobal.0.ini/0.1.1.1.0.0.searchglobal.0_16.16.Zp.2.1.1_Small.final.json,/gpfs/projects/HeinzGroup/asoubki/FlexFringe/data/MLRegTest/Large/16.16.Zp.2.1.1_TestSA.txt,2025-12-29 22:18:14.983930
0.1.1.1.0.0.searchglobal.0,Small,16,16,Zp,2,1,1,TestSR,1.0,1.0,1.0,1.0,0.0,/gpfs/projects/HeinzGroup/caffeine_underground/mlrt/FlexFringe/FlexFringe/models-ps-small/0.1.1.1.0.0.searchglobal.0.ini/0.1.1.1.0.0.searchglobal.0_16.16.Zp.2.1.1_Small.final.json,/gpfs/projects/HeinzGroup/asoubki/FlexFringe/data/MLRegTest/Large/16.16.Zp.2.1.1_TestSR.txt,2025-12-29 22:18:14.983930
0.1.1.1.0.0.searchglobal.0,Small,16,16,Zp,2,1,1,TestLA,1.0,1.0,1.0,1.0,0.0,/gpfs/projects/HeinzGroup/caffeine_underground/mlrt/FlexFringe/FlexFringe/models-ps-small/0.1.1.1.0.0.searchglobal.0.ini/0.1.1.1.0.0.searchglobal.0_16.16.Zp.2.1.1_Small.final.json,/gpfs/projects/HeinzGroup/asoubki/FlexFringe/data/MLRegTest/Large/16.16.Zp.2.1.1_TestLA.txt,2025-12-29 22:18:14.983930
0.1.1.1.0.0.searchglobal.0,Small,16,16,Zp,2,1,1,TestLR,1.0,1.0,1.0,1.0,0.0,/gpfs/projects/HeinzGroup/caffeine_underground/mlrt/FlexFringe/FlexFringe/models-ps-small/0.1.1.1.0.0.searchglobal.0.ini/0.1.1.1.0.0.searchglobal.0_16.16.Zp.2.1.1_Small.final.json,/gpfs/projects/HeinzGroup/asoubki/FlexFringe/data/MLRegTest/Large/16.16.Zp.2.1.1_TestLR.txt,2025-12-29 22:18:14.983930
0.1.1.1.0.0.searchglobal.0,Small,16,16,Zp,2,1,1,Dev,1.0,1.0,1.0,1.0,0.0,/gpfs/projects/HeinzGroup/caffeine_underground/mlrt/FlexFringe/FlexFringe/models-ps-small/0.1.1.1.0.0.searchglobal.0.ini/0.1.1.1.0.0.searchglobal.0_16.16.Zp.2.1.1_Small.final.json,/gpfs/projects/HeinzGroup/asoubki/FlexFringe/data/MLRegTest/Large/16.16.Zp.2.1.1_Dev.txt,2025-12-29 22:18:14.983930
0.1.1.1.0.0.searchglobal.0,Small,16,16,Zp,2,1,1,Train,1.0,1.0,1.0,1.0,0.0,/gpfs/projects/HeinzGroup/caffeine_underground/mlrt/FlexFringe/FlexFringe/models-ps-small/0.1.1.1.0.0.searchglobal.0.ini/0.1.1.1.0.0.searchglobal.0_16.16.Zp.2.1.1_Small.final.json,/gpfs/projects/HeinzGroup/asoubki/FlexFringe/data/MLRegTest/Small/16.16.Zp.2.1.1_Train.txt,2025-12-29 22:18:14.983930
0.1.1.1.0.0.searchglobal.0,Small,16,16,Zp,3,1,2,TestLA,0.56813,0.6217346245935031,0.34796,0.4461998127797084,0.43187,/gpfs/projects/HeinzGroup/caffeine_underground/mlrt/FlexFringe/FlexFringe/models-ps-small/0.1.1.1.0.0.searchglobal.0.ini/0.1.1.1.0.0.searchglobal.0_16.16.Zp.3.1.2_Small.final.json,/gpfs/projects/HeinzGroup/asoubki/FlexFringe/data/MLRegTest/Large/16.16.Zp.3.1.2_TestLA.txt,2025-12-29 22:05:47.491071
0.1.1.1.0.0.searchglobal.0,Small,16,16,Zp,3,1,2,TestSA,0.69706,0.7684302293902904,0.56412,0.6506124143657879,0.30294,/gpfs/projects/HeinzGroup/caffeine_underground/mlrt/FlexFringe/FlexFringe/models-ps-small/0.1.1.1.0.0.searchglobal.0.ini/0.1.1.1.0.0.searchglobal.0_16.16.Zp.3.1.2_Small.final.json,/gpfs/projects/HeinzGroup/asoubki/FlexFringe/data/MLRegTest/Large/16.16.Zp.3.1.2_TestSA.txt,2025-12-29 22:05:47.491071
0.1.1.1.0.0.searchglobal.0,Small,16,16,Zp,3,1,2,TestLR,0.60063,0.6629424527996373,0.40942,0.5062129848291893,0.39937,/gpfs/projects/HeinzGroup/caffeine_underground/mlrt/FlexFringe/FlexFringe/models-ps-small/0.1.1.1.0.0.searchglobal.0.ini/0.1.1.1.0.0.searchglobal.0_16.16.Zp.3.1.2_Small.final.json,/gpfs/projects/HeinzGroup/asoubki/FlexFringe/data/MLRegTest/Large/16.16.Zp.3.1.2_TestLR.txt,2025-12-29 22:05:47.491071
0.1.1.1.0.0.searchglobal.0,Small,16,16,Zp,3,1,2,TestSR,0.76438,0.8114750235626768,0.68878,0.7451103418433579,0.23562,/gpfs/projects/HeinzGroup/caffeine_underground/mlrt/FlexFringe/FlexFringe/models-ps-small/0.1.1.1.0.0.searchglobal.0.ini/0.1.1.1.0.0.searchglobal.0_16.16.Zp.3.1.2_Small.final.json,/gpfs/projects/HeinzGroup/asoubki/FlexFringe/data/MLRegTest/Large/16.16.Zp.3.1.2_TestSR.txt,2025-12-29 22:05:47.491071
0.1.1.1.0.0.searchglobal.0,Small,16,16,Zp,3,1,2,Dev,0.76653,0.8134245866553776,0.69172,0.7476518336774068,0.23347,/gpfs/projects/HeinzGroup/caffeine_underground/mlrt/FlexFringe/FlexFringe/models-ps-small/0.1.1.1.0.0.searchglobal.0.ini/0.1.1.1.0.0.searchglobal.0_16.16.Zp.3.1.2_Small.final.json,/gpfs/projects/HeinzGroup/asoubki/FlexFringe/data/MLRegTest/Large/16.16.Zp.3.1.2_Dev.txt,2025-12-29 22:05:47.491071
0.1.1.1.0.0.searchglobal.0,Small,16,16,Zp,3,1,2,Train,0.765,0.8147268408551069,0.686,0.744842562432139,0.235,/gpfs/projects/HeinzGroup/caffeine_underground/mlrt/FlexFringe/FlexFringe/models-ps-small/0.1.1.1.0.0.searchglobal.0.ini/0.1.1.1.0.0.searchglobal.0_16.16.Zp.3.1.2_Small.final.json,/gpfs/projects/HeinzGroup/asoubki/FlexFringe/data/MLRegTest/Small/16.16.Zp.3.1.2_Train.txt,2025-12-29 22:05:47.491071
0.1.1.1.0.0.searchglobal.0,Small,16,16,Zp,3,1,4,TestSA,1.0,1.0,1.0,1.0,0.0,/gpfs/projects/HeinzGroup/caffeine_underground/mlrt/FlexFringe/FlexFringe/models-ps-small/0.1.1.1.0.0.searchglobal.0.ini/0.1.1.1.0.0.searchglobal.0_16.16.Zp.3.1.4_Small.final.json,/gpfs/projects/HeinzGroup/asoubki/FlexFringe/data/MLRegTest/Large/16.16.Zp.3.1.4_TestSA.txt,2025-12-29 22:38:09.871207
0.1.1.1.0.0.searchglobal.0,Small,16,16,Zp,3,1,4,TestLR,1.0,1.0,1.0,1.0,0.0,/gpfs/projects/HeinzGroup/caffeine_underground/mlrt/FlexFringe/FlexFringe/models-ps-small/0.1.1.1.0.0.searchglobal.0.ini/0.1.1.1.0.0.searchglobal.0_16.16.Zp.3.1.4_Small.final.json,/gpfs/projects/HeinzGroup/asoubki/FlexFringe/data/MLRegTest/Large/16.16.Zp.3.1.4_TestLR.txt,2025-12-29 22:38:09.871207
0.1.1.1.0.0.searchglobal.0,Small,16,16,Zp,3,1,4,TestLA,1.0,1.0,1.0,1.0,0.0,/gpfs/projects/HeinzGroup/caffeine_underground/mlrt/FlexFringe/FlexFringe/models-ps-small/0.1.1.1.0.0.searchglobal.0.ini/0.1.1.1.0.0.searchglobal.0_16.16.Zp.3.1.4_Small.final.json,/gpfs/projects/HeinzGroup/asoubki/FlexFringe/data/MLRegTest/Large/16.16.Zp.3.1.4_TestLA.txt,2025-12-29 22:38:09.871207
0.1.1.1.0.0.searchglobal.0,Small,16,16,Zp,3,1,4,TestSR,1.0,1.0,1.0,1.0,0.0,/gpfs/projects/HeinzGroup/caffeine_underground/mlrt/FlexFringe/FlexFringe/models-ps-small/0.1.1.1.0.0.searchglobal.0.ini/0.1.1.1.0.0.searchglobal.0_16.16.Zp.3.1.4_Small.final.json,/gpfs/projects/HeinzGroup/asoubki/FlexFringe/data/MLRegTest/Large/16.16.Zp.3.1.4_TestSR.txt,2025-12-29 22:38:09.871207
0.1.1.1.0.0.searchglobal.0,Small,16,16,Zp,3,1,4,Dev,1.0,1.0,1.0,1.0,0.0,/gpfs/projects/HeinzGroup/caffeine_underground/mlrt/FlexFringe/FlexFringe/models-ps-small/0.1.1.1.0.0.searchglobal.0.ini/0.1.1.1.0.0.searchglobal.0_16.16.Zp.3.1.4_Small.final.json,/gpfs/projects/HeinzGroup/asoubki/FlexFringe/data/MLRegTest/Large/16.16.Zp.3.1.4_Dev.txt,2025-12-29 22:38:09.871207
0.1.1.1.0.0.searchglobal.0,Small,16,16,Zp,3,1,4,Train,1.0,1.0,1.0,1.0,0.0,/gpfs/projects/HeinzGroup/caffeine_underground/mlrt/FlexFringe/FlexFringe/models-ps-small/0.1.1.1.0.0.searchglobal.0.ini/0.1.1.1.0.0.searchglobal.0_16.16.Zp.3.1.4_Small.final.json,/gpfs/projects/HeinzGroup/asoubki/FlexFringe/data/MLRegTest/Small/16.16.Zp.3.1.4_Train.txt,2025-12-29 22:38:09.871207
0.1.1.1.0.0.searchglobal.0,Small,16,16,Zp,3,1,5,TestLA,0.536,0.5255878088306372,0.73946,0.6144450168680305,0.464,/gpfs/projects/HeinzGroup/caffeine_underground/mlrt/FlexFringe/FlexFringe/models-ps-small/0.1.1.1.0.0.searchglobal.0.ini/0.1.1.1.0.0.searchglobal.0_16.16.Zp.3.1.5_Small.final.json,/gpfs/projects/HeinzGroup/asoubki/FlexFringe/data/MLRegTest/Large/16.16.Zp.3.1.5_TestLA.txt,2025-12-29 23:20:41.660889
0.1.1.1.0.0.searchglobal.0,Small,16,16,Zp,3,1,5,TestSR,0.7574,0.7293872313121591,0.81846,0.7713607147569411,0.2426,/gpfs/projects/HeinzGroup/caffeine_underground/mlrt/FlexFringe/FlexFringe/models-ps-small/0.1.1.1.0.0.searchglobal.0.ini/0.1.1.1.0.0.searchglobal.0_16.16.Zp.3.1.5_Small.final.json,/gpfs/projects/HeinzGroup/asoubki/FlexFringe/data/MLRegTest/Large/16.16.Zp.3.1.5_TestSR.txt,2025-12-29 23:20:41.660889
0.1.1.1.0.0.searchglobal.0,Small,16,16,Zp,3,1,5,TestLR,0.59631,0.5738381096953249,0.74848,0.6496263572215906,0.40369,/gpfs/projects/HeinzGroup/caffeine_underground/mlrt/FlexFringe/FlexFringe/models-ps-small/0.1.1.1.0.0.searchglobal.0.ini/0.1.1.1.0.0.searchglobal.0_16.16.Zp.3.1.5_Small.final.json,/gpfs/projects/HeinzGroup/asoubki/FlexFringe/data/MLRegTest/Large/16.16.Zp.3.1.5_TestLR.txt,2025-12-29 23:20:41.660889
0.1.1.1.0.0.searchglobal.0,Small,16,16,Zp,3,1,5,TestSA,0.616,0.5839825084706496,0.80662,0.6774789605415665,0.384,/gpfs/projects/HeinzGroup/caffeine_underground/mlrt/FlexFringe/FlexFringe/models-ps-small/0.1.1.1.0.0.searchglobal.0.ini/0.1.1.1.0.0.searchglobal.0_16.16.Zp.3.1.5_Small.final.json,/gpfs/projects/HeinzGroup/asoubki/FlexFringe/data/MLRegTest/Large/16.16.Zp.3.1.5_TestSA.txt,2025-12-29 23:20:41.660889
0.1.1.1.0.0.searchglobal.0,Small,16,16,Zp,3,1,5,Dev,0.75669,0.7282784625509133,0.81892,0.7709441458064638,0.24331,/gpfs/projects/HeinzGroup/caffeine_underground/mlrt/FlexFringe/FlexFringe/models-ps-small/0.1.1.1.0.0.searchglobal.0.ini/0.1.1.1.0.0.searchglobal.0_16.16.Zp.3.1.5_Small.final.json,/gpfs/projects/HeinzGroup/asoubki/FlexFringe/data/MLRegTest/Large/16.16.Zp.3.1.5_Dev.txt,2025-12-29 23:20:41.660889
0.1.1.1.0.0.searchglobal.0,Small,16,16,Zp,3,1,5,Train,0.76,0.7321428571428571,0.82,0.7735849056603774,0.24,/gpfs/projects/HeinzGroup/caffeine_underground/mlrt/FlexFringe/FlexFringe/models-ps-small/0.1.1.1.0.0.searchglobal.0.ini/0.1.1.1.0.0.searchglobal.0_16.16.Zp.3.1.5_Small.final.json,/gpfs/projects/HeinzGroup/asoubki/FlexFringe/data/MLRegTest/Small/16.16.Zp.3.1.5_Train.txt,2025-12-29 23:20:41.660889
0.1.1.1.0.0.searchglobal.0,Small,16,16,Zp,3,1,6,TestLA,1.0,1.0,1.0,1.0,0.0,/gpfs/projects/HeinzGroup/caffeine_underground/mlrt/FlexFringe/FlexFringe/models-ps-small/0.1.1.1.0.0.searchglobal.0.ini/0.1.1.1.0.0.searchglobal.0_16.16.Zp.3.1.6_Small.final.json,/gpfs/projects/HeinzGroup/asoubki/FlexFringe/data/MLRegTest/Large/16.16.Zp.3.1.6_TestLA.txt,2025-12-29 23:36:41.859054
0.1.1.1.0.0.searchglobal.0,Small,16,16,Zp,3,1,6,TestSR,1.0,1.0,1.0,1.0,0.0,/gpfs/projects/HeinzGroup/caffeine_underground/mlrt/FlexFringe/FlexFringe/models-ps-small/0.1.1.1.0.0.searchglobal.0.ini/0.1.1.1.0.0.searchglobal.0_16.16.Zp.3.1.6_Small.final.json,/gpfs/projects/HeinzGroup/asoubki/FlexFringe/data/MLRegTest/Large/16.16.Zp.3.1.6_TestSR.txt,2025-12-29 23:36:41.859054
0.1.1.1.0.0.searchglobal.0,Small,16,16,Zp,3,1,6,TestSA,1.0,1.0,1.0,1.0,0.0,/gpfs/projects/HeinzGroup/caffeine_underground/mlrt/FlexFringe/FlexFringe/models-ps-small/0.1.1.1.0.0.searchglobal.0.ini/0.1.1.1.0.0.searchglobal.0_16.16.Zp.3.1.6_Small.final.json,/gpfs/projects/HeinzGroup/asoubki/FlexFringe/data/MLRegTest/Large/16.16.Zp.3.1.6_TestSA.txt,2025-12-29 23:36:41.859054
0.1.1.1.0.0.searchglobal.0,Small,16,16,Zp,3,1,6,TestLR,1.0,1.0,1.0,1.0,0.0,/gpfs/projects/HeinzGroup/caffeine_underground/mlrt/FlexFringe/FlexFringe/models-ps-small/0.1.1.1.0.0.searchglobal.0.ini/0.1.1.1.0.0.searchglobal.0_16.16.Zp.3.1.6_Small.final.json,/gpfs/projects/HeinzGroup/asoubki/FlexFringe/data/MLRegTest/Large/16.16.Zp.3.1.6_TestLR.txt,2025-12-29 23:36:41.859054
0.1.1.1.0.0.searchglobal.0,Small,16,16,Zp,3,1,6,Dev,1.0,1.0,1.0,1.0,0.0,/gpfs/projects/HeinzGroup/caffeine_underground/mlrt/FlexFringe/FlexFringe/models-ps-small/0.1.1.1.0.0.searchglobal.0.ini/0.1.1.1.0.0.searchglobal.0_16.16.Zp.3.1.6_Small.final.json,/gpfs/projects/HeinzGroup/asoubki/FlexFringe/data/MLRegTest/Large/16.16.Zp.3.1.6_Dev.txt,2025-12-29 23:36:41.859054
0.1.1.1.0.0.searchglobal.0,Small,16,16,Zp,3,1,6,Train,1.0,1.0,1.0,1.0,0.0,/gpfs/projects/HeinzGroup/caffeine_underground/mlrt/FlexFringe/FlexFringe/models-ps-small/0.1.1.1.0.0.searchglobal.0.ini/0.1.1.1.0.0.searchglobal.0_16.16.Zp.3.1.6_Small.final.json,/gpfs/projects/HeinzGroup/asoubki/FlexFringe/data/MLRegTest/Small/16.16.Zp.3.1.6_Train.txt,2025-12-29 23:36:41.859054
0.1.1.1.0.0.searchglobal.0,Small,16,16,Zp,3,1,7,TestLA,1.0,1.0,1.0,1.0,0.0,/gpfs/projects/HeinzGroup/caffeine_underground/mlrt/FlexFringe/FlexFringe/models-ps-small/0.1.1.1.0.0.searchglobal.0.ini/0.1.1.1.0.0.searchglobal.0_16.16.Zp.3.1.7_Small.final.json,/gpfs/projects/HeinzGroup/asoubki/FlexFringe/data/MLRegTest/Large/16.16.Zp.3.1.7_TestLA.txt,2025-12-29 23:09:53.113263
0.1.1.1.0.0.searchglobal.0,Small,16,16,Zp,3,1,7,TestSA,1.0,1.0,1.0,1.0,0.0,/gpfs/projects/HeinzGroup/caffeine_underground/mlrt/FlexFringe/FlexFringe/models-ps-small/0.1.1.1.0.0.searchglobal.0.ini/0.1.1.1.0.0.searchglobal.0_16.16.Zp.3.1.7_Small.final.json,/gpfs/projects/HeinzGroup/asoubki/FlexFringe/data/MLRegTest/Large/16.16.Zp.3.1.7_TestSA.txt,2025-12-29 23:09:53.113263
0.1.1.1.0.0.searchglobal.0,Small,16,16,Zp,3,1,7,TestLR,1.0,1.0,1.0,1.0,0.0,/gpfs/projects/HeinzGroup/caffeine_underground/mlrt/FlexFringe/FlexFringe/models-ps-small/0.1.1.1.0.0.searchglobal.0.ini/0.1.1.1.0.0.searchglobal.0_16.16.Zp.3.1.7_Small.final.json,/gpfs/projects/HeinzGroup/asoubki/FlexFringe/data/MLRegTest/Large/16.16.Zp.3.1.7_TestLR.txt,2025-12-29 23:09:53.113263
0.1.1.1.0.0.searchglobal.0,Small,16,16,Zp,3,1,7,TestSR,1.0,1.0,1.0,1.0,0.0,/gpfs/projects/HeinzGroup/caffeine_underground/mlrt/FlexFringe/FlexFringe/models-ps-small/0.1.1.1.0.0.searchglobal.0.ini/0.1.1.1.0.0.searchglobal.0_16.16.Zp.3.1.7_Small.final.json,/gpfs/projects/HeinzGroup/asoubki/FlexFringe/data/MLRegTest/Large/16.16.Zp.3.1.7_TestSR.txt,2025-12-29 23:09:53.113263
0.1.1.1.0.0.searchglobal.0,Small,16,16,Zp,3,1,7,Dev,1.0,1.0,1.0,1.0,0.0,/gpfs/projects/HeinzGroup/caffeine_underground/mlrt/FlexFringe/FlexFringe/models-ps-small/0.1.1.1.0.0.searchglobal.0.ini/0.1.1.1.0.0.searchglobal.0_16.16.Zp.3.1.7_Small.final.json,/gpfs/projects/HeinzGroup/asoubki/FlexFringe/data/MLRegTest/Large/16.16.Zp.3.1.7_Dev.txt,2025-12-29 23:09:53.113263
0.1.1.1.0.0.searchglobal.0,Small,16,16,Zp,3,1,7,Train,1.0,1.0,1.0,1.0,0.0,/gpfs/projects/HeinzGroup/caffeine_underground/mlrt/FlexFringe/FlexFringe/models-ps-small/0.1.1.1.0.0.searchglobal.0.ini/0.1.1.1.0.0.searchglobal.0_16.16.Zp.3.1.7_Small.final.json,/gpfs/projects/HeinzGroup/asoubki/FlexFringe/data/MLRegTest/Small/16.16.Zp.3.1.7_Train.txt,2025-12-29 23:09:53.113263
0.1.1.1.0.0.searchglobal.0,Small,16,16,Zp,5,1,8,TestSR,0.9513,0.9655072822544044,0.93604,0.950545321607734,0.0487,/gpfs/projects/HeinzGroup/caffeine_underground/mlrt/FlexFringe/FlexFringe/models-ps-small/0.1.1.1.0.0.searchglobal.0.ini/0.1.1.1.0.0.searchglobal.0_16.16.Zp.5.1.8_Small.final.json,/gpfs/projects/HeinzGroup/asoubki/FlexFringe/data/MLRegTest/Large/16.16.Zp.5.1.8_TestSR.txt,2025-12-29 23:23:52.359395
0.1.1.1.0.0.searchglobal.0,Small,16,16,Zp,5,1,8,TestLA,0.68187,0.9048933612360301,0.40646,0.560951710622559,0.31813,/gpfs/projects/HeinzGroup/caffeine_underground/mlrt/FlexFringe/FlexFringe/models-ps-small/0.1.1.1.0.0.searchglobal.0.ini/0.1.1.1.0.0.searchglobal.0_16.16.Zp.5.1.8_Small.final.json,/gpfs/projects/HeinzGroup/asoubki/FlexFringe/data/MLRegTest/Large/16.16.Zp.5.1.8_TestLA.txt,2025-12-29 23:23:52.359395
0.1.1.1.0.0.searchglobal.0,Small,16,16,Zp,5,1,8,TestSA,0.91666,0.9678629177146963,0.86194,0.9118356465809072,0.08334,/gpfs/projects/HeinzGroup/caffeine_underground/mlrt/FlexFringe/FlexFringe/models-ps-small/0.1.1.1.0.0.searchglobal.0.ini/0.1.1.1.0.0.searchglobal.0_16.16.Zp.5.1.8_Small.final.json,/gpfs/projects/HeinzGroup/asoubki/FlexFringe/data/MLRegTest/Large/16.16.Zp.5.1.8_TestSA.txt,2025-12-29 23:23:52.359395
0.1.1.1.0.0.searchglobal.0,Small,16,16,Zp,5,1,8,TestLR,0.75013,0.9185435561058867,0.54894,0.6871972058436925,0.24987,/gpfs/projects/HeinzGroup/caffeine_underground/mlrt/FlexFringe/FlexFringe/models-ps-small/0.1.1.1.0.0.searchglobal.0.ini/0.1.1.1.0.0.searchglobal.0_16.16.Zp.5.1.8_Small.final.json,/gpfs/projects/HeinzGroup/asoubki/FlexFringe/data/MLRegTest/Large/16.16.Zp.5.1.8_TestLR.txt,2025-12-29 23:23:52.359395
0.1.1.1.0.0.searchglobal.0,Small,16,16,Zp,5,1,8,Dev,0.95227,0.9662481185954929,0.93728,0.9515436391508716,0.04773,/gpfs/projects/HeinzGroup/caffeine_underground/mlrt/FlexFringe/FlexFringe/models-ps-small/0.1.1.1.0.0.searchglobal.0.ini/0.1.1.1.0.0.searchglobal.0_16.16.Zp.5.1.8_Small.final.json,/gpfs/projects/HeinzGroup/asoubki/FlexFringe/data/MLRegTest/Large/16.16.Zp.5.1.8_Dev.txt,2025-12-29 23:23:52.359395
0.1.1.1.0.0.searchglobal.0,Small,16,16,Zp,5,1,8,Train,0.96,0.9752066115702479,0.944,0.959349593495935,0.04,/gpfs/projects/HeinzGroup/caffeine_underground/mlrt/FlexFringe/FlexFringe/models-ps-small/0.1.1.1.0.0.searchglobal.0.ini/0.1.1.1.0.0.searchglobal.0_16.16.Zp.5.1.8_Small.final.json,/gpfs/projects/HeinzGroup/asoubki/FlexFringe/data/MLRegTest/Small/16.16.Zp.5.1.8_Train.txt,2025-12-29 23:23:52.359395
0.1.1.1.0.0.searchglobal.0,Small,16,16,Zp,5,1,9,TestLA,0.9021,0.9853232269589147,0.81636,0.8929188633430315,0.0979,/gpfs/projects/HeinzGroup/caffeine_underground/mlrt/FlexFringe/FlexFringe/models-ps-small/0.1.1.1.0.0.searchglobal.0.ini/0.1.1.1.0.0.searchglobal.0_16.16.Zp.5.1.9_Small.final.json,/gpfs/projects/HeinzGroup/asoubki/FlexFringe/data/MLRegTest/Large/16.16.Zp.5.1.9_TestLA.txt,2025-12-29 23:01:14.146662
0.1.1.1.0.0.searchglobal.0,Small,16,16,Zp,5,1,9,TestSR,0.99156,0.9983575976316963,0.98474,0.9915020439396686,0.00844,/gpfs/projects/HeinzGroup/caffeine_underground/mlrt/FlexFringe/FlexFringe/models-ps-small/0.1.1.1.0.0.searchglobal.0.ini/0.1.1.1.0.0.searchglobal.0_16.16.Zp.5.1.9_Small.final.json,/gpfs/projects/HeinzGroup/asoubki/FlexFringe/data/MLRegTest/Large/16.16.Zp.5.1.9_TestSR.txt,2025-12-29 23:01:14.146662
0.1.1.1.0.0.searchglobal.0,Small,16,16,Zp,5,1,9,TestSA,0.97046,0.9988336584952074,0.94202,0.9695952900489934,0.02954,/gpfs/projects/HeinzGroup/caffeine_underground/mlrt/FlexFringe/FlexFringe/models-ps-small/0.1.1.1.0.0.searchglobal.0.ini/0.1.1.1.0.0.searchglobal.0_16.16.Zp.5.1.9_Small.final.json,/gpfs/projects/HeinzGroup/asoubki/FlexFringe/data/MLRegTest/Large/16.16.Zp.5.1.9_TestSA.txt,2025-12-29 23:01:14.146662
0.1.1.1.0.0.searchglobal.0,Small,16,16,Zp,5,1,9,TestLR,0.928,0.9931557358160115,0.86194,0.9229072531426001,0.072,/gpfs/projects/HeinzGroup/caffeine_underground/mlrt/FlexFringe/FlexFringe/models-ps-small/0.1.1.1.0.0.searchglobal.0.ini/0.1.1.1.0.0.searchglobal.0_16.16.Zp.5.1.9_Small.final.json,/gpfs/projects/HeinzGroup/asoubki/FlexFringe/data/MLRegTest/Large/16.16.Zp.5.1.9_TestLR.txt,2025-12-29 23:01:14.146662
0.1.1.1.0.0.searchglobal.0,Small,16,16,Zp,5,1,9,Dev,0.99172,0.9984793803981996,0.98494,0.9916634783834397,0.00828,/gpfs/projects/HeinzGroup/caffeine_underground/mlrt/FlexFringe/FlexFringe/models-ps-small/0.1.1.1.0.0.searchglobal.0.ini/0.1.1.1.0.0.searchglobal.0_16.16.Zp.5.1.9_Small.final.json,/gpfs/projects/HeinzGroup/asoubki/FlexFringe/data/MLRegTest/Large/16.16.Zp.5.1.9_Dev.txt,2025-12-29 23:01:14.146662
0.1.1.1.0.0.searchglobal.0,Small,16,16,Zp,5,1,9,Train,0.991,0.9959595959595959,0.986,0.9909547738693467,0.009,/gpfs/projects/HeinzGroup/caffeine_underground/mlrt/FlexFringe/FlexFringe/models-ps-small/0.1.1.1.0.0.searchglobal.0.ini/0.1.1.1.0.0.searchglobal.0_16.16.Zp.5.1.9_Small.final.json,/gpfs/projects/HeinzGroup/asoubki/FlexFringe/data/MLRegTest/Small/16.16.Zp.5.1.9_Train.txt,2025-12-29 23:01:14.146662
